t,R,R_dot,T,AR,H,H2,H2NN,HE,N,N2,N2H2,N2H3,N2H4,NH,NH2,NH3,NNH,dissipated_energy,p_excitation,p_internal
0.0,0.00010064203013958458,0.0,298.15,0.0,0.0,301.2268297132123,0.0,0.0,0.0,100.40894323773742,0.0,0.0,0.0,0.0,0.0,0.0,0.0,0.0,1000000.0,1000413.7410212748
1e-20,0.00010064203013958458,2.0921909421483783e-15,298.15,0.0,9.29873103033059e-90,301.2268297132123,4.239460499716665e-148,0.0,4.764758165265984e-182,100.40894323773742,1.0477374206792479e-131,4.164494072828663e-178,1.7116433887764963e-167,8.10231917300721e-206,1.498820582617558e-178,3.485807669654263e-190,9.298731030269218e-90,-2.663986749305946e-36,999999.999999998,1000413.7410212748
1.0001e-16,0.00010064203013958458,2.0924001633056658e-11,298.15,0.0,9.299661210291738e-86,301.2268297132123,4.23988434825905e-140,0.0,4.7647820068895426e-170,100.40894323773742,1.0478421703221371e-123,4.1644939008102566e-166,1.7118145137472977e-155,1.943891339341703e-194,1.4989704198057518e-166,3.485807526073335e-174,9.299660596514131e-86,-2.664253177247443e-28,999999.9999798656,1000413.7410212748
1.10001e-15,0.00010064203013958458,2.3014309811669723e-10,298.15,0.0,1.0228700526798003e-84,301.2268297132123,4.7058462348620504e-138,0.0,4.76954521706844e-167,100.40894323773742,1.1629996780263138e-121,4.168656997682248e-163,1.9016541767445455e-152,1.9452267874090355e-190,1.6651536885268058e-163,3.489641188501405e-170,1.022869371448239e-84,-2.957054625025307e-26,999999.9997785416,1000413.7410212748
1.110001e-14,0.00010064203013958458,2.3223342692199687e-09,298.15,0.0,1.032163514414862e-83,301.2268297132123,4.752848172111182e-136,0.0,4.769534256614015e-164,100.40894323773742,1.1746157051216922e-119,4.168644306617945e-160,1.9208206183587867e-149,1.945213628786519e-186,1.681934811858587e-160,3.489630994267197e-166,1.0321566340579224e-83,-2.9865987963839582e-24,999999.9977653016,1000413.7410212748
1.1110001e-13,0.00010064203013958458,2.3244259731357714e-08,298.15,0.0,1.0331133172716488e-82,301.2268297132123,3.3443419226221076e-134,0.0,2.1382787005751015e-161,100.40894323773742,8.265184161501823e-118,1.8688787720327725e-157,9.084821852090741e-147,5.821704449934536e-183,7.954944417321248e-158,1.0443843678652173e-162,1.033064903635606e-82,-2.1015613406466185e-22,999999.9776329023,1000413.7410212748
1.11110001e-12,0.00010064203013958472,2.3246472903229737e-07,298.14999999999947,0.0,1.0333889585140527e-81,301.22682971321103,2.859082767654674e-132,0.0,6.834261555163434e-159,100.408943237737,7.06591793289432e-116,5.972927157764841e-155,7.601721081443316e-144,1.8518323493618968e-179,6.655435618242053e-155,3.32193835605824e-159,1.0329750696362646e-81,-1.7969888575759894e-20,999999.7763089085,1000413.7410212691
1.111110001e-11,0.00010064203013959788,2.3247855422828192e-06,298.14999999995194,0.0,1.0351398335056475e-80,301.2268297130928,2.692029786346388e-130,0.0,2.2287717461993286e-156,100.40894323769761,6.653064277298816e-114,1.946908411270813e-152,7.160273623236234e-141,6.0392463220882395e-176,6.2692899538638914e-152,1.0828274432437523e-155,1.0312427753306647e-80,-1.6954018981485213e-18,999997.7630689705,1000413.7410207134
1.1111110001000001e-10,0.00010064203014192483,2.326961319874865e-05,298.1499999915569,0.0,1.0663869974002364e-79,301.2268296921988,4.586090470029864e-128,0.0,2.228771830685753e-156,100.40894323073293,1.1334033198476159e-111,2.005474881856067e-152,1.8523080936212163e-137,9.692627467239885e-175,1.621481410512597e-148,1.8305845998554563e-154,9.999974592792505e-80,-2.979873631308469e-16,999977.6306695917,1000413.7409224985
4.047807063622924e-10,0.00010064203016687384,8.495608623174613e-05,298.1499999015479,0.0,4.126749649097162e-79,301.22682946817775,5.012376923945806e-127,0.0,2.2287724202076557e-156,100.40894315605925,1.238755480279136e-110,5.930220873714514e-152,6.12822645681493e-136,3.61924247209958e-174,5.364548518264506e-147,2.064505037441891e-153,3.4011438175379064e-79,-3.4747451340677877e-15,999918.5079316188,1000413.7398694622
1.2604726200944452e-09,0.00010064203034267998,0.00026570434816812195,298.1499992672936,0.0,1.415243548720218e-78,301.22682788958707,3.359484272159549e-126,0.0,2.228799351975577e-156,100.40894262986235,8.30260742752863e-110,7.408210749578974e-151,8.927558016746529e-135,8.814007408765029e-174,7.815037806850911e-146,5.120282549275452e-152,9.289150398193314e-79,-2.5860118145609562e-14,999746.2366191136,1000413.7324491335
2.1161645338265983e-09,0.00010064203065673165,0.00044779487258011575,298.1499981342993,0.0,2.5421881263000286e-78,301.2268250696682,7.936077088304128e-126,0.0,2.2288186936248978e-156,100.4089416898894,1.9613170394258013e-109,1.2552356167582086e-150,2.9977386854780614e-134,1.4933473864600923e-173,2.624170846810393e-145,1.6781212540931433e-151,1.3933387519455758e-78,-6.584825607649194e-14,999573.9653095425,1000413.7191938384
2.9718564475587508e-09,0.00010064203112157022,0.000631339402487632,298.14999645732706,0.0,3.7776000584603167e-78,301.2268208958102,1.401122886791672e-125,0.0,2.2288324786225503e-156,100.4089402986034,3.4627265292808534e-109,1.755970738232338e-150,6.926443385322548e-134,2.3937606364392597e-173,6.063292981668229e-145,3.837252636079501e-151,1.7492936017629617e-78,-1.2503602137415475e-13,999401.6940048974,1000413.6995742621
3.827548361290904e-09,0.00010064203174222678,0.000816375093109477,298.1499942182342,0.0,5.099831838340456e-78,301.2268153228384,2.128586579916572e-125,0.0,2.2100609785338532e-167,100.40893844094613,5.260576993088324e-109,-1.7391640890289306e-162,1.3138536589033362e-133,-2.815613901974275e-184,1.1493597028443137e-144,7.913068285055391e-165,2.0184265113059363e-78,-2.0406399543272387e-13,999229.4227071704,1000413.673378084
5.544665360957636e-09,0.00010064203346972499,0.0011922340011379943,298.1499879861573,0.0,7.922162702814321e-78,301.22679981136406,3.8218879013344547e-125,0.0,0.0,100.40893327045468,9.445395729389035e-109,1.9862788937545276e-151,3.4188985480107368e-133,1.3352148001151257e-172,2.991824744022838e-144,8.902299204362074e-151,2.3894776902611617e-78,-4.24025437207947e-13,998883.7259155926,1000413.600465489
7.261782360624367e-09,0.00010064203584757188,0.00157416252650676,298.1499794080227,0.0,1.0908328138919694e-77,301.2267784603097,5.74154315738544e-125,0.0,7.440778695139762e-161,100.40892615343655,1.41896289786043e-108,1.9657945863489696e-150,6.774198763801972e-133,4.2114240012738707e-172,5.928909655260684e-144,3.209369322240777e-150,2.596678184584794e-78,-7.267950080766579e-13,998538.0291759893,1000413.5001040241
9.922555363140315e-09,0.00010064204084688472,0.0021779827876354445,298.1499613732624,0.0,1.5692796063230506e-77,301.22673357071443,8.933399169481674e-125,0.0,1.2095377100296315e-159,100.40891119023813,2.207799098957395e-108,1.6619486105773432e-150,1.472766682135209e-132,2.5098447252205822e-171,1.2891159141360586e-143,1.0657439036792526e-149,2.76047135881632e-78,-1.3633526790113487e-12,998002.3520432817,1000413.2890999884
1.4382465067289226e-08,0.00010064205290533356,0.0032227995110486792,298.14991787442665,0.0,2.390430356627922e-77,301.2266252960931,1.4548700091119923e-124,0.0,2.166370115906452e-158,100.4088750986977,3.595571451662838e-108,-4.277331509812878e-166,3.5969411603135695e-132,2.3638053999086143e-170,3.148567349155537e-143,3.227160446385748e-149,2.8429220331424886e-78,-2.898738206787734e-12,997104.4662684171,1000412.7801586816
1.8842374771438136e-08,0.00010064206970469239,0.004308576878610043,298.1498572756888,0.0,3.221279633660839e-77,301.2264744522163,2.029808019549684e-124,0.0,6.074769287990356e-158,100.40882481740543,5.016488955212427e-108,1.880093570441383e-150,6.736204516090679e-132,4.861686950595271e-170,5.896606022073417e-143,8.351294600735918e-149,2.8281029668448165e-78,-5.0377689907440906e-12,996206.5814030478,1000412.0711292976
2.3302284475587044e-08,0.00010064209142507074,0.005435294931672911,298.1497789286298,0.0,4.0524407395080396e-77,301.2262794219415,2.6051887593211e-124,0.0,9.896196017058867e-158,100.40875980731384,6.438512302953048e-108,4.550512668914377e-149,1.0906344627271869e-131,5.4338640067015654e-170,9.547045501374692e-143,1.8385403110128612e-148,2.8097856948471597e-78,-7.803372587056318e-12,995308.6977292021,1000411.1544149726
2.7762194179735954e-08,0.0001006421182555087,0.006602932142028501,298.1496821527351,0.0,4.881888246061354e-77,301.22603850796867,3.1782162446715805e-124,0.0,2.780626528101007e-149,100.40867950265621,7.854734775566607e-108,2.020026648174786e-145,1.6110669251418244e-131,2.75904825361803e-166,1.41068869420854e-142,4.146305133936338e-146,2.8081209769894723e-78,-1.121961277596776e-11,994410.8155289077,1000410.0220424935
3.5126467130265885e-08,0.00010064217423846689,0.008620459840525585,298.14948023535936,0.0,6.250756792983999e-77,301.2255358305733,4.12344498969587e-124,0.0,4.589852587830595e-149,100.40851194352442,1.0190884575373643e-107,2.4968247821661197e-145,2.696223519047434e-131,1.2071101988108889e-165,2.3617077085216027e-142,1.52551102736385e-145,2.8113094176179215e-78,-1.8347711465072377e-11,992928.222314431,1000407.6593331241
4.7192233749928906e-08,0.0001006422993317222,0.012166756461594479,298.149029090207,0.0,8.493412327600863e-77,301.224412607944,5.672103469822583e-124,0.0,5.176241202824784e-149,100.40813753598133,1.4018570551751504e-107,1.4771731063797443e-145,5.081556452586189e-131,3.2275552485051953e-165,4.451269862066972e-142,3.0774935314275298e-145,2.8129789696690744e-78,-3.427517987257099e-11,990499.1267150209,1000402.3800339887
6.626082186900891e-08,0.00010064258932309845,0.01837990127438775,298.1479833807721,0.0,1.20379372613143e-76,301.2218087730011,8.120488777041987e-124,0.0,9.578536777371697e-149,100.40726959100036,2.0070567819109976e-107,3.938821421887547e-145,1.0387897581472062e-130,6.769048889677251e-165,9.097555896721017e-142,4.563965666398891e-145,2.7956239532599237e-78,-7.119748400411783e-11,986660.2608553956,1000390.1421325863
8.532940998808892e-08,0.00010064300486601562,0.025336868898126565,298.1464851575348,0.0,1.5578075443245967e-76,301.2180776620564,1.0563764517676817e-123,0.0,1.786328992680152e-148,100.40602588735211,2.6110862231593386e-107,7.22173132023273e-145,1.757432204380717e-130,1.4012512000668449e-164,1.539210228491253e-141,8.878219137743977e-145,2.791928309514121e-78,-1.2410380950813706e-10,982821.4715913901,1000372.6068899462
1.0439799810716892e-07,0.00010064356018035737,0.03303562242532215,298.144483290365,0.0,1.911247660478626e-76,301.2130916561375,1.3000407953512054e-123,0.0,2.371328844225228e-148,100.40436388537918,3.213604198955708e-107,5.3840010153699594e-145,2.663649038403357e-130,2.7909757891002607e-164,2.333128120661e-141,1.64219195342734e-144,2.8042124691176606e-78,-1.948034203411378e-10,978982.7809649975,1000349.1750462288
1.2346658622624892e-07,0.00010064426939429396,0.041473977558814386,298.1419270064518,0.0,2.2642531331636157e-76,301.20672399054416,1.5432726462476533e-123,0.0,2.531522481711676e-148,100.40224133018138,3.8152199065380785e-107,1.3107254392275809e-145,3.7567813785300225e-130,4.678839909849711e-164,3.2904199446483885e-141,2.2381515089931382e-144,2.8060542922425657e-78,-2.85093438936318e-10,975144.2110176448,1000319.2514695439
1.4253517434532892e-07,0.00010064514656475442,0.050649610191052526,298.1387658168251,0.0,2.616679705374265e-76,301.1988485783533,1.785926764279605e-123,0.0,1.6819256162570953e-148,100.39961619278445,4.415607798033579e-107,0.0,5.036030997129543e-130,6.4060059701830344e-164,4.409784523635724e-141,2.1124858728392863e-144,2.798120862427382e-78,-3.96761394917922e-10,971305.7837900665,1000282.2443329749
1.6160376246440895e-07,0.00010064620570965746,0.06056006895187884,298.1349493998476,0.0,2.96827775657104e-76,301.18933972903545,2.0276924932158526e-123,0.0,1.1400589666458377e-148,100.39644657634516,5.0140553396003677e-107,1.5275826129689572e-145,6.500425115718813e-130,7.606489288679618e-164,5.690965514112941e-141,1.9082953138775705e-144,2.790507012524138e-78,-5.315892788030338e-10,967467.5213221767,1000237.5637969987
1.8067235058348896e-07,0.00010064746081349365,0.07120277778821442,298.130427582402,0.0,3.318885652350713e-76,301.1780721070228,2.2683919928064584e-123,0.0,1.3772698424277691e-148,100.39269070234094,5.610175072349065e-107,3.243878750698624e-145,8.148766960093017e-130,8.54865936375831e-164,7.133355088057306e-141,2.1233093508929483e-144,2.7834576402673406e-78,-6.913541792303439e-10,963629.4456529444,1000184.62182558
2.1448661974194284e-07,0.00010065021140686049,0.09186757302898489,298.1205201133674,0.0,3.9377036579369385e-76,301.153380779798,2.692136569214922e-123,0.0,2.5816044267143665e-148,100.38446025993265,6.660535194477745e-107,2.8457483909895212e-145,1.1519530447761852e-129,1.052795679221739e-163,1.0082861448293589e-140,3.0547413229050285e-144,2.7672261233099296e-78,-1.0414536704722057e-09,956823.9252576227,1000068.6162844799
2.483008889003967e-07,0.00010065369931616704,0.11481030838700589,298.1079605146878,0.0,4.5519290654414585e-76,301.1220746493279,3.11104950423319e-123,0.0,3.669606250174948e-148,100.3740248831093,7.700333620136629e-107,4.8924917789492065e-146,1.5454343554873274e-129,1.395192761870833e-163,1.3524570571781197e-140,3.8403433910349644e-144,2.744535218609921e-78,-1.4853453971771426e-09,950019.1844450891,999921.5480738902
2.8211515805885063e-07,0.00010065800129333543,0.1400135817329428,298.092474232243,0.0,5.160434789778691e-76,301.08346773552677,3.5239668224249996e-123,0.0,4.0818447114803355e-148,100.36115591184225,8.726993566002181e-107,0.0,1.9940936802852513e-129,1.8936186378525972e-163,1.744680007342304e-140,4.089750598141954e-144,2.7166050674819578e-78,-2.0327616995984154e-09,943215.3460810473,999740.2029595423
3.1592942721730454e-07,0.00010066319346720452,0.16745867555920993,298.0737893671166,0.0,5.762017950716664e-76,301.03688078469213,3.9296574027560834e-123,0.0,4.0395774622269004e-148,100.34562692823071,9.737783684812811e-107,3.2491935378091083e-146,2.4964311236531863e-129,2.461922459239927e-163,2.1836125587534727e-140,4.161259672248831e-144,2.684080448792485e-78,-2.6933438050097264e-09,936412.5330149069,999521.400532198
3.4974369637575845e-07,0.00010066935130331891,0.19712555559625972,298.05163686873715,0.0,6.355421421252966e-76,300.98164185555794,4.32686031892128e-123,0.0,3.969443837298064e-148,100.32721395185264,1.0729896198467286e-106,4.750054292869815e-146,3.050658039672318e-129,3.0246136067132967e-163,2.667645567742198e-140,4.373156375235541e-144,2.6461445606015605e-78,-3.476634692428299e-09,929610.8680775645,999261.9972869623
3.8355796553421236e-07,0.00010067654956817705,0.2289928727536387,298.025750712733,0.0,6.939329753413485e-76,300.9170868817485,4.714297675859221e-123,0.0,3.9640797862693925e-148,100.30569562724949,1.1700455048620271e-106,2.0106900684642384e-146,3.654689407413596e-129,3.562949504105088e-163,3.194869778462433e-140,4.7265018027373096e-144,2.6023233279392443e-78,-4.392072521270269e-09,922810.4740791862,998958.8896050673
4.378616752194888e-07,0.00010069047251077015,0.28471679553664575,297.9757068686877,0.0,7.85376225249552e-76,300.79227650221117,5.312814654456704e-123,0.0,4.074247975225955e-148,100.26409216740373,1.3206631538200751e-106,0.0,4.7228342885272566e-129,4.4035999431813895e-163,4.1263407536119894e-140,5.415841402060206e-144,2.5195501127983836e-78,-6.162134639763661e-09,911892.4131099735,998372.9867361451
4.921653849047653e-07,0.00010070757166540697,0.3459559304310233,297.9142878516753,0.0,8.734480599596196e-76,300.6390878094483,5.877592188001263e-123,0.0,4.205463764655004e-148,100.2130292698161,1.4637628262946648e-106,2.345405034903335e-146,5.901718067751287e-129,5.262975092942822e-163,5.153033386704173e-140,6.211022972511537e-144,2.4214604411844167e-78,-8.33497843992548e-09,900978.4550352364,997654.0754505072
5.464690945900417e-07,0.00010072814363126854,0.412600699430949,297.8404493825554,0.0,9.575795053218783e-76,300.45492456203266,6.403808336296224e-123,0.0,4.2563857251764335e-148,100.15164152067754,1.5982048063918104e-106,1.1245493382183204e-146,7.178016554056866e-129,6.153641645683492e-163,6.262869342289309e-140,7.12482554059871e-144,2.3083759183314573e-78,-1.0947685000659291e-08,890069.1080838334,996790.0876575441
6.007728042753182e-07,0.00010075247881230571,0.48453298040419446,297.7531749466318,0.0,1.0372271047602078e-75,300.2372666184443,6.887315810835656e-123,0.0,4.239647190620262e-148,100.07908887281476,1.7229703071313393e-106,0.0,8.536745067457285e-129,7.046557057755167e-163,7.442337643057536e-140,8.131377714588504e-144,2.1813264591027847e-78,-1.4036358970532802e-08,879164.8802698968,995769.3458557399
6.550765139605946e-07,0.00010078086092908313,0.5616262658326969,297.6514783048211,0.0,1.1118956084571853e-75,299.9836777077213,7.324877104897564e-123,0.0,4.2364971937385605e-148,99.9945592359071,1.8372143471318184e-106,0.0,9.961571508385541e-129,7.916470650531285e-163,8.676815887371067e-140,9.239719665616588e-144,2.041910835979231e-78,-1.7636036944184564e-08,868266.2793691775,994580.6044373387
7.09380223645871e-07,0.00010081356659722484,0.6437458635581643,297.5344057147225,0.0,1.181157574179751e-75,299.69181270262914,7.714369305784553e-123,0.0,4.1487743716072596e-148,99.89727090087638,1.9403130803116956e-106,0.0,1.1435215004594285e-128,8.753191672937255e-163,9.950957375633693e-140,1.049163924610569e-143,1.8922156969382228e-78,-2.1780606569606574e-08,857373.8128953981,993213.0884780178
7.636839333311475e-07,0.00010085086491890372,0.730749139182529,297.40103811121304,0.0,1.2446703585805546e-75,299.35942483105197,8.054884485658538e-123,0.0,3.942531766815934e-148,99.78647494368398,2.0318929867071528e-106,0.0,1.2939897420958611e-128,9.552429462215122e-163,1.1249107199631728e-139,1.1834358584038227e-143,1.7348011656388332e-78,-2.6502727239965957e-08,846487.9880766203,991656.5322023818
8.179876430164239e-07,0.00010089301705687376,0.8224858039624942,297.2504933917309,0.0,1.302190730978622e-75,298.9843730504675,8.3467578781187e-123,0.0,3.702502923765722e-148,99.66145768348917,2.1118473054063524e-106,0.0,1.4457823977901085e-128,1.0292826195373226e-162,1.2555766504706658e-139,1.3289337993323768e-143,1.5725733625334762e-78,-3.183374703572123e-08,835609.3118316248,989901.2182486268
8.722913527017003e-07,0.00010094027581100768,0.918798249998773,297.0819287066807,0.0,1.3535854869060685e-75,298.56462935717667,8.591545312937697e-123,0.0,3.442674550706621e-148,99.52154311905889,2.1803421598857195e-106,0.0,1.597166431813039e-128,1.0955711206030994e-162,1.385602683023084e-139,1.4929407672243633e-143,1.4086318797944279e-78,-3.7803619542373096e-08,824738.2907463056,987938.016512975
9.809109523292533e-07,0.00010105109400758189,1.1245099052741765,296.6875280171901,0.0,1.4380322309358017e-75,297.58343891052823,8.951160659560552e-123,0.0,3.484540762310281e-148,99.19447963684274,2.2848385207138266e-106,5.944351564114635e-163,1.8922948105312423e-128,1.2274625331601483e-162,1.638307611241959e-139,1.8875651044097448e-143,1.0880618599897012e-78,-5.177403989171533e-08,803018.8050200087,983354.0155277257
1.0560683782599728e-06,0.00010114127175338373,1.276448002856431,296.36745722227795,0.0,1.482688893704298e-75,296.7881705539234,9.112068144070862e-123,0.0,3.7598644782181454e-148,98.92939018464114,2.334390733172721e-106,-6.744981568327703e-163,2.0856843278864545e-128,1.3380646031064505e-162,1.8034120083676632e-139,2.2078147264833027e-143,8.818215717215436e-79,-6.311339986912159e-08,788011.62684712,979643.8443179622
1.0928898259923239e-06,0.00010118968718177288,1.353579606112535,296.1959317659838,0.0,1.5007302587851934e-75,296.3623686911284,9.169004595934933e-123,0.0,3.754925026866639e-148,98.78745623037612,2.3527876100603237e-106,3.522287536854638e-148,2.1760842258434468e-128,1.3884954751902296e-162,1.880491906473104e-139,2.3724893253476378e-143,7.877217726631035e-79,-6.919077893110096e-08,780666.0642649594,977659.2577242845
1.0975032002463024e-06,0.0001011959543104014,1.363363987393251,296.17374524127507,0.0,1.5028210176908774e-75,296.30731038151583,9.175226552021127e-123,0.0,3.754132496135003e-148,98.76910346050528,2.354842858043814e-106,1.021147801173642e-147,2.1871859186229555e-128,1.3934915549223215e-162,1.889954489008534e-139,2.3931326781298026e-143,7.762994860966558e-79,-6.997692685243698e-08,779746.0635305945,977402.7394084745
1.1021165745002811e-06,0.00010120226663910095,1.3731748230929073,296.15140295931394,0.0,1.5048748294869633e-75,296.2518687632232,9.181255123213513e-123,0.0,3.753443313794264e-148,98.75062292107438,2.3568446743881325e-106,2.274616320224255e-147,2.1982358168888408e-128,1.3984182491229318e-162,1.8993723165734247e-139,2.413818699082907e-143,7.649619918998936e-79,-7.076862042347625e-08,778826.1368216309,977144.4594865048
1.10672994875426e-06,0.00010120862428965277,1.3830119962996947,296.128904566619,0.0,1.506891950614982e-75,296.1960430598778,9.187093096142424e-123,0.0,3.752754804118964e-148,98.73201435329261,2.358793699182034e-106,3.145069663970734e-147,2.2092334137263167e-128,1.4033302055118756e-162,1.9087450078124738e-139,2.4346171638567316e-143,7.53710664371457e-79,-7.156587233457827e-08,777906.2844472476,976884.4148035755
1.116738163381475e-06,0.00010122257290945932,1.404442659646686,296.07955845815513,0.0,1.511142988982587e-75,296.0736111782366,9.199116152772083e-123,0.0,3.7510897823147996e-148,98.69120372607885,2.3628435082276146e-106,3.2063162332528433e-147,2.2329093484162613e-128,1.4140246796096275e-162,1.928921079485559e-139,2.480138800350479e-143,7.296026941631378e-79,-7.331459246081863e-08,775911.0216043514,976314.194551356
1.12674637800869e-06,0.00010123673662444688,1.4259955233968447,296.0294725862839,0.0,1.515225289846894e-75,295.9493603663833,9.210284075553335e-123,0.0,3.7492363153755474e-148,98.64978678879444,2.366654548649576e-106,2.2842000152771764e-147,2.2563319313887717e-128,1.424714427307983e-162,1.9488792346937123e-139,2.5260501067441574e-143,7.059128745678172e-79,-7.508965779954405e-08,773916.1132101553,975735.6235411026
1.136754592635905e-06,0.00010125111665160299,1.4476693832677543,295.9786434720819,0.0,1.51914161870518e-75,295.82328307684475,9.220625226509777e-123,0.0,3.74741662450192e-148,98.60776102561492,2.3702334451907597e-106,2.3916891111369558e-147,2.2794965070342853e-128,1.4352371326161574e-162,1.9686159462619994e-139,2.572166932234749e-143,6.82648856314496e-79,-7.689119334413519e-08,771921.5624200697,975148.6715380363
1.1467628072631198e-06,0.00010126571419584035,1.4694630305797152,295.92706776938235,0.0,1.5228947912815146e-75,295.6953719361557,9.230167646437453e-123,0.0,3.745718132523851e-148,98.56512397871857,2.373586801487759e-106,3.4284549210711206e-147,2.3023986463964442e-128,1.4455471129476956e-162,1.9881279021057325e-139,2.618502569346093e-143,6.598179600854202e-79,-7.871932199180302e-08,769927.3723889395,974553.309457278
1.1567710218903349e-06,0.00010128053044995136,1.4913752523525954,295.87474224630387,0.0,1.5264876689099167e-75,295.56561974565227,9.238938997642612e-123,0.0,3.744051945327444e-148,98.52187324855076,2.3767211867414226e-106,4.282159932604369e-147,2.325034146227759e-128,1.45569651069812e-162,2.007411991476757e-139,2.6651496864188874e-143,6.374267685782928e-79,-8.057416453478433e-08,767933.5462710387,973949.5093048775
1.1756191475019652e-06,0.00010130903132250222,1.5329594298675944,295.77415245855576,0.0,1.5328290410635121e-75,295.31623896544437,9.253459765011145e-123,0.0,7.309638873622601e-144,98.43874632181478,2.3825490228086424e-106,1.4104113909998383e-122,2.367087865050669e-128,1.7010496645326245e-137,1.0083219751133097e-122,1.008326281456685e-122,5.964717496553075e-79,-8.414026859203661e-08,764179.6413717289,972789.3893663405
1.1944672731135953e-06,0.00010133831983714712,1.574951662327969,295.67087126519016,0.0,1.5386319474957987e-75,295.0602585694719,9.265519806205079e-123,0.0,4.359495365395867e-139,98.35341952315729,3.203490079810465e-105,0.0,2.35696967555427e-128,0.0,1.1488486516275505e-122,1.1488622388644474e-122,5.571282669447508e-79,-8.780231005927936e-08,760427.0594033034,971599.0740907068
1.227473599910795e-06,0.00010139152927700293,1.6494454945962824,295.48346458520973,0.0,1.5475573134990934e-75,294.5959667274617,9.281223521986592e-123,0.0,1.5797510139649417e-137,98.19865557582057,7.461203403191708e-104,0.0,3.229396970231938e-128,0.0,0.0,3.314255114585499e-137,4.9218020805450255e-79,-9.444850999150068e-08,753858.8897521442,969441.4096479401
1.2495742399748836e-06,0.00010142854063492241,1.6999889132801274,295.35328106987544,0.0,1.5526996754888423e-75,294.2735894599752,9.288248459616452e-123,0.0,3.645727949001529e-137,98.0911964866584,1.8145691055000564e-103,0.0,1.1976957303196491e-127,0.0,0.0,0.0,4.515293139679878e-79,-9.906634691484084e-08,749463.2822005078,967944.2409923897
1.2716748800389722e-06,0.00010146667476615127,1.7510486624517256,295.2192957026371,0.0,1.5572117891952947e-75,293.9419243868705,9.292760114269572e-123,0.0,5.136901111236353e-137,97.98064146229017,2.6870521002523425e-103,3.056215846454063e-122,4.622100685161242e-127,2.253214771917624e-137,2.7139219376502014e-122,2.713953193016301e-122,4.131588526719589e-79,-1.0381989469047597e-07,745069.6070644755,966404.782256768
1.2937755201030608e-06,0.00010150594293199664,1.8026112204208231,295.08148120625646,0.0,1.5611267060416985e-75,293.600916899874,9.294986591816238e-123,0.0,5.123437101773722e-137,97.86697229995801,2.733360428708746e-103,6.874559750458085e-122,1.0230634713026735e-126,8.430909130405982e-137,1.084124970456774e-121,1.0841359283155591e-121,3.770565965643392e-79,-1.0871017836108094e-07,740677.8982329177,964822.8498728294
1.3158761601671493e-06,0.00010154635609425694,1.854663002633572,294.9398118260618,0.0,1.564477226739237e-75,293.25051673471484,9.295140588007222e-123,0.0,4.2028794688672466e-137,97.75017224490493,2.1944616854245165e-103,0.0,1.505149954112356e-126,3.9417273800572015e-137,1.6312499528876802e-121,1.6312740962350173e-121,3.4319711862086546e-79,-1.1373817070881484e-07,736288.1895795385,963198.282873649
1.337976800231238e-06,0.00010158792491448382,1.9071903677483675,294.79426349470646,0.0,1.5672957721715207e-75,292.8906779850609,9.293419586662984e-123,0.0,-7.316525882872366e-153,97.63022599502031,2.4904158128207333e-103,0.0,1.8444034238312092e-126,1.3456489682119168e-136,1.096006677054996e-121,1.0960453709682746e-121,3.1154304020623366e-79,-1.1890479212718974e-07,731900.514962615,961530.9434674054
1.3600774402953265e-06,0.00010163065975246509,1.9601796260726516,294.6448137544811,0.0,1.569614180023127e-75,292.5213591211072,9.290005655816611e-123,0.0,2.9229200601758274e-152,97.50711970703573,2.3098347281348645e-103,0.0,2.0726255604440426e-126,3.3273840947760678e-136,0.0,0.0,2.820459908185643e-79,-1.2421091034776565e-07,727514.9082247345,959820.7168188295
1.3821780803594151e-06,0.00010167457066479145,2.0136170482293676,294.49144164251516,0.0,1.5714635074056978e-75,292.1425230052526,9.28506538501061e-123,0.0,7.142588995247564e-137,97.38084100175087,1.9138718713796165e-103,1.3328233976768325e-121,2.5017168933477226e-126,3.649848158685022e-136,6.306708428548195e-122,6.306181361726306e-122,2.5464767031729157e-79,-1.2965734018417074e-07,723131.4031925355,958067.5106953762
1.4170654634576525e-06,0.0001017463042107506,2.098850395965581,294.24130363040285,0.0,1.573500965586087e-75,291.5250564162156,9.274523400057184e-123,0.0,2.5665348167228888e-136,97.1750188054052,0.0,0.0,2.6763367172375316e-126,1.0193249596128417e-135,2.165271464733723e-121,2.1651002042566373e-121,2.1550332278459842e-79,-1.3854230136652323e-07,716216.0979905296,955212.3202774649
1.45195284655589e-06,0.00010182102941956378,2.185111964958849,293.9812748377728,0.0,1.574557615791038e-75,290.8836873137809,9.261075272528477e-123,0.0,4.113755951010471e-136,96.96122910459364,0.0,0.0,9.082189918909233e-127,2.754619052065721e-135,0.0,0.0,1.811190772799232e-79,-1.4778151126368127e-07,709306.2471457343,952249.7052486907
1.4868402296541274e-06,0.00010189878121502406,2.272347426206728,293.7112960617373,0.0,1.5747394175448687e-75,290.21833658506216,9.245161786921746e-123,0.0,4.5458330194228715e-136,96.73944552835405,0.0,0.0,0.0,6.070382728825753e-135,0.0,0.0,1.5116019861865676e-79,-1.573773668197654e-07,702401.9834662285,949179.6474648183
1.521727612752365e-06,0.00010197959262534477,2.3605024437579227,293.4313177467092,0.0,1.5741444275189453e-75,289.52895238691553,9.227149013955179e-123,0.0,4.2101560634617506e-136,96.50965079563852,0.0,0.0,5.70368870775964e-127,8.173581341725921e-135,2.1663804120879764e-121,2.166167261164527e-121,1.2526876059049665e-79,-1.673319350450755e-07,695503.439652705,946002.2689316155
1.5566149958506025e-06,0.00010206349478462358,2.449522749059408,293.1412999778089,0.0,1.5728624296172278e-75,288.81551002618414,9.207337219623385e-123,0.0,3.164894589921341e-135,96.27183667539471,0.0,0.0,2.8143631078308664e-127,1.0252650835799265e-134,0.0,0.0,1.030744655587364e-79,-1.7764695383686357e-07,688610.74829592,942717.8307805113
1.5915023789488398e-06,0.00010215051693614035,2.5393542158612328,292.8412123491093,0.0,1.57097473476717e-75,288.0780117899224,9.185969378120348e-123,0.0,8.293309428284614e-135,96.02600392997414,0.0,0.0,0.0,1.4093384568074218e-134,0.0,0.0,8.420455337255179e-80,-1.8832383322320635e-07,681724.041874145,939326.7315902978
1.6263897620470774e-06,0.00010224068643818976,2.629942934071619,292.53103384535245,0.0,1.5685541875577238e-75,287.3164867199242,9.163239407724078e-123,0.0,1.391340421994565e-134,95.77216223997475,6.754565863719807e-119,-5.303090160567941e-138,0.0,1.1542935375727108e-134,9.075775748410517e-122,9.072259874573682e-122,6.82922784036226e-80,-1.9936365716495732e-07,674843.4527506204,935829.5054932405
1.6901501671276507e-06,0.00010241369590055194,2.7972835668397633,291.9380439346292,0.0,1.5629614995133484e-75,285.86283706150533,9.118659167679277e-123,0.0,1.8241181600732188e-134,95.28761235383512,4.053606375821131e-120,2.0677309462307913e-120,1.5237808873852475e-125,4.3502048141751475e-134,7.737827514095465e-120,7.737627270153287e-120,4.569961457838509e-80,-2.2048020286109996e-07,662284.686173337,929166.0248973612
1.7539105722082239e-06,0.00010259744139494515,2.9666506709310347,291.311324445627,0.0,1.5561288974907047e-75,284.3296995964215,9.070683848737982e-123,0.0,1.4059954538602907e-134,94.77656653214049,-1.1376697975045222e-119,1.3174917380373853e-119,1.0883228756971722e-124,2.7300506300312685e-133,5.349131087174925e-119,5.349140262282306e-119,2.9835480197587554e-80,-2.428132578488579e-07,649747.6001459893,922155.5809708458
1.8176709772887972e-06,0.000102792041936623,3.1377256845122896,290.6509845412356,0.0,1.548307771921119e-75,282.7179202390303,9.019729367472532e-123,0.0,8.617999526839545e-135,94.23930674634343,-3.9937996500915956e-120,3.0508356177070494e-119,3.471638767533915e-124,8.106144127736925e-133,1.7270021982455944e-118,1.727027676497981e-118,1.8999344782038417e-80,-2.663612123639509e-07,637232.9995207957,914804.7817292436
1.8814313823693705e-06,0.00010299759643123802,3.310196818859965,289.95723138746774,0.0,1.5396852321852922e-75,281.0286176003656,8.966056244593021e-123,0.0,7.291164966027406e-135,93.67620586678854,5.2007707016188606e-104,3.2294113043356487e-119,6.665299211989333e-124,1.4690212111604557e-132,3.4400650426886734e-118,3.4401516565809734e-118,1.1799171059662238e-80,-2.911190550330113e-07,624741.6877064635,907121.5771026831
1.945191787449944e-06,0.00010321418416258606,3.4837603282239646,289.2303667053779,0.0,1.5303981131903203e-75,279.26317088309725,8.909832281855983e-123,0.0,8.894257529028607e-135,93.08772362769908,3.099917820115126e-103,1.7589356152319142e-119,9.231443320787441e-124,1.938576900380816e-132,4.889758590248838e-118,4.889940665760882e-118,7.145056436745297e-81,-3.1707849110194207e-07,612274.4666166123,899115.1830323356
2.008952192530517e-06,0.00010344186534448391,3.6581216984276113,288.47078272209853,0.0,1.5205450106799782e-75,277.42320632824334,8.851172125684633e-123,0.0,8.870582112665807e-151,92.47440210941444,-2.878668477310619e-118,0.0,9.424344308168766e-124,2.1878394112097016e-132,5.209018206983049e-118,5.209310300645487e-118,4.218371410786384e-81,-3.4422807436080296e-07,599832.1366182917,890795.9973026192
2.07271259761109e-06,0.00010368068173585799,3.8329967436783456,287.678957712528,0.0,1.510196118626005e-75,275.51058234116823,8.790166491204045e-123,0.0,0.0,91.83686078038942,0.0,0.0,8.050034154179942e-124,2.4644699834045288e-132,4.692747787000793e-118,4.693142764982892e-118,2.428207401220148e-81,-3.725533522298414e-07,587415.4964806003,882175.5085475681
2.1364730026916633e-06,0.00010393065732694859,4.008112596556706,286.8554512355255,0.0,1.499401483007419e-75,273.52737336706474,8.72689765845677e-123,0.0,0.0,91.17579112235492,0.0,5.073091459759653e-120,6.8275875542697594e-124,2.2279862524370654e-132,4.2067984653994845e-118,4.2072666385049795e-118,1.362798248128338e-81,-4.020370254962924e-07,575025.3433234066,873266.1994121673
2.2002334077722364e-06,0.00010419179909222424,4.18320858366316,286.00089906115534,0.0,1.4881977521188058e-75,271.47585269805774,8.661446008648686e-123,0.0,0.0,90.49195089935259,3.612197174428454e-102,0.0,6.783186200910672e-124,1.6692511424200602e-132,4.335404531941349e-118,4.335928416135437e-118,7.45693377722615e-82,-4.326591214276661e-07,562662.4725661757,864081.444884288
2.2639938128528095e-06,0.00010446409779620677,4.358036985029815,285.11600779254917,0.0,1.4766131785085216e-75,269.3584744728728,8.593892475648737e-123,0.0,0.0,89.78615815762426,1.2760058513105267e-101,4.848526402288715e-136,7.044923987048085e-124,1.338684360057563e-132,4.557885274002985e-118,4.558470195497309e-118,3.978614959769037e-82,-4.643971768908495e-07,550327.6778769047,854635.4070925419
2.3277542179333823e-06,0.00010474752884062725,4.532363675933041,284.2015492463,0.0,1.4646709441613092e-75,267.1778551101498,8.524320836424372e-123,0.0,0.0,89.0592850367166,2.616076993370563e-101,1.7849768642907005e-119,7.085435895026992e-124,1.876354543142806e-132,4.436618515223591e-118,4.437285099196891e-118,2.0704086211752447e-82,-4.972264286131536e-07,538021.751121172,844942.9279757407
2.3915146230139554e-06,0.0001050420531468742,4.7059686490577555,283.25835467834264,0.0,1.45239126550202e-75,264.93675436977577,8.452819175175666e-123,0.0,-1.1912806311251597e-150,88.31225145659192,4.1598409762993335e-101,1.8512932548916477e-119,7.089028627868027e-124,2.496532442510184e-132,4.3714418140059355e-118,4.372186038870348e-118,1.0510571759870615e-82,-5.311200089673496e-07,525745.4823113,835019.4211239982
2.4552750280945285e-06,0.00010534761806880674,4.878646416201237,282.28730892154215,0.0,1.4397927533291625e-75,262.6380562243646,8.379479708976734e-123,0.0,-8.397828265643968e-151,87.54601874145487,5.617362425689227e-101,0.0,7.161827789609974e-124,2.1778105989454498e-132,4.733974226507866e-118,4.734766461232893e-118,5.207169150745241e-83,-5.660491459278872e-07,513499.65955563955,824880.7639557403
2.5190354331751017e-06,0.00010566415832867596,5.050206291246211,281.28934447961205,0.0,1.426893287938957e-75,260.28474973468985,8.304397930588178e-123,0.0,6.502016798396355e-151,86.76158324489661,6.773304314545259e-101,1.079459913135874e-119,7.303263145459714e-124,1.4161825619347613e-132,4.891497064186622e-118,4.892324303566771e-118,2.51924363271844e-83,-6.01983365363103e-07,501285.0690079743,814543.1913298041
2.5827958382556748e-06,0.00010599159696747678,5.220472558173684,280.26543562102586,0.0,1.4137105199111034e-75,257.8799101239092,8.227671915635692e-123,0.0,2.1663330739183346e-162,85.95997004130307,7.600816742115377e-101,4.997339319907596e-119,7.413628566768575e-124,1.656879740198539e-132,4.584387507658513e-118,4.585275624108985e-118,1.1918339882231585e-83,-6.388906935601655e-07,489102.4948170515,804023.1916504899
2.6816016716024023e-06,0.00010652033161105442,5.481397988651822,278.6298604594349,0.0,1.3927633758318405e-75,254.0588265851252,8.105760500706746e-123,0.0,3.9516808790474043e-153,84.68627552837506,7.978508621219363e-101,2.1236298415568378e-119,6.9898482312490895e-124,2.5904493027642356e-132,4.395007823290546e-118,4.395995205269331e-118,3.68694975899e-84,-6.979281167753885e-07,470288.9364263646,787399.4853456304
2.7804075049491303e-06,0.00010707465282431996,5.738308032522332,276.9383120125565,0.0,1.371244022602114e-75,250.1334610825609,7.980521583775868e-123,0.0,2.1415529630524254e-152,83.37782036085363,7.553686700098833e-101,0.0,4.644891681919749e-124,1.1930474023844536e-132,4.495602249569968e-118,4.496602259237238e-118,1.1872089407283347e-84,-7.590933520628901e-07,451557.0397256325,770439.7597481818
2.8792133382958582e-06,0.00010765414131217588,5.990760457972697,275.1948097762802,0.0,1.3492189423626657e-75,246.1158557701106,7.852339578377262e-123,0.0,-4.773403151743305e-152,82.03861859003688,6.969283089427421e-101,2.787666619777198e-119,4.1839558534805645e-125,0.0,3.8123267584417837e-118,3.8132891931446057e-118,3.64039774459357e-85,-8.222529633578779e-07,432909.6924747039,753205.6320956205
2.978019171642586e-06,0.00010825833817128882,6.238395143892964,273.4034507612924,0.0,1.326754392120654e-75,242.0180452315651,7.721598581735823e-123,0.0,-6.011070555606575e-152,80.67268174385504,6.537973174390467e-101,0.0,5.317860325714863e-140,0.0,3.472451589894267e-118,3.47338331278951e-118,1.0170396456152496e-85,-8.872704922425108e-07,414349.76939905505,735757.5380495782
3.050027295580166e-06,0.00010871395236656402,6.415668052167594,272.07015581775823,0.0,1.3101431529876895e-75,238.987926895137,7.624922431062916e-123,0.0,1.7899338549447272e-138,79.66264229837901,6.345671304319048e-101,0.0,2.293599363331487e-124,0.0,3.6852260770942665e-118,3.6861577113619946e-118,4.549696367696486e-86,-9.357456072731347e-07,400880.3052456664,722940.5329080382
3.1220354195177453e-06,0.00010918223150060524,6.590146652863856,270.71523589770976,0.0,1.2933578857780044e-75,235.92606181208936,7.527233447638047e-123,0.0,-1.473381766165618e-153,78.6420206040298,6.235758969075925e-101,7.558238926307996e-119,3.5169383103395254e-124,2.4477730965697397e-133,3.3799537914335996e-118,3.380912982902617e-118,4.102979328571887e-86,-9.8508072249449e-07,387459.8972301036,710063.0012713104
3.194043543455325e-06,0.00010966297191162678,6.761766432433392,269.3402810216785,0.0,1.276422874432606e-75,232.83688659864762,7.428673153372353e-123,0.0,0.0,77.61229553288254,6.151216840130613e-101,6.083124874877669e-119,3.082849529105094e-124,5.437690076223954e-133,3.6712602630248475e-118,3.6722491186902465e-118,2.9289916803738526e-86,-1.0352225392857004e-06,374089.644220241,697146.1193863795
3.2660516673929043e-06,0.0001101559659782492,6.9304815955308445,267.9468652524871,0.0,1.259361861731712e-75,229.7247288099932,7.329379584546342e-123,0.0,0.0,76.57490960333107,6.042400252735557e-101,0.0,2.34019122861697e-124,2.560505949736268e-133,5.027239939310107e-118,5.028229831635059e-118,2.1106855470288823e-86,-1.0861182203151959e-06,360770.6409772426,684210.2295227253
3.338059791330484e-06,0.00011066100342638372,7.096263835036989,266.5365405826555,0.0,1.24219790863377e-75,226.59379109108556,7.229486819724795e-123,0.0,-5.660403222190167e-153,75.53126369702852,5.900956298517714e-101,7.107177521630631e-119,2.214919103729963e-124,1.1781562913797786e-133,5.194078277109437e-118,5.195075663906418e-118,1.9360887431940292e-86,-1.1377156033621594e-06,347503.97806592286,671274.7753126718
3.4100679152680634e-06,0.00011117787253637702,7.2591010452647735,265.1108315757884,0.0,1.2249532938013296e-75,223.4481377033467,7.129124546757944e-123,0.0,8.372735320051148e-153,74.48271256778223,5.753401639400112e-101,1.6251531784873345e-118,2.465701709099823e-124,6.379846453521954e-133,4.564528276092437e-118,4.565560789926976e-118,1.739645282944947e-86,-1.189963389359846e-06,334290.74176545104,658358.2508265225
3.4820760392056428e-06,0.00011170636125957418,7.418996062712532,263.67123059258336,0.0,1.2076494688645804e-75,220.29168327613698,7.028417702258994e-123,0.0,1.0057498410369241e-135,73.43056109204566,5.66084969113376e-101,0.0,2.577739155992889e-124,1.8702039235168473e-133,7.584823524774187e-118,7.5858513125391665e-118,1.6872458841740945e-85,-1.2428113102053148e-06,321132.013980406,645478.1620170821
3.5540841631432225e-06,0.00011224625825000758,7.5759654268759045,262.2191935674997,0.0,1.1903070199673851e-75,217.12818364529292,6.927486062467184e-123,0.0,2.07690766521923e-135,72.37606121509764,5.518887142165929e-101,0.0,2.3964610285755783e-124,0.0,1.3024072749856313e-117,1.3024938063917017e-117,1.8514615043520434e-85,-1.2962102774833982e-06,308028.8721521897,632650.9995669503
3.626092287080802e-06,0.0001127973538088428,7.7300381354148335,260.75613639545696,0.0,1.1729456284627214e-75,213.96122868001518,6.8264442524434e-123,0.0,2.080445622229902e-135,71.32040956000506,5.514044311083098e-101,9.57028677735834e-118,2.3745002525002923e-124,1.4587327008585718e-132,8.485734101254809e-118,8.486483107722713e-118,1.7122119752228315e-85,-1.3501125102255457e-06,294982.3891708059,619892.2225074789
3.6981004110183816e-06,0.00011335944073765848,7.881254397304308,259.28343193832023,0.0,1.1555840370734158e-75,210.7942369965018,6.725401234127463e-123,0.0,1.3599811848495499e-135,70.2647456655006,5.4414234443816103e-101,2.259817089887198e-117,2.197902998968421e-124,1.2196603285233094e-131,0.0,0.0,1.8295817292225037e-85,-1.4044716413609646e-06,281993.63328701106,607216.2518264005
3.770108534955961e-06,0.00011393231510086826,8.029664410815572,257.80240760128004,0.0,1.1382400278419818e-75,207.6304524232282,6.62446050704538e-123,0.0,9.362157637817387e-136,69.21015080774274,5.310776964395204e-101,9.44328146050137e-118,2.2872289138485605e-124,1.634725849406101e-131,1.5843922685032755e-117,1.5842799923235428e-117,1.6716208548672895e-85,-1.4592428044646285e-06,269063.66802484647,594636.4730411721
3.84211665889354e-06,0.00011451577690140916,8.175327186660883,256.31434341816026,0.0,1.120930413021845e-75,204.47294205818886,6.523719983272445e-123,0.0,1.1403860694285658e-135,68.15764735272963,5.2294007517260267e-101,0.0,2.35474325621267e-124,5.8200313455006376e-133,7.31178054415031e-117,7.311565123175008e-117,1.426629505236094e-85,-1.5143827028325237e-06,256193.55209455558,582165.2466423288
3.91412478283112e-06,0.0001151096306742549,8.318309420482537,254.8204706049238,0.0,1.1036710344976998e-75,201.32459575752262,6.423271847979303e-123,0.0,1.4837951913736896e-135,67.10819858584087,5.1662506176923264e-101,7.918934880748397e-117,2.20181712153202e-124,2.6367327733842456e-147,4.801634030632325e-117,4.801244522468307e-117,1.3057140231040174e-85,-1.569849662295714e-06,243384.3393058969,569813.925388953
3.9861329067687e-06,0.00011571368600105827,8.458684413525111,253.32197055467546,0.0,1.0864767679103286e-75,198.18812690496273,6.323202654360075e-123,0.0,1.5000111299832264e-135,66.06270896832092,5.0880201773799246e-101,2.393755519585187e-116,2.0760549813107e-124,1.1725433894962506e-130,0.0,0.0,1.2141243883675912e-85,-1.6256036687147329e-06,230637.0784818579,557592.8775313416
4.058141030706279e-06,0.00011632775794878468,8.596531044671872,251.81997424362308,0.0,1.0693615317571113e-75,195.06607431778505,6.223593408652524e-123,0.0,1.2711304544305338e-135,65.02202477259502,5.004938287571578e-101,2.2356789504905924e-116,2.055783813699685e-124,1.4228642574412991e-130,1.1311152209261521e-116,1.1311250890833936e-116,1.1028757191382743e-85,-1.6816063911972603e-06,217952.81337277673,545511.5150769977
4.130149154643858e-06,0.00011695166743599605,8.731932800277818,250.31556200792568,0.0,1.0523383027434173e-75,191.96080514592975,6.124519638440467e-123,0.0,1.1294706848118374e-135,63.98693504864325,4.923764912543341e-101,0.0,2.1025539330967978e-124,6.226607438253738e-131,6.530495122534125e-116,6.530478950201381e-116,9.811524095694102e-86,-1.737821192395406e-06,205332.58257087914,533578.326233589
4.202157278581438e-06,0.00011758524153135844,8.864976866232881,248.80976364842525,0.0,1.035419136824502e-75,188.8745186232293,6.0260515103773425e-123,0.0,1.1789974271395664e-135,62.958172874409776,4.84441920748673e-101,4.9233579993120225e-117,2.1033247458680107e-124,0.0,9.175838952127501e-116,9.175664300850668e-116,8.556686813232982e-86,-1.7942131273536335e-06,192777.41942523874,521800.9112026134
4.274165402519018e-06,0.00011822831368917066,8.995753283044262,247.30355882432363,0.0,1.0186151942152225e-75,185.80925053684746,5.928253976045181e-123,0.0,1.265256143116203e-135,61.936416845615824,4.766326711439017e-101,9.541958527313261e-116,1.9181538771049346e-124,5.382727710739729e-130,9.994531581088948e-117,9.993809746702941e-117,7.413950604300605e-86,-1.8507489322544912e-06,180288.35195716633,510186.02056782466
4.346173526456597e-06,0.00011888072392644131,9.124354163128128,245.79787770172308,0.0,1.0019367671295356e-75,182.76687829123162,5.831186933581421e-123,0.0,1.254356394934205e-135,60.92229276374387,4.6883467281249897e-101,2.17852681376354e-115,1.5428102007096328e-124,1.3954196038679692e-129,2.1560386692182287e-131,0.0,6.437792426006638e-86,-1.907397004243711e-06,167866.40277603373,498739.5956013006
4.4181816503941766e-06,0.00011954231894583098,9.25087296976268,244.2936018248864,0.0,9.853933098905442e-76,179.74912645290104,5.7349054055582957e-123,0.0,1.1762853227150561e-135,59.916375484300346,4.610674149584174e-101,1.3228508655708452e-115,1.3400189994241395e-124,2.8732647706289967e-130,2.171492635447963e-115,2.1714093239423316e-115,5.543153641415916e-86,-1.9641273734438203e-06,155512.58899554412,487466.80987990083
4.490189774331756e-06,0.00012021295220878385,9.375403856606653,242.79156517976602,0.0,9.689934703879525e-76,176.75757267143297,5.639459725781699e-123,0.0,1.1206603711386117e-135,58.91919089047765,4.5338195780408976e-101,0.0,1.3739849848806288e-124,0.0,4.2353748505653235e-115,4.235196054508389e-115,6.584239812322341e-87,-2.0209116681970097e-06,143227.92215044913,476372.11166958674
4.562197898269336e-06,0.00012089248396330293,9.498041069516388,241.29255541329886,0.0,9.527451258627577e-76,173.79365388055336,5.5448957398087e-123,0.0,1.1108161618969536e-135,57.931217960184455,4.457891846930589e-101,0.0,0.0,1.2670956737444064e-129,4.4534691516857245e-115,4.45326456294306e-115,0.0,-2.077723074831472e-06,131013.40811372304,465459.26658125134
4.634206022206915e-06,0.00012158078123072853,9.618878405294794,239.79731518609645,0.0,9.366554182353123e-76,170.85867269275496,5.451255008964028e-123,0.0,1.1114913090998023e-135,56.952890897584986,4.3827173548133376e-101,5.37760209884086e-116,0.0,2.423924882628533e-129,3.9035531451382044e-115,3.9033762797663753e-115,4.786899561738367e-87,-2.1345362926897957e-06,118870.04701420479,454731.400089022
4.706214146144495e-06,0.0001222777177555913,9.73800872525074,238.30654363287383,0.0,9.207307885198993e-76,167.95380391087798,5.358575016395639e-123,0.0,1.0956203281384498e-135,55.984601303626,4.30820777417169e-101,4.3863089905069136e-116,3.4927421256806973e-124,2.203462778372935e-129,3.960087007698452e-115,3.95993498791072e-115,1.074484925215976e-87,-2.1913274853144226e-06,106798.83315470337,444191.0395514688
4.778222270082074e-06,0.00012298317392238538,9.855523522389847,236.82089790501075,0.0,9.049770123144218e-76,165.08010108932135,5.2668893757717115e-123,0.0,1.0684930523050951e-135,55.02670036310711,4.231525629681033e-101,0.0,5.362047054532937e-124,1.914777454144145e-129,4.411185960943926e-115,4.411035199067511e-115,6.146167256643138e-88,-2.248074228694298e-06,94800.7549305862,433840.1554283205
4.850230394019653e-06,0.00012369703664299282,9.97151253973846,235.34099477412835,0.0,8.893992362038272e-76,162.2385030858098,5.176228040987382e-123,0.0,1.0451318257112172e-135,54.07950102860327,4.1532204302432555e-101,9.754470928299669e-117,-1.4259460661917139e-139,5.530446345535174e-129,4.3123907571343825e-115,4.312234368590127e-115,1.5774247685367995e-87,-2.3047554573064515e-06,82876.79474884889,423680.20144055336
4.9222385179572336e-06,0.00012441919921835052,10.08606343646966,233.8674122775766,0.0,8.740020137821159e-76,159.42984055252364,5.086617513926197e-123,0.0,1.0290558801165235e-135,53.14328018417454,4.079485309440619e-101,4.852381241559838e-116,1.4012601795838894e-139,1.121918556404171e-128,3.8601545805928014e-115,3.8600011626547783e-115,9.843491150074804e-88,-2.36135140861157e-06,71027.92894767341,413712.1534679866
4.994246641894813e-06,0.0001251495611777154,10.199261498472477,232.40069138941485,0.0,8.587893406543883e-76,156.65484232310826,4.998081048222481e-123,0.0,1.0143959803752317e-135,52.21828077436941,4.010149551219291e-101,2.3989486929360692e-116,2.4387498366964265e-123,1.1440357319659707e-128,4.0071436676720773e-115,4.006998999016554e-115,7.103782518800809e-88,-2.4178435665710656e-06,59255.127716488205,403936.5470227039
5.066254765832392e-06,0.00012588802809861718,10.311189390462502,230.94133770200594,0.0,8.437646884767441e-76,153.91414165928984,4.9106388482488596e-123,0.0,9.970193767837572e-136,51.30471388642995,3.9411874520289784e-101,0.0,6.323324713218116e-123,5.766351492294269e-129,4.604686352945689e-115,4.604547907146692e-115,7.699800848997616e-88,-2.4742146047053146e-06,47559.35501652653,394353.5131745839
5.1382628897699715e-06,0.00012663451141036857,10.421926946909437,229.4898231047517,0.0,8.289310381850407e-76,151.20828232722613,4.82430826286733e-123,0.0,9.780712354669868e-136,50.402760775742045,3.8715657310551477e-101,6.06969042957194e-116,5.290496858320824e-123,3.341479356399971e-129,4.442636454139581e-115,4.442500781791225e-115,6.190533001363005e-88,-2.5304483291654923e-06,35941.56850189704,384962.81283839996
5.249113832772584e-06,0.00012779914425177562,10.590248431759457,227.27165581299047,0.0,8.064747999380129e-76,147.11195938858992,4.693614862501424e-123,0.0,9.473689324308459e-136,49.03731979619664,3.76198725269961e-101,1.6033710163396428e-115,1.895924243755724e-123,2.8585589625069084e-129,4.408353344743327e-115,4.408213873911854e-115,4.3239500366160625e-88,-2.6167128632958754e-06,18211.509073768277,370881.06868547143
5.359964775775197e-06,0.00012898230172128127,10.756195902471603,225.07456571110293,0.0,7.844843255676603e-76,143.10059810540804,4.565632168279081e-123,0.0,9.165937524061338e-136,47.70019936846934,3.651951232937891e-101,8.13969315278222e-116,7.81510348878769e-123,0.0,6.49957678381528e-115,6.499427540031799e-115,3.592614760249914e-88,-2.702565945981436e-06,671.9559824099997,357250.1831900326
5.470815718777809e-06,0.00013018373453817982,10.920016414265492,222.8998616583433,0.0,7.629647287840837e-76,139.17513129811715,4.440389941805883e-123,0.0,8.881676127340604e-136,46.391710432705715,3.546638758910908e-101,0.0,1.885468067975145e-122,0.0,8.896757745897586e-115,8.896603065418162e-115,2.8539688025007985e-88,-2.787962346473503e-06,-16673.687395545305,344065.1909347585
5.581666661780422e-06,0.00013140321975935377,11.081937959074416,220.7487087955245,0.0,7.419192139528328e-76,135.3361434895119,4.31790683228987e-123,0.0,8.628376594814374e-136,45.1120478298373,3.447846531513348e-101,5.951342470977437e-116,2.2367059188657437e-122,5.52078657469871e-129,9.155051172171817e-115,9.154900742724478e-115,2.221016349245334e-88,-2.8728616448377527e-06,-33822.055309725925,331319.8741081608
5.692517604783034e-06,0.00013264055863193905,11.242169274133168,218.62214107673958,0.0,7.21349295562441e-76,131.58391093742034,4.198191653794338e-123,0.0,8.392970099354985e-136,43.86130364580678,3.3532097660684646e-101,1.1311274527583509e-115,1.8905964021841273e-122,1.0116568597281064e-128,8.46700923334532e-115,8.466867321681456e-115,1.75031381301379e-88,-2.9572278042415224e-06,-50769.8202891096,319006.9650017956
5.8033685477856465e-06,0.00013389557446163067,11.400899840917516,216.52107307753792,0.0,7.012549990937752e-76,127.91843828426782,4.081244554479874e-123,0.0,8.161437189427551e-136,42.639479428089274,3.260229807492379e-101,2.3158043363514288e-116,1.7247926793493886e-122,7.99998819038631e-129,8.836572190315507e-115,8.836436179117514e-115,1.3542068446391128e-88,-3.0410287676179178e-06,-67513.69378768839,307118.3270254969
5.914219490788259e-06,0.0001351681105021477,11.558300068212045,214.44631105126967,0.0,6.816350441481848e-76,124.33949196705072,3.967058082513652e-123,0.0,7.931165885831804e-136,41.44649732235024,3.1686020440044246e-101,0.0,1.898999272188062e-122,3.46392898509191e-129,9.506614902625246e-115,9.50648205047833e-115,1.0429083958268992e-88,-3.124236079674926e-06,-84050.42682257714,295645.11568806105
6.025070433790871e-06,0.00013645802786504445,11.714521673743809,212.39856319605457,0.0,6.624870108343838e-76,120.84663056646869,3.8556181543763334e-123,0.0,7.706260500871878e-136,40.2822101888229,3.079189212972502e-101,1.4100836064149543e-115,1.7983620163084142e-122,5.2937459534016836e-129,8.841982263393058e-115,8.841853849299782e-115,8.06867303320146e-89,-3.2068245354884866e-06,-100376.81060444796,284577.9210412112
6.135921376793484e-06,0.00013776520347039088,11.869698232174036,210.3784491151943,0.0,6.438074901043935e-76,117.4392322267704,3.746904929719885e-123,0.0,7.489014635929902e-136,39.1464107422568,2.9923981408761524e-101,2.08586146594938e-115,1.5169147260542961e-122,9.472547648699919e-129,8.273949620466373e-115,8.273826756626703e-115,6.216965996182022e-89,-3.288771856319812e-06,-116489.67716016201,273906.8929661605
6.246772319796096e-06,0.0001390895280660638,12.023945833643767,208.38650848440187,0.0,6.255922187462174e-76,114.11651927964114,3.640893596999218e-123,0.0,7.278175519335251e-136,38.03883975988038,2.907941497452998e-101,4.7007787841405885e-116,1.5758743785518388e-122,7.641713706784918e-129,9.41191899542689e-115,9.411800046833967e-115,4.780891311040425e-89,-3.370058392301359e-06,-132385.89994748402,263621.8506834163
6.357623262798709e-06,0.00014043090433083793,12.177363815724274,206.42320895749154,0.0,6.078362000362786e-76,110.87758025415178,3.537555075691419e-123,0.0,7.072035736132607e-136,36.959193418050596,2.8254799826406165e-101,0.0,1.8125770324370366e-122,2.9158045575373066e-129,1.0506579681122707e-114,1.050646344373662e-114,3.6775472210207864e-89,-3.450666850971545e-06,-148062.39446175867,253712.3779429419
6.4684742058013215e-06,0.00014178924506400847,12.330035554949557,204.48895334309358,0.0,5.90533811241048e-76,107.72138948729939,3.4368566419648054e-123,0.0,6.870418784760505e-136,35.907129829099794,2.7449848160145964e-101,5.092102695684188e-115,8.029579069475064e-123,6.684210650247251e-129,6.424247760175819e-115,6.4241363799521125e-115,2.8239757035955807e-89,-3.5305820505533616e-06,-163516.118834425,244167.90535159805
6.579325148803933e-06,0.00014316447146311124,12.482029310768459,202.58408609732678,0.0,5.736788991171173e-76,104.64682454420475,3.338762484473593e-123,0.0,6.673997448343918e-136,34.88227484806825,2.666576736298817e-101,1.2255365125760811e-114,0.0,3.617326658491492e-128,0.0,0.0,2.1660116383494603e-89,-3.609790696456597e-06,-178744.07442326378,234977.7812149276
6.690176091806546e-06,0.00014455651149506077,12.63339910318836,200.70889915828275,0.0,5.572648644510714e-76,101.65268163883012,3.2432341963568496e-123,0.0,6.483045174642979e-136,33.88422721294337,2.5902877322102418e-101,9.50288296763448e-115,1.1070780176478777e-122,4.636806304296243e-128,2.796703087446069e-115,2.7968207833586384e-115,1.6605475669117067e-89,-3.6882811801212894e-06,-193743.3063942527,226131.33212424806
6.801027034809158e-06,0.0001459652983661465,12.784185605829018,198.86363716598663,0.0,5.412847366326106e-76,98.73768923707287,3.15023120925027e-123,0.0,6.297306337734498e-136,32.91256307902429,2.5160405126944424e-101,0.0,4.99069247533666e-122,2.8214937184490844e-130,2.002618820342871e-114,2.0026327227578415e-114,1.2719297761093651e-89,-3.7660433987390427e-06,-208510.90429492272,217617.9144454139
6.911877977811771e-06,0.00014739076909266245,12.934417041952761,197.04850212005186,0.0,5.25731239245346e-76,95.90052002163281,3.0597111750271017e-123,0.0,6.116434077957685e-136,31.96684000721094,2.4437533902906063e-101,5.240256021588955e-115,5.6560206340522e-122,0.0,2.3522254267203017e-114,2.352234307470662e-114,9.736102623577611e-90,-3.843068594085157e-06,-223044.00261910353,209426.9577935303
7.022728920814384e-06,0.00014883286317092647,13.084110075811651,195.26365752305284,0.0,5.105968476238678e-76,93.13980139131867,2.9716303007847145e-123,0.0,5.940280487512199e-136,31.04660046377289,2.373393191309042e-101,3.641295784392482e-114,0.0,1.7696730025088096e-127,0.0,0.0,7.449567946110215e-90,-3.91934920882078e-06,-237339.78136294568,201548.00148400982
7.1335798638169956e-06,0.00015029152134492336,13.23327069278212,193.50923205134154,0.0,4.9587383925188325e-76,90.45412465429793,2.8859436421279137e-123,0.0,5.768858379936e-136,30.151374884765975,2.3049474581019246e-101,6.246185272429996e-114,-5.08812202354764e-138,3.2819381965071707e-127,0.0,0.0,5.697690475443598e-90,-3.994878758836065e-06,-251395.46657211473,193970.72484613094
7.244430806819608e-06,0.00015176668447018546,13.381895061552221,191.78532279362256,0.0,4.815543377952427e-76,87.84205306024224,2.8026053594402267e-123,0.0,5.60228176729241e-136,29.280684353414077,2.2383882897847466e-101,2.9369365684346115e-114,1.188835218678631e-121,9.143196731392139e-128,5.78959041494223e-114,5.789588573460264e-114,4.356593963945367e-90,-4.069651720257703e-06,-265208.3308800501,186684.9721901097
7.355281749822221e-06,0.00015325829247213823,13.529970372439942,190.09199809908336,0.0,4.676303514960686e-76,85.30212880393266,2.7215689413854264e-123,0.0,5.440509935628583e-136,28.43404293464422,2.1736709867829913e-101,0.0,3.2000941475823414e-121,0.0,1.540018183897122e-113,1.540017660107633e-113,3.3307630845471966e-90,-4.143663429693671e-06,-278775.6940371827,179680.77313686098
7.466132692824833e-06,0.00015476628339615285,13.677475648211695,188.42930007519965,0.0,4.5409380659482223e-76,82.83287912193315,2.6427873993895424e-123,0.0,5.283257310983168e-136,27.610959707311046,2.110750813701955e-101,4.9568862549551726e-114,3.4548351080503844e-121,2.9391890755967593e-127,1.6565489498582535e-113,1.6565487069192727e-113,2.54643785811435e-90,-4.216909996352467e-06,-292094.92343101115,172948.35894265684
7.576983635827446e-06,0.0001562905925457364,13.824382522450403,186.7972467781179,0.0,4.409365763869932e-76,80.43282159294175,2.5662134367138886e-123,0.0,5.130179710382172e-136,26.810940530980584,2.049590633006537e-101,1.2111720620634267e-113,2.0851198960978947e-121,6.344830342716457e-127,1.0753741624083103e-113,1.0753745919352539e-113,1.9469725221878832e-90,-4.289388224519708e-06,-305163.43459693505,166478.1753830943
7.687834578830059e-06,0.00015783115170513027,13.97065598602533,185.1958341248775,0.0,4.281505064576334e-76,78.10046874090303,2.4917995953319117e-123,0.0,4.981324116739125e-136,26.033489580301012,1.9901562137983903e-101,9.688477600166568e-114,1.8212815848011737e-121,6.0846662145319215e-127,1.1302121519442688e-113,1.1302125901288071e-113,1.4889590694709729e-90,-4.361095545436499e-06,-317978.69171974296,160260.89268165873
7.79868552183267e-06,0.0001593878884426888,14.11625509966287,183.62503755920528,0.0,4.1572743657623156e-76,75.83433202891884,2.4194983833931072e-123,0.0,4.8368033110013e-136,25.27811067630628,1.9324108211274832e-101,0.0,3.302871285106992e-121,3.02308561641104e-127,1.993522551609199e-113,1.9935222532385335e-113,1.1390813551892032e-90,-4.432029957484346e-06,-330538.2081256637,154287.41291141658
7.909536464835282e-06,0.000160960725491273,14.261133669851027,182.0848135049027,0.0,4.03659219681034e-76,73.63292532224612,2.349262385718643e-123,0.0,4.696406369311383e-136,24.544308440748708,1.876315333602995e-101,3.4184811775201524e-114,2.740560401073747e-121,2.8779344250928405e-127,1.6881466445083856e-113,1.6881463936666598e-113,8.718039990961206e-91,-4.502189973474062e-06,-342839.5467648804,148548.87524757136
8.020387407837895e-06,0.0001625495802016717,14.405240889088532,180.5751006274879,0.0,3.9193773833364414e-76,71.49476788984482,2.2810443595429228e-123,0.0,4.559926165969898e-136,23.83158929661494,1.821830942331448e-101,3.418938637472428e-113,0.0,1.1953822239710955e-126,0.0,0.0,6.676425436795352e-91,-4.571574574366873e-06,-354880.320684416,143036.65939045785
8.131238350840508e-06,0.00016415436406491367,14.548521938667614,179.0958209378394,0.0,3.805549189799414e-76,69.41838700576551,2.2147973173757337e-123,0.0,4.427059904674583e-136,23.139462335255168,1.768920272772618e-101,6.821154382881976e-113,0.0,1.3589941613718016e-126,0.0,0.0,5.116598525861779e-91,-4.640183168220965e-06,-366658.1934912971,137742.3874483417
8.242089293843119e-06,0.0001657749822993345,14.690918554692345,177.64688075825035,0.0,3.695027443115865e-76,67.40232020405433,2.1504745991024605e-123,0.0,4.298850857845319e-136,22.467440068018114,1.7175466308986092e-101,5.0851214961302994e-113,7.222670528103516e-121,0.0,4.261147391497274e-113,4.2611439418140204e-113,3.924444256147631e-91,-4.708015553670435e-06,-378170.87980590854,132657.92452067742
8.35294023684573e-06,0.0001674113334983858,14.8323695585153,176.22817156835112,0.0,3.587732639840912e-76,65.44511723387268,2.0880299345093764e-123,0.0,4.1746581696160884e-136,21.81503907795756,1.667673222241313e-101,0.0,2.318968279269918e-120,0.0,1.30452109943441e-112,1.3045204654667926e-112,3.012949215649934e-91,-4.775071887352057e-06,-389416.14570544893,127775.37818810069
8.463791179848343e-06,0.0001690633093352926,14.97281135213406,174.83957074895918,0.0,3.483586039134049e-76,63.54534175532103,2.027417497054471e-123,0.0,4.051987487198223e-136,21.181780585107013,1.619263240464149e-101,2.3066635660179688e-113,2.4571025760969954e-120,0.0,1.3740421135179507e-112,1.374040880268617e-112,2.3156695702075294e-91,-4.841352654656435e-06,-400391.80915740086,123087.09708796663
8.574642122850954e-06,0.00017073079432071528,15.112178378905837,173.4809422415293,0.0,3.382509743432263e-76,61.70157281102696,1.9685919513518818e-123,0.0,3.934940416716871e-136,20.567190937008988,1.5722803167308157e-101,1.9084847851228335e-112,0.0,4.583337610585532e-126,0.0,0.0,1.7819075419376031e-91,-4.906858643184614e-06,-411095.7404429326,118585.66872951397
8.685493065853565e-06,0.00017241366560961157,15.250403550401652,172.15213713847615,0.0,3.284426768489282e-76,59.91240610375654,1.9115084929674427e-123,0.0,3.819321455378245e-136,19.970802034585514,1.52668869877355e-101,3.742334271698503e-112,-2.1568794773372703e-136,8.978113442425818e-126,0.0,-1.4474573150901796e-128,1.3730045541471903e-91,-4.971590918379835e-06,-421525.8625701491,114263.91667973685
8.796344008856178e-06,0.00017411179285359196,15.387418640662862,170.85299421681194,0.0,3.189261104204209e-76,58.176455106010955,1.8561228836041205e-123,0.0,3.7070913375460886e-136,19.392151702003652,1.4824531439133083e-101,2.8745195490472723e-112,4.8127988668392584e-120,0.0,2.723064805918725e-112,2.7230586776570407e-112,1.0594745253259067e-91,-5.035550800909629e-06,-431680.15167711186,110114.89723073426
8.907194951858789e-06,0.00017582503809521988,15.52315464918798,169.58334042560676,0.0,3.0969377674530636e-76,56.492352023745354,1.8023914849102704e-123,0.0,3.605782775178863e-136,18.830784007915117,1.4395388190663125e-101,0.0,1.3771620774888466e-119,0.0,7.668862416159568e-112,7.668852389029285e-112,8.188302157150242e-92,-5.098739845441657e-06,-441556.6374245491,106131.89564229878
9.0180458948614e-06,0.0001775532557008694,15.657542133868828,168.34299133668318,0.0,3.007382847954359e-76,54.85874863301931,1.7502712818434426e-123,0.0,3.493218664423396e-136,18.28624954433977,1.3979113352977524e-101,5.770521386084847e-113,1.5081600655977013e-119,2.0026104637195596e-126,8.366861408552095e-112,8.36685013494696e-112,6.339213002162618e-92,-5.161159820492676e-06,-451153.40337818046,102308.42203940738
9.128896837864011e-06,0.0001792962923288861,15.790511515082057,167.13175156697733,0.0,2.920523548043491e-76,53.27431700553579,1.6997199079362324e-123,0.0,3.393520002642823e-136,17.75810566851193,1.3575368306902193e-101,8.814729936227395e-112,0.0,2.295662111892971e-125,1.7398275359641695e-113,1.73978642190977e-113,4.916630422685732e-92,-5.22281268906338e-06,-460468.5873805827,98638.20703228358
9.239747780866624e-06,0.00018105398692992364,15.921993352238989,165.94941517977287,0.0,2.8362882170960857e-76,51.7377501365699,1.650695662235818e-123,0.0,3.292084034163608e-136,17.245916712189967,1.3183820063453707e-101,1.9014376894615405e-111,0.0,5.074217571509822e-125,0.0,0.0,3.8206939972408366e-92,-5.283700589816713e-06,-469500.38191252225,95115.19711626544
9.350598723869235e-06,0.0001828261707764722,16.051918594174527,164.79576607069822,0.0,2.7546063812241205e-76,50.24776248666637,1.60315752257466e-123,0.0,3.182455445847548e-136,16.749254162222122,1.2804141178587089e-101,1.64671885640742e-111,2.560755136158182e-119,0.0,1.405457914600823e-111,1.405454507198082e-111,2.975161626143893e-92,-5.343825818605627e-06,-478247.03444368625,91733.54989972633
9.461449666871846e-06,0.00018461266751875147,16.180218804754837,163.67057834326323,0.0,2.6754087687688238e-76,48.803090446664655,1.5570651813823096e-123,0.0,3.126940231165931e-136,16.267696815554885,1.2436009685848629e-101,0.0,7.168279025425309e-119,0.0,3.950800164806174e-111,3.9507947218578505e-111,2.3217900257733005e-92,-5.403190810196837e-06,-486706.84777274495,88487.62920073979
9.572300609874457e-06,0.0001864132932643008,16.306826365046753,162.5736166778612,0.0,2.5986273320297693e-76,47.40249273406715,1.512379036682523e-123,0.0,2.994537059013143e-136,15.800830911355716,1.2079109227294608e-101,0.0,8.978469830251475e-119,2.3189101813651655e-125,4.942416214864596e-111,4.942410703413073e-111,1.8160552579448175e-92,-5.461798120067934e-06,-494878.18035667576,85372.00004690356
9.73883192429562e-06,0.0001891445074332677,16.493701441838738,160.97816683886907,0.0,2.4876738209914737e-76,45.378549963980184,1.4478050499625579e-123,0.0,2.8603164102086143e-136,15.126183321326728,1.1563367889820881e-101,3.8486767465522314e-111,3.0785703147562807e-119,2.836624449120423e-124,1.731202059931756e-111,1.731205752759261e-111,1.2613465205054476e-92,-5.548425567768701e-06,-506608.2764824119,80924.84532373828
9.905363238716784e-06,0.00019190649622396658,16.676385429569038,159.4450018575209,0.0,2.3818017502410082e-76,43.44729956780676,1.3861884341085996e-123,0.0,2.920629444489035e-136,14.482433189268919,1.1071246413997479e-101,1.0853911456010848e-110,0.0,8.151506257409563e-124,0.0,0.0,8.810062935241676e-93,-5.633358368661882e-06,-517678.59731663694,76743.01008193188
1.0071894553137947e-05,0.00019469854375865872,16.85466442222224,157.97321521845024,0.0,2.2807964544376208e-76,41.60482575811179,1.3274042348752158e-123,0.0,2.997850849521531e-136,13.868275252703928,1.0601747002845535e-101,1.7233304788391093e-110,0.0,1.2708282726930582e-123,0.0,0.0,6.192817678435519e-93,-5.716606158868499e-06,-528084.2949341999,72810.47051422007
1.023842586755911e-05,0.00019751989916625854,17.028332259536725,156.56186176989402,0.0,2.184449822356886e-76,39.84733230344564,1.2713313195913771e-123,0.0,2.9344303822708754e-136,13.282444101148545,1.0153902303508012e-101,1.9473142861056853e-110,0.0,1.3948697258297942e-123,0.0,0.0,4.381041031235014e-93,-5.79817871830438e-06,-537820.8124623648,69112.09733732796
1.0404957181980274e-05,0.0002003697779529899,17.19719115161373,155.20996059897058,0.0,2.0925603315466252e-76,38.17114316051523,1.2178524099918552e-123,0.0,2.7738127870895943e-136,12.72371438683841,9.72677557736119e-102,1.7917576376008984e-110,0.0,1.2830198622202481e-123,7.937148487272819e-114,7.93485589830868e-114,3.1202350504661416e-93,-5.878085825502743e-06,-546883.88607636,65633.61681894562
1.0571488496401437e-05,0.00020324736343389324,17.361052173427712,153.91649796042773,0.0,2.0049330606267795e-76,36.57270269855039,1.1668540777409458e-123,0.0,2.6781437887222504e-136,12.190900899516796,9.319460774505449e-102,1.6813434553056985e-110,0.0,1.1921737738471263e-123,0.0,0.0,2.237632568333529e-93,-5.956337111006991e-06,-555269.5468665964,62361.572316249854
1.07380198108226e-05,0.00020615180822238047,17.51973562886868,152.6804302410966,0.0,1.921379680139884e-76,35.0485755324041,1.1182267214357645e-123,0.0,2.628816286289699e-136,11.682858510801367,8.931082493162771e-102,1.8136931180839037e-110,0.0,1.2150961260569192e-123,0.0,0.0,1.617367581513109e-93,-6.032941910382592e-06,-562974.1225767359,59283.28643801006
1.0904551125243764e-05,0.00020908223578202916,17.673071275226256,151.5006869423685,0.0,1.8417184228733368e-76,33.595445981190366,1.071864547529416e-123,0.0,2.554325793369827e-136,11.198481993730123,8.560795834612985e-102,1.8934034232024717e-110,7.40473625786027e-120,1.2366961908775579e-123,5.77414679192266e-112,5.7741140124381195e-112,1.1778075365984192e-93,-6.107909117908131e-06,-569994.2392118492,56386.82392821139
1.1071082439664927e-05,0.00021203774201841014,17.820898424519466,150.37617367197763,0.0,1.7657740354695925e-76,32.210117185588395,1.0276655544900593e-123,0.0,2.44902281190941e-136,10.736705728529465,8.20778617472548e-102,1.643613983674336e-110,4.0896583404801966e-119,1.1548024580995028e-123,2.7436791073783775e-111,2.7436721468002905e-111,8.644011333242947e-94,-6.1812470419503245e-06,-576326.8225159592,53660.955385473106
1.123761375408609e-05,0.00021501739687818165,17.963065950536105,149.30577514705436,0.0,1.6933777132764836e-76,30.889509919423954,9.855314990423877e-124,0.0,2.3189758490681868e-136,10.296503306474651,7.871268863118565e-102,1.2525859705109211e-110,8.202115135243355e-119,9.599582182344092e-124,5.299115480225112e-111,5.2991047694164425e-111,6.398857430698644e-94,-6.252963262724133e-06,-581969.0993183213,51095.12192433384
1.15283084912677e-05,0.00022027364049931087,18.197250664301137,147.56358014047996,0.0,1.575023544739376e-76,28.730569102871915,9.166503580293319e-124,0.0,2.141198395707813e-136,9.576856367623972,7.321127288039043e-102,3.2261034792472974e-111,1.6271627780273446e-118,5.92622154425017e-124,1.016119507158185e-110,1.0161186390372492e-110,3.857940485096487e-94,-6.374283510691423e-06,-590156.7544986096,46970.384991125735
1.1819003228449309e-05,0.00022559530764665057,18.4130776448293,145.97668641092355,0.0,1.4661704170629714e-76,26.744940178646413,8.53298749672401e-124,0.0,2.0700726862162378e-136,8.914980059548805,6.8151490704550884e-102,0.0,0.0,3.582537180792762e-124,1.5853792225279376e-110,1.5853797346441414e-110,2.3883728155346553e-94,-6.490710385405869e-06,-596222.7012099912,43254.90116766112
1.2109697965630918e-05,0.00023097697232311073,18.609944789735117,144.5388715709372,0.0,1.3660562610141632e-76,24.9187219686755,7.95033156084612e-124,0.0,2.0183122556171856e-136,8.306240656225166,6.349791912096451e-102,2.1660625761177446e-112,0.0,2.620066462178257e-124,2.003897331082235e-110,2.00389912864448e-110,1.518932379166539e-94,-6.602260796118583e-06,-600158.84580354,39905.29384183359
1.2315310131357879e-05,0.0002348166806856424,18.737455531824633,143.60848420908468,0.0,1.3001330694023644e-76,23.716193397968922,7.566664176946624e-124,0.0,1.9248496240262934e-136,7.905397799322973,6.043363428269563e-102,1.343894994317926e-112,1.730752690562255e-118,2.484219435676272e-124,1.948140879412064e-110,1.9481426717994e-110,1.120381445233718e-94,-6.67822014720062e-06,-601653.9772725198,37735.69336094435
1.2520922297084842e-05,0.00023868159051674108,18.855054655390507,142.74731884196945,0.0,1.2379920883846408e-76,22.582657486576956,7.205008941293562e-124,0.0,1.8163971140498492e-136,7.52755249552565,5.7545156628239194e-102,0.0,2.4007402411480923e-118,2.422513343157482e-124,1.7792165684693803e-110,1.7792180618950578e-110,8.388180994373167e-95,-6.751739309044705e-06,-602079.9015325685,35717.20814309827
1.2726534462811803e-05,0.0002425696485561383,18.9625964567711,141.9531565118606,0.0,1.1794112388846575e-76,21.514063210456015,6.86407336576686e-124,0.0,1.7250046272255834e-136,7.171354403485337,5.482216333016365e-102,6.080150464258809e-113,1.6110902683564034e-118,2.2984128130815612e-124,1.6659118241346952e-110,1.6659131720048884e-110,6.363285736340913e-95,-6.822811722584043e-06,-601436.334251804,33838.35746660209
1.2932146628538764e-05,0.0002464787733147273,19.059951634372595,141.22378942933955,0.0,1.1241805503127696e-76,20.506580420808955,6.542635441394882e-124,0.0,1.6505007851018153e-136,6.8355268069363175,5.225489439901655e-102,1.97332348327961e-112,8.586565488551806e-119,2.1526053395068296e-124,1.6165937804503647e-110,1.6165951472660638e-110,4.894982463327669e-95,-6.891426939455269e-06,-599723.7050528452,32088.555574405702
1.3137758794265725e-05,0.00025040685833368104,19.14700616896043,140.55702677198116,0.0,1.0721016895660114e-76,19.55659125240502,6.239540889063313e-124,0.0,1.579197461483615e-136,6.518863750801672,4.983413078731652e-102,2.445579644037465e-112,9.329651974062352e-119,2.041519868513583e-124,1.5676523070600352e-110,1.567653680915696e-110,3.8182872761495e-95,-6.957570557037295e-06,-596943.1572260107,30458.045577378347
1.3343370959992686e-05,0.0002543517751822787,19.223660132801978,139.95069991809092,0.0,1.0229874829917048e-76,18.66068140354664,5.9537003737710645e-124,0.0,1.506001104271164e-136,6.220227134515546,4.755117216730237e-102,2.0347634730221635e-112,1.3064924288926136e-118,1.9619311963376838e-124,1.4931135649462503e-110,1.493114866632108e-110,3.019167658573864e-95,-7.021224225785532e-06,-593096.5469660985,28937.837390331966
1.3548983125719648e-05,0.00025831137622949857,19.28982660021208,139.4026672628098,0.0,9.766614347250744e-77,17.815631349893224,5.68408670313386e-124,0.0,1.4351717626267032e-136,5.93854378329774,4.5397814542390244e-102,1.6086159995630131e-112,-6.567654391558378e-134,1.8692157303276536e-124,1.4122804429136553e-110,1.4122816492809708e-110,2.419973134642415e-95,-7.082365714714219e-06,-588186.4421332572,27519.649609693573
1.375459529144661e-05,0.0002622834972163059,19.345430657343254,138.91081862146396,0.0,9.329572447714061e-77,17.018407553625032,5.42973202480954e-124,0.0,1.3704620012472643e-136,5.67280251787501,4.3366327847327164e-102,1.5534000965164385e-112,0.0,1.7562814937193695e-124,1.3448457978582154e-110,1.344846939512356e-110,1.965910420355991e-95,-7.140969036453172e-06,-582216.1205387735,26195.855193600004
1.3960207457173571e-05,0.00026626595963181966,19.390408431081454,138.473079139627,0.0,8.917183301777868e-77,16.266153728965246,5.1897250397612904e-124,0.0,1.3109146047607628e-136,5.422051242988414,4.144943369117869e-102,1.6403517900553198e-112,4.975901378022738e-118,1.6579728100352957e-124,1.2897436170186689e-110,1.2897447203921881e-110,1.6182580899372e-95,-7.197004642617271e-06,-575189.5677569215,24959.430785398406
1.4165819622900533e-05,0.00027025657288629463,19.4247061117877,138.08741268737893,0.0,8.527973523127755e-77,15.556182219118966,4.963208250067637e-124,0.0,1.2542095414219135e-136,5.185394073039655,3.964028338366365e-102,1.6117310332947778e-112,1.2745965674398184e-117,1.5920879876188386e-124,1.2372211467645543e-110,1.237222211722114e-110,1.3494960106871453e-95,-7.2504396948371975e-06,-567111.4744643364,23803.9095275963
1.4371431788627494e-05,0.00027425313628136756,19.448279006289404,137.75182479180833,0.0,8.160557527464618e-77,14.885965530094992,4.74937525737757e-124,0.0,1.1998554237297651e-136,4.961988510031663,3.793243636138823e-102,1.4779839482653392e-112,1.6195089675301932e-117,1.5394136543551456e-124,1.1835192756991526e-110,1.1835202930637822e-110,1.1397843281156798e-95,-7.301238408693533e-06,-557987.2333086843,22723.33721479408
1.4577043954354455e-05,0.00027825344078984924,19.461090652852366,137.46436516119476,0.0,7.813632997271532e-77,14.253128057824496,4.547468123737642e-124,0.0,1.1485537866804612e-136,4.751042685941497,3.631983910695208e-102,1.3635107811461953e-112,1.3155890238836417e-117,1.4777581420695773e-124,1.1313622176243742e-110,1.131363186557946e-110,9.747152344102458e-96,-7.349362466790098e-06,-547822.9353087237,21712.231621874253
1.4782656120081416e-05,0.00028225527066097885,19.463111994738508,137.22312981530362,0.0,7.485976468955177e-77,13.655438038507492,4.3567748036520624e-124,0.0,1.1004797700472665e-136,4.551812679502497,3.479680463695024e-102,1.3105975914225423e-112,8.794382999016807e-118,1.4082143381039106e-124,1.0834046978581222e-110,1.0834056248617426e-110,8.43736122888928e-96,-7.3947715002657e-06,-536625.3657881571,20765.544832577518
1.4988268285808379e-05,0.0002862564048624029,19.45432059581006,137.02626282536585,0.0,7.176439056139464e-77,13.090799747319432,4.176626655065176e-124,0.0,1.0551248025637327e-136,4.363599915773143,3.3357992622730495e-102,1.2767638340880128e-112,7.893658094348049e-118,1.344267668412722e-124,1.0393008943024803e-110,1.039301784842954e-110,7.390438701044291e-96,-7.437423638835143e-06,-524401.9998459902,19878.6283935343
1.519388045153534e-05,0.00029025461836532996,19.434699893402577,136.87195768691632,0.0,6.883942320272263e-77,12.557245965836904,4.006396035944778e-124,0.0,1.0120905561856195e-136,4.185748655278967,3.199839019582308e-102,1.2255683950627214e-112,9.60171766367656e-118,1.2911197668586658e-124,9.975124384279059e-111,9.97513294025582e-111,6.548214904593036e-96,-7.477276127225096e-06,-511160.9973664237,19047.201124792857
1.53994926172623e-05,0.00029424768327940894,19.40423849443809,136.75845836277009,0.0,6.6074742968566346e-77,12.052930733343569,3.845493991528818e-124,0.0,9.713553278239402e-137,4.017643577781189,3.0713293476776493e-102,1.1626700943398748e-112,1.0511610630122079e-117,1.2431933737030249e-124,9.574065868204501e-111,9.57407407739483e-111,5.866971828609073e-96,-7.51428600374454e-06,-496911.19757160195,18267.319422186894
1.5605104782989262e-05,0.0002982333698466761,19.362929518380675,136.68406002793517,0.0,6.34608568291836e-77,11.576122392253012,3.6933680355089518e-124,0.0,9.32931873088582e-137,3.8587074640843366,2.9498289853507125e-102,1.1070485852322435e-112,9.531631785055696e-118,1.1948911831870301e-124,9.192867908011312e-111,9.192875784909013e-111,5.313593912006949e-96,-7.548410836257179e-06,-481662.11312086554,17535.34988904463
1.5810716948716225e-05,0.0003022094473050276,19.31076998361002,136.6471095382518,0.0,6.098886189116219e-77,11.125196933862322,3.5495000270326774e-124,0.0,8.966487743477592e-137,3.7083989779541064,2.834924102496003e-102,1.063029648040017e-112,8.163899947110247e-118,1.1466170763248846e-124,8.834328927490191e-111,8.834336495986534e-111,4.8628165236930395e-96,-7.579609510902157e-06,-465423.9237604358,16847.94413843227
1.6016329114443184e-05,0.00030617368463018503,19.247760231784163,136.64600564343294,0.0,5.865041058149574e-77,10.698631647454551,3.413404144442678e-124,0.0,8.622838743237942e-137,3.566210549151516,2.726226681774623e-102,1.0230912807703155e-112,7.713293089109144e-118,1.1014143886398384e-124,8.496886614929166e-111,8.496893896102141e-111,4.495235633890737e-96,-7.6078430683011585e-06,-448207.46952778194,16202.015613697591
1.6221941280170147e-05,0.00031012385116324745,19.173903387301962,136.67919896949505,0.0,5.64376774959924e-77,10.29499907299812,3.284624955861058e-124,0.0,8.297197266154706e-137,3.4316663576660393,2.6233729776395442e-102,9.821062054370694e-113,7.909520631100382e-118,1.0602325058092026e-124,8.177362165636084e-111,8.177369174004169e-111,4.1958587565031355e-96,-7.633075580847925e-06,-430024.24351519276,15594.718282810856
1.6427553445897107e-05,0.0003140577171303751,19.08920485098062,136.74519179752645,0.0,5.434332789951485e-77,9.91296125516266,3.162735585922965e-124,0.0,7.989022746429122e-137,3.3043204183875527,2.526022052142738e-102,9.41432846388317e-113,7.935527924271395e-118,1.0216875396124586e-124,7.874018963332583e-111,7.874025711061999e-111,3.9530485386055735e-96,-7.655275063645554e-06,-410886.3841974025,15023.427069373858
1.6633165611624066e-05,0.0003179730540613763,18.993671825606732,136.84253765760525,0.0,5.236048785355648e-77,9.5512642941831,3.04733597723386e-124,0.0,7.697529665263719e-137,3.1837547647277,2.433854386385867e-102,9.038393670781024e-113,7.578492688188722e-118,9.846019176011423e-125,7.586541324531393e-111,7.586547824946473e-111,3.757718296060481e-96,-7.67441441156608e-06,-390806.6673283726,14485.71988954541
1.683877777735103e-05,0.00032186763511384063,18.887312870977194,136.9698407612162,0.0,5.04827159370502e-77,9.208733187351024,2.9380512445507025e-124,0.0,7.421593514640182e-137,3.0695777291170074,2.3465705660287408e-102,8.696401651386899e-113,7.143260409449984e-118,9.49016912287697e-125,7.314591168207238e-111,7.314597435320061e-111,3.6027811645433857e-96,-7.690472353664122e-06,-369798.4974126555,13979.361172297904
1.704438994307799e-05,0.0003257392353086957,18.77013748510728,137.1257552897345,0.0,4.870397651887549e-77,8.884266953556867,2.834530119263774e-124,0.0,7.160136501590351e-137,2.9614223178522887,2.2638900389245635e-102,8.375117325958776e-113,6.861679709065387e-118,9.153849554973043e-125,7.057223619530702e-111,7.057229666271384e-111,3.482695258383649e-96,-7.703434415987607e-06,-347875.89875702374,13502.286747460234
1.725000210880495e-05,0.000329585631682158,18.64215570853102,137.30898455409678,0.0,4.701861453470875e-77,8.576834032244772,2.736443481427599e-124,0.0,6.912324124490365e-137,2.8589446774149234,2.185549942680901e-102,8.066179976202939e-113,6.69621649374797e-118,8.837801161307807e-125,6.813317482032568e-111,6.813323319800235e-111,3.393135212413462e-96,-7.713293883374805e-06,-325053.50610834104,13052.58999342113
1.7455614274531914e-05,0.0003334046033584817,18.503377749789923,137.5182800443447,0.0,4.5421331716263514e-77,8.285467947303072,2.643482976321964e-124,0.0,6.677477316178969e-137,2.7618226491010236,2.1113039997316334e-102,7.771262960429705e-113,6.511808674846379e-118,8.538931677667729e-125,6.582016181900512e-111,6.582021821254609e-111,3.330759511322994e-96,-7.720052749790042e-06,-301346.5548839271,12628.50914413093
1.7661226440258873e-05,0.00033719393154755086,18.3538136292665,137.75244038064602,0.0,4.390716421754159e-77,8.009263225788565,2.555359712319798e-124,0.0,6.454900704469758e-137,2.669754408596188,2.040921477345789e-102,7.49377319205477e-113,6.271868635476305e-118,8.254505869584862e-125,6.36270787788064e-111,6.362713329077969e-111,3.293004570079164e-96,-7.723722646838064e-06,-276770.8710009344,12228.415661454203
1.7866838605985836e-05,0.0003409513994709217,18.193472838897424,138.01031017864977,0.0,4.24714615804389e-77,7.747371560967266,2.471803036704167e-124,0.0,6.243863602274375e-137,2.582457186989088,1.9741862098931427e-102,7.233114323363888e-113,6.0328105262946845e-118,7.983986681710743e-125,6.154807295615342e-111,6.154812568548348e-111,3.2779538237549927e-96,-7.724325739390669e-06,-251342.8603115275,11850.803585963622
1.80724507717128e-05,0.0003446747922193728,18.022364015433478,138.29077884108077,0.0,4.110986698075588e-77,7.498998208918338,2.3925593860026776e-124,0.0,6.043689282276986e-137,2.4996660696394457,1.9108956806263687e-102,6.986407736883667e-113,5.836788788018258e-118,7.727644913518786e-125,5.957671012160752e-111,5.957676116120789e-111,3.284228634192341e-96,-7.721895576853648e-06,-225079.49765092437,11494.279785745865
1.827806293743976e-05,0.00034836189654447223,17.840494624858238,138.59277928472432,0.0,3.98182986951477e-77,7.2633986078540635,2.317391207379228e-124,0.0,5.853793547396741e-137,2.4211328692846874,1.8508601602157075e-102,6.75188167283577e-113,5.670243428453846e-118,7.485009816659722e-125,5.770662112960344e-111,5.77066705660744e-111,3.310905190944193e-96,-7.716477888450004e-06,-197998.31550559564,11157.555028784562
1.848367510316672e-05,0.0003520105005861856,17.647870655579187,138.9152866096898,0.0,3.859293272967365e-77,7.0398752093312496,2.246075947630195e-124,0.0,5.673642776406433e-137,2.3466250697770827,1.793901899277842e-102,6.529346900498003e-113,5.504202495493448e-118,7.254927152831908e-125,5.593214597700829e-111,5.593219389197697e-111,3.3574542944763836e-96,-7.708131310764462e-06,-170117.39230920142,10839.435810204492
1.85235620603102e-05,0.00035271365172428125,17.609258176288634,138.9801411147445,0.0,3.836258211370125e-77,6.997856127697905,2.2326697371801756e-124,0.0,5.63977902700295e-137,2.332618709232635,1.7831945915335152e-102,6.487638333580428e-113,5.4710471727965096e-118,7.211623447741152e-125,5.559857673235332e-111,5.559862436133727e-111,3.3687658915893373e-96,-7.706178826913437e-06,-164617.68557968736,10779.783173051334
1.8563449017453673e-05,0.00035341525466013336,17.57024116121868,139.04572318383342,0.0,3.8134562218452415e-77,6.956262201187046,2.2193991726991873e-124,0.0,5.606257265201135e-137,2.3187540670623483,1.7725956218717588e-102,6.446357604274402e-113,5.4385033278508565e-118,7.168757751097252e-125,5.526838189862184e-111,5.5268429244514554e-111,3.380817260336126e-96,-7.70411938318698e-06,-159088.71954472014,10720.781168817026
1.856868763653671e-05,0.0003535072849628067,17.56508674428799,139.05439019785553,0.0,3.8104786692936246e-77,6.9508307408366665,2.2176662623718386e-124,0.0,5.601879890443588e-137,2.3169435802788887,1.7712115764521066e-102,6.440967500032781e-113,5.434257250562049e-118,7.163160379068138e-125,5.522526393634604e-111,5.5225311245271685e-111,3.3824548613628138e-96,-7.703840988236096e-06,-158360.39726425498,10713.079979203027
1.8573926255619747e-05,0.00035359928824517666,17.559925349767486,139.06306962612823,0.0,3.807505088624099e-77,6.945406525738797,2.2159356636461753e-124,0.0,5.59750835531104e-137,2.3151355085795986,1.7698293772686234e-102,6.435584761817667e-113,5.4300164870457866e-118,7.157570469197786e-125,5.51822034744048e-111,5.51822507464127e-111,3.384105408591407e-96,-7.70356076015959e-06,-157631.57299149083,10705.38986444377
1.8576777579113707e-05,0.0003536493532640904,17.55711312630732,139.06779895645954,0.0,3.80588826822342e-77,6.942457225685232,2.2149946878879866e-124,0.0,5.595131427249272e-137,2.314152408561744,1.7690778362525816e-102,6.432658084921446e-113,5.427710678544222e-118,7.154531075633929e-125,5.515879026948131e-111,5.5158837521415986e-111,3.3850091494915388e-96,-7.703407465154219e-06,-157234.6709925991,10701.208866829644
1.8579628902607667e-05,0.0003536994102614983,17.554298835749073,139.07253195735422,0.0,3.804272621946044e-77,6.939510067392077,2.2140543954596006e-124,0.0,5.5927562252786e-137,2.3131700224640253,1.7683268410002004e-102,6.429733582536327e-113,5.425406556298755e-118,7.151493889391335e-125,5.5135394062105935e-111,5.5135441293981946e-111,3.3859166754978476e-96,-7.703253627729335e-06,-156837.6204226734,10697.031142367414
1.8581547694868052e-05,0.00035373309149630165,17.552403801152764,139.07571908544503,0.0,3.803186036586383e-77,6.937527988084997,2.2134220119974583e-124,0.0,5.591158808994859e-137,2.3125093293616654,1.7678217672982153e-102,6.427766767981913e-113,5.423856939126072e-118,7.149451262780806e-125,5.5119659194096355e-111,5.5119706412482135e-111,3.3865295288968284e-96,-7.703149797936522e-06,-156570.3424555387,10694.221592408718
1.8583466487128437e-05,0.00035376676909402917,17.550507830466426,139.07890798844159,0.0,3.802099982259599e-77,6.935546877454025,2.2127899375919457e-124,0.0,5.589562173399029e-137,2.3118489591513414,1.7673169404343997e-102,6.425800936969499e-113,5.422308077105188e-118,7.147409634415121e-125,5.510393201375836e-111,5.5103979218660504e-111,3.387144117966482e-96,-7.703045722679089e-06,-156302.99724530987,10691.413531465412
1.8585385279388822e-05,0.0003538004430528849,17.548610923802894,139.08210004274196,0.0,3.801014458692714e-77,6.933566735001212,2.2121581720841918e-124,0.0,5.587966318084089e-137,2.3111889116670703,1.766812360281866e-102,6.423836088905449e-113,5.420759973206228e-118,7.145369003794451e-125,5.508821251715127e-111,5.508825970857637e-111,3.3877607145744864e-96,-7.702941402047594e-06,-156035.5848075291,10688.607064590939
1.8587304071649208e-05,0.00035383411337107287,17.546713081287244,139.0852967709378,0.0,3.799929465612916e-77,6.9315875602289125,2.2115267153154233e-124,0.0,5.586371242649081e-137,2.3105291867429703,1.7663080267138042e-102,6.421872223199685e-113,5.4192126272861905e-118,7.14332937042308e-125,5.507250070032683e-111,5.507254787828147e-111,3.3883800188441623e-96,-7.702836836140388e-06,-155768.1051577446,10685.802307956357
1.8589222863909593e-05,0.0003538677800467975,17.54481430296171,139.08849866138453,0.0,3.798845002747549e-77,6.929609352639763,2.2108955671269556e-124,0.0,5.584776946695946e-137,2.309869784213254,1.7658039396034764e-102,6.419909339543422e-113,5.417666037464022e-118,7.141290733787984e-125,5.50567965593145e-111,5.505684372380525e-111,3.3890025741651644e-96,-7.702732025047663e-06,-155500.55831150757,10682.999298120054
1.8591141656169978e-05,0.00035390144307826315,17.54291458880373,139.09170539406824,0.0,3.797761069824125e-77,6.92763211173671,2.2102647273602036e-124,0.0,5.583183429825126e-137,2.3092107039122363,1.7653000988242228e-102,6.417947437163541e-113,5.416120202661984e-118,7.139253093367727e-125,5.504110009019867e-111,5.504114724123212e-111,3.389629250126509e-96,-7.702626968850436e-06,-155232.9442843725,10680.198009493985
1.8593060448430363e-05,0.0003539351024636742,17.541013938792933,139.09491667893812,0.0,3.7966776665703196e-77,6.925655837022995,2.209634195856676e-124,0.0,5.58159069163527e-137,2.3085519456743313,1.7647965042494598e-102,6.415986515238731e-113,5.414575122952778e-118,7.137216448646769e-125,5.502541128907157e-111,5.502545842665429e-111,3.3902603491752776e-96,-7.702521667628157e-06,-154965.2630918997,10677.398418820185
1.8594979240690748e-05,0.00035396875820123484,17.53911235293681,139.09813258156416,0.0,3.795594792713981e-77,6.923680528002178,2.209003972457984e-124,0.0,5.579998731725324e-137,2.307893509334059,1.7642931557526842e-102,6.41402657502513e-113,5.413030798487581e-118,7.135180799116632e-125,5.500973015181737e-111,5.500977727595596e-111,3.3908934799019197e-96,-7.702416121462763e-06,-154697.5147496506,10674.600530172414
1.8596898032951133e-05,0.0003540024102891494,17.537209831252223,139.10135327947498,0.0,3.794512447983119e-77,6.9217061841781105,2.2083740570058306e-124,0.0,5.578407549695528e-137,2.3072353947260362,1.7637900532074676e-102,6.412067616655187e-113,5.411487228847043e-118,7.133146144269297e-125,5.499405667443349e-111,5.49941037851345e-111,3.3915287739815005e-96,-7.702310330438774e-06,-154429.6992731935,10671.804356213395
1.8598816825211518e-05,0.00035403605872562225,17.53530637374619,139.1045788123604,0.0,3.793430632105908e-77,6.919732805054947,2.207744449342016e-124,0.0,5.57681714514678e-137,2.306577601684982,1.7632871964874585e-102,6.410109636292692e-113,5.409944413389447e-118,7.131112483593437e-125,5.497839085331738e-111,5.4978437950587376e-111,3.3921712307926768e-96,-7.702204294641686e-06,-154161.81667809887,10669.00989901339
1.8601694961391247e-05,0.00035408652361456624,17.53244948467183,139.1094260777598,0.0,3.791808928704215e-77,6.916774597744186,2.2068006317186583e-124,0.0,5.574433038460482e-137,2.3055915325813947,1.7625333857230009e-102,6.407174551346655e-113,5.407631645213684e-118,7.128063910815547e-125,5.4954906894426604e-111,5.495495397156275e-111,3.3931464678689725e-96,-7.702044785078668e-06,-153759.87426488963,10664.821505063
1.860457309757098e-05,0.0003541369802779644,17.529590490079638,139.11428407988745,0.0,3.790188413652788e-77,6.913818558145743,2.2058575057050745e-124,0.0,5.5720506787979165e-137,2.3046061860485807,1.761780127335273e-102,6.404241665660221e-113,5.405320571670045e-118,7.125017571968294e-125,5.493144013923893e-111,5.493148719625597e-111,3.394129848510412e-96,-7.70188472526591e-06,-153357.78092784504,10660.636957331855
1.860745123375071e-05,0.0003541874287097568,17.526729389964913,139.11915264403308,0.0,3.788569086036353e-77,6.91086468459004,2.204915070768584e-124,0.0,5.569670064812965e-137,2.303621561530013,1.7610274208988324e-102,6.4013109773533e-113,5.403011191715464e-118,7.121973465329027e-125,5.490799057452425e-111,5.490803761143694e-111,3.395120926275986e-96,-7.701724115484042e-06,-152955.53671956412,10656.456239151945
1.8610329369930438e-05,0.0003542378689038835,17.523866184333897,139.12403172860834,0.0,3.786950944940484e-77,6.907912975409035,2.203973326376998e-124,0.0,5.56729119516119e-137,2.302637658469678,1.7602752659886286e-102,6.398382483093998e-113,5.400703504051896e-118,7.11893158917851e-125,5.488455818720876e-111,5.488460520403184e-111,3.3961226484262597e-96,-7.701562956015335e-06,-152553.14169266447,10652.279344079867
1.8613207506110167e-05,0.00035428830085428454,17.52100087320219,139.12892141765207,0.0,3.78533398945158e-77,6.904963428936196,2.203032271998608e-124,0.0,5.564914068499743e-137,2.301654476312065,1.7595236621799955e-102,6.395456181671601e-113,5.3983975072382e-118,7.115891941800515e-125,5.486114296401745e-111,5.486118996076562e-111,3.3971342745568533e-96,-7.70140124714318e-06,-152150.5958997826,10648.106275301086
1.861931345948076e-05,0.00035439526469389324,17.514915156589485,139.13932994084303,0.0,3.781907546959505e-77,6.89871313235337,2.2010381115337134e-124,0.0,5.559876769787144e-137,2.2995710441177897,1.7579309608070907e-102,6.389255291543169e-113,5.3935109377062195e-118,7.109450715055934e-125,5.481152444311653e-111,5.481157139732456e-111,3.3993178427272306e-96,-7.701056364626862e-06,-151296.097788675,10639.265779249257
1.8623567515319062e-05,0.00035446976509218334,17.510669598903576,139.14661001469915,0.0,3.779523469954125e-77,6.894364252022125,2.199650598939998e-124,0.0,5.556371878618826e-137,2.298121417340708,1.7568227785660742e-102,6.384940913755597e-113,5.390110921971699e-118,7.104968987841703e-125,5.4777000467238945e-111,5.4777047391848054e-111,3.4008569043202966e-96,-7.700814623513791e-06,-150700.36296231416,10633.116717771845
1.862782157115736e-05,0.00035454424741985027,17.506419441517718,139.15391342609644,0.0,3.7771419739392414e-77,6.89002007976817,2.1982645884608577e-124,0.0,5.552870781829387e-137,2.296673359922723,1.7557157960379134e-102,6.380631312079034e-113,5.386714587012048e-118,7.100492112525253e-125,5.4742513856314914e-111,5.474256075135715e-111,3.4024133753326434e-96,-7.700571685005071e-06,-150104.29929315182,10626.975995806877
1.8632075626995664e-05,0.0003546187116573267,17.502164684453735,139.16124009452975,0.0,3.774763055980475e-77,6.885680610238799,2.1968800783885097e-124,0.0,5.549373475104753e-137,2.295226870079599,1.7546100118586318e-102,6.376326478613748e-113,5.38332192869439e-118,7.096020083589611e-125,5.4708064568111066e-111,5.470811143361845e-111,3.4039931028072586e-96,-7.700327550026159e-06,-149507.90695152758,10620.843596727744
1.8636329682833963e-05,0.00035469315778504545,17.497905327734635,139.1685899608929,0.0,3.772386713147405e-77,6.881345838088523,2.1954970670174717e-124,0.0,5.545879954136712e-137,2.2937819460295072,1.7535054246660904e-102,6.372026405553979e-113,5.379932942864286e-118,7.091552895525529e-125,5.467365256044244e-111,5.467369939644694e-111,3.4055963115734153e-96,-7.7000822195046e-06,-148911.18610787764,10614.719505573024
1.86440050521057e-05,0.00035482743114248873,17.49020875833883,139.1819096005268,0.0,3.768105707832358e-77,6.873536702825464,2.1930055582386094e-124,0.0,5.539586341268952e-137,2.291178900941821,1.7515154998217481e-102,6.364280033298891e-113,5.373827651097306e-118,7.083505211672991e-125,5.461165896018246e-111,5.46117057430372e-111,3.408541841467964e-96,-7.699636561072859e-06,-147833.72357501206,10603.691111892394
1.8651680421377436e-05,0.0003549616453684579,17.48249721587663,139.19530464681696,0.0,3.763833058666596e-77,6.865742810313874,2.1905189126677477e-124,0.0,5.533305012984992e-137,2.288580936771291,1.74952945913728e-102,6.356549101373097e-113,5.367734276332115e-118,7.075473236197872e-125,5.454978633401895e-111,5.45498330638277e-111,3.4115531711560696e-96,-7.69918701929186e-06,-146755.19322415744,10592.689659691054
1.8659355790649172e-05,0.0003550958003480296,17.474770700490403,139.20877501777116,0.0,3.759568748536054e-77,6.857964129335368,2.1880371203446466e-124,0.0,5.527035944125022e-137,2.285988043111789,1.747547294657614e-102,6.348833573815872e-113,5.361652794158513e-118,7.067456936928184e-125,5.4488034434621006e-111,5.448808111148729e-111,3.4146314189722535e-96,-7.698733599665962e-06,-145675.59605865995,10581.715081839497
1.8672996184030486e-05,0.0003553340692463005,17.461002463203336,139.23289971655936,0.0,3.7520108937271054e-77,6.844177575440143,2.1836385129568725e-124,0.0,5.515924952949289e-137,2.281392525146714,1.7440342032345788e-102,6.335159716069593e-113,5.350874272456597e-118,7.053249239989892e-125,5.4378588310339954e-111,5.437863489337361e-111,3.4202697748993283e-96,-7.697918246146821e-06,-143754.34486094234,10562.27756390597
1.8704441505951203e-05,0.0003558826348778621,17.429082260862103,139.28941745451533,0.0,3.734687317971879e-77,6.812577019879768,2.173556338818071e-124,0.0,5.490457131429215e-137,2.270859006626589,1.7359817456337888e-102,6.303821086264223e-113,5.326168513764252e-118,7.02068337038252e-125,5.412772334896132e-111,5.41277697169185e-111,3.4340852696704782e-96,-7.695992181739803e-06,-139312.47335066507,10517.788604539397
1.873588682787192e-05,0.00035643019281725264,17.3969107563667,139.34718995011212,0.0,3.717501755514504e-77,6.78122821932358,2.1635544872478922e-124,0.0,5.465192206706361e-137,2.260409406441193,1.727993440275295e-102,6.272736923520893e-113,5.301659580671644e-118,6.988376946234091e-125,5.387885649628414e-111,5.3878902650878326e-111,3.4490466933007564e-96,-7.694001677145955e-06,-134852.81191587052,10473.74306739237
1.8783730133972196e-05,0.0003572613384109579,17.347480551349495,139.43748336206164,0.0,3.691616481127865e-77,6.734009962365066,2.148489477131951e-124,0.0,5.427137618127682e-137,2.2446699874550218,1.7159612780110845e-102,6.225925817251884e-113,5.264743683408265e-118,6.939716295434547e-125,5.350400688211597e-111,5.350405271533818e-111,3.4740212783327763e-96,-7.690850457097259e-06,-128033.57612678525,10407.569298075612
1.8831573440072475e-05,0.00035809010518479353,17.297468641049452,139.53064801691679,0.0,3.666044032246796e-77,6.687362341625608,2.133606528806646e-124,0.0,5.389542922140226e-137,2.229120780541869,1.7040745253410388e-102,6.17968985864017e-113,5.228273917558797e-118,6.891643712293222e-125,5.3133686410796235e-111,5.3133731926530334e-111,3.501692727927708e-96,-7.687552404844506e-06,-121173.56638522167,10342.396039629031
1.8919647212814053e-05,0.0003596094516961984,17.203881671895385,139.70959416443856,0.0,3.619773074955616e-77,6.602957829683517,2.106677224165946e-124,0.0,5.321518831819349e-137,2.2009859432278387,1.6825665568361654e-102,6.096051579282682e-113,5.162285283247656e-118,6.804660864003638e-125,5.246362397616351e-111,5.246366891743271e-111,3.5598060267839437e-96,-7.681102081449613e-06,-108439.32647793926,10224.985186323245
1.9007720985555634e-05,0.00036112046883979163,17.10832339975272,139.89807991118857,0.0,3.574524862842439e-77,6.520418943884564,2.0803431485432e-124,0.0,5.254998304736289e-137,2.173472981294854,1.6615339874231792e-102,6.014284733397874e-113,5.097755221700695e-118,6.719600631839938e-125,5.180836992084598e-111,5.1808414300348146e-111,3.627454308475408e-96,-7.67416864571371e-06,-95569.31138005573,10110.820684975182
1.9095794758297215e-05,0.00036262298299131123,17.010793711293072,140.09598395877993,0.0,3.5302760017524116e-77,6.439703010112236,2.05459068673873e-124,0.0,5.189946948559647e-137,2.146567670037412,1.6409659428782651e-102,5.934340960448578e-113,5.034650369664438e-118,6.636419038103832e-125,5.11675860750468e-111,5.1167629905189406e-111,3.7049716781000457e-96,-7.666762024572338e-06,-82565.09756825538,9999.813157856284
1.9183868531038792e-05,0.00036411682051229596,16.91129238951033,140.30318681305255,0.0,3.487003742749747e-77,6.3607685312172455,2.02940659906488e-124,0.0,5.126331319510591e-137,2.120256177072415,1.6208518488925448e-102,5.856173417615224e-113,4.97293828407086e-118,6.555073318017106e-125,5.054094357742036e-111,5.054098687032845e-111,3.792757754284467e-96,-7.658892621928878e-06,-69428.27795751859,9891.876399093297
1.9324022832211426e-05,0.00036647568830159547,16.748887096545424,140.651797314924,0.0,3.420102573491831e-77,6.238731710063214,1.9904706860594906e-124,0.0,5.027978239164283e-137,2.079577236687738,1.5897544105516108e-102,5.735333945175044e-113,4.877528181165256e-118,6.429308592224182e-125,4.9572120431353536e-111,4.9572162893669774e-111,3.9548127920886185e-96,-7.645442660584598e-06,-48253.85040605476,9726.240814521814
1.953892027313595e-05,0.0003700473927009752,16.49016945288778,141.23041428354205,0.0,3.3220226802335874e-77,6.0598206607477865,1.9333890201657516e-124,0.0,4.883788537714042e-137,2.0199402202492616,1.544164274132243e-102,5.558165874520036e-113,4.7376530068651e-118,6.244932279849006e-125,4.8151786691986845e-111,4.8151827936622896e-111,4.261501549399757e-96,-7.622704458846824e-06,-15158.080590772675,9486.24247823299
1.9753817714060474e-05,0.0003735622364113492,16.21969695683149,141.86098008393,0.0,3.22913155600021e-77,5.890374631020521,1.8793271738297006e-124,0.0,4.7472269752405e-137,1.9634582103401734,1.5009860152122662e-102,5.39029729603351e-113,4.6051777179827155e-118,6.070310118572548e-125,4.680660090156861e-111,4.680664099294688e-111,4.648204165236962e-96,-7.597566283824628e-06,18677.958114809007,9262.21373593161
1.9968715154984995e-05,0.00037701769193540134,15.937455038520783,142.5419377068031,0.0,3.141155582833409e-77,5.729894504554893,1.8281259037206329e-124,0.0,4.617891299147062e-137,1.9099648348516305,1.4600924489056573e-102,5.231175623589983e-113,4.47971209838564e-118,5.904927745373435e-125,4.553260652341561e-111,4.5532645522561915e-111,5.128747399806351e-96,-7.5702251474526246e-06,53229.591950707254,9053.173278241356
2.018361259590952e-05,0.0003804112281059681,15.643424321442163,143.27179618447275,0.0,3.0578393000698074e-77,5.577914286396936,1.7796365338994593e-124,0.0,4.495405950330239e-137,1.8593047621323118,1.4213648303187766e-102,5.080287146163944e-113,4.36089182665736e-118,5.748304930374827e-125,4.4326109356175225e-111,4.43261473209443e-111,5.720896703179372e-96,-7.54089428038431e-06,88471.62533396285,8858.223386872774
2.0398510036834043e-05,0.00038374030899061904,15.337580221459788,144.04913139169494,0.0,2.9789442537671757e-77,5.433999004162402,1.7337202861945364e-124,0.0,4.379420371692268e-137,1.811333001387467,1.3846923197331573e-102,4.937153711614002e-113,4.24837683525157e-118,5.599993413928034e-125,4.318366099569798e-111,4.318369798098472e-111,6.447227642889442e-96,-7.509802633868287e-06,124378.35923164221,8676.543284644787
2.0613407477758567e-05,0.0003870023927650903,15.019892548659426,144.87258681218287,0.0,2.904247928952752e-77,5.297742760312632,1.6902476587792454e-124,0.0,4.269607438412569e-137,1.7659142534375438,1.3499714862861983e-102,4.8013297784654584e-113,4.141849787754737e-118,5.459574899389997e-125,4.2102043474450384e-111,4.210207953238781e-111,7.336264376138916e-96,-7.477194131347705e-06,160923.60990097292,8507.383112071693
2.082830491868309e-05,0.0003901949304863776,14.690325086053404,145.74087433211324,0.0,2.8335427613230515e-77,5.16876692936076,1.649097850989664e-124,0.0,4.1656620050229253e-137,1.7229223097869195,1.317105848583015e-102,4.672399736783081e-113,4.0410146682548145e-118,5.326659195260636e-125,4.107825503893841e-111,4.1078290219083435e-111,8.423942979100575e-96,-7.443326656344919e-06,198080.72798292746,8350.058484662519
2.1043202359607615e-05,0.0003933153647491543,14.348835129133871,146.6527751012904,0.0,2.7666352238039254e-77,5.046718491633162,1.6101582317102706e-124,0.0,4.067299562536646e-137,1.6822394972110537,1.2860054501053226e-102,4.549975459642816e-113,3.9455954811889104e-118,5.200882498041354e-125,4.010949700167445e-111,4.010953135118237e-111,9.755491435211929e-96,-7.408470777684797e-06,235822.61793534842,8203.945584239053
2.125809980053214e-05,0.00039636112823271164,13.995372995570698,147.6071404749598,0.0,2.7033449831763972e-77,4.931268494840416,1.5733238485373334e-124,0.0,3.9742549985831654e-137,1.643756164946805,1.2565864671887487e-102,4.4336940686370885e-113,3.855335047799864e-118,5.081905806812306e-125,3.919316159904762e-111,3.9193195162836075e-111,1.1387824993204528e-95,-7.372908204911345e-06,274121.7577914328,8068.4767391542855
2.1472997241456663e-05,0.0003993296421418953,13.629881502542185,148.6028930470565,0.0,2.643504122452335e-77,4.822110635584891,1.53849697520815e-124,0.0,3.8862814542030904e-137,1.60737021186163,1.2287708475624186e-102,4.3232158949149324e-113,3.769993896261151e-118,4.969413461410131e-125,3.832682079366682e-111,3.8326853614570234e-111,1.339261634437962e-95,-7.3369299647753645e-06,312950.2192291772,7943.136453193411
2.1687894682381187e-05,0.00040221831453575733,13.25229540744983,149.63902779046222,0.0,2.5869564252372953e-77,4.718959953941346,1.505586695106291e-124,0.0,3.80314927177213e-137,1.5729866513137818,1.2024859777018153e-102,4.2182226123338706e-113,3.689349240945873e-118,4.863111797131595e-125,3.7508215968350536e-111,3.750824808726569e-111,1.5860215989778146e-95,-7.300834288906896e-06,352279.6879371349,7827.457848140532
2.183716146338461e-05,0.0004041764069067769,12.98286915518806,150.38199287186535,0.0,2.549539604594153e-77,4.650706590067002,1.4838104228877413e-124,0.0,3.7481418689443293e-137,1.5502355300223336,1.185093646808791e-102,4.148364150336964e-113,3.6359878007142107e-118,4.792773472101117e-125,3.696659518798703e-111,3.696662684241636e-111,1.7905703657083013e-95,-7.275853559148063e-06,379877.4682497125,7752.569658598002
2.198642824438803e-05,0.0004060938431091951,12.707544885932311,151.14369900700765,0.0,2.5135956934873897e-77,4.585140013279655,1.462891371525111e-124,0.0,3.695299827224284e-137,1.5283800044265512,1.1683859633441657e-102,4.0809125500511033e-113,3.5847269290147997e-118,4.7252040084515957e-125,3.64463295683982e-111,3.644636077663568e-111,2.027534077757004e-95,-7.251064694476173e-06,407693.4265039904,7682.009636658624
2.213569502539145e-05,0.0004079697405210149,12.426292924705088,151.92387308335813,0.0,2.479081372168499e-77,4.522181202473102,1.4428043292922373e-124,0.0,3.6445594611674386e-137,1.5073937341577006,1.1523427911395725e-102,4.0157768471039046e-113,3.535504845634118e-118,4.660321971190013e-125,3.594679305047626e-111,3.594682383027904e-111,2.3023772253385254e-95,-7.226569897906937e-06,435717.7762010002,7615.658278483499
2.2374038040303197e-05,0.00041087677052429515,11.964831506062316,153.20728313720497,0.0,2.426832896522585e-77,4.426872885014708,1.4123961596745918e-124,0.0,3.567747671774529e-137,1.4756242950049026,1.1280563135214797e-102,3.9163566394567483e-113,3.4609914631717233e-118,4.5621022347392327e-125,3.5190666242421714e-111,3.519069637367767e-111,2.8362112364053007e-95,-7.188319630990475e-06,480873.4005713542,7518.165504509988
2.2545420762417992e-05,0.0004128982038713585,11.623541558367693,154.15830219959778,0.0,2.391363839552084e-77,4.362172506680154,1.3917534693912195e-124,0.0,3.5156037249836847e-137,1.4540575022267177,1.1115693548571404e-102,3.848190740590563e-113,3.410407797718542e-118,4.495425429631996e-125,3.4677434379268775e-111,3.467746407028013e-111,3.308091411903619e-95,-7.161667995507884e-06,513633.1259499601,7454.29422607076
2.2716803484532787e-05,0.0004148604623342294,11.274261373356191,155.13253330707153,0.0,2.3575911788301083e-77,4.3005665855559,1.3720980673344642e-124,0.0,3.465953692699586e-137,1.4335221951852997,1.0958709261740475e-102,3.782670265423118e-113,3.3622434223933666e-118,4.4319376092824613e-125,3.418881059004083e-111,3.418883986188703e-111,3.870497928303982e-95,-7.1358971108822946e-06,546618.4315416936,7395.484886279991
2.2888186206647583e-05,0.000416762171006146,10.916926724355712,156.1296988533092,0.0,2.3254647663460595e-77,4.241963644858079,1.3534007677875485e-124,0.0,3.418723851078982e-137,1.4139878816193596,1.080937717346462e-102,3.719681781167188e-113,3.3164268194035493e-118,4.3715445025310017e-125,3.372407094627233e-111,3.372409981941331e-111,4.541837898043118e-95,-7.111149816206432e-06,579814.0185409368,7341.618895445
2.3059568928762378e-05,0.00041860194352705813,10.551468039116457,157.14955548652864,0.0,2.2949377916996935e-77,4.186278296057521,1.3356343274946084e-124,0.0,3.37384538298299e-137,1.39542609868584,1.0667479696584825e-102,3.659116620814881e-113,3.2728912307913955e-118,4.314158112452961e-125,3.328253997906976e-111,3.3282568473387936e-111,5.344445615955155e-95,-7.0875628224059885e-06,613204.4906121448,7292.591177772983
2.323095165087717e-05,0.0004203783812191378,10.177810095756572,158.19189493689166,0.0,2.265966674613498e-77,4.133431042807725,1.318773383103811e-124,0.0,3.331254219956855e-137,1.377810347602575,1.0532814258409493e-102,3.600870531465236e-113,3.2315745051425937e-118,4.2596965142971485e-125,3.286358913829187e-111,3.2863617273132915e-111,6.305439021201054e-95,-7.065265383706066e-06,646774.3610307729,7248.30979503408
2.3402334372991965e-05,0.00042209007203768774,9.795871648946974,159.25654503600117,0.0,2.2385109706393474e-77,4.08334810894099,1.3027943962894249e-124,0.0,3.290890903606946e-137,1.3611160363136632,1.0405192862413928e-102,3.544843323414976e-113,3.1924189631888473e-118,4.2080836782275754e-125,3.2466635445108466e-111,3.246666323932102e-111,7.457779740602257e-95,-7.0443776936553495e-06,680508.0598661214,7208.695648505535
2.357371709510676e-05,0.00042373558944348687,9.4055650260266,160.34337084357827,0.0,2.2125332879556827e-77,4.035961286695167,1.2876756053284866e-124,0.0,3.2527004632822143e-137,1.3453204288983889,1.0284441701491575e-102,3.4909385287351345e-113,3.1553712792104107e-118,4.159249312913846e-125,3.209114030622024e-111,3.2091167778194804e-111,8.84157961456348e-95,-7.025009181107628e-06,714389.9412027742,7173.68224786129
2.3745099817221556e-05,0.00042531349126397684,9.006795717239994,161.45227583047992,0.0,2.187999214060479e-77,3.9912078029916738,1.2733969824367288e-124,0.0,3.21663230830369e-137,1.3304026009972243,1.017040081720348e-102,3.4390630732471125e-113,3.1203823763965494e-118,4.113128727724456e-125,3.173660847183104e-111,3.1736635639538057e-111,1.0505706989750636e-94,-7.007256816699815e-06,748404.290397277,7143.21554057066
2.391648253933635e-05,0.000426822318513844,8.599461946098993,162.58320315106127,0.0,2.1648772528271074e-77,3.949030204616836,1.2599401971356256e-124,0.0,3.1826401354287356e-137,1.3163434015389452,1.0062923807197238e-102,3.38912695696439e-113,3.0874073369911817e-118,4.0696627144008607e-125,3.1402587144714556e-111,3.140261402574205e-111,1.2509769494981585e-94,-6.991203387305642e-06,782535.3313666976,7117.253804831032
2.4087865261451147e-05,0.0004282605941231513,8.183454198570066,163.73613705615523,0.0,2.1431387727254157e-77,3.909376263770104,1.2472885861175012e-124,0.0,3.1506818527295603e-137,1.3031254212567012,9.961877584524832e-103,3.341042936760748e-113,3.056405328498506e-118,4.0287974497203614e-125,3.108866525276323e-111,3.1088691864353963e-111,1.4926563462074582e-94,-6.97691566450829e-06,816767.2339056777,7095.767611226139
2.4259247983565942e-05,0.0004296268215590528,7.758654706401419,164.91110446412205,0.0,2.122757966432541e-77,3.8721989043886875,1.2354271297393654e-124,0.0,3.120719520216068e-137,1.2907329681295623,9.867142189902981e-103,3.2947262088380543e-113,3.0273395461727893e-118,3.9904844195700116e-125,3.0794472888553735e-111,3.0794499247642255e-111,1.7845104358079573e-94,-6.964442457040639e-06,851084.121028585,7078.739855228916
2.4430630705680738e-05,0.000430919483353821,7.3249368899051275,166.1081766854358,0.0,2.1037118217326453e-77,3.8374561490647214,1.2243424350868058e-124,0.0,3.092719307054831e-137,1.2791520496882403,9.778610656447394e-103,3.2500940907626105e-113,3.000177171521867e-118,3.9546803642422396e-125,3.0519680914474107e-111,3.0519707037723837e-111,2.137438346354469e-94,-6.9538125797771055e-06,885470.0763333708,7066.165861000171
2.460201342779553e-05,0.0004321370395440259,6.8821647604588545,167.3274713057737,0.0,2.0859801038300895e-77,3.805111086782093,1.2140227256804067e-124,0.0,3.0666514655672467e-137,1.2683703622606977,9.6961889274597e-103,3.2070657018004665e-113,2.9748893470233093e-118,3.9213472451862085e-125,3.026400073536519e-111,3.0264026639205768e-111,2.564803341203598e-94,-6.945032757450875e-06,919909.1513836997,7058.053558476826
2.4773396149910325e-05,0.0004332779260084255,6.430192275372511,168.56915424934107,0.0,2.0695453495484767e-77,3.775131862334707,1.2044578380996397e-124,0.0,3.042490322701403e-137,1.2583772874449022,9.61979582946308e-103,3.16556163866323e-113,2.9514511678209697e-118,3.890452234102879e-125,3.0027184245891936e-111,3.002720994655707e-111,3.0830133387097644e-94,-6.938085453474912e-06,954385.3731059432,7054.423738027554
2.494477887202512e-05,0.000434340552687818,5.968862636865374,169.83344204821069,0.0,2.0543928740345573e-77,3.7474916885553196,1.195639225884481e-124,0.0,3.0202142898876613e-137,1.2491638961851064,9.549363103363772e-103,3.1255036434898285e-113,2.929841691309597e-118,3.861967725547379e-125,2.9809023962037724e-111,2.9809049475603843e-111,3.7122446786858996e-94,-6.9329266094283696e-06,988882.7511975981,7055.3103880648805
2.5116161594139916e-05,0.0004353233016758818,5.498007529891292,171.12060433882232,0.0,2.0405107905991758e-77,3.722168882508121,1.1875599710826733e-124,0.0,2.999805892207322e-137,1.2407229608360402,9.48483549667708e-103,3.086814261422649e-113,2.9100439654602994e-118,3.8358713742271144e-125,2.960935334625494e-111,2.9609378688680993e-111,4.4773464020051577e-94,-6.9294832922328335e-06,1023385.2855436931,7060.76112135696
2.528754431625471e-05,0.00043622452517364294,5.017446294495828,172.430966605326,0.0,2.027890044393574e-77,3.6991469269188886,1.1802148038490488e-124,0.0,2.981251817901006e-137,1.2330489756396295,9.426170920063742e-103,3.049416485324421e-113,2.892045076846466e-118,3.8121461583084644e-125,2.942804733675575e-111,2.9428072523924498e-111,5.408972603233357e-94,-6.927651252656214e-06,1057876.973637754,7070.837696513725
2.5458927038369507e-05,0.0004370425432977841,4.526985026423039,173.76491319406105,0.0,2.0165244607885532e-77,3.67841455842515,1.1736001306017915e-124,0.0,2.9645429894920636e-137,1.2261381861417164,9.373340672209136e-103,3.013233384791146e-113,2.8758362196210305e-118,3.790780470362777e-125,2.9265023093947033e-111,2.9265048141708203e-111,6.545003707256663e-94,-6.927292395036885e-06,1092341.8180038708,7085.6166425323745
2.5630309760484302e-05,0.0004377756417289185,4.026415597545322,175.12289062935977,0.0,2.006410809530947e-77,3.6599658846063035,1.1677140713609598e-124,0.0,2.9496746581046133e-137,1.2199886282021009,9.326329738039565e-103,2.978187716125463e-113,2.861412787004862e-118,3.7717682379714676e-125,2.9120240980096446e-111,2.912026590431237e-111,7.932334762357976e-94,-6.928232152330124e-06,1126763.8336164323,7105.1899959723805
2.5801692482599094e-05,0.0004384220691839025,3.515514586008459,176.50541126599367,0.0,1.9975488859485776e-77,3.6438005321124924,1.1625565070090824e-124,0.0,2.9366465228449723e-137,1.2146001773708306,9.28513716618445e-103,2.9442015095965354e-113,2.848774487121176e-118,3.7551090763798004e-125,2.8993705791235163e-111,2.8993730607829357e-111,9.62913177210171e-94,-6.930256758721504e-06,1161127.0553140915,7129.66616206115
2.597307520471389e-05,0.0004389800346959986,2.9940421096235093,177.91305731028316,0.0,1.9899416106716808e-77,3.6299238285700306,1.1581291373281816e-124,0.0,2.925462877404618e-137,1.2099746095233432,9.249776532507958e-103,2.91119563045093e-113,2.8379254851853386e-118,3.7408084759590893e-125,2.888546826317428e-111,2.8885492988183757e-111,1.1707683423214753e-93,-6.933110414253599e-06,1195415.5452045128,7159.17091255496
2.6144457926828685e-05,0.0004394477046857046,2.4617405483584798,179.346485255979,0.0,1.983595149575844e-77,3.6183470213736153,1.1544355508055464e-124,0.0,2.9161327863912957e-137,1.2061156737912049,9.220276497635613e-103,2.879089309395144e-113,2.828874574556302e-118,3.7288780276824434e-125,2.8795626877062257e-111,2.879565152669432e-111,1.4258022622585399e-93,-6.936492333726533e-06,1229613.400056474,7193.848535709478
2.631584064894348e-05,0.0004398231998026426,1.9183331436823594,180.80643078148802,0.0,1.9785190559426267e-77,3.60908753700661,1.1514813073700062e-124,0.0,2.9086702943229005e-137,1.2030291790022032,9.19668146775456e-103,2.8477996381765143e-113,2.8216353794931525e-118,3.7193356903665804e-125,2.8724329994188507e-111,2.8724354584883126e-111,1.7392529946152898e-93,-6.940053670841789e-06,1263704.7586758877,7233.863156067455
2.6487223371058275e-05,0.0004401045915161065,1.3635224619012623,182.2937141599163,0.0,1.974726437170963e-77,3.602169285145291,1.1492740354165547e-124,0.0,2.903094670714072e-137,1.2007230950484302,9.179052369532405e-103,2.817241025589805e-113,2.816226592916492e-118,3.712206104065644e-125,2.8671778354708387e-111,2.867180290320728e-111,2.125180965659797e-93,-6.943394306102201e-06,1297673.8092623358,7279.400244704134
2.665860609317307e-05,0.00044028989842934233,0.7969887057214546,183.80924624212793,0.0,1.972234148754395e-77,3.5976230124996764,1.1478235446994536e-124,0.0,2.8994306952469762e-137,1.1992076708332253,9.16746755177485e-103,2.7873246088063157e-113,2.8126722530406826e-118,3.7075209547209545e-125,2.863822798060776e-111,2.8638252504031782e-111,2.6012212911006165e-93,-6.946059484344957e-06,1331504.7967426833,7330.668344095152
2.6829988815287866e-05,0.00044037708229001735,0.21838785548428757,185.3540350818171,0.0,1.9710630186812085e-77,3.5954867121498477,1.147141956931207e-124,0.0,2.8977089876675443e-137,1.1984955707166158,9.16202382849705e-103,2.757957614586393e-113,2.81100206339266e-118,3.7053193960013286e-125,2.8623993529740045e-111,2.8624018045676627e-111,3.1895500131916123e-93,-6.947536285569496e-06,1365182.0300783878,7387.901035846639
2.7001371537402658e-05,0.0004403640436660037,-0.3726503819716278,186.92919328419393,0.0,1.971238105936365e-77,3.595806095088605,1.1472438562284948e-124,0.0,2.8979663878156293e-137,1.1986020316962016,9.16283768050919e-103,2.729042664391821e-113,2.811251761470381e-118,3.705648535250076e-125,2.8629452155474102e-111,2.862947668207716e-111,3.918130505376101e-93,-6.947249908396741e-06,1398689.8895431098,7451.35918444569
2.7172754259517454e-05,0.0004402486172516396,-0.9765248396072723,188.5359461654981,0.0,1.972788997398775e-77,3.598635131802415,1.1481464619038667e-124,0.0,2.9002463921010983e-137,1.1995450439341382,9.170046635473766e-103,2.70047701756688e-113,2.8134635421605762e-118,3.708563991609957e-125,2.8655047935487633e-111,2.865507249159265e-111,4.822324845477263e-93,-6.9445597441526235e-06,1432012.8339672452,7521.333495657509
2.734413698163225e-05,0.00044002856676523573,-1.5936653986381561,190.17564082599938,0.0,1.975750148149529e-77,3.604036673039859,1.1498698265222445e-124,0.0,2.904599653799468e-137,1.201345557679953,9.183810849748524e-103,2.6721517464025127e-113,2.817686543064704e-118,3.714130535754645e-125,2.870129694386368e-111,2.8701321549121746e-111,5.946988130593639e-93,-6.93875521414797e-06,1465135.4079460236,7598.147435046098
2.7515519703747044e-05,0.0004397015793936495,-2.224535770794566,191.84975625589044,0.0,1.9801612710590667e-77,3.6120831604715575,1.152437062637352e-124,0.0,2.9110845557937366e-137,1.2040277201571856,9.204314919290987e-103,2.6439508367810907e-113,2.8239774001022385e-118,3.722422822257398e-125,2.8768793053156464e-111,2.876881772819165e-111,7.349199496988006e-93,-6.9290513372359786e-06,1498042.24900783,7682.16056020309
2.768690242586184e-05,0.0004392652597339288,-2.8696365916779403,193.55991461394254,0.0,1.9860677825343285e-77,3.6228574397935223,1.1558746022127749e-124,0.0,2.919767865878404e-137,1.2076191465978405,9.231769951609462e-103,2.615750208027504e-113,2.832400883182455e-118,3.7335262275358454e-125,2.885821456795349e-111,2.885823933454948e-111,9.101839983220187e-93,-6.914583987909035e-06,1530718.094739419,7773.772330012673
2.7858285147976635e-05,0.0004387171231755125,-3.529508863451599,195.30789382633338,0.0,1.9935213125105722e-77,3.6364536910215146,1.160212493432871e-124,0.0,2.9307254865111845e-137,1.2121512303405046,9.266415936340306e-103,2.5874166475618394e-113,2.843030623555976e-118,3.747537808559457e-125,2.897033180891154e-111,2.8970356690234824e-111,1.1298294273654203e-92,-6.894404804933765e-06,1563147.7898647282,7873.426465309473
2.802966787009143e-05,0.00043805458865875315,-4.204737798663674,197.09564169870248,0.0,2.002580288213637e-77,3.652978493352721,1.1654847404474586e-124,0.0,2.944043313016498e-137,1.21765949778424,9.308524458729807e-103,2.558806654759996e-113,2.8559499463477303e-118,3.7645674002387263e-125,2.910601578749231e-111,2.9106040808361467e-111,1.4058674360228057e-92,-6.867475692711957e-06,1595316.2932739928,7981.615950078194
2.8201050592206222e-05,0.0004372749707364177,-4.8959571212503095,198.92529175368395,0.0,2.0133106029493866e-77,3.6725520451285476,1.1717296926015972e-124,0.0,2.959818216789535e-137,1.2241840150428491,9.358401808344936e-103,2.529765191150641e-113,2.8712528243230974e-118,3.784738872657235e-125,2.9266248136729885e-111,2.9266273323943342e-111,1.753807579759069e-92,-6.832662853107185e-06,1627208.6849999162,8098.888778849001
2.8372433314321018e-05,0.00043637547085440367,-5.603853888792862,200.7991810375614,0.0,2.0257863832593238e-77,3.6953095632306803,1.1789904909136477e-124,0.0,2.9781591731108926e-137,1.2317698544102265,9.416392545016166e-103,2.5001243370503876e-113,2.8890449719428034e-118,3.808191573217376e-125,2.9452132493595054e-111,2.9452157876333298e-111,2.1937600822762666e-92,-6.7887302762125104e-06,1658810.173137651,8225.854576344522
2.8543816036435813e-05,0.000435353167755926,-6.329173912163911,202.7198701844428,0.0,2.040090870296757e-77,3.721402890830944,1.1873155810287257e-124,0.0,2.999188556879701e-137,1.2404676302769813,9.48288359570773e-103,2.4697018582460952e-113,2.909445102328533e-118,3.835081983502124e-125,2.966490756505044e-111,2.9664933175373787e-111,2.751915008769971e-92,-6.734332604045341e-06,1690106.1007053787,8363.192240621698
2.871519875855061e-05,0.00043420500689930524,-7.072727862882597,204.690166079278,0.0,2.0563174343334036e-77,3.7510023479891683,1.1967593036529387e-124,0.0,3.023043634065119e-137,1.2503341159963892,9.558308970213446e-103,2.4382996915095438e-113,2.9325863740949473e-118,3.8655856264025767e-125,2.99059621541721e-111,2.990598802764173e-111,3.462537970654738e-92,-6.668007264161576e-06,1721081.952442322,8511.658791806822
2.884057908749316e-05,0.00043328347738187325,-7.628752896906316,206.1647816980993,0.0,2.0694658034371796e-77,3.774986759421483,1.204411542937633e-124,0.0,3.042373379975871e-137,1.2583289198071608,9.61942607803442e-103,2.4145823696947588e-113,2.951337724167148e-118,3.8903026986649736e-125,3.0101115669518576e-111,3.010114176045704e-111,4.104450982362928e-92,-6.611019063239777e-06,1743532.2681504707,8627.806878830179
2.8965959416435713e-05,0.000432291572691918,-8.19537962851979,207.66889490396304,0.0,2.0837438502941527e-77,3.801031856540727,1.2127212450919675e-124,0.0,3.0633638933748166e-137,1.2670106188469088,9.685794227752696e-103,2.3901350248164117e-113,2.9717001472837534e-118,3.917143405154204e-125,3.0312905554048093e-111,3.0312931885758995e-111,4.874120908680956e-92,-6.546132232029268e-06,1765798.0103471908,8750.726090394191
2.9091339745378264e-05,0.00043122793893224533,-8.773004794750841,209.20390488804256,0.0,2.09920072069594e-77,3.829227287947195,1.2217170125497745e-124,0.0,3.086087424718042e-137,1.2764090959823982,9.757641862045955e-103,2.3648611339939777e-113,2.9937437319802917e-118,3.94620013300014e-125,3.054206203635996e-111,3.0542088634486195e-111,5.799008616075017e-92,-6.4726381817114255e-06,1787873.6518127522,8880.812436200924
2.9216720074320818e-05,0.00043009117085334266,-9.362051715145693,210.77131121373057,0.0,2.1158898598681525e-77,3.8596705449928588,1.2314299499789999e-124,0.0,3.1106225451669637e-137,1.2865568483309526,9.83521740850171e-103,2.3386580455756975e-113,3.017544698365197e-118,3.9775733516599e-125,3.078937899619436e-111,3.0789405889122735e-111,6.912985523629555e-92,-6.389784839306433e-06,1809753.7125177917,9018.496698554001
2.934210040326337e-05,0.0004288798083769224,-9.962972509023688,212.37272210972822,0.0,2.1338694135668744e-77,3.8924676934358327,1.241893897716451e-124,0.0,3.137054736250282e-137,1.2974892311452773,9.918791144020151e-103,2.311416663319214e-113,3.043185970138984e-118,4.011372366922233e-125,3.1055719876864428e-111,3.10557470962139e-111,8.257950509614104e-92,-6.29677397718379e-06,1831432.760983666,9164.248046752513
2.9467480732205923e-05,0.00042759233280110923,-10.576250561080947,214.00986370243265,0.0,2.1532026776072185e-77,3.927734193441528,1.2531456933896044e-124,0.0,3.16547705072714e-137,1.3092447311471758,1.0008657284342132e-102,2.283021163451994e-113,3.0707578156827514e-118,4.047716165957557e-125,3.1342024304503142e-111,3.134205188571706e-111,9.885900064280465e-92,-6.192758267647209e-06,1852905.4156307564,9318.578116014196
2.9592861061148473e-05,0.00042622716270217606,-11.202403229417175,215.68459016592956,0.0,2.1739586018453776e-77,3.9655958189143803,1.265225465229883e-124,0.0,3.195990853503729e-137,1.32186527297146,1.0105136326691447e-102,2.253348748709705e-113,3.100358566803785e-118,4.0867343647329656e-125,3.164931550199929e-111,3.1649343485066247e-111,1.1861580159004043e-91,-6.076838066301832e-06,1874166.3461143863,9482.045610873385
2.9718241390091027e-05,0.0004247826495015424,-11.84198482739103,217.39889490823933,0.0,2.1962123563108913e-77,4.00618969020001,1.2781769615568343e-124,0.0,3.2287066539184833e-137,1.3353965634000031,1.02085776813078e-102,2.2222694567999268e-113,3.13209542611608e-118,4.128568272260828e-125,3.197870860872417e-111,3.1978737039058818e-111,1.4265892801262427e-91,-5.948057888082386e-06,1895210.2746480182,9655.26151225298
2.9843621719033578e-05,0.0004232570726381632,-12.495589933860336,219.1549229997841,0.0,2.220045968838024e-77,4.049665437211477,1.2920479218741817e-124,0.0,3.2637450431398877e-137,1.3498884790704921,1.0319362635326613e-102,2.1896460512307453e-113,3.1660853763890246e-118,4.17337208925545e-125,3.233142004032423e-111,3.2331448969848453e-111,1.7200294923604705e-91,-5.805402514784094e-06,1916031.977313402,9838.894986025047
2.9969002047976132e-05,0.00042164863429188095,-13.163857083063752,220.95498503801122,0.0,2.2455490449351017e-77,4.09618651256875,1.306890495827675e-124,0.0,3.301237752464388e-137,1.365395504189583,1.0437907698922686e-102,2.1553340257518765e-113,3.202456207178769e-118,4.2213142613854436e-125,3.2708778042902584e-111,3.27088075313791e-111,2.0792502733376143e-91,-5.64779267586125e-06,1936626.2853573605,10033.680105784393
3.0094382376918682e-05,0.00041995545361384924,-13.847472879139248,222.8015726187913,0.0,2.2728195822069382e-77,4.1459316772158425,1.322761717192031e-124,0.0,3.341328850619136e-137,1.381977225738614,1.0564668390961694e-102,2.1191817565984314e-113,3.241347676304684e-118,4.2725790102725626e-125,3.311223461872778e-111,3.3112264735413087e-111,2.520392231951607e-91,-5.474080250372961e-06,1956988.086474866,10240.423519563281
3.0219762705861236e-05,0.0004181755604152685,-14.547176587259637,224.6973756115403,0.0,2.30196489378579e-77,4.199096684884324,1.3397240412999176e-124,0.0,3.38417610132091e-137,1.3996988949614413,1.0700143531352246e-102,2.0810308446478243e-113,3.2829128267863736e-118,4.327368069411181e-125,3.354337903119545e-111,3.3543409856898194e-111,3.0639375457720503e-91,-5.2830429300658845e-06,1977112.3260781204,10460.013214142278
3.0345143034803787e-05,0.0004163068882506529,-15.263765268874563,226.64530149344995,0.0,2.3331026579496067e-77,4.255896196739602,1.3578459559108719e-124,0.0,3.429952506346133e-137,1.4186320655798674,1.084488011994998e-102,2.0407167014786233e-113,3.327319483740864e-118,4.385902657302023e-125,3.4003953135506844e-111,3.400398476516351e-111,3.7359892468259665e-91,-5.0733782665847764e-06,1996994.008551294,10693.428561564435
3.047052336374634e-05,0.0004143472668187174,-15.998099542779151,228.6484970520256,0.0,2.3663621143292665e-77,4.3165659634254165,1.3772026773937642e-124,0.0,3.4788480641050083e-137,1.4388553211418054,1.0999478896846147e-102,1.9980694461696607e-113,3.3747519603357218e-118,4.448425726152385e-125,3.449586882749327e-111,3.449590137340775e-111,4.569962600042866e-91,-4.843697010015031e-06,2016628.1984906327,10941.75186923743
3.059590369268889e-05,0.0004122944135950988,-16.75111006529815,230.71037280905202,0.0,2.4018854309044148e-77,4.381365318649954,1.3978769463067786e-124,0.0,3.5310717792962536e-137,1.460455106216651,1.116460069652691e-102,1.9529151929341447e-113,3.4254130073098773e-118,4.515204531634743e-125,3.502122795737015e-111,3.5021261553309226e-111,5.608833327673826e-91,-4.5925156328780306e-06,2036010.0219296175,11206.18169856693
3.068805202785664e-05,0.0004107248358260466,-17.31702518988357,232.26530030386735,0.0,2.4295270837607186e-77,4.431787448538643,1.4139641537932345e-124,0.0,3.5717084637434726e-137,1.477262482846214,1.1293086432258503e-102,1.9180283403306203e-113,3.4648337373782726e-118,4.567166925275277e-125,3.542999918044847e-111,3.543003364863581e-111,6.534671126565181e-91,-4.3932846713948e-06,2050091.0072063173,11411.560837996452
3.078020036302438e-05,0.00040910260377105334,-17.894000222470314,233.85549580116637,0.0,2.458543563503092e-77,4.484717449435777,1.4308514988651357e-124,0.0,3.6143663155437856e-137,1.4949058164785922,1.142796272809439e-102,1.8816221798451872e-113,3.5062151562638996e-118,4.621713798802065e-125,3.585908004917261e-111,3.585911548892002e-111,7.628387215310805e-91,-4.180918077040823e-06,2064031.1878966833,11626.93403515407
3.087234869819213e-05,0.00040742667743662363,-18.482491346684327,235.48263989453224,0.0,2.4890077683166695e-77,4.540288297534162,1.4485814076478583e-124,0.0,3.6591525041404097e-137,1.513429432511387,1.1569568434138776e-102,1.8436273959377689e-113,3.5496612266230337e-118,4.67898219048177e-125,3.630954632352019e-111,3.6309582849262916e-111,8.923444092563415e-91,-3.95471298544666e-06,2077828.6947899896,11852.92788819543
3.0964497033359874e-05,0.0004056959734985822,-19.082983804874065,237.14852266372674,0.0,2.520998264745217e-77,4.598643308882775,1.4671996052034167e-124,0.0,3.7061825321721958e-137,1.5328811029609248,1.1718268748530573e-102,1.803976097451053e-113,3.5952839949556594e-118,4.739119794292877e-125,3.678255672932556e-111,3.6782594473415355e-111,1.046063482276192e-90,-3.7139291196001737e-06,2091481.6778063485,12090.22180195067
3.1056645368527616e-05,0.0004039093625111696,-19.69599428238351,238.85505267648452,0.0,2.554599827720487e-77,4.659937124473689,1.4867554298229711e-124,0.0,3.755581029384283e-137,1.5533123748245627,1.1874457727643132e-102,1.7626027444010243e-113,3.643204361762628e-118,4.802285975104095e-125,3.727936078323899e-111,3.7279399899323056e-111,1.2289831892861787e-90,-3.457786061522073e-06,2104988.3062447915,12339.553475007251
3.1148793703695365e-05,0.0004020656658647657,-20.32207355438757,240.6042669841342,0.0,2.589904043791746e-77,4.724336810614666,1.5073021841012935e-124,0.0,3.807482639450894e-137,1.574778936871555,1.2038561090055106e-102,1.7194452582605166e-113,3.69355294183298e-118,4.86865290266036e-125,3.780130752590967e-111,3.7801348193035676e-111,1.4472199719847748e-90,-3.1854602276696055e-06,2118346.769028738,12601.725078106449
3.124094203886311e-05,0.00040016365250411285,-20.96180938894249,242.39834208743184,0.0,2.62700998552575e-77,4.792023089126338,1.5288975274318333e-124,0.0,3.8620330114275906e-137,1.597341029708779,1.2211039351340465e-102,1.6744463196319616e-113,3.7464710260279857e-118,4.938406819359532e-125,3.834985527984941e-111,3.834989770746527e-111,1.7082999612817106e-90,-2.896081555481334e-06,2131555.274948841,12877.610214302784
3.1264048642957525e-05,0.0003996774190863818,-21.12444049101051,242.85551960220965,0.0,2.6366094368295257e-77,4.809533792376087,1.5344843266613452e-124,0.0,3.87614540461645e-137,1.6031779307920286,1.2255660147708814e-102,1.6628676950415132e-113,3.7601611400256356e-118,4.956452428642264e-125,3.8491760426144825e-111,3.849180333219341e-111,1.7815332540192854e-90,-2.8207373226413022e-06,2134843.641969526,12949.050375524823
3.1273485192837754e-05,0.0003994777627650023,-21.191118334959025,243.04309184892736,0.0,2.640564692413722e-77,4.816748715877446,1.5367862518600923e-124,0.0,3.8819601246666105e-137,1.6055829052924817,1.2274045224982739e-102,1.6581046748389832e-113,3.7658018686594722e-118,4.963887749123295e-125,3.8550228737196184e-111,3.855027184321742e-111,1.8124195597072778e-90,-2.789638958974711e-06,2136183.8343022857,12978.49484227874
3.12744758041373e-05,0.0003994567671325739,-21.198126723249064,243.06281236076114,0.0,2.6409810822030608e-77,4.817508267419155,1.5370285871853772e-124,0.0,3.8825722696987617e-137,1.605836089139718,1.227598071519067e-102,1.65760351143773e-113,3.7663956967339332e-118,4.964670502971399e-125,3.855638396601691e-111,3.855642709318775e-111,1.8156955586920376e-90,-2.78636326074044e-06,2136324.4297075067,12981.59495919278
3.1275466415436846e-05,0.00039943576455672583,-21.205136789503396,243.08253933236168,0.0,2.6413976972909576e-77,4.81826822993604,1.5372710536325116e-124,0.0,3.8831847459479507e-137,1.6060894099786798,1.2277917252646066e-102,1.657102127287821e-113,3.7669898461145647e-118,4.965453680348892e-125,3.856254252023355e-111,3.85625856685841e-111,1.8189780579657017e-90,-2.7830854457555662e-06,2136465.007503973,12984.696861109262
3.127645702673639e-05,0.0003994147550357955,-21.212148534549833,243.10227273998188,0.0,2.6418145378203403e-77,4.819028603688821,1.5375136512846782e-124,0.0,3.8837975536243007e-137,1.6063428678962735,1.2279854838013298e-102,1.6566005223182603e-113,3.7675843170052017e-118,4.966237281524459e-125,3.856870440194879e-111,3.856874757150918e-111,1.8222670923743605e-90,-2.779805512817001e-06,2136605.5676895073,12987.800547895105
3.1278047953649767e-05,0.000399380999097946,-21.22341294883292,243.1339781526868,0.0,2.6424844580097337e-77,4.82025062912197,1.537903539152172e-124,0.0,3.8847824200316296e-137,1.606750209707323,1.228296880478161e-102,1.6557944798496894e-113,3.7685397136702867e-118,4.96749663662777e-125,3.857860738463369e-111,3.85786505883204e-111,1.8275630461145336e-90,-2.7745334882932553e-06,2136831.271221907,12992.788822397097
3.127963888056315e-05,0.00039934722523578834,-21.23468169870966,243.16570013788757,0.0,2.6431549606319658e-77,4.821473716991739,1.538293765990637e-124,0.0,3.8857681426880257e-137,1.6071579056639127,1.2286085478852274e-102,1.6549878673561254e-113,3.769495940963258e-118,4.968757086622352e-125,3.858851896393463e-111,3.8588562201825785e-111,1.8328760296028843e-90,-2.769255992938211e-06,2137056.9293166236,12997.781706694645
3.128122980747652e-05,0.00039931343344242214,-21.245954787613588,243.1974386939361,0.0,2.6438260462811292e-77,4.822697868381835,1.5386843321458307e-124,0.0,3.8867547224668797e-137,1.607565956127278,1.228920486298679e-102,1.6541806845462445e-113,3.7704529997313743e-118,4.970018632625014e-125,3.8598439148591265e-111,3.859848242076519e-111,1.8382061243105205e-90,-2.763973021758127e-06,2137282.541964635,13002.77920541778
3.12828207343899e-05,0.00039927962371094156,-21.257232218981276,243.22919383680318,0.0,2.644497715552157e-77,4.823923084377494,1.5390752379639984e-124,0.0,3.8877421602428168e-137,1.6079743614591644,1.229232695995056e-102,1.6533729311309705e-113,3.7714108908230887e-118,4.971281275754147e-125,3.86083679473553e-111,3.860841125389056e-111,1.8435534013698067e-90,-2.758684569754836e-06,2137508.1091569243,13007.78132414571
3.128613723629649e-05,0.00039920908505743975,-21.280755523804746,243.2954450985156,0.0,2.645899779866725e-77,4.826480640155688,1.5398912275017831e-124,0.0,3.8898033700200326e-137,1.6088268800518954,1.2298844126848534e-102,1.6516872242446274e-113,3.773410423889237e-118,4.973916958149864e-125,3.8629093602836165e-111,3.862913698125583e-111,1.8547560684417945e-90,-2.747642433996392e-06,2137978.1882307697,13018.223793378605
3.1289453738203075e-05,0.00039913846835749173,-21.304297745870546,243.36176861634928,0.0,2.6473043884276887e-77,4.829042836984939,1.540708697769388e-124,0.0,3.8918683201574393e-137,1.6096809456616463,1.2305373120078734e-102,1.6499990338215306e-113,3.775413585394355e-118,4.976557423368569e-125,3.864985681033668e-111,3.864990026098521e-111,1.8660342890978986e-90,-2.736576413064005e-06,2138448.0696467217,13028.686412681596
3.129277024010967e-05,0.0003990677735483065,-21.327858916481272,243.4281645216416,0.0,2.6487115466600544e-77,4.831609684761198,1.5415276519241208e-124,0.0,3.8939370186304733e-137,1.6105365615870657,1.2311913964858033e-102,1.6483083572749598e-113,3.7774203830752346e-118,4.979202681608508e-125,3.8670657649656125e-111,3.8670701172880045e-111,1.8773886212959182e-90,-2.725486461468378e-06,2138917.753323166,13039.169232203989
3.129852388861863e-05,0.0003989449428516245,-21.368779165319843,243.5435237327085,0.0,2.651158826192254e-77,4.836073855087337,1.5429519478523178e-124,0.0,3.8975348254121863e-137,1.6120246183624454,1.2323289569380321e-102,1.6453693739604624e-113,3.780910534201611e-118,4.983803220623299e-125,3.870683359094781e-111,3.870687724090772e-111,1.8972689835564747e-90,-2.706190103014877e-06,2139732.116862638,13057.403461426544
3.130427753712758e-05,0.00039882187654938033,-21.40975670295022,243.65910156964136,0.0,2.6536138244337935e-77,4.840552105387888,1.5443807360038752e-124,0.0,3.9011439796613405e-137,1.6135173684626292,1.2334701052511375e-102,1.6424228870701578e-113,3.784411693249945e-118,4.988418269718772e-125,3.874312345407921e-111,3.87431672318354e-111,1.9173831030037403e-90,-2.6868213439161854e-06,2140545.8845902393,13075.698885518474
3.131003118563654e-05,0.0003986985743115406,-21.450791694432457,243.77489853476595,0.0,2.656076570055317e-77,4.845044487962,1.5458140330648644e-124,0.0,3.9047645235273644e-137,1.6150148293206663,1.2346148547519951e-102,1.6394688834108205e-113,3.7879239011084446e-118,4.993047882791677e-125,3.877952766073412e-111,3.8779571567358056e-111,1.9377339737748378e-90,-2.6673799446643933e-06,2141359.056080564,13094.055759556251
3.1319672119177645e-05,0.00039849143670953296,-21.51968003115695,243.96942294022978,0.0,2.6602206442774735e-77,4.852603842309741,1.548225849109213e-124,0.0,3.910856830574528e-137,1.6175346141032467,1.236541130391619e-102,1.6345022076563838e-113,3.793833910620618e-118,5.000838155577593e-125,3.884078479425274e-111,3.884082891924313e-111,1.9723733849329276e-90,-2.634640034089744e-06,2142720.285473101,13124.953375916182
3.134584261708344e-05,0.000397925800872109,-21.70750062246642,244.50059136301854,0.0,2.671580973539837e-77,4.873326626168696,1.5548374643736202e-124,0.0,3.9275579344430727e-137,1.6244422087228985,1.2418217128192207e-102,1.620913024206838e-113,3.8100352744000148e-118,5.022193966103004e-125,3.900870899152894e-111,3.900875372504181e-111,2.069913386862676e-90,-2.5447262107785092e-06,2146406.9068961283,13209.708707668584
3.137201311498923e-05,0.0003973552337796628,-21.896535044948646,245.03637060868326,0.0,2.6831059709969816e-77,4.894349787184869,1.5615449151305592e-124,0.0,3.9445011211387404e-137,1.631449929061623,1.2471788373923593e-102,1.607166472310761e-113,3.826471477264172e-118,5.043859329519534e-125,3.917906328506974e-111,3.917910865103552e-111,2.172825884006258e-90,-2.4532731239532614e-06,2150081.1294493047,13295.774479286289
3.1398183612895016e-05,0.00039677970348773594,-22.0867994908081,245.57681064398082,0.0,2.694798477283035e-77,4.915678507060807,1.5683498546049958e-124,0.0,3.961690566748733e-137,1.6385595023536021,1.2526138245131387e-102,1.593261454794857e-113,3.8431465703409947e-118,5.065839585817146e-125,3.935188943348762e-111,3.93519354570194e-111,2.2814336784193617e-90,-2.3602574228723453e-06,2153742.9133943766,13383.176104481203
3.142435411080081e-05,0.0003961991776035126,-22.278310488235512,246.12196260256513,0.0,2.706661401500275e-77,4.937318092394262,1.575253975869779e-124,0.0,3.9791305480169874e-137,1.645772697464754,1.2581280264094757e-102,1.579196956167515e-113,3.8600647024032156e-118,5.088140203696227e-125,3.9527230191074974e-111,3.952727689853766e-111,2.3960808656961494e-90,-2.265655344128954e-06,2157392.219127622,13471.939667176583
3.14505246087066e-05,0.0003956136232864181,-22.47108490274805,246.6718787357595,0.0,2.7186977230425243e-77,4.959273978004312,1.58225901290684e-124,0.0,3.996825445024798e-137,1.653091326001437,1.2637228279826611e-102,1.5649720448957288e-113,3.8772301224688013e-118,5.110766783995315e-125,3.970512933430937e-111,3.970517675339224e-111,2.517133860282668e-90,-2.1694427108179264e-06,2161029.007180272,13562.091937531573
3.147669510661239e-05,0.0003950230072468529,-22.665139939983185,247.2266124105707,0.0,2.7309104935170637e-77,4.981551730437193,1.5893667417257301e-124,0.0,4.014779744016267e-137,1.660517243479064,1.2693996477007173e-102,1.5505858762728366e-113,3.894647182541864e-118,5.133725063304025e-125,3.988563168974403e-111,3.988567984953713e-111,2.6449830672774375e-90,-2.0715949299346597e-06,2164653.2382189455,13653.660391337864
3.150815309522443e-05,0.00039430631635363895,-22.900121547735296,247.89987743556418,0.0,2.7458286791578368e-77,5.00876452766005,1.5980489992221386e-124,0.0,4.036711341434158e-137,1.669588175886683,1.2763340161619706e-102,1.5330786399119325e-113,3.9159225300175377e-118,5.161769140070555e-125,4.010611295771907e-111,4.0106162048471694e-111,2.8082471610573885e-90,-1.951778556857269e-06,2168993.0351591236,13765.643511126402
3.1539611083836464e-05,0.0003935822035551358,-23.13701002917518,248.58027891218467,0.0,2.7610119113095764e-77,5.036460805725098,1.606885511539619e-124,0.0,4.0590325903495918e-137,1.6788202685750324,1.2833915852731333e-102,1.5153361784521713e-113,3.9375758696132865e-118,5.190311466750246e-125,4.0330503846854516e-111,4.033055391547664e-111,2.9827095886605683e-90,-1.8295191656852545e-06,2173314.5640158067,13879.76407715745
3.15710690724485e-05,0.00039285060835475685,-23.375837320777958,249.26791629519118,0.0,2.7764659315447455e-77,5.064651038040496,1.6158796202246419e-124,0.0,4.0817519315916905e-137,1.688217012680165,1.2905750238694092e-102,1.497357586168258e-113,3.959615389586865e-118,5.21936283668639e-125,4.055888862941191e-111,4.055893972574667e-111,3.169209003924819e-90,-1.7047715409718478e-06,2177617.7572556157,13996.074145942555
3.160252706106054e-05,0.0003921114692201496,-23.616636162264065,249.96289169017294,0.0,2.7921966534341866e-77,5.09334601176281,1.625034766925274e-124,0.0,4.104878058848692e-137,1.6977820039209364,1.2978870807354122e-102,1.4791421928038544e-113,3.9820495234889434e-118,5.248934366554837e-125,4.0791354075847256e-111,4.0791406252881886e-111,3.368651690206285e-90,-1.5774894924586842e-06,2181902.547631707,14114.627472488524
3.1653966087339694e-05,0.00039088643728053135,-24.01471775019557,251.11537582330496,0.0,2.818531114093076e-77,5.141383645503282,1.6403611996413722e-124,0.0,4.14359300738839e-137,1.7137945485010937,1.3101280366957719e-102,1.4488458140385212e-113,4.019606020947408e-118,5.298439423946156e-125,4.11804996404602e-111,4.1180553707676205e-111,3.7252515935877435e-90,-1.3637783571512101e-06,2188869.067163526,14313.460519094617
3.170540511361884e-05,0.00038964078724451184,-24.418312333417823,252.28823528080346,0.0,2.845649471823919e-77,5.1908512139942955,1.6561438538037844e-124,0.0,4.1834603825980072e-137,1.7302837379980982,1.3227333688117528e-102,1.4179148796504126e-113,4.058280461498463e-118,5.349418096842223e-125,4.158120210609073e-111,4.1581258230423814e-111,4.123870759179573e-90,-1.1429521949666267e-06,2195785.911713026,14518.694005847356
3.1756844139897995e-05,0.0003883742315116431,-24.82757771189219,253.48196477490453,0.0,2.8735808326460863e-77,5.241801810569193,1.6723996688688866e-124,0.0,4.2245229739637883e-137,1.7472672701897307,1.3357166063333348e-102,1.386351073170566e-113,4.098114354256601e-118,5.401925100438339e-125,4.1993888048900195e-111,4.199394641540097e-111,4.56993219633477e-90,-9.147913652919169e-07,2202652.79227098,14730.595265049238
3.180828316617715e-05,0.00038708647420193176,-25.24267834380747,254.69708092239324,0.0,2.902355791281341e-77,5.294291244156721,1.6891464507052195e-124,0.0,4.26682575955056e-137,1.76476374805224,1.3490919704988637e-102,1.3541583342082062e-113,4.139151331426986e-118,5.456017948479529e-125,4.241900564573625e-111,4.2419066459805134e-111,5.069621406862362e-90,-6.790682365075887e-07,2209469.421915825,14949.446535609437
3.1859722192456304e-05,0.00038577721078253234,-25.663785726443358,255.93412348045266,0.0,2.9320065260072354e-77,5.348378212306507,1.7064029267973597e-124,0.0,4.310416045448074e-137,1.7827927374355022,1.3628744186254267e-102,1.3213430782626148e-113,4.181437283579197e-118,5.511757131571503e-125,4.2857026042740846e-111,4.285708953267284e-111,5.630003801741478e-90,-4.355467568112276e-07,2216235.515825652,15175.545986774076
3.1915230791253474e-05,0.00038433987885906683,-26.125153343328694,257.2942811497866,0.0,2.965024539966615e-77,5.408607555218233,1.7256191308397677e-124,0.0,4.358956652672922e-137,1.802869185072744,1.3782220674727233e-102,1.285243871910565e-113,4.228525430680965e-118,5.573826322855469e-125,4.3344745763230734e-111,4.334481242657819e-111,6.3121452517575795e-90,-1.6372883997538713e-07,2223479.8893161993,15428.027517880235
3.1970739390050644e-05,0.0003828767317670938,-26.59395925633448,258.6813716017378,0.0,2.999146749223316e-77,5.470851100355633,1.745477967178662e-124,0.0,4.409120564990954e-137,1.8236170334518773,1.3940829755882205e-102,1.2484456865620868e-113,4.277188309402113e-118,5.63797124495727e-125,4.3848724969088614e-111,4.384879513848199e-111,7.086155352423328e-90,1.177753730521493e-07,2230664.7328822953,15689.736742888555
3.202624798884781e-05,0.0003813873498211147,-27.070449805849265,260.09617432984106,0.0,3.0344206640353716e-77,5.535195512883558,1.766007086381202e-124,0.0,4.460977628419474e-137,1.8450651709611856,1.4104792270002863e-102,1.2109681275597083e-113,4.327493675787042e-118,5.704281210435073e-125,4.4369658276067904e-111,4.4369732326011935e-111,7.965835075361987e-90,4.0929915317678667e-07,2237789.6969365044,15961.120220095909
3.208175658764498e-05,0.00037987129932646807,-27.55488329408549,261.5395080483537,0.0,3.07089658990195e-77,5.601732556866418,1.7872357658211761e-124,0.0,4.514601798329613e-137,1.8672441856221391,1.4274342050397288e-102,1.1728354793479768e-113,4.379513272271482e-118,5.772850786505267e-125,4.4908280812970636e-111,4.490835916579196e-111,8.96782916400995e-90,7.111898981903641e-07,2244854.434804908,16242.653187123227
3.213726518644215e-05,0.00037832813191389527,-28.047530714664283,263.0122330604429,0.0,3.108627831764324e-77,5.670559467758482,1.8091950285222312e-124,0.0,4.570071439647263e-137,1.8901864892528268,1.444972687257254e-102,1.1340770693959239e-113,4.4333231189007825e-118,5.843780178909504e-125,4.546537117879783e-111,4.5465454311512275e-111,1.0113691299029687e-89,1.0238099478377315e-06,2251858.602743962,16534.8418184072
3.219277378523932e-05,0.0003767573838118638,-28.54867656029229,264.5152538804439,0.0,3.1476709167459527e-77,5.741779358711999,1.8319177727906963e-124,0.0,4.627469654308808e-137,1.9139264529039994,1.4631209489616685e-102,1.094727638771365e-113,4.489003830987207e-118,5.917175650636181e-125,4.604175467097098e-111,4.6041843123239515e-111,1.1436335857626564e-89,1.3475374845605415e-06,2258801.859957228,16838.225702713546
3.224828238403648e-05,0.00037515857506231596,-29.05861970504429,266.04952209819277,0.0,3.1880858371360355e-77,5.8155016638121015,1.8554389136299135e-124,0.0,4.686884638477226e-137,1.9385005546040335,1.4819068761672629e-102,1.0548277134075235e-113,4.546640965637245e-118,5.993149978694832e-125,4.663830681019671e-111,4.66384011935652e-111,1.3002195607816152e-89,1.6827675161992451e-06,2265683.8686119537,17153.380561828275
3.2303790982833654e-05,0.0003735312086916196,-29.577674350072943,267.61603945006345,0.0,3.2299363153565123e-77,5.891842621412148,1.87979553694864e-124,0.0,4.748410072076321e-137,1.9639475404707158,1.5013600887685605e-102,1.0144239650741934e-113,4.606325399630036e-118,6.071822952215618e-125,4.725595718856933e-111,4.725605819721442e-111,1.4990669392995812e-89,2.029912927483181e-06,2272504.2938555134,17480.921231698045
3.2359299581630824e-05,0.0003718747698348517,-30.106171036980747,269.21586111058684,0.0,3.2732900932084457e-77,5.970925801756781,1.905027067899464e-124,0.0,4.812145544017743e-137,1.9903086005855934,1.5215120750347302e-102,9.73569554423038e-114,4.668153741920561e-118,6.153321916189613e-125,4.789569367531015e-111,4.7895802098554034e-111,1.7985620721143133e-89,2.389405604643012e-06,2279262.8038316965,17821.50493500686
3.2414808180427994e-05,0.0003701887248021436,-30.644457743996455,270.85009925337397,0.0,3.3182192482192124e-77,6.052882684036079,1.931175454988243e-124,0.0,4.878197017265973e-137,2.017627561345359,1.542396338826824e-102,9.32324449581159e-114,4.732228784788748e-118,6.237782366150692e-125,4.855856702211002e-111,4.855868375902276e-111,2.4062099549389257e-89,2.7616976498188683e-06,2285959.0696968567,18175.834881443065
3.247031677922516e-05,0.00036847252007814326,-31.19290107771067,272.5199269226578,0.0,3.364800540198839e-77,6.137853288528511,1.9582853717596483e-124,0.0,4.946677338301021e-137,2.04595109617617,1.5640485613421716e-102,8.90755711364759e-114,4.798659998057826e-118,6.325348599629113e-125,4.924569591441054e-111,4.92458219908839e-111,4.0893698518118834e-89,3.147262699074609e-06,2292592.7656359086,18544.664235629407
3.252582537802233e-05,0.0003667255812508329,-31.751887567562804,274.22658223917915,0.0,3.4131157913728008e-77,6.225986869927826,1.9864044380034815e-124,0.0,5.01770679589104e-137,2.075328956642608,1.5865067803706927e-102,8.489377329364902e-114,4.867564071147221e-118,6.416174430657739e-125,4.9958272518795555e-111,4.995840910754758e-111,9.748229399007053e-89,3.546597351380629e-06,2299163.5688781906,18928.80049578144
3.25813339768195e-05,0.0003649473118664833,-32.32182507023869,275.9713729639951,0.0,3.463252303934571e-77,6.3174426786806785,2.0155834626598538e-124,0.0,5.091413734676834e-137,2.1058142262268924,1.609811594515949e-102,8.069524197844171e-114,4.939065508297369e-118,6.510423974366304e-125,5.0697568582731994e-111,5.069771702679259e-111,3.0519501888008514e-88,3.960222715834318e-06,2305671.159713158,19329.110331612508
3.263684257561667e-05,0.0003631370922046021,-32.90314429515948,277.75568145656143,0.0,3.515303319714966e-77,6.412390798178898,2.0458767109258266e-124,0.0,5.167935229889834e-137,2.137463599392966,1.634006417485863e-102,7.64889294925358e-114,5.013297283098936e-118,6.608272509747525e-125,5.146494215116122e-111,5.1465103991501664e-111,1.097790281211436e-87,4.388686088879176e-06,2312115.221505944,19746.524937726874
3.269235117441383e-05,0.0003612942779645457,-33.49630046571485,279.5809700742117,0.0,3.569368528472242e-77,6.511013066779516,2.0773421984264556e-124,0.0,5.247417830435269e-137,2.170337688926505,1.6591374865193932e-102,7.228455154295438e-114,5.090401559342098e-118,6.709907429839957e-125,5.2261844973385926e-111,5.226202198149397e-111,4.1882416934416185e-87,4.832562777369016e-06,2318495.4407127667,20182.045967377606
3.2747859773211004e-05,0.00035941819885524723,-34.101775129508816,281.4487870585322,0.0,3.625554636790094e-77,6.613504094816257,2.1100420156932073e-124,0.0,5.330018378531969e-137,2.204501364938752,1.6852558981848962e-102,6.809257705666422e-114,5.170530486131384e-118,6.81552928981377e-125,5.308983068483178e-111,5.309002490120341e-111,1.6436332762136684e-86,5.292458079701295e-06,2324811.5068961843,20636.75212018665
3.280336837200818e-05,0.00035750815707960164,-34.720078136526986,283.36077296662154,0.0,3.6839760302372464e-77,6.72007238811792,2.144042686626556e-124,0.0,5.415904915189254e-137,2.2400241293726397,1.7124201457234663e-102,6.392420630704929e-114,5.253847076270924e-118,6.925352964804862e-125,5.395056385598816e-111,5.3950777635716014e-111,6.570593317699044e-86,5.76900944748833e-06,2331063.1127402,21111.806468494455
3.2858876970805344e-05,0.0003555634257042253,-35.351749801101846,285.31866770130944,0.0,3.744755645720393e-77,6.830941591157897,2.179415565154456e-124,0.0,5.505257682099076e-137,2.2769805303859654,1.7407080930123663e-102,5.979133378269672e-114,5.340526178180482e-118,7.039608931037177e-125,5.484583001745968e-111,5.484606608435414e-111,2.668339932448759e-85,6.2628888425646014e-06,2337249.954065211,21608.464618724898
3.2914385569602515e-05,0.00035358324690385417,-35.99736326765702,287.3243182062917,0.0,3.808026526300381e-77,6.946351864855071,2.216237275105357e-124,0.0,5.598270232051862e-137,2.3154506216183566,1.7702698929204356e-102,5.57064936585446e-114,5.430755553086463e-118,7.158544685712658e-125,5.577754678383941e-111,5.5777808294835954e-111,1.1002001292753152e-84,6.774805309479307e-06,2343371.729842817,22128.08381908905
3.2969894168399685e-05,0.00035156683006820524,-36.657527104342996,289.3796869042011,0.0,3.873936060373385e-77,7.066561416242447,2.254590200935636e-124,0.0,5.6951506617650025e-137,2.355520472080815,1.8015577333993717e-102,5.168278594930359e-114,5.524737070950073e-118,7.282426323408955e-125,5.674777621650821e-111,5.674806683850894e-111,4.60619899154704e-84,7.305507788921196e-06,2349428.14221046,22672.133142342707
3.3025402767196856e-05,0.00034951334975780586,-37.33288815250528,291.48686096726175,0.0,3.9426616066008624e-77,7.191848199763634,2.2945630652521816e-124,0.0,5.796122982887352e-137,2.3972827332545443,1.8341478296393976e-102,4.773378197864266e-114,5.622688040585716e-118,7.411540289343304e-125,5.77587385853086e-111,5.7759062587097886e-111,1.9588124095874595e-83,7.85578820217703e-06,2355418.896485918,23242.20489254011
3.308091136599402e-05,0.00034742194349392984,-38.02413465815825,293.6480625103267,0.0,4.014476038773416e-77,7.322511812921125,2.3362518554414864e-124,0.0,5.901428649851672e-137,2.4408372709737076,1.8676519534768107e-102,4.387340547098335e-114,5.724842691741738e-118,7.546195332932607e-125,5.881282771513116e-111,5.8813190077616754e-111,8.464363348109353e-83,8.42648483005008e-06,2361343.7011816464,23840.027407453916
3.313641996479119e-05,0.000345291709366025,-38.73199972308986,295.86565982528896,0.0,4.090036831431424e-77,7.458875612484744,2.3797638057107074e-124,0.0,6.011328265447133e-137,2.4862918708282473,1.9022806186360825e-102,4.011578966820109e-114,5.831453829658937e-118,7.686724688646368e-125,5.99126281272835e-111,5.991303467608477e-111,3.718241599981248e-82,9.018486028069901e-06,2367202.2680189596,24467.479457467227
3.319192856358836e-05,0.00034312170343787517,-39.45726511426359,298.1421797837152,0.0,4.171694559597454e-77,7.601289081572277,2.425252906089178e-124,0.0,6.1261034884825965e-137,2.5337630271907585,1.9384842522808405e-102,3.64751092747846e-114,5.942794685926907e-118,7.833488515391803e-125,6.1060934219996164e-111,6.1061391785368365e-111,1.6612186794163626e-81,9.632734317216724e-06,2372994.311942054,25126.606474279313
3.324743716238553e-05,0.00034091093693138647,-40.200765474594746,300.48032155041113,0.0,4.269533912337074e-77,7.750130482745649,2.4732959577640956e-124,0.0,6.246059171947384e-137,2.5833768275818825,1.976487785345886e-102,3.296538601727735e-114,6.059160993957442e-118,7.986876630653334e-125,6.2260771771142965e-111,6.2261288381447345e-111,7.5522952655332925e-81,1.0270230892613792e-05,2378719.5511318827,25819.63888187707
3.3302945761182694e-05,0.00033865837316430895,-40.96339298574538,302.8829717742255,0.0,4.4297872426167785e-77,7.905809837969366,2.5290598257679056e-124,0.0,6.371525764647749e-137,2.6352699459897884,2.016293621509088e-102,2.9600268193820428e-114,6.1808733276366585e-118,8.147311581481774e-125,6.3515422090335796e-111,6.35160072068127e-111,3.495623435998322e-80,1.0932040601175752e-05,2384377.707019863,26549.012849218976
3.3358454359979865e-05,0.00033636292421522506,-41.746102542080884,305.35322144928926,0.0,4.8710045848939105e-77,8.068772283040305,2.64992536416869e-124,0.0,6.502862014669594e-137,2.6895907610134344,2.0579810862084674e-102,2.639278631950663e-114,6.308279795015904e-118,8.315252101393986e-125,6.482844919993479e-111,6.48291140025077e-111,1.6481955956216133e-79,1.1619297448481895e-05,2389968.504301438,27317.393840225803
3.3413962958777035e-05,0.00033402344728562105,-42.549917503630795,307.89438466878545,0.0,6.649317771012364e-77,8.239501852146818,3.50637413944029e-124,0.0,6.640458019494755e-137,2.746500617382272,2.1020896224553286e-102,2.3355088089741236e-114,6.44175959512022e-118,8.491197010539562e-125,6.620373048765586e-111,6.620448822401178e-111,7.921209339172647e-79,1.2333210703504727e-05,2395491.6709494614,28127.703403827538
3.3469471557574206e-05,0.0003316387407247897,-43.3759361058043,310.51001952667383,0.0,1.497380004794685e-76,8.418525757821543,1.3195339794603396e-123,0.0,6.784738675424076e-137,2.80617525260718,2.151017702451202e-102,2.0498156303760345e-114,6.581731548445902e-118,8.675689626393184e-125,6.764549134903865e-111,6.764635776246122e-111,3.882839932385735e-78,1.3075071678979163e-05,2400946.938227443,28983.149727584565
3.352498015637137e-05,0.00032920753967865293,-44.22533861580329,313.20395146317105,0.0,5.6071390790463e-76,8.60641924305242,1.3269490317232032e-122,0.0,6.936167588542249e-137,2.8688064143508063,2.21732851392928e-102,1.7831510579511008e-114,6.728704116724898e-118,8.869322764083331e-125,6.91583444282619e-111,6.915933828385788e-111,1.942571371302962e-77,1.3846261276944866e-05,2406334.0407026177,29887.262576044348
3.358048875516854e-05,0.00032672851131821935,-45.09939534047255,315.9802993983767,0.0,2.648202611626311e-75,8.803811096134028,1.6637387090966388e-121,0.0,7.09525152229619e-137,2.9346036987113426,2.372767191042602e-102,1.536287066751084e-114,6.883703666955108e-118,9.072744419707043e-125,7.074733417449893e-111,7.074847790885203e-111,9.926295181831492e-77,1.4648258403574186e-05,2411652.716258865,30843.93335345989
3.363599735396571e-05,0.00032420024959711985,-45.99947560778963,318.84350505594796,0.0,1.3502509308600363e-74,9.011389935508994,2.197320445025846e-120,0.0,7.262545480514201e-137,3.0037966451696643,3.041949555403943e-102,1.3097620272578894e-114,7.052281945900555e-118,9.286664247159819e-125,7.241798756538709e-111,7.241930809169116e-111,5.184581771277849e-76,1.5482649374440876e-05,2416902.7061094586,31857.4611746996
3.3676888937439406e-05,0.00032230539532859527,-46.68004357657887,321.011091514051,0.0,4.407282229361527e-74,9.171261792582923,1.3392409030775225e-119,0.0,6.646774424691772e-137,3.057087264194307,3.606126235678788e-102,3.295907912060169e-128,7.181552266221208e-118,9.421583279259202e-125,7.292398320935326e-111,7.2925453717123e-111,1.7679339099647594e-75,1.6119032289475038e-05,2420726.136278338,32643.226194063223
3.371778052091311e-05,0.0003203823957671348,-47.376166216688894,323.2304620461834,0.0,1.490788188908246e-73,9.337398271156028,9.109076603896887e-119,0.0,5.80420299289565e-132,3.112466090385342,1.9316400360518376e-99,-7.669972457374295e-128,5.980150308068111e-117,9.4967515613905e-125,7.178353426958177e-111,7.178517217515843e-111,6.143165247444188e-75,1.677464276688673e-05,2424512.052134085,33464.500122633865
3.3758672104386805e-05,0.00031843060125940286,-48.08851408661176,325.5037939043122,0.0,5.175258300151637e-73,9.510151306205572,6.465950248118252e-118,0.0,3.370482722445094e-131,3.1700504354018566,1.1199043910947715e-98,9.420203557334037e-128,6.794704681494882e-116,9.344554733119185e-125,6.489706541636834e-111,6.489888483220569e-111,2.1612102795830184e-74,1.7450247672578217e-05,2428260.3537094845,34323.53286395868
3.37995636878605e-05,0.00031644933391765,-48.81779890878762,327.83339863605875,0.0,1.827400570432475e-72,9.689899206807766,4.7006576313509926e-117,0.0,2.474459650236605e-130,3.229966402269255,8.219331925112547e-98,-1.0066458773144537e-127,5.341923210983813e-115,8.336809007834057e-125,3.73644248016185e-111,3.7366422100565345e-111,7.705328659520687e-74,1.8146657968096916e-05,2431970.9420305314,35222.759989209655
3.3840455271334204e-05,0.00031443788586696847,-49.56477687127332,330.22173288812417,0.0,6.547016092455142e-72,9.877049138013057,3.492917467812985e-116,0.0,1.4131234326622323e-129,3.292349712671018,4.693757092690126e-97,-2.0354725484290237e-126,3.613651205327628e-114,4.2110013491838575e-125,-6.108803896809262e-127,6.108803896809262e-127,2.7854811117584258e-73,1.8864732111627585e-05,2435643.7191190375,36164.82170391759
3.38813468548079e-05,0.00031239551733819684,-50.330252283897345,332.6714103753065,0.0,2.3793893860034238e-71,10.072039886769945,2.374108244106626e-115,0.0,1.5757485201855654e-123,3.3573466289233145,2.9382028109576296e-91,5.445122254025343e-109,9.186023500774208e-114,5.85437370848803e-125,3.2737586308050887e-110,3.273735828003637e-110,1.0213898604777697e-72,1.9605379812077883e-05,2439278.587995221,37152.584151080395
3.3922238438281595e-05,0.00031032145461413276,-51.11508158045789,335.18521498808946,0.0,8.774698520892712e-71,10.275344947998937,1.7711856848922227e-114,0.0,9.52288133206619e-123,3.4251149826663116,1.78574932679441e-90,1.0501891216323723e-108,1.8688116658428546e-112,1.2389755485065411e-124,2.1687483312808673e-109,2.168748755847588e-109,3.8006680454913935e-72,2.0369566127359545e-05,2442875.452680268,38189.163360219034
3.396313002175529e-05,0.00030821488781475386,-51.92017770771634,337.76611517432144,0.0,3.2849498677670325e-70,10.487475974479294,1.3921888020287525e-113,0.0,4.091260829671659e-122,3.4958253248264306,7.729498273649152e-90,3.65446324564072e-108,1.3648396772046104e-111,1.8435297202143453e-140,5.859710845838018e-109,5.859728162674274e-109,1.4358474854880734e-71,2.1158315944657277e-05,2446434.2181988666,39277.95222672012
3.4004021605228994e-05,0.00030607496849349627,-52.7465149762422,340.4172798422241,0.0,1.2489995692505666e-69,10.708986642354057,1.2902097933264856e-112,0.0,7.219491101793994e-122,3.569662214118018,1.3664116413034262e-89,0.0,9.79259469325808e-111,-4.517922565147238e-139,0.0,0.0,5.509982362219251e-71,2.1972718915979704e-05,2449954.7905817153,40422.65098574936
3.404491318870269e-05,0.00030390080701944835,-53.595134439785554,343.1420960067009,0.0,4.825634309220664e-69,10.94047699196408,9.730205229800303e-112,0.0,4.466029369722697e-121,3.6468256639880257,8.60232984843014e-89,1.6165758380752185e-106,1.8308365964493183e-110,2.4550320554456844e-122,7.67081111276533e-108,7.670806250791187e-108,2.1488677690520556e-70,2.281393491084112e-05,2453437.076868001,41627.301717001894
3.4085804772176386e-05,0.0003016914697256184,-54.46714986838587,345.94418839264915,0.0,1.8955738381642886e-68,11.182598312743863,8.031415482590555e-111,0.0,2.3747277679461983e-120,3.72753277091462,4.6153746733048986e-88,3.2156864542889734e-106,2.811591284093884e-109,1.0751521379969604e-121,8.375394020464353e-107,8.37540945974267e-107,8.52167319652333e-70,2.368320005260137e-05,2456880.985107858,42896.32750275009
3.412669635565009e-05,0.00029944597580142075,-55.363754379942236,348.8274412123387,0.0,7.574782036038345e-68,11.43605865236386,7.000575438582701e-110,0.0,1.0514075920889974e-119,3.812019550787953,2.0611785888309873e-87,1.0986095293617115e-105,2.1226059210110257e-108,0.0,2.0962198638679849e-106,2.0962329383748745e-106,3.4383183734990984e-69,2.4581833396401217e-05,2460286.424364795,44234.5769684519
3.4167587939123785e-05,0.00029716329390074334,-56.28622781758632,351.7960224075615,0.0,3.081100622626981e-67,11.701629044459011,6.300952266771223e-109,0.0,4.4587963194086185e-119,3.90054301481967,8.822890518776616e-87,4.825731681150206e-105,1.4441312712183494e-107,1.2176509057404296e-120,8.85962804923195e-106,8.859664172980524e-106,1.4123360713097072e-68,2.5511244329984284e-05,2463653.304718091,45647.375073929645
3.420847952259748e-05,0.0002948423384311797,-57.235944980579745,354.8544107138568,0.0,1.2765164993889074e-66,11.98015056606595,5.838662623758678e-108,0.0,1.9006921378457436e-118,3.9933835220219827,3.797704217652177e-86,2.130386475172394e-104,9.870403396785398e-107,3.2998867503196916e-120,4.034209892934049e-105,4.034229332214445e-105,5.909909461813037e-68,2.647294079960519e-05,2466981.5372651787,47140.5811882942
3.424937110607118e-05,0.00029248196548628405,-58.21438483300227,358.0074259583613,0.0,5.390476174466518e-66,12.272542355728481,6.658253391950015e-107,0.0,3.390574268165331e-118,4.090847451909493,6.78891986551485e-86,0.0,8.13801835347111e-106,-1.4138184172930924e-135,4.239362463763082e-105,4.23946549078966e-105,2.5209922385870942e-67,2.7468538480417298e-05,2470271.034123984,48720.65567796458
3.429026268954488e-05,0.0002900809683788547,-59.22314081706499,361.2602630188578,0.0,2.321775701524042e-65,12.579810747055207,6.854676988377084e-106,0.0,3.878965340383741e-118,4.1932702490184015,7.771479491662133e-86,0.0,4.782434428862314e-105,0.0,1.9554395618645955e-104,1.955477945108032e-104,1.0970420537324339e-66,2.849977100046094e-05,2473521.708435252,50394.736468711424
3.432003397740763e-05,0.00028830663127905957,-59.9776186846699,363.6944887818701,0.0,6.617880767404368e-65,12.813504400668196,3.39809474338022e-105,0.0,3.8380712211584126e-118,4.271168133556065,7.689491894434866e-86,5.31834833722477e-119,1.2347662470138589e-104,0.0,5.000626071988225e-104,5.0007158681943866e-104,3.225215153514938e-66,2.9274040758294605e-05,2475863.904628161,51677.18195602835
3.434980526527038e-05,0.000286509570940958,-60.749783832623514,366.18690362311645,0.0,1.9330779243231665e-64,13.056128456893513,1.8275174442187105e-104,0.0,3.855710824954667e-118,4.352042818964504,7.724398066130014e-86,0.0,2.816551956085186e-104,0.0,9.477465737947949e-104,9.47764530286713e-104,9.644442784370511e-66,3.0068949491092982e-05,2478185.444128939,53016.9626179515
3.437957655313313e-05,0.00028468924969514105,-61.54038764794309,368.73995981244826,0.0,5.767120572973526e-64,13.308178390066814,1.0220125252315436e-103,0.0,3.9959540762250075e-118,4.436059463355604,8.006111912001243e-86,2.7618333829350994e-119,9.006436926521096e-104,-1.2265004047651737e-134,2.399819080579141e-103,2.3998604866487354e-103,2.9162525705293135e-65,3.0885305837668965e-05,2480486.294444532,54417.680155017064
3.440934784099588e-05,0.00028284510685224254,-62.35022672226833,371.3562580047935,0.0,1.7466230035404357e-63,13.570186218644862,5.843535895056096e-103,0.0,4.140178101531254e-118,4.523395406214953,8.299284322452151e-86,-9.927131839541444e-118,3.7510377268728296e-103,-1.8759711211486632e-134,8.434335411549594e-103,8.434455260506005e-103,8.922505478094827e-65,3.1723964386521684e-05,2482766.423371458,55883.22991758673
3.4439119128858627e-05,0.0002809765573021226,-63.180146403879505,374.0385589742988,0.0,5.359017911114297e-63,13.842723887564901,3.407566289569878e-102,0.0,4.2224104193925516e-118,4.614241295854966,8.481881872892769e-86,1.583612859878407e-117,1.6867506486386442e-102,3.717658561538e-134,3.2050357625629097e-102,3.2050769185186007e-102,2.7638425600247647e-64,3.258582913250014e-05,2485025.798996258,57417.83049887576
3.4468890416721376e-05,0.00027908298999191407,-64.03104472344391,376.78979659161337,0.0,1.6654027371195163e-62,14.12640703094597,1.8907413805809425e-101,0.0,5.386064487267812e-115,4.708802343648656,1.2253478597821423e-82,1.6794702268780176e-100,3.0425559571692733e-102,4.234535201461108e-117,1.3362535469112957e-101,1.336267241752375e-101,8.670523532626119e-64,3.3471857283043814e-05,2487264.389695945,59026.056918745184
3.4498661704584125e-05,0.0002771637662903155,-64.90387668319897,379.61309200969237,0.0,5.243291343739919e-62,14.421899162620612,1.1137045923294825e-100,0.0,2.9599998582824103e-114,4.807299720873536,6.774135922309566e-82,1.6339813043294768e-100,4.6325440537359627e-101,1.277989999712388e-115,1.3139613889957719e-100,1.313967416681266e-100,2.75583307832597e-63,3.438306340642163e-05,2489482.1641384433,60712.87786663998
3.452843299244688e-05,0.00027521821822701017,-65.7996589476334,382.51176918835796,0.0,1.67299057577721e-61,14.729916351810592,6.839677320429765e-100,0.0,1.120346678159779e-113,4.909972117270197,2.5835887413729045e-81,6.223828901894578e-100,2.858977636148031e-100,0.0,1.2687211283560942e-100,1.2687798671385553e-100,8.878012763569845e-63,3.532052395076609e-05,2491679.091283029,62483.69758206501
3.455820428030963e-05,0.0002732456465850518,-66.71947501693036,385.489372027797,0.0,5.412092170772648e-61,15.051232451747843,4.682458220350863e-99,0.0,1.9141307221198916e-113,5.017077483915947,4.423383740773395e-81,0.0,1.6417810166914192e-99,0.0,1.2665283798829165e-101,1.2682527678277079e-101,2.900155208838827e-62,3.628538220983017e-05,2493855.1403807634,64344.40307297756
3.458797556817238e-05,0.00027124531882685704,-67.66448095073451,388.5496833389163,0.0,1.775870543088384e-60,15.386684959144437,3.115412099352329e-98,0.0,2.151175873775282e-113,5.128894986381478,4.974603203136284e-81,2.092684961277603e-114,6.8407132665951454e-99,3.0507835087551114e-114,2.2677616928536525e-99,2.2677910010354287e-99,9.610934200221482e-62,3.727885379267832e-05,2496010.2809749264,66301.41747664068
3.461774685603513e-05,0.00026921646683912895,-68.63591170876941,391.69674587089247,0.0,5.913386305815025e-60,15.737181593922537,2.0765133951107598e-97,0.0,2.0112449669722422e-113,5.245727197974178,4.651558170861876e-81,2.14035468601208e-114,2.7969812550937832e-98,7.639088881983586e-114,1.0702807275839976e-98,1.0702951789456392e-98,3.2326286300250214e-61,3.830223266239665e-05,2498144.482901437,68361.76049480024
3.464751814389788e-05,0.0002671582844804759,-69.63508817522361,394.93488562162844,0.0,1.9991982859212994e-59,16.10370770322738,1.4117435330832722e-96,0.0,1.9250797762709174e-113,5.367902567742458,4.455830226698806e-81,-1.0951022595457131e-113,1.2904260052207936e-97,2.636383148008593e-113,4.139108458434426e-98,4.139173238397623e-98,1.104102834531958e-60,3.9356897801381776e-05,2500257.716289282,70533.1169925853
3.467728943176063e-05,0.00026506992491008666,-70.66342495312347,398.2687377222787,0.0,6.865904146838443e-59,16.487334611754157,9.833421664426588e-96,0.0,2.029855368712188e-113,5.495778203918052,4.724359289358535e-81,4.48476033468981e-113,6.577733656512668e-97,1.117888552281734e-112,1.641459939789759e-97,1.6414877267711726e-97,3.831386047353952e-60,4.044432057599815e-05,2502349.9515609285,72823.91505209345
3.470706071962338e-05,0.00026295049767145816,-71.72243903602413,401.7032752565955,0.0,2.3966348020208918e-58,16.889229061666708,7.027226375699472e-95,0.0,2.1827907599395297e-113,5.629743020555568,5.224750196824208e-81,-1.3495111850458394e-112,3.5395269279106093e-96,4.9538598740207175e-112,6.647385549035158e-97,6.64750556907205e-97,1.3515638508702168e-59,4.156607289424449e-05,2504421.1594327427,75243.41501285096
3.473683200748613e-05,0.00026079906550265835,-72.8137594795184,405.243841426261,0.0,8.507884446319048e-58,17.310663910378786,5.1573195534279e-94,0.0,2.270452832862704e-113,5.770221303459595,6.257662526000232e-81,6.545299392470148e-112,1.968395194229334e-95,2.197100928378296e-111,2.724094536170205e-96,2.72414728943436e-96,4.849605235045141e-59,4.2723836264506635e-05,2506471.3109153956,77801.8113156321
3.476660329534888e-05,0.00025861464084184747,-73.93913820984896,408.8961855237952,0.0,3.073438637700018e-57,17.753030284406897,3.890927010613643e-93,0.0,2.3694096596101456e-113,5.9176767614689645,1.1349697307218126e-80,-2.5944045979708898e-111,1.1239244952092432e-94,9.755331201282172e-111,1.1319484356911242e-95,1.1319720179586441e-95,1.771065340421289e-58,4.391941187498854e-05,2508500.3773142705,80510.34930841786
3.4788445098244076e-05,0.0002569904475332027,-74.78752312352978,411.6503964331461,0.0,7.828998127103603e-57,18.09176238707503,1.627694188185215e-92,0.0,2.5160369322578388e-113,6.0305874623583415,2.641754307981686e-80,1.8080178215262682e-111,2.8009223240638503e-94,1.8861812606159903e-110,2.262024609507173e-95,2.2620930015819578e-95,4.613784124312162e-58,4.482171067744658e-05,2509975.582994736,82600.1129628277
3.481028690113928e-05,0.0002553475055269294,-75.65604758346835,414.4707085737409,0.0,2.0291213655979944e-56,18.44322898668861,7.234275276893976e-92,0.0,2.6759798527121883e-113,6.1477429955628695,8.179094976648601e-80,-5.5341316356761725e-112,5.815370385886301e-94,2.9215220951957287e-110,3.691790491306435e-95,3.6919556851243315e-95,1.2197900242487615e-57,4.574621018149089e-05,2511439.413283837,84782.71250153013
3.483212870403448e-05,0.00025368536582086066,-76.5455531286303,417.3598877503999,0.0,5.349222011478013e-56,18.80812800992428,3.3285586860376756e-91,0.0,2.8414108374875295e-113,6.269376003308092,2.946112087337616e-79,-1.0893539174723793e-110,1.5843649297165461e-93,5.296584308750049e-110,7.017898675936632e-95,7.018243183965827e-95,3.258032572436403e-57,4.66937663532442e-05,2512891.857153817,87063.93257957588
3.4853970506929676e-05,0.0002520035605074801,-77.4569309380321,420.3208642331191,0.0,1.4288252009323701e-55,19.18720813312264,1.5631948758856971e-90,0.0,3.3897718152993713e-113,6.395736044374211,1.1319383770711386e-78,2.357950304997312e-110,5.6377783577232945e-93,1.3100788700635223e-109,1.756307768705909e-94,1.7563810779359784e-94,8.793409077293145e-57,4.766528278718577e-05,2514332.903662701,89450.02441154278
3.487581230982488e-05,0.0002503016016465198,-78.39112564975147,423.35674550765907,0.0,3.861046108280102e-55,19.581273408713145,7.4729594456923305e-90,0.0,5.559629344368442e-113,6.527091136237714,4.476315344854991e-78,-9.208516797940858e-110,2.154575239080615e-92,3.7721131716311926e-109,4.9981578562211e-94,4.998338768560078e-94,2.3996814792278297e-56,4.8661714193142066e-05,2515762.541954373,91947.75220133142
3.489765411272008e-05,0.00024857898004214906,-79.34913957370988,426.47083034856985,0.0,1.0553324637053067e-54,19.99118840343907,3.636547558378316e-89,0.0,1.1998387698591218e-112,6.663729467813022,1.8030075960491343e-77,2.8524135598699963e-109,8.445408930175696e-92,1.1444488980925802e-108,1.4884083732944273e-93,1.488459731954036e-93,6.623213598975778e-56,4.968407022741947e-05,2517180.7612586627,94564.4451258123
3.491949591561528e-05,0.0002468351639304583,-80.33203728325137,429.66662416518966,0.0,2.918208172204076e-54,20.417883911499455,1.8021917852637876e-88,0.0,2.9212564470087345e-112,6.805961303833151,7.38549244540483e-77,9.499273716359558e-109,3.376139525026027e-91,3.561645381771066e-108,4.541552189881992e-93,4.541710035553004e-93,1.8494541385695995e-55,5.073341965317388e-05,2518587.550891423,97308.0555858811
3.494133771851048e-05,0.0002450695975688184,-81.34095062985372,432.94785577009105,0.0,8.166061083490689e-54,20.86236331829714,9.100489542828043e-88,0.0,7.983311410574788e-112,6.954121106099047,3.07745404952008e-76,-1.060076478897623e-108,1.37310112024332e-90,1.1264073478222824e-107,1.4093980611970449e-92,1.4094484230769602e-92,5.226770838903789e-55,5.181089486651039e-05,2519982.9002546156,100187.22460755947
3.496317952140568e-05,0.0002432816997101276,-82.37708426143573,436.31849584069994,0.0,2.3132700767213124e-53,21.32570970399561,4.685246843710141e-87,0.0,2.4504378936309277e-111,7.108569901331868,1.3048851296208644e-75,1.0705976050498569e-107,5.68133855384792e-90,3.608328848819867e-107,4.436180226883378e-92,4.4363432336862963e-92,1.495543657013251e-54,5.291769685602855e-05,2521366.798836382,103211.35545208836
3.498502132430088e-05,0.0002414708619470222,-83.44172171753952,439.78277732081324,0.0,6.636206472052806e-53,21.80909378922544,2.4607559935524946e-86,0.0,7.892705595842575e-111,7.269697929741811,5.632177790269374e-75,-2.230446938727836e-108,2.393369616812909e-89,1.1701166887579402e-106,1.4154414735716125e-91,1.4154941572585725e-91,4.3341951206473954e-54,5.405510065692237e-05,2522739.236211134,106390.69665451399
3.500686312719608e-05,0.0002396364469148197,-84.53623216206125,443.34521796655855,0.0,1.9287087393828415e-52,22.313782840184096,1.319320806196373e-85,0.0,2.5443281749504817e-110,7.437927613394698,2.4758306305209562e-74,-1.4292965873157904e-107,1.0275981275859618e-88,3.8425473474740047e-106,4.5792379365927405e-91,4.579404960137624e-91,1.2727347134297806e-53,5.5224461349130765e-05,2524100.202039622,109736.43589229776
3.502870493009128e-05,0.00023777778634091623,-85.6620778223797,447.0106452688537,0.0,5.681325160228796e-52,22.84115066914761,7.225524150288734e-85,0.0,8.224505661531631e-110,7.613716889715869,1.1090775862726218e-73,2.0005002705326406e-106,4.502549174953517e-88,1.2787290370542511e-105,1.5030091089505958e-90,1.5030594020106555e-90,3.7885451414876104e-53,5.642722065515837e-05,2525449.686069018,113260.8063239208
3.505054673298648e-05,0.00023589417892427278,-86.82082222502233,450.78422405590857,0.0,1.6969206690299093e-51,23.392688889470044,4.045120504118935e-84,0.0,2.70851862745669e-109,7.79756296315668,5.066045501109305e-73,-4.862611096705613e-106,2.0167537209868653e-87,4.316091354526812e-105,5.008748698469505e-90,5.008881115273318e-90,1.1436854175919878e-52,5.766491421052612e-05,2526787.678132993,116977.20733639815
3.5072388535881676e-05,0.00023398488802527903,-88.01413933639061,454.67148714100284,0.0,5.1416800438840673e-51,23.97001961130106,2.316640272303754e-83,0.0,9.126367924727575e-109,7.990006537100351,2.3611464469869305e-72,6.654371545909599e-106,9.255011119716941e-87,1.4791690416067306e-104,1.6963358919216456e-89,1.6963568674197394e-89,3.503036009319901e-52,5.89391795945503e-05,2528114.168151794,120900.34199390095
3.509423033877688e-05,0.00023204913914442665,-89.24382372999182,458.6783694240882,0.0,1.5812246454249296e-50,24.574909796097117,1.358280737761297e-82,0.0,3.1312780114770005e-108,8.191636598699038,1.1236199136622854e-71,-1.244117404389148e-104,4.364356795572294e-86,5.153814452988802e-104,5.8456995848871536e-89,5.845616759216097e-89,1.0891847236227974e-51,6.0251765218946554e-05,2529429.1461323155,125046.37389521225
3.511607214167208e-05,0.00023008611716627053,-90.51180191645598,462.8112459053974,0.0,4.938009717943712e-50,25.20928752599465,8.159830925807481e-82,0.0,1.0907560249201529e-107,8.403095841998216,5.463519329444547e-71,1.6848268936396023e-104,2.123221318940034e-85,1.828731240051463e-103,2.053015617534241e-88,2.0528861147824457e-88,3.439567558778709e-51,6.160454018278375e-05,2530732.6021681796,129433.10664808119
3.5132238764082936e-05,0.00022861508192778733,-91.47619371359849,465.95542755743577,0.0,1.1448196633639897e-49,25.699056779540257,2.9728819673343443e-81,0.0,1.998030317827436e-107,8.56635225984675,1.7239988739063168e-70,1.3990827841731127e-104,5.229927237510963e-85,3.2732234126724555e-103,3.8391289740706685e-88,3.8387860035355154e-88,8.110915902111637e-51,6.263287583947938e-05,2531689.953719763,132846.52449030377
3.514840538649379e-05,0.000227128271017764,-92.46359121143331,469.17534628799933,0.0,2.6883715790997028e-49,26.207055746195866,1.1311071534073968e-80,0.0,2.795366885597962e-107,8.735685248731954,5.609555550008557e-70,-2.6794334184573004e-104,1.1937131282834233e-84,4.72749232278575e-103,5.900864870061246e-88,5.899868655782439e-88,1.9369462733171603e-50,6.368518373947327e-05,2532640.9836419392,136411.22298793477
3.516457200890465e-05,0.00022562530492246837,-93.47494067873318,472.4741383040471,0.0,6.400413494486325e-49,26.734274238205394,4.432209727498932e-80,0.0,3.569489400765686e-107,8.911424746068462,1.870603986800865e-69,-8.739151358733412e-104,3.513164238455496e-84,7.500140194603441e-103,1.0068231038255145e-87,1.0063183389504262e-87,4.669368882209987e-50,6.476237147039194e-05,2533585.6880095955,140136.57671843315
3.51807386313155e-05,0.00022410578840071315,-94.5112432016249,475.8551229876224,0.0,1.5412635847672136e-48,27.28177326121606,1.7693136786310094e-79,0.0,6.556432747541218e-107,9.09392442040535,6.342599714408109e-69,-1.6102643648210756e-103,1.294027100469899e-83,1.584787071572673e-102,2.238059554703173e-87,2.235363926871245e-87,1.1360906220313736e-49,6.586539591792122e-05,2534524.062923722,144032.71022280163
3.5196905253726357e-05,0.00022256930956324395,-95.57355881870066,479.321816780341,0.0,3.749835300959233e-48,27.850691427209807,7.176795253478323e-79,0.0,1.796619919946608e-106,9.283563809069934,2.181569154663067e-68,-2.9676752139734147e-103,5.170373777925477e-83,4.036115000114252e-102,5.820999154483854e-87,5.80739368377124e-87,2.7914544630237116e-49,6.699526677678265e-05,2535456.1045114356,148110.5718841934
3.5213071876137213e-05,0.0002210154388758153,-96.66301107358417,482.8779484698025,0.0,9.216329521730824e-48,28.442252067599753,2.9576514594807884e-78,0.0,4.916693244298373e-106,9.480750689199915,7.610311385870255e-68,-6.496896289842079e-103,2.1574903990346878e-82,1.1193456462972168e-101,1.624857315143895e-86,1.618011697494377e-86,6.928365927579076e-49,6.815305039828848e-05,2536381.80892599,152382.01653706684
3.522923849854807e-05,0.00021944372809031627,-97.78079196995509,486.52747582622646,0.0,2.288692413163026e-47,29.057771132038837,1.2388158803636066e-77,0.0,1.2464664793257306e-105,9.68592371067961,2.6933088995598313e-67,-1.5375021343829473e-102,9.343805644568815e-82,3.279668744339694e-101,4.7660278844040856e-86,4.730813098042495e-86,1.7375086222367665e-48,6.933987396030924e-05,2537301.172346796,156859.89791968395
3.524540512095893e-05,0.0002178537090974513,-98.9281673744017,490.27460374059166,0.0,5.743879239770372e-47,29.698665974935796,5.275994993346252e-77,0.0,3.2258812803221192e-105,9.899555324978598,9.673529348454644e-67,-3.5045695871814275e-102,4.1850868176289784e-81,1.0058057264203424e-100,1.4621713622731543e-85,1.4435361734953937e-85,4.404033117369683e-48,7.055692999370385e-05,2538214.190979432,161558.17233687663
3.5261571743369784e-05,0.0002162448926877741,-100.10648294991296,494.12380414117274,0.0,1.4572491177140378e-46,30.366465149477435,2.2858702663850195e-76,0.0,8.975121154530352e-105,10.12215504982581,3.5276340685606273e-66,-7.394401963625168e-102,1.934038992222502e-80,3.2209493480458465e-100,4.694627014284478e-85,4.593044724384491e-85,1.1285956991544615e-47,7.18054813290649e-05,2539120.861055665,166492.01516715728
3.5277738365780634e-05,0.00021461676720941925,-101.31717069573423,498.0798379408467,0.0,3.738593914631692e-46,31.06281934643853,1.0080254639080127e-75,0.0,2.5876787935600518e-104,10.35427311547951,1.3067092914756595e-65,-1.443186695429667e-101,9.204955357558649e-80,1.0781052195336974e-99,1.5829711479038554e-84,1.5259383612656848e-84,2.9250422591251174e-47,7.30868665215227e-05,2540021.178833463,171677.95209400277
3.529390498819149e-05,0.0002129687971137637,-102.561756156158,502.1477792224686,0.0,9.702281580026106e-46,31.789513634855016,4.526869366382125e-75,0.0,7.449183973455269e-104,10.59650454495167,4.919021350141486e-65,-2.6316584213629384e-101,4.505089471372031e-79,3.7774055597726196e-99,5.6294810030424465e-84,5.299881459509921e-84,7.669733482611995e-47,7.440250580006746e-05,2540915.1405970138,177134.00721892065
3.531007161060235e-05,0.00021130042137950202,-103.84186636877028,506.33304189546504,0.0,2.5479081784675586e-45,32.54848118639429,2.0714570556986786e-74,0.0,2.1446192676414955e-103,10.849493728798096,1.8827832109861616e-64,-4.532920755764579e-101,2.264467330013927e-78,1.3864204455994943e-98,2.1202966050548503e-83,1.9243575122251835e-83,2.035346007508023e-46,7.575390759314229e-05,2541802.742656733,182879.87057487605
3.5326238233013205e-05,0.00020961105180249145,-105.15923864416024,510.6414091279972,0.0,6.773280347099021e-45,33.34181869553489,9.664117090449922e-74,0.0,6.275830355646103e-103,11.113939565178296,7.331148157780513e-64,-7.4452593743262e-101,1.1678956325820938e-77,5.329547850432218e-98,8.491919704176436e-83,7.294330129951941e-83,5.468508928193903e-46,7.714267569821468e-05,2542683.981349289,188937.08800936124
3.534240485542406e-05,0.0002079000711361591,-106.51573028765841,515.0790659200155,0.0,1.8234288050249562e-44,34.17180374326367,4.599662790361928e-73,0.0,1.882910984203805e-102,11.390601247754557,2.905581941378382e-63,-1.1751020555437737e-100,6.176580722226298e-77,2.144574490010609e-97,3.631658257131904e-82,2.8793117715214293e-82,1.488137355898314e-45,7.857051717654436e-05,2543558.8530376107,195329.27693803917
3.535857147783492e-05,0.00020616683106586934,-107.91332938648087,519.652635223719,0.0,4.9731389988552e-44,35.04091439366346,2.2348583115791033e-72,0.0,5.829415044444859e-102,11.68030479788782,1.172829863891714e-62,-1.7932451463225046e-100,3.348531588204951e-76,9.032509897016385e-97,1.665764598947882e-81,1.180008918713393e-81,4.103360166251885e-45,8.003925106305305e-05,2544427.354110905,202082.3720937531
3.537473810024577e-05,0.00020441064999920545,-109.3541668001854,524.3692180643801,0.0,1.3747094415127171e-43,35.951851362328775,1.1092541146797227e-71,0.0,1.9166997712305548e-101,11.983950454109591,4.824382029904448e-62,-2.658986709140516e-100,1.8607546953346628e-75,3.987062768282562e-96,8.229387526066975e-81,5.005595030370802e-81,1.146956219581799e-44,8.155081799081109e-05,2545289.4809846734,209224.90614439844
3.5390904722656626e-05,0.0002026308106517654,-110.84052951364147,529.2364381831079,0.0,3.853237805041154e-43,36.90756315515934,5.628351669359279e-71,0.0,7.295149453867406e-101,12.302521051719777,2.023628456204572e-61,-3.846253094705212e-100,1.0600168989665048e-74,1.8509162355278717e-95,4.391883595950817e-80,2.191960607496412e-80,3.2513388713868864e-44,8.310729084410686e-05,2546145.230100723,216788.33096391632
3.540275455850714e-05,0.00020131075975704182,-111.96033504612659,532.9044118997552,0.0,8.205963622064294e-43,37.638374014750035,1.8062230116285254e-70,0.0,-5.869515226563248e-109,12.546124671583343,5.706734148092658e-61,-4.972202112856906e-100,3.703354470916725e-74,-3.1623712195693707e-105,7.478845288025488e-92,-2.9119809541601764e-92,7.020856859179731e-44,8.427795413059598e-05,2546768.425711663,222619.45977567203
3.5414604394357645e-05,0.00019997728157648609,-113.106947419227,536.661146840247,0.0,1.765306048945506e-42,38.39634064010426,5.989272859268776e-70,0.0,2.6727317594787034e-86,12.798780213368087,1.6469863420161585e-60,-6.36087598766165e-100,1.6784547963090443e-73,5.106665404588601e-105,6.030352277634476e-92,7.913633220569843e-92,1.5327031889865844e-43,8.547485746496446e-05,2547388.1915161368,228710.23072865402
3.542645423020816e-05,0.0001986300520488336,-114.28145591287556,540.5102766073416,0.0,3.841051581362688e-42,39.182933583379054,2.03695431546555e-69,0.0,1.2543142302346265e-85,13.06097786112635,4.8529087722566073e-60,-8.060338059272559e-100,7.872133286440515e-73,-4.340951776803315e-105,8.788464057511724e-92,-4.276266068252349e-93,3.374895300610269e-43,8.66989753140685e-05,2548004.526139877,235076.741683309
3.543830406605866e-05,0.00019726873384814302,-115.48501200972522,544.4556428411078,0.0,8.440730238748994e-42,39.999728718837574,7.045053770055423e-69,0.0,6.364138964666355e-85,13.333242906279189,1.4513681288406794e-59,-1.0125556216600544e-99,3.3831913093469217e-72,-7.248116010366701e-105,2.0131052836141763e-91,-3.457202244292541e-91,7.491877394989134e-43,8.79513337916317e-05,2548617.4282162194,241736.37507447932
3.5450153901909176e-05,0.00019589297561830424,-116.71883401633713,548.5013105912595,0.0,1.8717364557522548e-41,40.84841667888163,2.471683763679878e-68,0.0,2.527077885533551e-84,13.61613889296054,4.39645076754847e-59,-1.2619231107580176e-99,1.3254682747050313e-71,-1.1855481210516567e-104,-3.5858959533608293e-91,5.884343552503441e-91,1.6775145396828563e-42,8.923301423987168e-05,2549226.8963861167,248707.92384599894
3.546200373775968e-05,0.00019450241114490186,-117.98421214410006,552.6515851993076,0.0,4.187925502958379e-41,41.730813313657386,8.673723733934062e-68,0.0,1.0216417330337956e-78,13.91027110455246,2.7276550059373598e-58,1.3188345253326853e-73,4.222204337939517e-71,1.7440967329212876e-87,5.67417966945333e-74,5.6668238052590615e-74,3.7897381794986857e-42,9.054515714541344e-05,2549832.929298132,256011.7321655023
3.5473853573610194e-05,0.00019309665846859532,-119.28251403018245,556.9110306201602,0.0,9.455908188570004e-41,42.64887129844937,3.099180440280932e-67,0.0,4.68926327914188e-78,14.216290432816454,1.0549960985353012e-57,0.0,2.448118154364956e-70,1.1345292274840462e-86,2.1717439916804764e-73,2.1606587605728997e-73,8.639885392943862e-42,9.18889663733865e-05,2550435.5256084483,263669.85279060557
3.54857034094607e-05,0.00019167531893473467,-120.6151907465767,561.2844893371073,0.0,2.154971877511775e-40,43.60469303682561,1.1295361593604005e-66,0.0,1.3877484328805163e-77,14.534897678941867,3.208285245315612e-57,2.321797309828519e-73,1.0398749792134368e-69,4.402589011122078e-86,1.7715873094484906e-73,1.7116871472861695e-73,1.988243461696212e-41,9.326571375071754e-05,2551034.6839808654,271706.2233788467
3.549755324531121e-05,0.0001902379761682623,-121.98378338913781,565.7771041680219,0.0,4.958060637493857e-40,44.60054503308158,4.1882635591106634e-66,0.0,3.567713144270512e-77,14.866848344360525,9.072916439420815e-57,6.710813140439034e-73,3.916315637577174e-69,2.0931085744938527e-85,9.754349754494536e-73,9.482357345932132e-73,4.619643867712908e-41,9.46767440621431e-05,2551630.4030868113,280146.8644794219
3.550940308116172e-05,0.00018878419496443923,-123.3899303302632,570.3943422312507,0.0,1.1519238888276107e-39,45.63887393259867,1.6087024628236282e-65,0.0,5.485162833104794e-77,15.212957977532888,2.108666092271777e-56,0.0,1.4824319617993978e-68,6.171292496614799e-85,1.0463525590588055e-72,9.237526556113844e-73,1.084032536113101e-40,9.61234805168806e-05,2552222.681605336,289020.1023533095
3.552125291701223e-05,0.00018731352008853286,-124.8353751968556,575.1420212655995,0.0,2.7033106026387424e-39,46.722324457101436,6.111995022444822e-65,0.0,1.4193866896284352e-76,15.574108152367144,6.381638131554025e-56,2.064562065427207e-71,4.330265015720445e-68,1.403345428963286e-84,8.313554724130621e-72,7.909126676125623e-72,2.569762105559547e-40,9.760743072310377e-05,2552811.518223121,298356.82021864457
3.553310275286274e-05,0.00018582547497700107,-126.32197565498419,580.0263385602984,0.0,6.409936942493861e-39,47.853759497288934,2.3610289195847782e-64,0.0,4.433073360594834e-76,15.951253165762974,2.076450741274373e-55,8.406440105031381e-72,1.8252927451811545e-67,4.909139554712678e-84,5.596429888887933e-71,5.3906921610131435e-71,6.155854525896162e-40,9.913019322815701e-05,2553396.9116344783,308190.74213315605
3.554495258871325e-05,0.00018431956033009125,-127.85171309500714,585.0539027909067,0.0,1.5361333909567753e-38,49.03628266865386,9.322078841331454e-64,0.0,1.2432430475384918e-75,16.34542755621795,6.639948609265745e-55,9.339944036541438e-71,7.580240181075617e-67,1.298827339458204e-83,7.673176373749415e-71,6.6728559210521464e-71,1.4906033730367197e-39,0.00010069346468214264,2553978.8605413567,318558.7544525318
3.555680242456376e-05,0.0001827952525837152,-129.4267033339911,590.2317691297585,0.0,3.7218547960594084e-38,50.27326368713388,3.752665572919907e-63,0.0,3.255164560880191e-75,16.757754562377954,2.1306020477260532e-54,1.7263764604093013e-70,3.1207156433771026e-66,5.773570368426231e-83,4.3254720780575266e-70,3.8360692153028123e-70,3.64967000297574e-39,0.00010229904769974582,2554557.363653342,329501.27068370127
3.556865226041427e-05,0.00018125200224744398,-131.04920846766018,595.5674780460555,0.0,9.119891784959392e-38,51.56836698062414,1.538600385076357e-62,0.0,8.377728020855186e-75,17.189455660208043,6.988968083206716e-54,9.582425997974488e-70,1.3167358113899715e-65,1.5800458350327214e-82,1.2500990116958386e-69,1.0063203642727919e-69,9.038756448316931e-39,0.00010394885950617332,2555132.4196876595,341062.6465814225
3.558050209626478e-05,0.00017968923209438193,-132.72165002155276,601.0690982630214,0.0,2.2608463928748636e-37,52.92558402294521,6.6036332861862e-62,0.0,1.3028680784237464e-74,17.641861340981734,2.2754015560501163e-53,0.0,6.169863155612052e-65,4.5899262339159174e-82,3.7433649007115067e-69,2.3731424280898383e-69,2.2650625560567042e-38,0.000105644941465251,2555704.0273691798,353291.65357060084
3.559235193211529e-05,0.00017810633518688566,-134.44662355685435,606.7452743559746,0.0,5.672335516084633e-37,54.34926996154502,2.8554160982314202e-61,0.0,1.4389933893559007e-74,18.116423320515004,7.822145813612005e-53,0.0,2.842213257911025e-64,1.3750769114928583e-81,1.4084827450666267e-68,6.58081363724852e-69,5.745497096326381e-38,0.00010738946957798136,2556272.1854304187,366242.020039043
3.560112621096826e-05,0.0001769209264072978,-135.7593717811332,611.0661415680736,0.0,1.1236982475155963e-36,55.449061876168194,8.266158634577307e-61,0.0,1.4297634550859473e-74,18.483020625389397,1.980666475829141e-52,0.0,8.508363098034392e-64,2.404952926297754e-81,3.7631762307705e-68,1.2368143296753505e-68,1.1511200377335972e-37,0.00010871379331355484,2556690.657765162,376330.68744168716
3.560990048982123e-05,0.00017572386179837623,-137.10364872970743,615.4917879479641,0.0,2.2438323524461047e-36,56.58998779951991,2.4443165794882733e-60,0.0,1.4473131237227798e-74,18.863329266506632,5.1405962743409644e-52,0.0,2.629094365926071e-63,3.7245005923320334e-81,1.1132791301875734e-67,2.257397034959777e-68,2.3271995521483715e-37,0.00011006694708066518,2557107.237560774,386873.5069180184
3.56186747686742e-05,0.00017451485918551897,-138.48072526684632,620.0264393713733,0.0,4.52197919240292e-36,57.77428556850247,7.373136198799092e-60,0.0,1.5015607240032959e-74,19.25809518950082,1.3609407893285858e-51,0.0,8.406281544590927e-63,5.807526753429081e-81,3.697630681273428e-67,4.560357414654331e-68,4.741412787351671e-37,0.00011144998018897307,2557521.9243107997,397898.80939788034
3.562744904752718e-05,0.00017329362493749296,-139.89194410395027,624.6745580928504,0.0,9.190178139593766e-36,59.00435376826857,2.2564582695326893e-59,0.0,1.5521695751384444e-74,19.66811792275619,3.6541638867009523e-51,1.9074083885392473e-84,2.753006043755626e-62,1.066288054195243e-80,1.3287415168064922e-66,1.1419736186992338e-67,9.729449713331085e-37,0.00011286399621435533,2557934.717511086,409437.1931272867
3.563622332638015e-05,0.00017205985331220075,-141.33872507371638,629.4408597372897,0.0,1.8824977181747237e-35,60.28276615813363,6.992487797615346e-59,0.0,1.5813689845901838e-74,20.09425538604454,9.927149508415742e-51,2.8419053198942026e-84,9.175653537240507e-62,2.388283385585209e-80,4.96221286124715e-66,3.2496905011121476e-67,2.011514455973943e-36,0.0001143101566589639,2558345.61665978,421521.74608403404
3.564499760523312e-05,0.00017081322574963393,-142.82257092115336,634.3303319152858,0.0,3.886270549211373e-35,61.612287662863906,2.1736171974823463e-58,0.0,4.753066083872795e-73,20.537429220954632,2.712460027189138e-50,1.1414017821563225e-66,3.0109104359852597e-61,7.380663697138089e-80,1.8296184942868266e-65,8.963635475825616e-67,4.1911675421397695e-36,0.0001157896849418934,2558754.621257334,434188.29445944045
3.565377188408609e-05,0.00016955341011524411,-144.34507359532026,639.3482544041956,0.0,8.086745333452532e-35,62.99589212030373,6.85629753717088e-58,0.0,2.0394312440399242e-72,20.998630706767905,7.494925691018988e-50,2.9743786023373587e-66,1.0043084341966624e-60,4.712049002874031e-79,7.2541552177569805e-65,5.842048669692338e-66,8.802334552702399e-36,0.00011730387071050227,2559161.730806503,447475.68054000405
3.5662546162939065e-05,0.00016828005988940133,-145.90792108886015,644.5002210387368,0.0,1.6963930137966916e-34,64.43678201168365,2.1987234392258317e-57,0.0,5.675305192181706e-72,21.47892733722788,2.0984623075392742e-49,1.3152128518073058e-65,3.444762025540054e-60,1.7131471366197863e-78,2.7976881365245683e-64,1.5992953099220884e-65,1.8637801340011782e-35,0.00011885407449374357,2559566.9448123453,461426.0740175417
3.5671320441792036e-05,0.00016699281329397422,-147.51290492672064,649.792163626033,0.0,3.5881414637035006e-34,65.93841043951043,7.155973097783511e-57,0.0,1.3594135546752414e-71,21.979470146503473,5.951070982484522e-49,2.3923533521712642e-65,1.2060078106751608e-59,7.239349466945106e-78,1.130940147347251e-63,6.454273607555583e-65,3.979411885909001e-35,0.00012044173275897217,2559970.262782224,476085.32153630175
3.568009472064501e-05,0.00016569129234819427,-149.16192840039187,655.2303781819422,0.0,7.6540435404324625e-34,67.50450565647287,2.3890475738596135e-56,0.0,2.0362721456680847e-71,22.501501885490953,1.7247032010373235e-48,0.0,4.471134514625738e-59,1.891360306232504e-77,4.775530469952185e-63,1.831548766092042e-64,8.569719347586077e-35,0.00012206836343314343,2560371.684225807,491503.340018759
3.568886899949798e-05,0.00016437510184806074,-150.8570156116958,660.821553683362,0.0,1.646970690541812e-33,69.13909849248697,8.061305472169e-56,0.0,2.216766857456393e-71,23.046366164162315,5.054554746795804e-48,0.0,1.665082657434571e-58,4.605725819396798e-77,2.0237446471903816e-62,4.300189124751937e-64,1.8618149154941763e-34,0.00012373557191676813,2560771.208655068,507734.5600984008
3.569764327835096e-05,0.000163043828263085,-152.6003214170199,666.5728036131045,0.0,3.57565174676626e-33,70.84655308120865,2.7463282616938317e-55,0.0,2.105145730876213e-71,23.615517693736216,1.4948884195473885e-47,0.0,6.198866056837681e-58,1.3412103343900434e-76,8.659799564528365e-62,1.0623848429760018e-63,4.0816117405675725e-34,0.00012544505764763275,2561168.8355842885,524838.4270778245
3.570641755720393e-05,0.0001616970385420514,-154.39414237880044,672.4917006248436,0.0,7.834381421153275e-33,72.63160135331717,9.475383942484858e-55,0.0,2.0612953109300888e-71,24.21053378443905,4.470932610597544e-47,5.129132584104291e-80,2.326367856911781e-57,5.113088639550669e-76,3.7688672365776516e-61,3.437069436868971e-63,9.031496022317363e-34,0.00012719862127266732,2561564.564530053,542879.9681138714
3.57151918360569e-05,0.00016033427881778525,-156.2409288499428,678.5863147151225,0.0,1.732786154685955e-32,74.49938184132756,3.316774522211555e-54,0.0,2.1738325700288893e-71,24.833127280442515,1.35435415001504e-46,-5.261032385051897e-80,8.845095015592795e-57,2.1791998270531679e-75,1.668466749772234e-60,1.1982862714184348e-62,2.0175882893961936e-33,0.00012899817249449413,2561958.3950112583,561930.4358612725
3.572396611490987e-05,0.00015895507300009041,-158.14329833372597,684.8652553418995,0.0,3.869827015108865e-32,76.45548343128385,1.178870797468451e-53,0.0,2.3106617453695646e-71,25.48516114376128,4.1586395651667064e-46,6.782706416938798e-79,3.414302200015705e-56,9.833493541320793e-75,7.523329619637769e-60,4.3874168522629e-62,4.551631323242546e-33,0.0001308457386697333,2562350.3265491053,582068.0406160003
3.573274039376284e-05,0.000157558921245172,-160.10405027960763,691.3377179853778,0.0,8.72901404827282e-32,78.5059948042595,4.256796641063082e-53,0.0,2.376208080999161e-71,26.168664934753163,1.2950189676317444e-45,-6.0328607496802e-79,1.3394207902821263e-55,4.609099466689191e-74,3.4581344793451346e-59,1.691135353759211e-61,1.0372542821742322e-32,0.00013274347424622953,2562740.3586671054,603378.7851663246
3.5741514672615814e-05,0.00015614529828838128,-162.12618249824249,698.0135357203474,0.0,1.989262368652019e-31,80.65756043966232,1.5623575466323365e-52,0.0,2.403088559406574e-71,26.885853479887434,4.0917000607251766e-45,-1.8743115484642625e-78,5.343620655814045e-55,2.2262294548098756e-73,1.6213246582979918e-58,6.885274186391047e-61,2.3884405180859506e-32,0.00013469367113683393,2563128.49089108,625957.4191809631
3.5750288951468785e-05,0.00015471365162516461,-164.21290940763927,704.903236462286,0.0,4.581462418387393e-31,82.9174442074073,5.831421202722688e-52,0.0,2.4615675027238183e-71,27.639148069135764,1.3122912724879686e-44,1.3939471088403957e-77,2.169203046080124e-54,1.1048982987695689e-72,7.757758651066141e-58,2.970177929671779e-60,5.55888726457414e-32,0.0001366987701400935,2563514.722749158,649908.533143779
3.575668441736622e-05,0.00015365845303000916,-165.776567554622,710.0662568746105,0.0,8.44183232969852e-31,84.63742608093288,1.5088200989897618e-51,0.0,2.5337237735231556e-71,28.212475360310957,3.0570920992201303e-44,-1.1464593296623667e-78,5.939904335945922e-54,2.480406102191223e-72,2.374608198252017e-57,7.982486682074272e-60,1.0341161337332162e-31,0.00013819634017696758,2563795.04482935,668296.8203682693
3.576307988326365e-05,0.0001525931347639212,-167.37779384966896,715.3535320495142,0.0,1.5654357557526805e-30,86.42250141653196,3.972207018239713e-51,0.0,2.6324577560168968e-71,28.807500472177317,7.212187682673869e-44,4.131241459134448e-77,1.6570292230908291e-53,5.140205340406097e-72,7.46530496989578e-57,2.264177449308435e-59,1.9380567725731235e-31,0.00013972552305477738,2564074.3568571243,687524.4046096038
3.5769475349161084e-05,0.00015151745179791594,-169.0180890260676,720.7699570817052,0.0,2.9245809554572145e-30,88.27624347164522,1.0635191639737718e-50,0.0,2.8379028109483216e-71,29.425414490548402,1.7247324086040626e-43,5.161350131049728e-77,4.703439511311364e-53,1.2899356273233097e-71,2.3991534444248264e-56,7.07959958276391e-59,3.656643290906278e-31,0.000141287437156407,2564352.6586520746,707644.0866675456
3.577587081505852e-05,0.0001504311492455075,-170.69903767633483,726.3206943517131,0.0,5.5022612177351654e-30,90.20248394724845,2.88369829868131e-50,0.0,3.5249413700788578e-71,30.06749464908281,4.1701852259290696e-43,-5.1544717181102425e-77,1.3535581388457494e-52,4.05987842873732e-71,7.835976536353227e-56,2.3642551533557244e-58,6.941515413669119e-31,0.00014288325678099822,2564629.950034446,728712.9162552146
3.578226628095595e-05,0.00014933396180612053,-172.42231432801452,732.0111925567156,0.0,1.0420823645396281e-29,92.20533630422331,7.904115291039538e-50,0.0,6.259611116039581e-71,30.735112101407765,1.0180742446018645e-42,-1.3860035531673005e-76,3.94404312621192e-52,1.4260443147762e-70,2.5961227651220373e-55,8.177844019347347e-58,1.3260578550013074e-30,0.00014451421577524974,2564906.2308251364,750792.6106240364
3.578866174685338e-05,0.00014822561316399003,-174.18969010869117,737.8472076011268,0.0,1.9866709638947746e-29,94.28922161965576,2.1893683094416583e-49,0.0,1.7757510531647006e-70,31.429740539885252,2.5089041568009735e-42,3.607787227008738e-76,1.1627897524475778e-51,5.2207081369780857e-70,8.717287853042335e-55,2.8932918484458754e-57,2.54988845537375e-30,0.00014618161148143732,2565181.500845697,773950.0224698341
3.579505721275082e-05,0.00014710581534589946,-176.0030399676924,743.8348252598846,0.0,3.8129089744041485e-29,96.45889729392724,6.129072536687287e-49,0.0,6.751019974870692e-70,32.15296576464241,6.241839517746454e-42,2.719000164421292e-75,3.4672199995940416e-51,1.9588855562365581e-69,2.965494650310559e-54,1.042763616744847e-56,4.93622269458184e-30,0.00014788680898003464,2565455.7599183302,798257.6634517683
3.580145267864825e-05,0.00014597426803411185,-177.8643505157024,749.980485822656,0.0,7.367978950641697e-29,98.71948897723826,1.734466065653823e-48,0.0,2.871791299712281e-69,32.906496325746076,1.567973010478149e-41,9.20783460505235e-75,1.0456061417877124e-50,7.527985128929509e-69,1.0220989511479423e-53,3.8226091213873013e-56,9.621534166818744e-30,0.0001496312456551058,2565729.0078658937,823794.2910307691
3.580784814454568e-05,0.00014483065782673312,-179.7757285986422,756.2910111042203,0.0,1.433711092180226e-28,101.07652614692165,4.962880857053635e-48,0.0,1.273589875830262e-68,33.69217538230721,3.9778682893683416e-41,2.343701071444056e-74,3.189584651206732e-50,2.9668071807698214e-68,3.570040681302637e-53,1.424396699193897e-55,1.8886117595121718e-29,0.00015141643613990062,2566001.244511897,850645.5677925603
3.581424361044311e-05,0.00014367465743895218,-181.73941070762456,762.7736341689067,0.0,2.809724378959854e-28,103.53598182959416,1.436196581114453e-47,0.0,5.7750540197603325e-68,34.51199394319805,1.0194113746610346e-40,5.074031834969951e-74,9.84417785618963e-50,1.1999914321133552e-67,1.264050513602422e-52,5.393772223980435e-55,3.73393392123891e-29,0.00015324397769127373,2566272.469680502,878904.8038095254
3.5820639076340546e-05,0.00014250592484058686,-183.7577733036361,769.4360320550271,0.0,5.546624220515015e-28,106.10431703350704,4.20464313734895e-47,0.0,2.665370072819671e-67,35.36810567783568,2.6396471313758482e-40,9.861645588707016e-74,3.0748051803655387e-49,4.98452682016018e-67,4.5384339930732464e-52,2.0755519545624643e-54,7.436944433256088e-29,0.00015511555602756548,2566542.6831965265,908673.7941816418
3.582703454223798e-05,0.00014132410232499425,-185.83334414526783,776.2863618280179,0.0,1.1031529846185185e-27,108.78853054495035,1.245686774154802e-46,0.0,1.251093927522254e-66,36.262843514983444,6.908053357407773e-40,1.7723308635839656e-73,9.72241166604557e-49,2.1275743504953197e-66,1.652911611415579e-51,8.117106255130953e-54,1.492477886622298e-28,0.0001570329516678011,2566811.8848854387,940063.7659317346
3.583343000813541e-05,0.00014012881550256153,-187.96881473746973,783.3333003995457,0.0,2.2108938847514723e-27,111.59621485017188,3.735839357357434e-46,0.0,5.973170202821475e-66,37.19873828339062,1.827681720715833e-39,3.0000402858482205e-73,3.1130278224439124e-48,9.33543822694789e-66,6.108807614581131e-51,3.226892863111193e-53,3.018505958283536e-28,0.00015899804682375433,2567080.0745733622,973196.4509542678
3.5839825474032845e-05,0.0001389196722105843,-190.1670540431325,790.5860886451693,0.0,4.4659359524152374e-27,114.53561907059355,1.1345106781371544e-45,0.0,2.901724631573467e-65,38.178539690197844,4.889990014920604e-39,4.842512532633083e-73,1.0096849550164775e-47,4.211557210726395e-65,2.291899183566951e-50,1.3043821759661021e-52,6.153697142125159e-28,0.00016101283290675914,2567347.2520870734,1008205.3047003452
3.584622093993027e-05,0.0001376962613307205,-192.43112361319982,798.0545804239606,0.0,9.094127778143044e-27,117.61571994690709,3.4899410840984055e-45,0.0,1.4349302433352643e-64,39.20523998230236,1.323461802799551e-38,7.519654405914853e-73,3.318414898028458e-47,1.9533791949260434e-64,8.73260469613611e-50,5.36301957207721e-52,1.2648337025514188e-27,0.0001630794187157152,2567613.4172540028,1045236.8937966186
3.585261640582771e-05,0.00013645815150459205,-194.7642943065668,805.7492971875939,0.0,1.8672805564870587e-26,120.84630208314186,1.0878571789596383e-44,0.0,7.226565057017923e-64,40.28210069438062,3.6245231385180234e-38,1.1306813606258509e-72,1.105535143786896e-46,9.31268676932653e-64,3.3805457486174065e-49,2.2437130373403886e-51,2.621692272775103e-27,0.00016520003937741556,2567878.5699022356,1084452.480021192
3.585736017051579e-05,0.00013553003606316566,-196.5415897826088,811.6095095627908,0.0,3.195332280819392e-26,123.3460242257249,2.5208000053939686e-44,0.0,2.3391126331397835e-63,41.11534140857496,7.654355497757491e-38,1.0386295003516854e-53,2.6868707128269197e-46,2.6588450289716307e-63,9.135017569854536e-49,6.41771175805431e-51,4.521717765901253e-27,0.00016680928435059767,2568074.589742921,1115055.2266472622
3.586210393520388e-05,0.00013459339184821218,-198.3603377442681,817.6052291644727,0.0,5.494580552987656e-26,125.9391053626417,5.90742287230161e-44,0.0,2.7596189706423292e-62,41.97970178754723,1.6304053413143492e-37,3.850279060876402e-53,6.600892684924496e-46,2.6553901288983928e-62,2.5076333833418773e-48,1.8654527166549454e-50,7.842184438807803e-27,0.00016845057885723228,2568270.0523558916,1147036.0242570518
3.586684769989197e-05,0.00013364801846291134,-200.22213342839487,823.7415851065267,0.0,9.501286724190436e-26,128.630585086286,1.4013680078846787e-43,0.0,8.86792148818425e-62,42.87686169542866,3.507282290357463e-37,1.0636117171765634e-52,1.6413984064231074e-45,1.3670061826430651e-61,6.992923625024652e-48,5.507703111626479e-50,1.3675071175768657e-26,0.00017012498925342978,2568464.9576716893,1180480.0656722628
3.5871591464580054e-05,0.00013269370774592586,-202.12865763075035,830.0239828801342,0.0,1.652005776365538e-25,131.42586047131906,3.357643388001196e-43,0.0,3.766296912699625e-61,43.80862015710635,7.61020422786268e-37,2.9673315299148523e-52,4.1255975584596455e-45,5.2405974463838855e-61,1.9752246078914906e-47,1.6489450486213667e-49,2.3966949278484225e-26,0.0001718336316620452,2568659.305621052,1215479.2753800456
3.587633522926814e-05,0.00013173024335104267,-204.08168262608098,836.4581247083312,0.0,2.887657282899287e-25,134.33071763586852,8.115706890960527e-43,0.0,1.3381405898937632e-60,44.776905878622834,1.6642342589782278e-36,8.446432268577957e-52,1.0471197493308358e-44,1.7043865227647834e-60,5.642663465188426e-47,5.001220416924558e-49,4.2219258029182224e-26,0.0001735776749589679,2568853.096134917,1252132.9617070772
3.5881078993956224e-05,0.0001307574002947852,-206.08307863272006,843.0500320487319,0.0,5.074382634637386e-25,137.35136665951987,1.974578181447637e-42,0.0,4.059909780163153e-55,45.78378888650662,3.662014860543122e-36,4.151252883998359e-51,2.6676885695987335e-44,6.472471282097919e-60,1.6160084293357648e-46,1.5189605252916016e-48,7.476689183185216e-26,0.00017535834399655723,2569046.3291444196,1290548.544696625
3.5885822758644315e-05,0.00012977494447425868,-208.1348207941735,849.8060702182863,0.0,8.96527553926293e-25,140.49448026086822,4.8454597522334925e-42,0.0,1.6513105886131808e-54,46.8314934202894,8.118540391000818e-36,1.1774138523283786e-50,6.848794683874293e-44,3.6300925721105274e-59,4.674006807834143e-46,4.6499423329280415e-48,1.3312795733405707e-25,0.00017717692304811282,2569239.004580893,1330842.369364956
3.58905665233324e-05,0.00012878263215282393,-210.2389967278727,856.7329754091046,0.0,1.5927004925600403e-24,143.7672367082957,1.200362628077339e-41,0.0,4.1420977320917484e-54,47.922412236098566,1.814883975899221e-35,3.3087125219064346e-50,1.7775881620621959e-43,1.2988448832303339e-58,1.3708892169736595e-45,1.442717058915114e-47,2.383634669502495e-25,0.00017903475948969082,2569431.1223758683,1373140.61604119
3.5895310288020485e-05,0.0001277802094083609,-212.39781474227783,863.8378845685421,0.0,2.8454047473235708e-24,147.17736751521113,3.009859608188018e-41,0.0,6.132467783043397e-54,49.05912250507037,4.1001155206475823e-35,6.972986843086127e-50,4.703836354362539e-43,3.3854480114738444e-58,4.121188804152003e-45,4.636529427504897e-47,4.29217442424144e-25,0.0001809332677588142,2569622.682461074,1417580.3216967308
3.590005405270857e-05,0.00012676741153967372,-214.61361280750998,871.1283685910938,0.0,5.112670991398647e-24,150.7332105494174,7.595785482915554e-41,0.0,1.138514818657183e-53,50.24440351647246,9.320834915262871e-35,2.485172872327796e-49,1.2472307526785863e-42,8.096899255879726e-58,1.2382462180771491e-44,1.4836636588131964e-46,7.774005007517654e-25,0.0001828739336195309,2569813.6847684383,1464310.5282684774
3.5904797817396654e-05,0.00012574396242796384,-216.888868351854,878.6124692565429,0.0,9.240712656841854e-24,154.443769275197,1.9333617077590748e-40,0.0,2.6047789754641586e-53,51.48125642506566,2.1349775574398273e-34,6.642849077087604e-49,3.3227105915519994e-42,2.671882610696698e-57,3.7424888639291533e-44,4.7559422398645926e-46,1.4164691739871682e-24,0.00018485831876094078,2570004.1292300876,1513493.576437278
3.5909541582084746e-05,0.0001247095738501037,-219.22620895388548,886.298740388462,0.0,1.6802792302233006e-23,158.31877895589216,4.971412134366701e-40,0.0,5.676942622106381e-53,52.77292631863072,4.934483761885405e-34,2.2101983213273128e-48,8.955684295559516e-42,8.769752587825117e-57,1.1480484843526818e-43,1.546844401317868e-45,2.5967615169703183e-24,0.00018688806574797525,2570194.015778346,1565306.5663568322
3.591428534677283e-05,0.00012366394473924827,-221.62842402683916,894.1962938585764,0.0,3.0742869493663803e-23,162.36878077657173,1.2916692935412914e-39,0.0,1.1499936856034006e-52,54.1229269255239,1.151136419525509e-33,5.916894361052991e-48,2.442940888307551e-41,2.816322423256738e-56,3.572163672305153e-43,5.123358204843381e-45,4.7906137710577736e-24,0.00018896490335427923,2570383.3443457354,1619943.0106544252
3.5919029111460915e-05,0.00012260676038741312,-224.09847761325472,902.3148512099207,0.0,5.660658932268415e-23,166.6052050005257,3.390931985758529e-39,0.0,2.2558961792491558e-52,55.535068333508555,2.7105297992202107e-33,2.0418028130627407e-47,6.737959396993443e-41,9.34211846391061e-56,1.1258774468994896e-42,1.7224893859969655e-44,8.89529092647777e-24,0.0001910906523153421,2570572.1148649757,1677614.7095566217
3.5923772876149e-05,0.00012153769158428329,-226.63952241758727,910.6648017975511,0.0,1.0491228499987182e-22,171.0404644529803,8.996038331571505e-39,0.0,4.3947979238189844e-52,57.013488150993425,6.442920188425997e-33,5.599697407081552e-47,1.8787560702753936e-40,3.2350860578962015e-55,3.5940849147438635e-42,5.876133430111454e-44,1.6627207609417104e-23,0.00019326723154130369,2570760.327268987,1738553.883330335
3.592724808477471e-05,0.00012074676746570328,-228.54803780491795,916.9350947327372,0.0,1.6540757944462337e-22,174.42361301629973,1.8444086978085894e-38,0.0,5.694068651542334e-52,58.14120433876656,1.220488999462962e-32,1.2777919883602356e-46,4.0200999433995655e-40,7.166105524214515e-55,8.481560583239135e-42,1.4729536970134824e-43,2.638962093920954e-23,0.0001948951839225613,2570897.854527941,1785417.109377373
3.5930723293400416e-05,0.00011994913952700941,-230.4978438484265,923.3401687428609,0.0,2.617397871034336e-22,177.92640614395174,3.8110166956570916e-38,0.0,6.01947124089513e-52,59.3088020479839,2.327053575050852e-32,3.1815214224501867e-46,8.682039978562917e-40,1.6297176546005894e-54,2.0242078486669958e-41,3.748321463349434e-43,4.2054970587017865e-23,0.00019655233320904633,2571035.0821954333,1834279.1597837321
3.593419850202612e-05,0.00011914466175160501,-232.49040231106085,929.8849188046139,0.0,4.1587609476466188e-22,181.55493204379317,7.932465805803801e-38,0.0,5.842206429911441e-52,60.51831068126438,4.463670415333072e-32,7.69482530988545e-46,1.8844680603851533e-39,4.0954322336839615e-54,4.862513901124642e-41,9.572963567657256e-43,6.72988205907182e-23,0.00019823954687078684,2571172.0102452943,1885256.942293341
3.5937673710651826e-05,0.00011833318292206358,-234.52724657295926,936.5745090841967,0.0,6.6350535900427845e-22,185.31568458361684,1.661878558733211e-37,0.0,5.8651509793843835e-52,61.7718948612056,8.609710810408625e-32,1.8320361538816785e-45,4.108550018944691e-39,1.1094912775407987e-53,1.1748176702135082e-40,2.4524585669109174e-42,1.0812322777195572e-22,0.00019995772801804115,2571308.638651409,1938476.1256144186
3.594114891927754e-05,0.00011751454636308208,-236.60998611660477,943.4143943752966,0.0,1.062889158873434e-21,189.21559682831548,3.503853735433249e-37,0.0,6.301421195809636e-52,63.07186560943848,1.6699701149905864e-31,4.4523828911584846e-45,9.006524104602537e-39,3.1223267977627447e-53,2.8576393268644346e-40,6.318128992065556e-42,1.7440400182579323e-22,0.00020170781724143633,2571444.967387721,1994071.9481996733
3.594462412790324e-05,0.00011668858966660231,-238.74031138027306,950.4103440199274,0.0,1.7096495596617896e-21,193.26207790702654,7.428349798986158e-37,0.0,1.1711466419780897e-51,64.4206926356755,3.2551488034115336e-31,1.0982484844532991e-44,1.9789566910915634e-38,9.213037063222309e-53,6.9720980137407344e-40,1.62022323719103e-41,2.824754910514917e-22,0.00020349079457124885,2571580.9964282294,2052190.117105535
3.594809933652895e-05,0.00011585514440083613,-240.919998952771,957.5684683192062,0.0,2.7614580699034143e-21,197.46305358135226,1.5852170433102112e-36,0.0,2.6757468987794744e-51,65.82101786045074,6.3818771171871175e-31,2.7176739202080073e-44,4.371946975469685e-38,2.742243256829021e-52,1.7131051230432562e-39,4.1757312280154527e-41,4.594592305150212e-22,0.00020530768154556646,2571716.725746993,2112987.807867931
3.595157454515466e-05,0.0001150140358020149,-243.15091713709398,964.8952477798578,0.0,4.47944493046342e-21,201.82701094834667,3.407282271839893e-36,0.0,5.61437966480354e-51,67.27567031611555,1.2592537575967106e-30,6.793888653802731e-44,9.740514373832106e-38,8.118157234885377e-52,4.252189342124014e-39,1.0905903042179045e-40,7.505847706790667e-22,0.00020715954339099396,2571852.155318126,2176634.7787606064
3.5955049753780364e-05,0.0001141650824460062,-245.4350319492402,972.3975657970567,0.0,7.298069019003461e-21,206.36304777877493,7.385314402769128e-36,0.0,8.954238700339656e-51,68.78768259292497,2.503490231685963e-30,1.7062787556330642e-43,2.19896123543996e-37,2.3659554467767194e-51,1.0714402144046495e-38,2.9324440678063107e-40,1.2316496907657662e-21,0.0002090474913347711,2571987.2851158,2243314.615406421
3.595852496240607e-05,0.00011330809589754761,-247.7744136003074,980.0827453405592,0.0,1.1943648921267198e-20,211.0809270563492,1.6107727751678019e-35,0.0,1.7480319507702715e-50,70.36030901878306,5.005655421873866e-30,4.3438137355129924e-43,4.983903591222324e-37,7.099855700444688e-51,2.710932510997958e-38,7.866824942806859e-40,2.030316279175506e-21,0.00021097268505656158,2572122.1151142437,2313226.1239568866
3.5962000171031774e-05,0.00011244288033578377,-250.17124350301512,987.9585902409747,0.0,1.963647552714319e-20,215.99113735656746,3.537471278052837e-35,0.0,4.154290720877431e-50,71.99704578552247,1.0070219877908154e-29,1.0990977072173043e-42,1.1344497818093495e-36,2.1723444154239345e-50,6.898158514312439e-38,2.1112399173483153e-39,3.362694825946246e-21,0.00021293633529293163,2572256.645287744,2386584.8937916732
3.5965475379657485e-05,0.0001115692321547378,-252.62782183424446,996.0334317193941,0.0,3.2437264652375526e-20,221.104959793273,7.839412237814471e-35,0.0,9.24929968514474e-50,73.70165326442432,2.042308302708345e-29,2.8152045593504647e-42,2.6184917014797624e-36,6.626257999314807e-50,1.784086968379724e-37,5.84297065444976e-39,5.5965428822230814e-21,0.00021493970659483403,2572390.8756106435,2463625.0539812343
3.596748484271876e-05,0.00011106013387369876,-254.0764929896191,1000.7967986085431,0.0,4.343837094165347e-20,224.1595464972216,1.2427424330874525e-34,0.0,1.4779687021436493e-49,74.7198488324072,3.078733285997896e-29,4.900026262109301e-42,4.25145964915563e-36,1.251840157803357e-49,3.086228879178446e-37,1.0513426535936092e-38,7.528187135171283e-21,0.00021611675196587084,2572468.3545185123,2509950.549241187
3.596863946782028e-05,0.00011076628536624019,-254.91848294267479,1003.5659344291904,0.0,5.1411580603132815e-20,225.94828151355145,1.6211148958994642e-34,0.0,1.9986395170102903e-49,75.31609383785047,3.901170686036166e-29,6.774855519706751e-42,5.620246718081007e-36,1.810855001041557e-49,4.232233537398412e-37,1.4733597828003152e-38,8.93381931738148e-21,0.00021679938458806603,2572512.8280634405,2537184.329247405
3.5969794092921804e-05,0.00011047146057523185,-255.76759214475115,1006.3589412871604,0.0,6.088363659957881e-20,227.76213717374975,2.117180885227444e-34,0.0,2.7606119071882144e-49,75.92071239124991,4.947896480378463e-29,9.348112760256251e-42,7.436503719814272e-36,2.630443564830752e-49,5.812147366384755e-37,2.0665788264273651e-38,1.0608534237005206e-20,0.0002174866858741084,2572557.268503193,2564880.0867683683
3.597094871802333e-05,0.00011017565122474794,-256.62391765836145,1009.1761549685194,0.0,7.214328954257117e-20,229.60161503870148,2.768303758153035e-34,0.0,3.87461961797422e-49,76.53387167956714,6.281424970845601e-29,1.286438485522827e-41,9.849456938873824e-36,3.8347919250958084e-49,7.99351547815366e-37,2.901826693024255e-38,1.26048162848889e-20,0.000218178707862279,2572601.6758368323,2593048.431004548
3.597210334312485e-05,0.00010987884892580398,-257.48755835253087,1012.0179181601953,0.0,8.553539208043826e-20,231.467229635839,3.6236589358738104e-34,0.0,5.5043454349147305e-49,77.15574321194633,7.981656316378634e-29,1.7732801037135671e-41,1.3058159586637388e-35,5.606674701219457e-49,1.1008424030889469e-36,4.079463293319153e-38,1.4985597858280328e-20,0.00021887550337419074,2572646.050063424,2621700.2791953217
3.597325796822638e-05,0.00010958104517415402,-258.3586149427849,1014.8845823272491,0.0,1.0147303117531817e-19,233.3595088711475,4.748307845293404e-34,0.0,7.893334700220673e-49,77.78650295704917,1.0151182133280446e-28,2.452399308502691e-41,1.7329198706492902e-35,8.2172197726924e-49,1.5180046566655953e-36,5.742189797672778e-38,1.7826576284881022e-20,0.00021957712602498053,2572690.3911820343,2650846.871883809
3.59744125933279e-05,0.00010928223134813927,-259.23719003850306,1017.7765063014256,0.0,1.204515192397386e-19,235.2789944560286,6.228480015488994e-34,0.0,1.1401690156607724e-48,78.42633148534286,1.2921956879973427e-28,3.3934825660248415e-41,2.3020164320226053e-35,1.2069601345738607e-48,2.0959173126682932e-36,8.093210599690421e-38,2.1218777519083206e-20,0.00022028363024246555,2572734.6991917295,2680499.7801442975
3.5975567218429426e-05,0.00010898239870651987,-260.1233881900233,1020.6940551712398,0.0,1.4306478500623955e-19,237.2262423500869,8.178465719111445e-34,0.0,1.6561495577801546e-48,79.07541411669561,1.6463708711952374e-28,4.703081387856478e-41,3.0610616435980276e-35,1.7764045953187075e-48,2.8974579415435672e-36,1.1421506266811542e-37,2.527160150123863e-20,0.00022099507128544587,2572778.9740915764,2710670.913856845
3.597672184353095e-05,0.00010868153838621979,-261.01731593363974,1023.6376007935339,0.0,1.700252402780011e-19,239.20182322097864,1.0749851907753055e-33,0.0,2.4159640393759856e-48,79.73394107365954,2.0994886679293547e-28,6.501202718975302e-41,4.0744730010804776e-35,2.6194540434734217e-48,4.010462000460225e-36,1.6139768715948352e-37,3.0116612351999776e-20,0.0002217115052578769,2572823.2158806445,2741372.534635225
3.597787646863247e-05,0.000108379641399989,-261.9190818372672,1026.6075227850997,0.0,2.0218805709197186e-19,241.20632292204408,1.4143929770957345e-33,0.0,3.5362390808937356e-48,80.40210764068135,2.6796947699268947e-28,9.061863790645672e-41,5.428882850535837e-35,3.8694971345579216e-48,5.557792699294029e-36,2.283820549586541e-37,3.5912200419539927e-20,0.00022243298912225272,2572867.424558,2772617.2705889004
3.5979031093734e-05,0.0001080766986340163,-262.82879654898613,1029.6042088895276,0.0,2.405805972472339e-19,243.2403429882821,1.8628287985430173e-33,0.0,5.190150470639414e-48,81.08011432942735,3.42328929236729e-28,1.2454256585551444e-40,7.240889112144941e-35,5.725979797689381e-48,7.711497876564918e-36,3.2361554495842334e-37,4.284920023993107e-20,0.00022315958071507906,2572911.600122714,2804418.130002219
3.5980185718835524e-05,0.00010777270084550199,-263.7465728479237,1032.6280548452175,0.0,2.864379116334995e-19,245.30450115140687,2.4558991043340428e-33,0.0,7.635197630676387e-48,81.76816705046895,4.377129549234515e-28,1.776812494024353e-40,9.667551943992174e-35,8.487651543446318e-48,1.071274150345571e-35,4.591851479382076e-37,5.11576548453701e-20,0.00022389133876397492,2572955.742573856,2836788.5142038385
3.598134034393705e-05,0.00010746763866017612,-264.6725256961561,1035.6794643663652,0.0,3.4124563199730527e-19,247.3994318749261,3.24102993489381e-33,0.0,1.1254733806493734e-47,82.46647729164202,5.601754291740183e-28,2.333554886096532e-40,1.2920655231057666e-34,1.2602749222426145e-47,1.490001657874745e-35,6.524578317170174e-37,6.111502978781015e-20,0.0002246283229047621,2572999.8519104966,2869742.2312704297
3.5983072796026407e-05,0.00010700789192144596,-266.07746298944903,1040.3105486931618,0.0,4.442886896216239e-19,250.60191876223567,4.9240178183466285e-33,0.0,2.0226613824223322e-47,83.53397292074521,8.125280772315104e-28,2.9994756614692476e-40,2.000817085547282e-34,2.2896722011538462e-47,2.450781295678411e-35,1.1087712103578328e-36,7.990118184659365e-20,0.0002257440638684617,2573065.9734469038,2920313.0248839576
3.5984805248115766e-05,0.0001065456947294817,-267.5014784654335,1045.0060459283652,0.0,5.792713127701333e-19,253.8774342636199,7.49898159678807e-33,0.0,3.6501328376454056e-47,84.62581142120662,1.1810698659320436e-27,4.085417905165184e-40,3.1061380874877754e-34,4.178380673120266e-47,4.0432586900282826e-35,1.8909204650297354e-36,1.0461224146455515e-19,0.00022687191565818127,2573132.0204261895,2972279.172180173
3.5986537700205125e-05,0.00010608101367226887,-268.94498978702796,1049.7674296681134,0.0,7.563424635603487e-19,257.22835128226325,1.1446319112565618e-32,0.0,6.607420272778697e-47,85.74278376075439,1.720298230289408e-27,8.178359346217226e-40,4.833183941466012e-34,7.652482248298844e-47,6.687973496896322e-35,3.23403690279028e-36,1.371632528189619e-19,0.00022801209175018849,2573197.992845224,3025692.9527402287
3.5988270152294485e-05,0.00010561381460348167,-270.4084271035974,1054.5962207600514,0.0,9.889576337725847e-19,260.6571428120996,1.7510168839484694e-32,0.0,1.1994537309766641e-46,86.88571427069986,2.5108027909706294e-27,1.8536661625019764e-39,7.537209736656538e-34,1.406461435159879e-46,1.109040619214812e-34,5.546071340748827e-36,1.8010484766429517e-19,0.0002291648106648901,2573263.8907008814,3080609.124263731
3.5990002604383844e-05,0.00010514406262037344,-271.8922335212295,1059.493989258148,0.0,1.2949957471996954e-18,264.1663871341547,2.6846757898619496e-32,0.0,2.1840454208960578e-46,88.05546237805156,3.67205685476759e-27,2.826870957438383e-39,1.1778814514458468e-33,2.594941804485178e-46,1.8436231295350642e-34,9.53184765780655e-36,2.3684123088078413e-19,0.0002303302961087976,2573329.7139900364,3137085.0649101264
3.5993368953691125e-05,0.00010422384705217963,-274.8354079833917,1069.2142785482504,0.0,2.196798981411385e-18,271.225500042984,6.222577104682388e-32,0.0,7.165725345847591e-46,90.40850001432798,7.749114110891195e-27,0.0,2.837765287842742e-33,8.78349968825809e-46,5.029936717956225e-34,2.7941231806369325e-35,4.050851052964516e-19,0.00023263233571064023,2573457.4028187357,3251512.8356908197
3.599683737721309e-05,0.00010326521930459492,-277.9537843602142,1079.5213517623076,0.0,3.812228779642875e-18,278.8493279692192,1.4994103664446941e-31,0.0,2.4865348966684114e-45,92.9497759897397,1.6917975526857733e-26,0.0,7.128473583717719e-33,3.1670574091420876e-45,1.4405407269229337e-33,8.659136776719028e-35,7.08765089866379e-19,0.00023505734344377664,2573588.6689085765,3376311.2806290206
3.599938359120238e-05,0.00010255451199255478,-280.3008823419055,1087.2848994008993,0.0,5.732427812126147e-18,284.6869110163677,2.858985976530121e-31,0.0,6.095496960629852e-45,94.89563700545587,3.0065657653535456e-26,6.044520923055946e-39,1.3990897451449642e-32,7.984827485769908e-45,3.098445359964374e-33,1.962417520777816e-34,1.0723135496643713e-18,0.0002368730605662038,2573684.842745859,3472710.9975721645
3.600192980519167e-05,0.00010183776405996002,-282.6988629313848,1095.222049397851,0.0,8.646751920656071e-18,290.740311207311,5.475700249234772e-31,0.0,1.5072333780352269e-44,96.91343706910365,5.364679642109717e-26,1.1067255471846638e-38,2.756463048007506e-32,2.0374965280535676e-44,6.698986507925241e-33,4.466743028464693e-34,1.6280224010594072e-18,0.00023871974361152614,2573780.855471365,3573434.4814608507
3.6004476019180964e-05,0.00010111484369898793,-285.14950476852755,1103.3392213419068,0.0,1.3089486813568545e-17,297.02094302863753,1.0558990977781808e-30,0.0,3.7738534926085117e-44,99.00698100954584,9.627081966192314e-26,0.0,5.466327045920367e-32,5.285449291356091e-44,1.4610942762366609e-32,1.0263164776860923e-33,2.4812354169776228e-18,0.00024059824511632555,2573876.7070752657,3678746.299018607
3.600702223317026e-05,0.00010038561446702274,-287.6546712703115,1111.6431685879027,0.0,1.9889005982981118e-17,303.54100813482626,2.0497854911815707e-30,0.0,9.544409274338856e-44,101.18033604494208,1.7376769731904128e-25,0.0,1.0911759409089822e-31,1.3906020092565177e-43,3.2127708601262475e-32,2.3797010989737683e-33,3.795936218097124e-18,0.00024250944855936832,2573972.3975477465,3788931.6006263797
3.600956844715955e-05,9.964993506604279e-05,-290.21631563984306,1120.1410006453484,0.0,3.033399303584041e-17,310.3135624506163,4.0041488084637846e-30,0.0,2.4346533197877844e-43,103.43785415020542,3.1540388844360686e-25,0.0,2.191966705582653e-31,3.706344641518463e-43,7.117454310973312e-32,5.5647276482215725e-33,5.8289984919121045e-18,0.0002444542696257983,2574067.926879012,3904298.0705592516
3.601211466114884e-05,9.890765910536974e-05,-292.8364863140309,1128.8402077827525,0.0,4.643960618237673e-17,317.3525901377529,7.866170003291046e-30,0.0,6.25815554027755e-43,105.78419671258429,5.754027201992441e-25,4.93368201265207e-36,4.420830755357406e-31,9.965393298575146e-43,1.5849079969571312e-31,1.3004127041133243e-32,8.985250322670547e-18,0.0002464336575301931,2574163.2950592814,4025178.0975689352
3.601466087513813e-05,9.815863485027942e-05,-295.5173327910138,1137.7486877138329,0.0,7.13716655502154e-17,324.6730852098459,1.5549018389252458e-29,0.0,1.6222298996600135e-42,108.22436173661528,1.0555544485037001e-24,0.0,8.965823169765531e-31,2.712890244474062e-42,3.5542448601936547e-31,3.062344477704095e-32,1.3905265085209316e-17,0.00024844859638671493,2574258.5020787907,4151931.1929419083
3.601720708912742e-05,9.740270495708349e-05,-298.26111181720694,1146.8747743840602,0.0,1.1012429641705813e-16,332.2911417006484,3.0939139426026036e-29,0.0,4.242142810914607e-42,110.76371390021612,1.947911342928748e-24,1.168229207294972e-34,1.8318487657639384e-30,7.498499136359593e-42,8.036956952672163e-31,7.280737093570883e-32,2.1606471765691512e-17,0.00025050010661012743,2574353.5479277936,4284946.687805515
3.601975330311671e-05,9.66397061925818e-05,-301.0701939953688,1156.2272692040187,0.0,1.7060879752971264e-16,340.22405344180885,6.197591921369328e-29,0.0,1.119140913324519e-41,113.40801781393627,3.616511742638063e-24,0.0,3.7706790588878086e-30,2.104001821089831e-41,1.8339310989715797e-30,1.764951752223353e-31,3.371189764108524e-17,0.0002525892463503048,2574448.4325965587,4424646.747706862
3.6022299517106004e-05,9.586946913548785e-05,-303.9470708843195,1165.815475135951,0.0,2.6541290652786943e-16,348.4904246575323,1.2498979017821533e-28,0.0,2.9788666446182736e-41,116.16347488584407,6.755673463218084e-24,2.6067103056732392e-33,7.816683697259921e-30,5.994299081275451e-41,4.2129784868240195e-30,4.269604738997879e-31,5.282265660234274e-17,0.00025471711296530514,2574543.1560753724,4571489.748512662
3.6024845731095296e-05,9.509181785854399e-05,-306.89436262826274,1175.6492339421072,0.0,4.1465667147060286e-16,357.11029274341996,2.5398055083189866e-28,0.0,8.007628699841112e-41,119.03676424780663,1.2705902901310232e-23,3.5938713184769196e-32,1.6369212555621425e-29,1.748036750705388e-40,9.756502057975727e-30,1.030604681880255e-30,8.312687308338159e-17,0.00025688484453007546,2574637.718354537,4725974.063895567
3.602739194508459e-05,9.430656959057596e-05,-309.9148261272934,1185.7389668240871,0.0,6.506500977691199e-16,366.1052647872779,5.197876890161251e-28,0.0,2.172425953047342e-40,122.03508826242594,2.4052978240646808e-23,3.6992536081428782e-31,3.4543756023828457e-29,5.183234035533936e-40,2.256179185481952e-29,2.312645631549369e-30,1.3139988241315953e-16,0.0002590936213626172,2574732.119424371,4888642.322071501
3.602993815907388e-05,9.351353435730597e-05,-313.0113637920705,1196.0957188414957,0.0,1.0255268007159853e-15,375.4986696217846,1.0712008043399313e-27,0.0,5.9479500713062255e-40,125.1662232072615,4.58218751550267e-23,3.980534217818563e-30,7.334585386835045e-29,1.5710221944234966e-39,5.003725143649064e-29,2.880158221565848e-30,2.0865585987414383e-16,0.00026134466756511993,2574826.3592752097,5060086.199275592
3.6032484373063174e-05,9.271251459918404e-05,-316.1870329320019,1206.731207558105,0.0,1.6238196102390603e-15,385.31572747148965,2.2234866739887614e-27,0.0,1.6441441382109036e-39,128.43857582382986,8.786057626607049e-23,4.750888065698305e-29,1.5672836422340501e-28,5.067279652058371e-39,7.971178370611622e-29,2.119267682217858e-45,3.328895650165411e-16,0.00026363925257002536,2574920.4378974056,5240951.828673497
3.6035030587052466e-05,9.190330476435452e-05,-319.44505582545116,1217.6578764073502,0.0,2.583286941617163e-15,395.58373957049224,4.650002590403378e-27,0.0,4.590100943708803e-39,131.86124652349739,1.6961163225015572e-22,6.318422462330739e-28,3.3722901850411494e-28,2.0883229484020397e-38,0.0,3.481188127498527e-44,5.33651945049569e-16,0.0002659786926754057,2575014.355281326,5431945.916531071
3.603757680104175e-05,9.108569087496733e-05,-322.7888305185828,1228.8889533199128,0.0,4.129589700282811e-15,406.33230049169816,9.800380525186607e-27,0.0,1.294628130087341e-38,135.44410016389938,3.297356527530328e-22,9.349166960761789e-27,7.304478741851298e-28,1.8322896153495926e-37,6.674783463234569e-43,6.138416934938934e-43,8.597281404238656e-16,0.00026836435255139855,2575108.111417356,5633842.673018936
3.6040123015031044e-05,9.025945006502474e-05,-326.22194240084826,1240.4385152302468,0.0,6.634350684566565e-15,417.59353635774676,2.0821266980251384e-26,0.0,3.690033592973412e-38,139.19784545258224,6.456847557750202e-22,1.536971031414577e-25,1.5830337454708296e-27,3.328357794815456e-36,-2.3519214009629024e-42,5.5613141460268626e-42,1.3920945005716832e-15,0.00027079764669666326,2575201.706295898,5847491.683647145
3.6042669229020336e-05,8.942435008776415e-05,-329.7481766080961,1252.3215591717296,0.0,1.071291889092874e-14,429.40237261116675,4.460140967892005e-26,0.0,1.0631671856634933e-37,143.13412420372222,1.2738378878814422e-21,2.8044999412096376e-24,3.219910677577162e-27,7.72483848573686e-35,-1.8057608764832602e-40,-1.0845145889035204e-41,2.265911778690382e-15,0.00027328004081879353,2575295.139907369,6073826.869658465
3.604521544300963e-05,8.858014879036834e-05,-333.3715313056216,1264.5540807735247,0.0,1.7389960346630297e-14,441.7968356207164,9.635478086642748e-26,0.0,3.097322470719731e-37,147.2656118735721,2.5324701118949063e-21,5.676007119484409e-23,1.1043050192908784e-27,2.0360194465797018e-33,-6.040193831957812e-40,1.371859001556233e-40,3.708080276969722e-15,0.00027581305310569765,2575388.412242204,6313876.712498867
3.604776165699892e-05,8.772659355366102e-05,-337.0962319022401,1277.1531610872598,0.0,2.838163133515629e-14,454.81839310930826,2.0998649038559804e-25,0.0,9.126780495123238e-37,151.60613103643607,5.074674604344654e-21,1.273618992256267e-21,0.0,5.988506787512948e-32,1.0596301366306444e-37,1.1306675369630499e-39,6.1017643845676024e-15,0.0002783982553470781,2575481.5232908526,6568775.949699153
3.6049642365545216e-05,8.7089972256239e-05,-339.91508871440664,1286.7052361221804,0.0,4.08868856488788e-14,464.8655475561271,3.7450903344334956e-25,0.0,2.023790914364503e-36,154.95518251870902,8.510497248658811e-21,5.745410115243094e-22,1.3608937622723235e-25,2.4356313154367327e-31,1.7438046142985945e-21,1.9691891257035744e-21,8.844990429389317e-15,0.0002803422241913784,2575550.1942824577,6767317.106955559
3.605152307409152e-05,8.644799375627019e-05,-342.7935595757256,1296.4750379550414,0.0,5.908244262680437e-14,475.29917531149795,6.714652694383604e-25,0.0,4.529313691867527e-36,158.43305843716595,1.4338311093346667e-20,0.0,2.451635187999797e-25,6.667319464843364e-31,2.696878135772017e-21,3.569092079758422e-21,1.2863077402153042e-14,0.000282316227307876,2575618.7772715725,6975193.319912944
3.6053403782637814e-05,8.580054409487118e-05,-345.73361553057435,1306.470781488903,0.0,8.565480920042403e-14,486.14037490089345,1.2112294154139916e-24,0.0,1.02396508989777e-35,162.04679163363113,2.4283283056025748e-20,1.344469987046424e-22,2.779482656186371e-25,1.3076489301156514e-30,2.2815767781905223e-21,4.063542265823789e-21,1.8769847037436357e-14,0.000284320955884742,2575687.2722543646,7193000.616384852
3.605528449118411e-05,8.514750552849637e-05,-348.7373122624847,1316.7011181730463,0.0,1.2459293945457233e-13,497.4117372010429,2.1977208189758336e-24,0.0,2.334446110958871e-35,165.80391240034763,4.1339164803400754e-20,8.395542030092892e-23,3.809287644866031e-25,1.9716316683563393e-30,1.889996812747968e-21,4.518755133008052e-21,2.7481532733345326e-14,0.00028635711765410623,2575755.6792270094,7421383.269841954
3.605716519973041e-05,8.448875636566084e-05,-351.80679421963157,1327.175166277289,0.0,1.8184323813906964e-13,509.13747521404196,4.010167033794419e-24,0.0,5.362143611348563e-35,169.71249173801394,7.073167448249519e-20,0.0,6.137330524338931e-25,2.590340261668245e-30,1.787243141184788e-21,5.106979798606492e-21,4.0373224964171694e-14,0.00028842543683401794,2575823.9981856863,7661038.547515888
3.605904590827671e-05,8.382417079481295e-05,-354.9442989421416,1337.902543992071,0.0,2.6630981164200206e-13,521.3435672627133,7.357262617496153e-24,0.0,1.2409244449258072e-34,173.78118908757108,1.2162439480663502e-19,0.0,1.5377006842167865e-24,2.6279914966445515e-30,2.195969019652038e-21,6.074851032270163e-21,5.951863268525406e-14,0.0002905266539742901,2575892.229126578,7912722.012300312
3.6060926616823e-05,8.315361870466635e-05,-358.1521615446581,1348.893405207671,0.0,3.913785615005961e-13,534.057915184018,1.3574401869824886e-23,0.0,2.892516988158884e-34,178.01930506133934,2.102081337710332e-19,1.5842327008732275e-22,2.6466260536976992e-24,3.61176770788444e-30,2.290695400963049e-21,7.059084379878921e-21,8.805643330266273e-14,0.00029266152569896987,2575960.372045875,8177253.450085577
3.6062807325369305e-05,8.24769654967436e-05,-361.4328193473533,1360.1584782483753,0.0,5.772486076990016e-13,547.3105193393206,2.5192340800517957e-23,0.0,6.791607797966761e-34,182.43683977977352,3.6524336197327867e-19,0.0,3.957320454451922e-24,4.679990440567466e-30,2.200044959358779e-21,8.006496113284954e-21,1.3075439670224452e-13,0.0002948308243267287,2576028.4269397706,8455523.507873068
3.60646880339156e-05,8.179407188902938e-05,-364.788816668476,1371.7091080993735,0.0,8.545185624333392e-13,561.1336725290123,4.703454578848385e-23,0.0,1.6067715947074886e-33,187.0445575096707,6.380813219408308e-19,3.202414437200922e-22,5.519198680590512e-24,7.585730266964947e-30,1.2541635494552585e-21,8.273701671670483e-21,1.948841279966871e-13,0.00029703533734264364,2576096.3938044626,8748501.143035816
3.6066568742461895e-05,8.110479371006462e-05,-368.2228097747989,1383.5573026000222,0.0,1.2697293920604746e-12,575.562175184739,8.83521781604906e-23,0.0,3.831090509996467e-33,191.85405839491295,1.1209392614227903e-18,0.0,1.0972610074772703e-23,7.566177374425762e-30,2.1985554648928346e-21,9.956653753293592e-21,2.915829776757141e-13,0.00029927586669375165,2576164.2726361556,9057241.999285713
3.60684494510082e-05,8.040898168345101e-05,-371.73757196331843,1395.715782968443,0.0,1.8939676759822117e-12,590.6335745377307,1.670556458656146e-22,0.0,9.209930863137108e-33,196.87785817924353,1.9808968407669136e-18,0.0,2.2223304413028858e-23,5.486862804046828e-30,3.891437529782645e-21,1.2364629623046126e-20,4.379823578999748e-13,0.00030155322788020785,2576232.0634310585,9382897.842343785
3.607033015955449e-05,7.970648120283473e-05,-375.3359987386908,1408.1980390503936,0.0,2.8362768947061963e-12,606.3884308493658,3.178161806403816e-22,0.0,2.2316455838280337e-32,202.12947694978854,3.5204275107149704e-18,0.0,4.477317789916709e-23,0.0,7.326336178829045e-21,1.6443748769921877e-20,6.605486147551971e-13,0.00030386824880925884,2576299.7661853842,9726727.209911652
3.607221086810079e-05,7.899713209722185e-05,-379.0211130494977,1421.0183898492485,0.0,4.264660466268301e-12,622.8706142479036,6.085008091126145e-22,0.0,5.452252330328578e-32,207.6235380826344,6.292982276603789e-18,1.75040046341858e-21,7.857725840447045e-23,3.1967635548568356e-29,6.473275043934587e-21,2.015655038673192e-20,1.0003532871309372e-12,0.0003062217683723112,2576367.3808953515,10090107.457160939
3.607409157664709e-05,7.828076838641472e-05,-382.7960705382614,1434.1920499748555,0.0,6.43913139571878e-12,640.1276362458054,1.1729453481314282e-21,0.0,1.343518779611639e-31,213.37587874860154,1.1318401621084263e-17,0.0,1.4870474121817607e-22,2.162032971804898e-29,1.1822002663639257e-20,2.8233635984859373e-20,1.5214275515849886e-12,0.0003086146346978614,2576434.907557184,10474548.409925427
3.6075972285193386e-05,7.755721802654025e-05,-386.6641647429015,1447.7352027176053,0.0,9.763973231736857e-12,658.2110206257523,2.276808268698926e-21,0.0,3.3397434412940468e-31,219.4036735419171,2.0486945724271193e-17,1.0349809752883468e-20,2.58540744281336e-22,2.0645581438271993e-28,0.0,2.9794190042288794e-20,2.3240714965041638e-12,0.00031104770302615883,2576502.3461671094,10881707.874437127
3.607785299373968e-05,7.682630264588153e-05,-390.62883216578894,1461.665080527507,0.0,1.4870795109034282e-11,677.1767190997067,4.45122459887729e-21,0.0,8.37649465416119e-31,225.72557303323504,3.732541992552887e-17,0.0,5.931220565624673e-22,0.0,5.790726796514391e-20,7.738548454979352e-20,3.5661654384167053e-12,0.00031352183314344495,2576569.696721361,11313409.296179224
3.6079733702285984e-05,7.608783727140647e-05,-394.6936571032822,1476.0000537865167,0.0,2.2751209014937352e-11,697.0855779863767,8.766278805829787e-21,0.0,2.120208307597434e-30,232.36185932879138,6.846029695371511e-17,8.837142075222657e-20,9.805375926601397e-22,2.453028181625604e-27,0.0,9.418330271471699e-20,5.497474903312939e-12,0.0003160378863034134,2576636.959216178,11771661.913049253
3.608161441083228e-05,7.534163004656418e-05,-398.8623761011321,1490.759728900474,0.0,3.49699056116795e-11,718.0038631410476,1.7394931927194523e-20,0.0,5.4169604916549756e-30,239.3346210470145,1.264350634132011e-16,0.0,2.939570327686136e-21,0.0,5.646475067053034e-19,5.290372033747861e-19,8.515172352440635e-12,0.00031859672155126756,2576704.1336478014,12258683.811447559
3.6083007317178486e-05,7.478386055577453e-05,-402.01910238531036,1501.977200549591,0.0,4.822020555165752e-11,734.1895090249277,2.900942151211443e-20,0.0,1.0860469439521852e-29,244.7298363416407,1.9995446920706271e-16,0.0,5.9936000052684274e-21,0.0,1.2405874466893204e-18,1.154458789337181e-18,1.1809820129313005e-11,0.0003205199467392575,2576753.828180272,12639365.039942008
3.608440022352469e-05,7.422165191856299e-05,-405.2365874062817,1513.448119267364,0.0,6.666766549435195e-11,751.0000556312336,4.859913669308711e-20,0.0,2.191647649902434e-29,250.33335187707524,3.1752222962252584e-16,5.836139030905218e-19,8.142892408092218e-21,2.4584880208931877e-26,7.3250801461754e-19,1.4659487175629324e-18,1.6424622134444646e-11,0.0003224674495181807,2576803.474403808,13038256.475927206
3.608579312987089e-05,7.365491833463995e-05,-408.51651727476747,1525.1819789447018,0.0,9.242985522843385e-11,768.4693671593358,8.181288332706144e-20,0.0,4.4556112890877144e-29,256.1564557197749,5.063804139550148e-16,8.707305069916384e-19,9.40719374264028e-21,7.1917638617519e-26,0.0,2.0509222185895058e-18,2.290868841467117e-11,0.0003244395674371394,2576853.072316889,13456534.718274167
3.60871860362171e-05,7.308357162149029e-05,-411.86062688954866,1537.188774825035,0.0,1.2851327538248518e-10,786.6336624216774,1.383813991505714e-19,0.0,9.117524427806054e-29,262.21122080722046,8.110244443944246e-16,0.0,1.8016980762223373e-20,6.552681535718529e-26,2.073074233625542e-18,4.321257506802608e-18,3.204572979777709e-11,0.00032643663170825335,2576902.621917995,13895472.374449668
3.608857894256331e-05,7.25075211462732e-05,-415.2706999824262,1549.4790380197742,0.0,1.7920127201676312e-10,805.5317141696598,2.351701021953821e-19,0.0,1.8768937167527895e-28,268.510571389879,1.3045306766388069e-15,0.0,3.6066209664626785e-20,3.04627286333535e-26,4.381208795847313e-18,6.715141254125855e-18,4.495921630575314e-11,0.0003284589655008529,2576952.1232056087,14356447.554785753
3.6089971848909514e-05,7.192667375766452e-05,-418.7485688372769,1562.06387320804,0.0,2.5062009377032604e-10,825.2050682580565,4.015273172606365e-19,0.0,3.887007665294917e-28,275.06835608600784,2.107330661585869e-15,0.0,8.251249436076629e-20,0.0,1.3266116134704339e-17,1.3634206613182741e-17,6.326651166733419e-11,0.00033050688199995094,2577001.5761782127,14840954.475510458
3.609136475525572e-05,7.134093371854563e-05,-422.2961136329387,1574.9549993568264,0.0,3.5156227863683147e-10,845.6982848935852,6.889012742775165e-19,0.0,8.097882131816463e-28,281.8994282978459,3.419286812652566e-15,7.717321060768594e-18,1.1935847439252142e-19,1.402762361312922e-24,3.924749819716153e-18,2.4254667712396568e-17,8.930373482558699e-11,0.0003325806822318491,2577050.9808342922,15350615.315002726
3.609275766160192e-05,7.075020264011102e-05,-425.91526133610216,1588.164793765867,0.0,4.946884836133555e-10,867.0592045138959,1.1879203323140983e-18,0.0,1.6970912989567708e-27,289.01973483794234,5.573840249287878e-15,0.0,3.1549806400359533e-19,0.0,6.158330955596472e-17,6.279393258381736e-17,1.2645593016340972e-10,0.00033468065262987865,2577100.337172333,15887193.494171055
3.609415056794813e-05,7.015437941787526e-05,-429.6079840398363,1601.7063400366449,0.0,6.982914684579168e-10,889.339241179901,2.0589981003292152e-18,0.0,3.578092145948206e-27,296.4464137266003,9.128785331858527e-15,9.833024234054658e-17,2.0289089702574075e-19,1.8949893361680027e-23,0.0,1.0337203475414174e-16,1.7964520722652682e-10,0.00033680706229225594,2577149.645190823,16452608.581169296
3.6095543474294335e-05,6.955336017034044e-05,-433.37629662894665,1615.593480490151,0.0,9.888952146635385e-10,912.5937067364143,3.587616932417085e-18,0.0,7.590292062714568e-27,304.1979022454229,1.502599576330572e-14,0.0,2.870201030635985e-18,0.0,9.216264105409977e-16,7.540246526026138e-16,2.560552449961012e-10,0.0003389601598871502,2577198.9048882523,17048953.05106227
3.609693638064054e-05,6.894703818142367e-05,-437.222253638822,1629.8408734304364,0.0,1.4051012001084045e-09,936.8821694192172,6.28566620760105e-18,0.0,1.6195413758882192e-26,312.29405647300143,2.486224748062533e-14,0.0,1.3007357439776489e-17,0.0,3.59541252450736e-15,2.63455653289097e-15,3.662099900741868e-10,0.00034114017016652505,2577248.116263111,17678511.16607536
3.609832928698675e-05,6.833530384794073e-05,-441.1479451671653,1644.4640556915442,0.0,2.0033012452987263e-09,962.2688510770366,1.1072257777453353e-17,0.0,3.4791092706679573e-26,320.7562836922414,4.1341648222181706e-14,0.0,3.355173647378412e-17,4.558116654400852e-22,6.064779645476971e-15,8.711969081803775e-15,5.255857958282773e-10,0.0003433472900501617,2577297.279313891,18343780.285177477
3.609972219333295e-05,6.771804463360254e-05,-445.1554916293317,1659.47951106137,0.0,2.8661854856022736e-09,988.8230677417783,1.9612057543439093e-17,0.0,7.523350278258437e-26,329.6076892471062,6.906790474034445e-14,1.7168476648144653e-15,4.162122495971148e-17,7.081848387047465e-22,4.588899983513135e-15,1.337649080290103e-14,7.570314511831916e-10,0.0003455816842216339,2577346.394039087,19047494.964044705
3.6101115099679156e-05,6.709514503123402e-05,-449.2470371445686,1674.904745286707,0.0,4.115491048517126e-09,1016.6197189263963,3.493933675561669e-17,0.0,1.6374603591015902e-25,338.873239641906,1.1605543712475944e-13,0.0,1.0556393780979693e-16,3.6458668452124663e-22,1.7502328170397053e-14,2.7932369939043642e-14,1.0944167108021622e-09,0.0003478434801767534,2577395.4604371944,19792654.26789495
3.610250800602536e-05,6.646648653528973e-05,-453.424741290156,1690.758368429162,0.0,5.931215671779629e-09,1045.7398317687566,6.261641785133926e-17,0.0,3.5874240012179826e-25,348.5799439225839,1.9588417726742677e-13,3.089611824779289e-14,0.0,1.6849565406183348e-20,0.0,4.845969698390323e-14,1.5881570568497128e-09,0.0003501327626571469,2577444.4785067085,20582552.792078614
3.610390091237157e-05,6.583194762717127e-05,-457.69076890278376,1707.0601854099589,0.0,8.580386688073062e-09,1076.2711669883158,1.1290303881207883e-16,0.0,7.912595062929267e-25,358.75705566227396,3.3412389980056584e-13,0.0,1.622135922124081e-15,0.0,3.7509561648835586e-13,3.0938775271811556e-13,2.313617181619399e-09,0.00035244956739346496,2577493.448246128,21420815.971530717
3.6105293818717777e-05,6.519140377633511e-05,-462.0472775457683,1723.831295694459,0.0,1.2462331859307999e-08,1108.3088945986726,2.048473808713935e-16,0.0,1.7570581090022274e-24,369.4362981988144,5.677368660359266e-13,6.575871351175791e-13,0.0,6.7913326245993845e-19,0.0,9.807351453718517e-13,3.3839525701967442e-09,0.000354793874073665,2577542.3696539532,22311440.36372768
3.610668672506398e-05,6.454472746074614e-05,-466.49640218974247,1741.0942032135886,0.0,1.817030619291789e-08,1141.9563484422442,3.740524330413256e-16,0.0,3.930874106135694e-24,380.65211614630323,1.0144009023031302e-12,0.0,4.532344410471558e-14,0.0,9.086961531779308e-12,6.666089456044991e-12,4.969827117334596e-09,0.00035716559844135187,2577591.2427286846,23258839.7142734
3.6108079631410184e-05,6.389178821091826e-05,-471.0402365655256,1758.872937777338,0.0,2.6632750811547287e-08,1177.325869905279,6.875164308919458e-16,0.0,8.844388857126144e-24,392.4419566334269,1.6652331220370673e-12,1.5538786076016695e-11,0.0,2.783962323670653e-17,0.0,2.7426562960553355e-11,7.329836827071225e-09,0.0003595645834173775,2577640.0674688253,24267897.763981543
3.61090996363092e-05,6.340960109630454e-05,-474.42886691543663,1772.2339855537632,0.0,3.536524515819331e-08,1204.3889268539326,1.0774882696321396e-15,0.0,1.6030056570250036e-23,401.4629756157095,1.690932116281978e-12,1.2864003650088475e-10,0.0,1.0186185395323791e-16,0.0,0.0,9.76855292681768e-09,0.00036133848039434535,2577675.7904525837,25049029.277834427
3.6110119641208214e-05,6.292393077591243e-05,-477.87014263769044,1785.8960753529407,0.0,4.732367104249879e-08,1232.4924949657845,1.694880314547906e-15,0.0,2.93333493988562e-23,410.8308316519917,0.0,1.1158162911121946e-09,-3.2564308538907034e-28,5.046099237696832e-16,-4.1682314929801003e-26,-4.1682314929801003e-26,1.3049780960553145e-08,0.0003631267434031378,2577711.487515924,25868442.66668508
3.611113964610723e-05,6.24347231747091e-05,-481.3647981765792,1799.8704578478917,0.0,6.654439750159506e-08,1261.6916992685597,2.675235105154404e-15,0.0,5.419281217897223e-23,420.5638997498686,-2.666863640558694e-27,1.0884001240806501e-08,1.0000738652095103e-27,5.438242106296194e-15,-4.693680007383301e-25,1.7067927299575641e-25,1.7476399643552097e-08,0.0003649292171806423,2577747.15865826,26728653.94070025
3.6112159651006244e-05,6.194192348767173e-05,-484.9135274353728,1814.1689744939351,0.0,9.808855555412988e-08,1292.045342804842,4.242354289632044e-15,0.0,1.210768738904934e-22,430.6817809333084,3.933232785923395e-11,3.1331754467504937e-09,4.143382673566638e-11,1.499275124314187e-14,1.247226946289588e-08,2.5158372966320077e-08,2.3463688597947657e-08,0.00036674571405396816,2577782.803879005,27632386.74820557
3.611317965590526e-05,6.144547622572554e-05,-488.51697483634035,1828.8040974893029,0.0,1.4062729007529294e-07,1323.6161991034705,6.755323992587535e-15,0.0,2.7849091444084095e-22,441.20539970406946,6.380444755718802e-11,0.0,6.323119119851123e-11,2.1817514615086935e-14,9.203279272943681e-09,4.740363370321473e-08,3.158287035559324e-08,0.00036857601084777685,2577818.423177574,28582593.030863073
3.6114199660804275e-05,6.094532527212321e-05,-492.17572497989426,1843.7889736682787,0.0,1.8755776434290642e-07,1356.4713310140257,1.0798016362835486e-14,0.0,5.301454262903631e-22,452.157110341424,5.62978887227852e-11,1.6662456970977686e-09,4.7695675476556876e-11,2.03401935098698e-14,0.0,5.642321433884185e-08,4.2622346705420335e-08,0.00037041984549102553,2577854.0165533805,29582476.09531713
3.611521966570329e-05,6.04414139496149e-05,-495.8902908787635,1859.1374716009789,0.0,2.397000309533496e-07,1390.682438834344,1.7333604288901817e-14,0.0,9.843474350061474e-22,463.5608129454247,7.673027773570834e-11,0.0,5.903803334210162e-11,4.88901164937004e-15,1.4192844776811642e-09,5.8976496428997006e-08,5.7673720349882504e-08,0.0003722769133492552,2577889.584005842,30635516.409622125
3.611623967060231e-05,5.9933685099921574e-05,-499.6611005506355,1874.8642323824108,0.0,3.101309097908083e-07,1426.3262406278154,2.7938357644346502e-14,0.0,1.667247635238219e-21,475.4420802046979,1.197133378311574e-10,0.0,8.807628140242277e-11,0.0,3.725006107662641e-09,6.034780402711737e-08,7.825305863574106e-08,0.0003741468632578167,2577925.1255343715,31745500.49697905
3.611725967550132e-05,5.9422081177864345e-05,-503.48848163499224,1890.9847248736196,0.0,4.0430198142775495e-07,1463.484887906193,4.526695192809708e-14,0.0,3.1092511187497416e-21,487.8282959577796,4.5783423775274996e-10,0.0,4.2628009890609177e-10,0.0,1.4051928237870354e-08,6.484505005533366e-08,1.0647244334872264e-07,0.0003760292932055388,2577960.641138387,32916553.359763857
3.611827968040034e-05,5.890654436257492e-05,-507.372643708927,1907.5153058244325,0.0,5.557069950019385e-07,1502.246420234743,7.355840138662609e-14,0.0,4.985175047515756e-21,500.7488067309776,5.956303747482998e-10,5.023342057754625e-09,5.350220656801047e-10,1.3158582092291482e-13,0.0,8.804938899817857e-08,1.4528323743318684e-07,0.00037792374563354694,2577996.1308173044,34153174.92741889
3.6119299685299354e-05,5.83870166881581e-05,-511.3136579777368,1924.4732853993335,0.0,7.614669238391222e-07,1542.705262750725,1.1998583033377738e-13,0.0,7.083140632770116e-21,514.2350875656499,4.0852506682581987e-10,2.953019354063505e-09,2.7080767903413767e-10,2.8683907340370705e-13,0.0,1.2064493825371704e-07,1.988233787574046e-07,0.0003798297023208652,2578031.5945705404,35460281.10232172
3.612031969019837e-05,5.786344019647738e-05,-515.3114339971142,1941.876998415636,0.0,1.0749047023167522e-06,1584.9627708066869,1.9646864468103716e-13,0.0,1.093923189552328e-20,528.320923583046,0.0,1.3892565999483409e-08,0.0,7.952743712417714e-13,0.0,1.802362125252264e-07,2.729127868633378e-07,0.0003817465788360042,2578067.0323975123,36843250.06348764
3.6121339695097384e-05,5.7335757115325694e-05,-519.3656929347309,1959.745882115608,0.0,1.4496592908216035e-06,1629.1278266931104,3.2444121595617943e-13,0.0,8.753850836844776e-20,543.0426088754072,2.2285721736175043e-09,0.0,2.608408048447024e-09,0.0,9.14553188126143e-08,2.571519669493902e-07,3.757676880633613e-07,0.00038367371851692945,2578102.4442976387,38307974.60259208
3.61223596999964e-05,5.6803910065830785e-05,-523.47593688908,1978.1005606443443,0.0,2.1375171466692767e-06,1675.317493384791,5.360846803913648e-13,0.0,0.0,558.4391644644907,7.630219724388633e-10,6.852013594018915e-08,9.165009294912599e-10,3.2621172209484046e-12,0.0,4.584270787021857e-07,5.190175167583167e-07,0.00038561038596005503,2578137.830270337,39860921.388485454
3.6123379704895414e-05,5.6267842303536925e-05,-527.6414134989834,1996.9629382493808,0.0,2.6236230107895003e-06,1723.6577317643387,9.023092659582706e-13,0.0,1.6463744809087417e-18,574.5525772330144,1.3231697103847659e-08,0.0,1.4063320588270785e-08,0.0,6.179335932452881e-07,5.457510255853252e-07,7.192055351854839e-07,0.00038755575992685916,2578173.1903150254,41509198.231195286
3.612439970979443e-05,5.572749799813305e-05,-531.8610754766885,2016.3562992880377,0.0,5.718498580952161e-06,1774.2841840226713,1.5121729883597288e-12,0.0,1.5428669521746407e-18,591.4280619130326,0.0,4.777455870405094e-07,0.0,4.639481135176555e-11,0.0,2.5938103955595696e-06,9.998973132653037e-07,0.0003895089257619477,2578208.5244311243,43260630.54331414
3.6125156347153185e-05,5.532387672513128e-05,-535.0254114718966,2031.099851848112,0.0,8.998730827961344e-06,1813.4016245946261,2.2099782702672753e-12,0.0,3.821446957365376e-18,604.467209628573,0.0,1.5367489808905342e-07,0.0,6.318586801695755e-11,0.0,5.448785934718598e-06,1.279576969926361e-06,0.0003909622176601457,2578234.718448614,44631542.789701864
3.612591298451194e-05,5.4917850419989985e-05,-538.2181026480786,2046.159865797776,0.0,1.1212643315046111e-05,1853.9210059797642,3.23258190582711e-12,0.0,8.170545167409743e-18,617.973670412458,1.7127183418674754e-08,0.0,1.7537340846114538e-08,2.8733380906965084e-11,1.1736508783447082e-07,6.756458264145178e-06,1.6406676877347414e-06,0.000392418786379002,2578260.8981979797,46067787.02017832
3.6126669621870695e-05,5.450939793844656e-05,-541.4383103550016,2061.547540099427,0.0,1.2691930473756947e-05,1895.9097455801584,4.751427814561256e-12,0.0,7.772576751543157e-18,631.969916806042,3.18049346079171e-08,6.098426154172112e-08,3.184403513285366e-08,0.0,2.0267165489301468e-08,6.758130229128042e-06,2.1077171957804726e-06,0.000393878142508561,2578287.0636789845,47573500.83727922
3.6127426259229446e-05,5.409849882457546e-05,-544.6850475419616,2077.2746232476793,0.0,1.4448141058037971e-05,1939.4392130771273,7.020413721537003e-12,0.0,5.389701657232168e-18,646.4797391014445,3.55067226375254e-08,0.0,3.4096214107399845e-08,0.0,3.0380589249949785e-08,6.693257958186856e-06,2.712971143128862e-06,0.0003953397588067695,2578313.214891392,49153148.147250585
3.6128182896588205e-05,5.3685133429603045e-05,-547.95716173026,2093.3534458240765,0.0,1.694368080410211e-05,1984.5849958251627,1.0409928229302574e-11,0.0,1.2576647233063508e-17,661.5283331343162,3.583279031486319e-08,0.0,3.206927823401072e-08,0.0,2.2874559881383476e-07,6.76646996230358e-06,3.498984245036609e-06,0.00039680306783402555,2578339.351834965,50811549.84634434
3.6128939533946957e-05,5.326928304542484e-05,-551.2533158957629,2109.7969579271794,0.0,2.06617001788397e-05,2031.4271793443525,1.5471536789560765e-11,0.0,1.7875132677548124e-17,677.1423941683038,3.9496695408152485e-08,3.204812695580868e-08,3.221215392511409e-08,2.0630884239523844e-12,1.2752340451871594e-07,7.305091076892348e-06,4.521985613427224e-06,0.00039826745944130477,2578365.4745094683,52553917.924129404
3.6129696171305715e-05,5.285093005257357e-05,-554.5719673163322,2126.6187679937248,0.0,2.5301605750321472e-05,2080.0506494930073,2.3057332524207402e-11,0.0,1.5639436198926214e-17,693.3502173132978,4.8813348455784756e-08,0.0,3.638181750026572e-08,3.066325001282134e-12,0.0,7.847161238877276e-06,5.856364206264201e-06,0.00039973227816238405,2578391.5829146653,54385893.342813194
3.613045280866447e-05,5.243005808418668e-05,-557.911344114122,2143.833184261602,0.0,2.976353171245509e-05,2130.5454147555392,3.446807901579518e-11,0.0,4.11339439464164e-17,710.1818048762466,6.303971956123004e-08,0.0,4.311094607766657e-08,0.0,1.13721016219254e-06,6.9235418833326225e-06,7.600734300350251e-06,0.0004011968205034739,2578417.6770503195,56313588.1579836
3.613120944602322e-05,5.200665220873997e-05,-561.2694190357721,2161.4552599647454,0.0,3.711005207544774e-05,2183.006945016923,5.167098295950055e-11,0.0,5.2638410868607433e-17,727.6689810040713,8.018833724511431e-08,0.0,4.907657980871127e-08,3.554202214595232e-11,1.0437384619801248e-06,7.226180360373484e-06,9.886118091230903e-06,0.0004026603321115877,2578443.756916196,58343632.41970555
3.613196608338198e-05,5.158069913420063e-05,-564.6438800772852,2179.500840625875,0.0,4.759462403824296e-05,2237.5365455918513,7.766208274795848e-11,0.0,1.1954938185683204e-16,745.8455139779642,9.959613095744342e-08,6.709589960331922e-10,5.143270555694131e-08,0.0,5.3233523240632494e-08,8.468300765726365e-06,1.2887209395151567e-05,0.00040412200482795876,2578469.822512058,60483226.45889776
3.613272272074073e-05,5.1152187435886074e-05,-568.0320976044991,2197.986615740418,0.0,6.0438223399021944e-05,2294.241746374753,1.1704235143540413e-10,0.0,4.268107586926379e-17,764.7472465247068,1.2545564641495458e-07,4.377747700246337e-11,5.161206294292458e-08,6.516892781091695e-11,0.0,9.176211305013856e-06,1.6837379155330737e-05,0.0004055809736354952,2578495.8738376703,62740199.29492323
3.613347935809948e-05,5.072110781051643e-05,-571.4310875949541,2216.930174150701,0.0,7.680498132314765e-05,2353.236714966234,1.768793115579466e-10,0.0,1.394204917953548e-17,784.4122344857808,1.6416952108057346e-07,0.0,5.2222646953046105e-08,9.373188457060349e-11,3.1447777006777937e-07,9.594322024285367e-06,2.2049079447863407e-05,0.0004070363135250818,2578521.9108927976,65123073.91156988
3.613423599545824e-05,5.028745335956664e-05,-574.8374704943188,2236.3500630019194,0.0,9.846510756080193e-05,2414.642700070815,2.680365995417913e-10,0.0,1.67760364589489e-16,804.8808941280209,2.2212568850741437e-07,1.0488711893408455e-10,5.3982838114842675e-08,1.772322241953537e-11,9.15194810428958e-08,1.0255807406587223e-05,2.8941704103034086e-05,0.00040848703629715443,2578547.933677205,67641140.3809359
3.613499263281699e-05,4.985121990559523e-05,-578.2474250875134,2256.265850939107,0.0,0.00012662361431321875,2478.5885013040884,4.072511278301958e-10,0.0,3.181338170326074e-16,826.1961583021332,3.0694873363812904e-07,0.0,5.5991272188646204e-08,0.0,0.0,1.0694405400460346e-05,3.807965911801866e-05,0.0004099320873174635,2578573.942190655,70304537.85425729
3.613574927017575e-05,4.9412406345632104e-05,-581.6566367322672,2276.6981959800883,0.0,0.00016355283811157973,2545.2109631080302,6.203730539011287e-10,0.0,4.0690981569263513e-16,848.4036415589364,4.3051239679736343e-07,1.9632629403225292e-12,5.7533059514526616e-08,2.856713308188305e-11,1.8413705361889673e-07,1.093317577256679e-05,5.022445569655863e-05,0.00041137034225852,2578599.9364329153,73124346.59507585
3.61365059075345e-05,4.8971015046120026e-05,-585.0602392382727,2297.668917982251,0.0,0.00021285619714481364,2614.655496931561,9.47412699352426e-10,0.0,8.626186914138708e-16,871.5518142047911,6.11410247969528e-07,4.7010795275239115e-11,5.881163775348498e-08,8.860051338119337e-12,5.4007937928744236e-08,1.1548897807310787e-05,6.640617502880686e-05,0.0004128006038717125,2578625.916403749,76112691.4712257
3.613726254489325e-05,4.8527052284474566e-05,-588.4527495665924,2319.201075968399,0.0,0.00027837298852384463,2687.076631122782,1.4504121527562744e-09,0.0,1.5763045241374886e-15,895.692185101478,8.76967224278533e-07,0.0,6.033655603831173e-08,0.0,0.0,1.2291552811202857e-05,8.802176361690464e-05,0.0004142215988437257,2578651.8821029216,79282858.49543239
3.613801918225201e-05,4.808052874304033e-05,-591.827994403392,2341.3190506497644,0.0,0.0003651950131764175,2762.6385838053234,2.2257402151871137e-09,0.0,2.0177062186391358e-15,920.8794927801173,1.2664122212499055e-06,9.622287426161802e-12,6.222472510447451e-08,4.198920775442467e-12,3.93370716295098e-07,1.2705265065893626e-05,0.00011697057133700292,0.00041563197480640044,2578677.833530199,82649426.20809153
3.613877581961076e-05,4.7631460062010886e-05,-595.1790275370643,2364.0486320561836,0.0,0.00048173347518414857,2841.5158576427234,3.4233208704837163e-09,0.0,3.873238979443731e-15,947.171904132434,1.836497059208465e-06,8.225905306470747e-11,6.426899316494056e-08,0.0,3.166941214028166e-07,1.3652935089902242e-05,0.00015584171416982743,0.00041703029759025917,2578703.770685346,86228414.02390462
3.6139532456969514e-05,4.717986745873904e-05,-598.4980368064668,2387.417112331641,0.0,0.000638942015991494,2923.8938570800346,5.276735028181481e-09,0.0,7.0867429765399006e-15,974.6312195490791,2.6698100217381554e-06,2.6813162985931353e-11,6.639826346127429e-08,1.9318278891373313e-10,0.0,1.5789458197495886e-05,0.00020817372345148166,0.0004184150488256465,2578729.693568128,90037449.96358047
3.614028909432827e-05,4.672577842183808e-05,-601.7762392241939,2411.4533839740398,0.0,0.0008490482403533506,3009.969520928535,8.150364151359018e-09,0.0,6.383249027209383e-15,1003.3230828702892,3.8859371186429155e-06,1.2264032590111694e-11,6.876975955984363e-08,2.8637779010998367e-10,1.1011184827673738e-06,1.7247084742328575e-05,0.0002788150748883717,0.0004197846240228111,2578755.602178312,94095960.46147972
3.6141045731687024e-05,4.626922748957816e-05,-605.0037627555664,2436.188042811607,0.0,0.0011315695755268233,3099.951955853158,1.261322287902878e-08,0.0,2.798341153081298e-14,1033.317193871063,5.6567438509820195e-06,2.836770915194746e-10,7.150434405726207e-08,0.0,3.1528767668209135e-06,1.81883160801315e-05,0.00037442568849638545,0.00042113733132418584,2578781.4965156615,98425385.5482695
3.614180236904578e-05,4.581025712333641e-05,-608.1695129747874,2461.653494918311,0.0,0.0015195637021061625,3194.063068768915,1.955463638594906e-08,0.0,8.074926349868098e-14,1064.6875201860853,8.228153102644305e-06,3.755108207380731e-10,7.477797038429262e-08,1.5006564865515638e-10,4.0602302791814375e-07,2.500933519541485e-05,0.0005041763535102523,0.00042247139114020063,2578807.376579944,103049422.99709457
3.6142559006404534e-05,4.534891868832177e-05,-611.2610224823309,2487.8840675225088,0.0,0.0020443203138782334,3292.5382078903403,3.036567724213626e-08,0.0,4.157639343539069e-13,1097.5125045449652,1.1950285452042894e-05,4.393984773691234e-10,7.891575832692305e-08,8.908170959662733e-25,0.0,3.213586832537822e-05,0.0006807255788841413,0.0004237849368825537,2578833.242370925,107994305.69263023
3.6143315643763286e-05,4.4885273555394714e-05,-614.2642809980688,2514.916122715142,0.0,0.0027591268891130243,3395.626735998033,4.7222759475838e-08,0.0,4.178670058530728e-13,1131.8752618875778,1.7318836876114407e-05,7.6699105411397e-10,8.440126186668979e-08,9.875379804479192e-11,1.7886825768199487e-06,4.1739059942532025e-05,0.0009215854459413557,0.0004250760171965534,2578859.0938883713,113289116.89028783
3.6144072281122045e-05,4.4419394339585924e-05,-617.1635435244519,2542.788170548013,0.0,0.0037415195193869263,3503.5925760190953,7.353165201747546e-08,0.0,1.855857254922583e-13,1167.8637592954485,2.5031903060734158e-05,1.322301574848241e-09,9.196676752924295e-08,3.965948620457619e-10,2.3139881575110238e-06,6.020234933062229e-05,0.0012510343232375128,0.00042634260005963633,2578884.9311320484,118966148.96345344
3.6144828918480796e-05,4.3951366292928e-05,-619.9411137883403,2571.540979665246,0.0,0.005094556941685258,3616.714682056878,1.1462175878548622e-07,0.0,3.3755489473615465e-13,1205.5709696295032,3.6067989140822315e-05,2.2386966627068114e-09,1.0281208987930853e-07,5.62253128323149e-10,2.9576010231147584e-06,9.11765421526903e-05,0.001702796536949265,0.0004275825792490791,2578910.7541017225,125061311.84362441
3.614558555583955e-05,4.3481288871453456e-05,-622.5770998759563,2601.217682081787,0.0,0.006964293153328116,3735.287385127604,1.7883000174418321e-07,0.0,8.469347883060963e-13,1245.0949872065341,5.179311409704224e-05,3.847328628830083e-09,1.1895316319916919e-07,5.039472635727665e-10,5.808164827112443e-06,0.00014133459959073835,0.0023237964828324836,0.00042879378379626185,2578936.562797161,131614598.13418877
3.6146342193198306e-05,4.3009277498648525e-05,-625.0491387283486,2631.8638657625343,0.0,0.009564128359391412,3859.6205804253773,2.7918960280964474e-07,0.0,1.2905919692490823e-12,1286.5390906591833,7.410836695566909e-05,6.5638683427701125e-09,1.4384992639413492e-07,1.7164944884897532e-09,8.390077212582485e-06,0.0002279317222559476,0.0031794148921590994,0.0004299739911940465,2578962.3572181305,138670612.7350848
3.614688810599022e-05,4.26675952700755e-05,-626.7168511989033,2654.6041295471214,0.0,0.012057584560512214,3953.0869925851293,3.850805852779762e-07,0.0,1.921069644899258e-12,1317.694284630702,9.57493508411053e-05,9.63721124310197e-09,1.704332539434735e-07,3.3483474911505926e-09,1.0684116357587756e-05,0.0003256761449287125,0.003992443871162985,0.0004308049882479938,2578980.958991644,144101570.20666623
3.614743401878214e-05,4.232503181232034e-05,-628.2757578297457,2677.8929651642816,0.0,0.015236527741622381,4049.848374134704,5.312115034744399e-07,0.0,3.166989446561631e-12,1349.9477331202988,0.00012347685810696019,1.416712949646154e-08,2.0808492323810232e-07,5.208423672661993e-09,1.499826053701612e-05,0.00046679368894234367,0.005019598128544327,0.0004316178230068819,2578999.553334228,149840625.50345555
3.6147979931574055e-05,4.198164959126522e-05,-629.7144956959575,2701.749974362254,0.0,0.01930178341802432,4150.035924426321,7.328639885263759e-07,0.0,5.415311959664718e-12,1383.3431536049538,0.00015894260268450782,2.0814208550933328e-08,2.621171552000547e-07,6.576173866899886e-09,2.095181613414527e-05,0.0006722221971246187,0.006318549163684332,0.0004324116466518313,2579018.1402457943,155910110.1305637
3.614852584436597e-05,4.163751753878813e-05,-631.020698822067,2726.1954519064075,0.0,0.024515521203429272,4253.78467924306,1.011026025187081e-06,0.0,8.661016971333965e-12,1417.9255392900038,0.00020423249680596132,3.0568880803099905e-08,3.405986502175092e-07,1.0593428075362292e-08,2.8327498014844253e-05,0.0009719403291641907,0.007962551736183914,0.0004331856200855065,2579036.719726256,162334265.392031
3.614907175715789e-05,4.129271162575382e-05,-632.1809095829047,2751.2503684469843,0.0,0.03121929019384633,4361.233252403597,1.3945043554132623e-06,0.0,1.1172766394814327e-11,1453.7410721030635,0.0002619774429317999,4.489168032911391e-08,4.5587982257911915e-07,2.4132146041926183e-08,3.9010015889415266e-05,0.0014071281942581618,0.010044618518070453,0.00043393892226405433,2579055.2917755255,169139420.98415136
3.61496176699498e-05,4.0947315490277755e-05,-633.1804822641252,2776.9363393852013,0.0,0.03986488278524526,4472.523477385134,1.9228249019620457e-06,0.0,2.3689676896656276e-11,1490.837004569382,0.00033548973999014545,6.589311036692804e-08,6.270244799912132e-07,2.3373373629083707e-08,5.311774259847829e-05,0.002040031528514256,0.012682764343780559,0.0004346707602152441,2579073.856393515,176354189.5810563
3.6150163582741724e-05,4.0601421116255094e-05,-634.0034799918042,2803.275576767087,0.0,0.05104691467230884,4587.799946820447,2.65008588485665e-06,0.0,3.9378282484632294e-11,1529.2615056555703,0.00042893080620205786,9.670693908089601e-08,8.836117224218054e-07,3.593902610237277e-08,7.2345843603847e-05,0.002959128880863533,0.016026468654267823,0.0004353803807685711,2579092.4135801382,184009678.49342117
3.615055628850221e-05,4.03523479974025e-05,-634.4766520442504,2822.639590848013,0.0,0.0610906373336959,4673.272148183192,3.3366408036851724e-06,0.0,5.255995722553908e-11,1557.7514002380756,0.0005113441550637957,1.2742765305842757e-07,1.1458443227903677e-06,5.5346560785647356e-08,9.054937577630747e-05,0.003866908919939561,0.018972106350566335,0.00043587671624242515,2579105.758211978,189808100.53346062
3.61509489942627e-05,4.01031098838022e-05,-634.8425770410837,2842.3620193311676,0.0,0.07322083656399196,4760.938159251986,4.1993971029502895e-06,0.0,7.791535867671595e-11,1586.9724453507388,0.0006090763630527873,1.67883999836175e-07,1.5004291299907102e-06,7.140701386789269e-08,0.00011303031318496538,0.005053373842032882,0.022464995078522232,0.0004363609522466455,2579119.0989982057,195865561.57069623
3.615134170002319e-05,3.985375032581564e-05,-635.0938902106152,2862.451560343613,0.0,0.08789413890010192,4850.853307019369,5.282757938525529e-06,0.0,1.1350287829596706e-10,1616.943073440079,0.0007248579613170994,2.2115461416887373e-07,1.981849995886767e-06,9.877768931483735e-08,0.0001411038836118676,0.006603298692382035,0.02660581706156749,0.0004368328720337923,2579132.4359387886,202196440.21734563
3.615173440578368e-05,3.960431585278982e-05,-635.2227719517721,2882.9169742173,0.0,0.1056718173968833,4943.072921599549,6.641857487769052e-06,0.0,1.606399604579689e-10,1647.6817204754298,0.0008618662650243346,2.9127700434586265e-07,2.6377497169534462e-06,1.399625820747933e-07,0.0001762037909760843,0.0086271911384291,0.031512814253204784,0.0004372922849014725,2579145.7690336946,208816014.0686142
3.6152127111544166e-05,3.9354856157113896e-05,-635.2209221197752,2903.767046893809,0.0,0.1272448425072914,5037.652098468826,8.344996145894045e-06,0.0,2.4266576022917833e-10,1679.206748659116,0.0010237823204125678,3.835473918752412e-07,3.5339935861223503e-06,1.8550531388090293e-07,0.00021976824237030665,0.011269072337112131,0.03732441558170306,0.0004377390306165622,2579159.098282891,215740514.9984132
3.6152519817304654e-05,3.910542428960414e-05,-635.0795334072365,2925.010545170122,0.0,0.15346416080411152,5134.645423495673,1.0476549719220017e-05,0.0,3.698374731425935e-10,1711.5363572677686,0.0012148483918121454,5.049067332622122e-07,4.761647423385857e-06,2.5252826328721415e-07,0.0002740228282882865,0.014715567863773324,0.044202071960267604,0.00043817298436841075,2579172.423686345,222987186.45874214
3.615291252306514e-05,3.88560768644437e-05,-634.7892642356926,2946.6561633659026,0.0,0.1853792816616547,5234.106655014156,1.3140344333407088e-05,0.0,5.181040452574509e-10,1744.6884806421037,0.0014399224115530182,6.644320177846997e-07,6.446435274231653e-06,3.670991583863963e-07,0.0003418949502005484,0.019208638759501198,0.05233318909436626,0.0004385940622128876,2579185.7452440243,230574342.5583823
3.615330522882563e-05,3.8606874273857915e-05,-634.3402113609087,2968.7124599943045,0.0,0.22428664377528748,5336.088357862257,1.6463520438116334e-05,0.0,7.43120099404792e-10,1778.6806719571491,0.0017045240757561188,8.739740504316281e-07,8.761435773458664e-06,5.069126436484072e-07,0.00042624101913685757,0.02506243350929701,0.061934023766809905,0.00043900222704805876,2579199.062955897,238521428.49217516
3.615369793458612e-05,3.8357880913662307e-05,-633.7218822862632,2991.187782508193,0.0,0.27178748241138606,5440.64148540085,2.0600898649729395e-05,0.0,1.2696428698693478e-09,1813.5299711477621,0.00201486430187548,1.1489751546436066e-06,1.1943941140522219e-05,6.419800064599652e-07,0.0005306196589921254,0.032682759093001876,0.07325234896778053,0.00043939749519508444,2579212.3768219296,246849081.69949275
3.615409064034661e-05,3.810916542015294e-05,-632.9231677003584,3014.0901782982937,0.0,0.32985823415477333,5547.814902222973,2.57397695943992e-05,0.0,2.13883863746996e-09,1849.252755402842,0.0023778466096733815,1.5095043070366733e-06,1.631745821431733e-05,8.777151215269752e-07,0.0006611593701408921,0.042590595509186355,0.08656958060995056,0.0004397799436302071,2579225.686842091,255579192.95528072
3.6154483346107096e-05,3.7860800917916156e-05,-631.9323144000124,3037.427290070611,0.0,0.40094075552227915,5657.654836236974,3.210489792918997e-05,0.0,2.530583087876823e-09,1885.8645707815892,0.002801027236658206,1.981568527476871e-06,2.231968328139547e-05,1.460096447018199e-06,0.0008256234357588761,0.05545483380706964,0.10220191630793658,0.0004401497178916305,2579238.993016348,264734966.37308475
3.6154876051867584e-05,3.761286527789874e-05,-630.7368993342762,3061.2062334624625,0.0,0.48805661131755157,5770.204251912565,3.996338961960203e-05,0.0,1.1413657676339447e-09,1923.379943600326,0.003292519415247993,2.598758658300004e-06,3.053678422130118e-05,2.454720433462454e-06,0.0010290845989342923,0.07213610279348566,0.1204998784829873,0.0004405070406851506,2579252.295344668,274340977.0434907
3.615516675191927e-05,3.742965596339256e-05,-629.7125441598187,3079.0969846883686,0.0,0.5650357621087182,5855.2871651184805,4.692527111728878e-05,0.0,4.235107085599161e-09,1951.7405270803872,0.003705344147429307,3.174147820860121e-06,3.849312713886259e-05,2.5015918976071715e-06,0.0012080858228532148,0.08757821961352537,0.13598573546625728,0.0004407637066905862,2579262.13990286,281757059.7813768
3.6155457451970945e-05,3.724676243633407e-05,-628.5633496184815,3097.2357259715054,0.0,0.6546322237707577,5941.890445581876,5.5020948207835016e-05,0.0,8.506812345582973e-09,1980.6084367161704,0.004163752537150974,3.874169556253298e-06,4.847640429617388e-05,2.9417219410671456e-06,0.0014206353276250494,0.10624516119665878,0.15330544533971377,0.0004410138760173484,2579271.982353568,289445139.5728495
3.615574815202262e-05,3.7064221824569655e-05,-627.2835232774206,3115.624495809086,0.0,0.7589593445393535,6030.026653274284,6.440993659292596e-05,0.0,1.1103308149504585e-08,2009.9880665272199,0.004671169889364299,4.724806179128035e-06,6.095879747229849e-05,3.919519338030806e-06,0.001672109748189583,0.12878187613361877,0.17262863922929053,0.0004412577389055743,2579281.8226967794,297416732.2959956
3.61560388520743e-05,3.6882072971835257e-05,-625.8670492361391,3134.2649976884436,0.0,0.8804835582652358,6119.70651280359,7.526633787369999e-05,0.0,1.5029761435234747e-08,2039.8832559687032,0.0052308483746034045,5.75709340135379e-06,7.649744973776096e-05,4.9788081092585655e-06,0.0019674041070641543,0.15595284947106366,0.1941273200386176,0.00044149551928283307,2579291.6609324813,305683813.01386184
3.615632955212598e-05,3.6700356503273846e-05,-624.3076850359231,3153.1585503943497,0.0,1.0220726893010688,6210.938690900865,8.777755913868752e-05,0.0,2.1659618444815985e-08,2070.297226242299,0.005845720657338417,7.007914435089773e-06,9.573707405810601e-05,6.370139786523604e-06,0.002315450254983213,0.18865393958790846,0.21797163957975765,0.00044172747729182796,2579301.4970606603,314258821.5254613
3.615662025217766e-05,3.651911489196467e-05,-622.5989594875194,3172.306032444508,0.0,1.1870636104771406,6303.72954427164,0.00010214191566695945,0.0,2.9397741777264567e-08,2101.232512932238,0.006518215713806996,8.520938144275714e-06,0.00011940536981052746,8.328986717385445e-06,0.0027264814040227547,0.22793483456327734,0.2443243945775464,0.00044195391192235304,2579311.3310813033,323154665.2500554
3.615691095222934e-05,3.633839252571994e-05,-620.7341714888908,3191.707821558047,0.0,1.379335503185236,6398.082852463541,0.00011856492756062679,0.0,4.106497658754805e-08,2132.690895230943,0.007250049225804431,1.0347554939161114e-05,0.00014829700369510507,1.0655055513908571e-05,0.003211321944267461,0.2750198243952248,0.27333423734522316,0.0004421751636832982,2579321.1629943973,332384719.19947255
3.615720165228102e-05,3.615823577385496e-05,-618.7063898555162,3211.363728701106,0.0,1.603383922267188,6493.999541767056,0.00013725394087156785,0.0,5.3734463847706466e-08,2164.673322012906,0.008041991406938306,1.2547828482862274e-05,0.00018324084276596394,1.4139369412743906e-05,0.0037856668593935095,0.33132173860799036,0.30512754238173484,0.000442391617284066,2579330.9927999293,341962822.5579421
3.61574923523327e-05,3.5978693053793046e-05,-616.508454795312,3231.272924617896,0.0,1.8644215291989985,6591.477375551706,0.0001584114252705898,0.0,7.426661816744197e-08,2197.1798349761707,0.008893589163755957,1.5191105174115154e-05,0.00022504680704379726,1.8323593928020975e-05,0.0044652594604323295,0.3984677495950748,0.33979901761851444,0.000442603704361708,2579340.8204978853,351903270.85048175
3.6157783052384375e-05,3.5799814897150566e-05,-614.1329809281881,3251.433858622049,0.0,2.16847596603217,6690.510642932965,0.00018222554789159518,0.0,1.2213807447152454e-07,2230.209489177359,0.009802898962203987,1.835680690959628e-05,0.00027442498386215294,2.2485885195562127e-05,0.005270074963536379,0.4783110082258974,0.3774011243222322,0.00044281190617929283,2579350.6460882532,362220803.31353134
3.615807375243605e-05,3.562165401476709e-05,-611.5723617307394,3271.8441678790473,0.0,2.522495801119782,6791.0898380696235,0.00020885873741328004,0.0,1.8284488342579824e-07,2263.7602713090155,0.01076623401019225,2.2134232884944407e-05,0.0003318754199016841,2.914419705782623e-05,0.006230302255484994,0.5729344194266073,0.41793273825892197,0.00044301675626035074,2579360.4695710195,372930584.5245521
3.6158364452487735e-05,3.544426536002937e-05,-608.8187765832886,3292.500573798412,0.0,2.934505349007394,6893.2012922115355,0.00023843503459249733,0.0,2.3612370923643925e-07,2297.8290158957348,0.011777901014581456,2.6621257528543038e-05,0.00039755296925093257,3.890333467913193e-05,0.00737643313123541,0.6846735206225789,0.46132779937239266,0.00044321884300066845,2579370.2909461716,384048178.677283
3.615865515253941e-05,3.526770618978725e-05,-605.8642002634818,3313.3987653968493,0.0,3.4137468167410763,6996.826824686656,0.0002710261950290049,0.0,3.15367608201182e-07,2332.4113196027038,0.01282994433832954,3.192273539774425e-05,0.00047111633322557446,5.167173814456585e-05,0.008748996553702891,0.8161059871604509,0.507444773526923,0.00044341881211103207,2579380.110213696,395589516.21031594
3.615894585259109e-05,3.509203612204088e-05,-602.7004157484338,3334.5332655249276,0.0,3.9708630326551826,7101.943364242613,0.00030663645935229204,0.0,4.7269393119764497e-07,2367.5014536591725,0.013912167313146455,3.8146003110236824e-05,0.0005515834422091698,6.608423154905667e-05,0.010394396658938394,0.9700472116740829,0.5560579666649729,0.00044361736891937367,2579389.927373579,407570850.7905361
3.6159236552642766e-05,3.491731718955515e-05,-599.3190295120019,3355.8972768967683,0.0,4.618078718274592,7208.522588885519,0.0003451875936623816,0.0,6.886107080204069e-07,2403.0922744097547,0.015012019567494614,4.5395656900564944e-05,0.0006372274046418282,8.616355926647429e-05,0.012378502030300642,1.1495100076274263,0.6068518717425547,0.00044381528040996935,2579399.7424258078,420008705.63594294
3.615944437617041e-05,3.479302811241402e-05,-596.7635246763576,3371.3067142035184,0.0,5.143731718591707,7285.594835248065,0.0003744588363207528,0.0,8.796251879514741e-07,2428.8385887367144,0.015800802183373392,5.126077614798838e-05,0.0007002674951620954,0.00010502187754391127,0.014047717662465846,1.2952195685239039,0.6442792348975742,0.0004439568313314917,2579406.7579842247,429189735.7249486
3.615965219969804e-05,3.466928241374428e-05,-594.0892709134746,3386.8256920547274,0.0,5.728373508934623,7363.383093381163,0.00040505128412615063,0.0,1.1412521406113316e-06,2454.8327545103352,0.016585045595858723,5.7727051110955696e-05,0.0007635650409157599,0.00012756355726724843,0.015962445608400506,1.456811466675727,0.6824388217254884,0.00044409879929037605,2579413.772465424,438618788.47803634
3.615999260772015e-05,3.4467830821724224e-05,-589.4439975540835,3412.4710967879478,0.0,6.830489705870085,7492.302023292816,0.0004576788359770023,0.0,1.7594567027176318e-06,2497.93489005147,0.01784297105202916,6.967291272643903e-05,0.0008645038324231559,0.00017618635403012493,0.019739392080195244,1.7590200409071894,0.7460003318807281,0.00044433313935503336,2579425.2596249077,454615258.2800039
3.616020632153044e-05,3.4342186248336826e-05,-586.3540958460178,3428.707027893862,0.0,7.6263636528938745,7574.163406830514,0.0004920453968059124,0.0,2.306949204453299e-06,2525.3201143371057,0.018604545628538503,7.805060070645313e-05,0.0009239204313796357,0.00021683333398611667,0.022601672870923677,1.9746248049835557,0.7862048994939662,0.0004444820146165388,2579432.4699776117,465018689.68451864
3.616042003534073e-05,3.421721672076443e-05,-583.1261243230288,3445.0402033947107,0.0,8.513146051535562,7656.710791523786,0.0005271820417073952,0.0,3.035155990096071e-06,2552.9491653924283,0.019335082436475998,8.710465681200531e-05,0.000978647647589066,0.0002667681636763986,0.025917884286152406,2.2117685442906394,0.82633057130634,0.0004446327421972836,2579439.6791911526,475708210.4409947
3.6160633749151024e-05,3.409295212349749e-05,-579.756551962551,3461.4638039451465,0.0,9.50091350560203,7739.919384817022,0.0005628448324236563,0.0,4.007626781392545e-06,2580.81567544417,0.02002710239690445,9.68227776000622e-05,0.0010275174204284392,0.0003289404367669756,0.029766692757076586,2.471718796590566,0.866106675500702,0.00044478576194254216,2579446.8872655253,486690368.24579394
3.616084746296132e-05,3.396942309524423e-05,-576.2418538650973,3477.970188936378,0.0,10.600837107688925,7823.762090606847,0.0005987644218354674,0.0,5.2973867756905515e-06,2608.9126930816983,0.020673387277820105,0.00010718246538853811,0.0010696239299433493,0.00040658074938231393,0.03423830971081832,2.755678319186212,0.9052576695360874,0.0004449415325883856,2579454.0942007243,497971592.0468694
3.6161061176771604e-05,3.384666102664747e-05,-572.5785222999646,3494.5508314801737,0.0,11.825289563743768,7908.209407890188,0.0006346503881176907,0.0,7.0165314303516275e-06,2637.2326625197247,0.02126693176467069,0.00011815180579850237,0.0011043742083841801,0.000503432265864235,0.039436728713557495,3.0647619297392787,0.9435083653802,0.0004451005312681361,2579461.299996744,509558152.85652673
3.61612748905819e-05,3.372469805517752e-05,-568.7630788251303,3511.196254245056,0.0,13.187953711860509,7993.229332336017,0.0006701961499354711,0.0,9.316964019499832e-06,2665.767403346107,0.021801267220130864,0.00012969135965218263,0.0011315049222278286,0.0006245269098833591,0.04548302165256,3.399970495873642,0.9805893236678915,0.00044526325277340924,2579468.50465358,521456120.85284084
3.616148860439219e-05,3.360356705733468e-05,-564.7920872832098,3527.8959697481237,0.0,14.703933810905767,8078.787255869475,0.0007050842588756036,0.0,1.2396849631598847e-05,2694.5080909970543,0.02227067946370956,0.00014175573424802398,0.0011510574368912589,0.0007761643476891648,0.052516583140396006,3.7621680881408617,1.016241961052236,0.00044543020856971876,2579475.708171227,533671318.8027181
3.6161702318202484e-05,3.348330163817488e-05,-560.6621674258123,3544.6384292250173,0.0,16.38985909900905,8164.845871257765,0.0007389922783760898,0.0,1.6528383046292268e-05,2723.445238048611,0.02267020544031741,0.00015429436223630621,0.001163315632498663,0.000966154692886881,0.060696909517189465,4.152059486715812,1.050223099305946,0.00044560192553943324,2579482.9105496793,546209272.1405265
3.616191603201277e-05,3.3363936117940935e-05,-556.3700090453976,3561.410983522317,0.0,18.26397268954904,8251.365085711039,0.000771599019337764,0.0,2.207914894874795e-05,2752.5686762200926,0.022995730248073873,0.00016725171534909492,0.001168725186756846,0.001204386399443075,0.07020612203935431,4.570167667724141,1.0823089856884516,0.00044577894441285,2579490.1117889322,559075156.0047778
3.6162129745823064e-05,3.3245505515574e-05,-551.9123865382543,3578.199859792268,0.0,20.346200639450696,8338.301944629307,0.0008025905494587766,0.0,2.9540570362553748e-05,2781.867538898596,0.02324422871435517,0.00018056706882761336,0.0011678175716575453,0.0015031988920462067,0.08125080177350215,5.016813711175309,1.112298875326096,0.0004459618178514765,2579497.3118889797,572273739.5749208
3.616234345963336e-05,3.312804552902642e-05,-547.2861737081363,3594.990159015549,0.0,22.658190545241848,8425.610570411074,0.000831666621218504,0.0,3.958079157123343e-05,2811.3302439438617,0.023413815534399734,0.00019417446011645853,0.0011611551923146782,0.0018778587534438748,0.0940635844385255,5.492099542817377,1.1400183435939903,0.00044615110815268753,2579504.5108498177,585809328.3161329
3.6162497767311626e-05,3.3043859844487584e-05,-543.8393986783713,3607.1051491172675,0.0,24.48346977874288,8488.853660177905,0.0008513121820593324,0.0,4.89266971264081e-05,2832.6981264938718,0.02348650864134552,0.0002041413061201237,0.0011530867256468954,0.0022061089685185267,0.10455983447340514,5.853009502343466,1.1585383305410475,0.000446292091498117,2579509.7080037775,595794087.2887052
3.6162652074989894e-05,3.2960212996882274e-05,-540.3020672773727,3619.206194493971,0.0,26.45001347586312,8552.245813315767,0.000869719267919745,0.0,6.0503299451289753e-05,2854.1401422053364,0.02351738462338698,0.00021419626172864003,0.0011425247966180233,0.0025922905350451056,0.1162204938717069,6.228657594082497,1.1757547613265802,0.00044643693247500626,2579514.904563832,605957757.9757208
3.616280638266816e-05,3.2877119041516394e-05,-536.6731242791052,3631.2866635725804,0.0,28.567584011463726,8615.766875795047,0.0008867988888937706,0.0,7.484611850325377e-05,2875.651205861061,0.02350737561858525,0.00022430952515206567,0.0011296697873349052,0.003046203245830876,0.12916084102216546,6.618847565515624,1.1916327259970056,0.0004465858470853227,2579520.10052998,616301408.7842418
3.616296069034643e-05,3.27945921935797e-05,-532.9515545997606,3643.3396801356075,0.0,30.8463386253456,8679.3958933453,0.0009024750564773541,0.0,9.2600641466796e-05,2897.2260210920495,0.0234569809463663,0.00023445292630118532,0.001114723360194298,0.0035794249960794723,0.14350447021525053,7.0233162108023075,1.2061474673736667,0.00044673905096568705,2579525.295902218,626825926.951713
3.61631149980247e-05,3.2712646821736764e-05,-529.1363856305885,3655.358154201427,0.0,33.29678088201367,8743.111126687603,0.0009166858166182531,0.0,0.00011456044876430725,2918.859076520429,0.02336703442742505,0.000244596967081087,0.0010978915569248627,0.004205084163753173,0.1593825702106306,7.441733643126381,1.219284992755409,0.00044689675856906337,2579530.4906805456,637532007.7850178
3.616326930570297e-05,3.263129744130196e-05,-525.2266893286087,3667.334821058263,0.0,35.929694675962395,8806.890074965362,0.0009293823528356292,0.0,0.00014169770155448232,2940.5446418723664,0.023238990398349844,0.0002547143655053599,0.001079381953500613,0.004938274214663745,0.17693406368171832,7.8737041481657,1.2310424706855465,0.00044705918227569966,2579535.6848649597,648420144.5815372
3.616342361338124e-05,3.255055870718567e-05,-521.2215840514604,3679.2622875755364,0.0,38.75606427797106,8870.709503806116,0.0009405296682140394,0.0,0.00017519136372616645,2962.2767640083644,0.023074635450903103,0.0002647789635125087,0.0010594034343333028,0.005796274002062817,0.19630520170081767,8.318770043719155,1.2414284354449934,0.00044722653146013225,2579540.8784554596,659490619.1140352
3.616357792105951e-05,3.247044540665194e-05,-517.1202360741136,3691.1330862297386,0.0,41.7869770738528,8934.545481653127,0.0009501096903105554,0.0,0.00021646435057126164,2984.049262694754,0.022875806379705398,0.0002747668090030236,0.0010381688530513617,0.006798696777747992,0.2176487947092106,8.776416552102187,1.250463234992127,0.00044739901151089864,2579546.071452042,670743492.9433835
3.616373222873778e-05,3.23909724518624e-05,-512.921860736973,3702.9397377247365,0.0,45.03350633409027,8998.373426180702,0.0009581202014050221,0.0,0.0002672429897959635,3005.8557263517587,0.022645306712553954,0.0002846556131079098,0.001015890068201389,0.007967658117379959,0.24112325775201443,9.24607686582277,1.2581786114062574,0.0004475768227982427,2579551.2638547057,682178599.8343049
3.616388653641605e-05,3.231215487223038e-05,-508.62572326611604,3714.6748222620254,0.0,48.50657333935092,9062.16815946056,0.0009645787897665035,0.0,0.00032958220712093664,3027.689507478665,0.022385466859712773,0.0002944302315431697,0.0009927838971945364,0.009328100311552342,0.2668922098969984,9.727139557805769,1.2646187606135864,0.0004477601595941945,2579556.455663449,693795539.3313522
3.6164040844094316e-05,3.223400780667198e-05,-504.2311391317876,3726.331059666238,0.0,52.21678823720351,9125.903974938326,0.0009695212535798486,0.0,0.0004059333763583091,3049.543718354459,0.02209900164344598,0.00030407697368432487,0.0009690681294555398,0.010907825315405269,0.2951223681203654,10.218956011806064,1.2698401411710554,0.0004479492089479262,2579561.646878269,705593671.8604316
3.6164195151772585e-05,3.21565464958436e-05,-499.7374740324599,3737.9013969033617,0.0,56.17427051008009,9189.554713346799,0.0009730005604594855,0.0,0.000499205893333513,3071.4112270227797,0.021789235142471927,0.0003135885055484873,0.000944955242981344,0.012737669446859655,0.3259825799362394,10.720849149667188,1.273910658396457,0.0004481441495421558,2579566.837499165,717572115.1168069
3.616434945945085e-05,3.207978627442101e-05,-495.14414355542874,3749.379101729288,0.0,60.388451554804305,9253.093846269041,0.0009750890704021266,0.0,0.0006128179758344539,3093.284653148915,0.021459344270249505,0.00032296413133683894,0.0009206537593414531,0.014851607236567614,0.3596420716529132,11.232124656703624,1.2769094580961808,0.00044834515054119383,2579572.0275261337,729729741.7062805
3.616450376712912e-05,3.2003742563455154e-05,-490.4506125110531,3760.7578611137487,0.0,64.86785949219333,9316.494569692706,0.0009758758000650059,0.0,0.0007507598159470591,3115.1563640034246,0.02111274291316849,0.0003322074788230915,0.0008963663248066865,0.01728673768271745,0.3962682641657803,11.752081867291023,1.278926231342352,0.00044855237043780506,2579577.216959174,742065178.1135592
3.616465807480739e-05,3.192843086284148e-05,-485.65639404007675,3772.0318825678364,0.0,69.61988932973532,9379.729905225366,0.0009754661410926932,0.0,0.0009176547103550757,3137.01847073785,0.02075298617639413,0.0003413300781219884,0.0008722880146881591,0.020083246524426546,0.43602494869777053,12.28002513842609,1.2800606209209402,0.00044876595591424116,2579582.4057982834,754576804.7944217
3.6164812382485665e-05,3.185386674393652e-05,-480.7610485886087,3783.1959959938786,0.0,74.65056337822215,9442.772806785593,0.000973982051379486,0.0,0.0011188114630915666,3158.8628251829186,0.020383532150699525,0.00035035074899795115,0.0008486040054421148,0.023284243363852306,0.4790699526480248,12.815276016341222,1.2804215155122671,0.0004489860407321542,2579587.594043461,767262757.1569657
3.616496669016393e-05,3.178006584233615e-05,-475.7641829026946,3794.245752598089,0.0,79.9642878410072,9505.59626991561,0.0009715571176797075,0.0,0.0013602675528521303,3180.6810173231916,0.02000806797083756,0.00035929371403574736,0.0008254866756563774,0.02693551527464059,0.5255527784630365,13.357185611774444,1.2801254133060518,0.00044921274467327746,2579592.7816947037,780120926.9409202
3.61651209978422e-05,3.1707043850796014e-05,-470.6654492649501,3805.1775169710018,0.0,85.56361254496085,9568.173440288021,0.0009683361274513528,0.0,0.0016488221271936225,3202.4643730417883,0.019630171107064047,0.00036819120004680185,0.0008030958968192708,0.031085155468326388,0.5756124491778807,13.905147361085533,1.2792953064743378,0.0004494461725476874,2579597.9687520103,793148963.3829353
3.616527530552047e-05,3.163481651224026e-05,-465.4645451478968,3815.9885486530716,0.0,91.44900117555457,9630.47771919945,0.0009644738490989993,0.0,0.0019920475977081124,3224.2039523965,0.019253303642289058,0.000377081762561607,0.0007815780059331083,0.03578307218331339,0.629375154177085,14.458609014612183,1.278059661609688,0.0004496864132796885,2579603.1552153784,806344273.6395667
3.616542961319874e-05,3.1563399612775896e-05,-460.1612134987123,3826.6770693923477,0.0,97.61862042186078,9692.482862307837,0.0009601332992625953,0.0,0.002398278358337542,3245.890548823019,0.01888076677042923,0.00038601054709191555,0.0007610659653863414,0.041080378798701966,0.686952215281299,15.017083551118619,1.2765513948471705,0.0004499335390812168,2579608.3410848062,819704021.7901038
3.616558392087701e-05,3.149280897459794e-05,-454.7552438992286,3837.2423118890565,0.0,104.06815845307075,9754.163066114499,0.0009554821101975055,0.0,0.002876569355529107,3267.5146896208266,0.018515764582355692,0.00039502860281608217,0.0007416787059605301,0.0470286941248949,0.7484382544565984,15.580159503347057,1.2749062006788732,0.00045018760472561366,2579613.5263602915,833225125.5369489
3.6165738228555275e-05,3.142306044862818e-05,-449.2464749212321,3847.6845452287744,0.0,110.79068404066453,9815.493035997819,0.0009506866496270605,0.0,0.0034366246069214485,3289.0666375999695,0.018161527122429775,0.0004041916279859563,0.0007235184791205624,0.05367924587632637,0.8139097954890451,16.14751111174236,1.2732602029579116,0.0004504486469333722,2579618.7110418333,846904249.4846106
3.616585003016967e-05,3.137306017496916e-05,-445.1908808867355,3855.174181535853,0.0,115.826582974601,9859.696000463322,0.0009472139887154976,0.0,0.0038992902547114413,3304.6310546803784,0.01791339151364106,0.000410955346155214,0.0007111726522681826,0.05896493077059546,0.8638696225108271,16.56111478177234,1.27214366221015,0.00045064215127006956,2579622.4671641123,856911971.3307613
3.616596183178407e-05,3.132351634434491e-05,-441.0812412027028,3862.6007346194633,0.0,120.99621288902142,9903.692890558814,0.0009438214909004562,0.0,0.004414285371618903,3320.1484406436944,0.01767298686363854,0.0004178528497617116,0.0006995437087131929,0.06466391370174769,0.9159675193196412,16.97678438810803,1.2711499631372871,0.0004508393286104792,2579626.2229745975,866999302.6583818
3.616607363339846e-05,3.127443499958441e-05,-436.91755080840016,3869.9652958740344,0.0,126.29425203241463,9947.47464844517,0.0009405705441577655,0.0,0.004985719882876045,3335.6148362495305,0.017441648759246503,0.00042490697629003353,0.0006886622270833733,0.07079370794789017,0.9702133149412738,17.394491854644716,1.270330127650654,0.0004510401743612052,2579629.978473286,877164702.107874
3.616620260983312e-05,3.121839624456959e-05,-432.0471156091867,3878.3859473189236,0.0,132.5577294169442,9997.703243699287,0.0009370714666373518,0.0,0.005720466322590542,3353.388555069616,0.017187276400524813,0.00043327645368779937,0.0006770646129768908,0.07842185870792934,1.0354662893080913,17.878902715387177,1.269664396175687,0.00045127641751607696,2579634.310499533,888986545.7699202
3.616633158626778e-05,3.116299029562878e-05,-427.1048234808266,3886.72832640782,0.0,138.97351542721117,10047.620266293236,0.0009339281613501664,0.0,0.006542193720738069,3371.0827555135534,0.016947304108638175,0.00044193214798402133,0.0006665136456763499,0.08666875782211705,1.1035821650636313,18.366083249035775,1.2693687136401064,0.00045151750508421015,2579638.6421108283,900907464.1214241
3.6166460562702436e-05,3.110822641477007e-05,-422.09077274056204,3894.9952171973405,0.0,145.5299290405155,10097.21252304288,0.0009312296015861825,0.0,0.00745713658967981,3388.691024158668,0.016722831545569593,0.0004509150974976709,0.0006570324578048418,0.09555542035330417,1.174550696170291,18.85614010659331,1.2695146267287802,0.0004517634032306559,2579642.973307172,912924627.0420845
3.61665895391371e-05,3.105411384833397e-05,-417.0051089115093,3903.1896893127127,0.0,152.21419656737905,10146.467014321528,0.000929057936505179,0.0,0.008471319529774852,3406.2068349274136,0.01651489141407108,0.0004602689465959979,0.0006486412528414993,0.10510014234465809,1.2483538463172945,19.349232492311604,1.2701705878385676,0.0004520140684131303,2579647.304088562,925035009.507637
3.616671851557175e-05,3.100066182051854e-05,-411.84803056250666,3911.3150260232446,0.0,159.01257374635148,10195.370885853723,0.0009274902270846585,0.0,0.00959045329028761,3423.623554504955,0.016324278104081588,0.0004700360628785227,0.000641353326956707,0.11531826390053723,1.3249665557236794,19.845571807887616,1.271400733839573,0.00045226944730488886,2579651.6344549973,937235372.818646
3.6166847492006415e-05,3.094787952613847e-05,-406.61979575636576,3919.374643724233,0.0,165.91048912113516,10243.911371786977,0.0009265990187691241,0.0,0.010819833553551029,3440.9344471516274,0.016151741725943174,0.0004802578408358543,0.0006351774745433931,0.12622198090184408,1.4043579443960539,20.34542008317592,1.2732647538107638,0.00045252947671377096,2579655.964406477,949522243.5885446
3.616697646844107e-05,3.089577612252553e-05,-401.32072896259956,3927.372005119837,0.0,172.89270697691742,10292.075730380519,0.0009264507780986321,0.0,0.012164250771246884,3458.132680191207,0.015997908460226053,0.0004909766289010278,0.0006301207264089388,0.13782026260949956,1.486492616791663,20.849087869238833,1.275818054721227,0.00045279408348440815,2579660.293942999,961891890.9593071
3.616710544487573e-05,3.084436072050306e-05,-395.9512282503568,3935.310528985406,0.0,179.943505647559,10339.851175148655,0.0009271060775126022,0.0,0.013627907475740456,3475.211330977917,0.015863208899461384,0.0005022339344594942,0.0006261879033686777,0.15011883760010603,1.5713319250517495,21.356931380530686,1.279111380831285,0.00045306318436997504,2579664.623064564,974340302.6800768
3.616723442131039e-05,3.079364237441134e-05,-390.5117726505956,3943.193498500339,0.0,187.04686713253514,10387.22480261255,0.0009286196312236509,0.0,0.01521435052347004,3492.163394983383,0.015748082997450848,0.000514069731745663,0.0006233787340482361,0.16312025587209206,1.6588354376229726,21.869349228616507,1.283189693115415,0.00045333668587276064,2579668.951771169,986863160.3541515
3.616736339774505e-05,3.074363007118117e-05,-385.00292960487536,3951.0239698531723,0.0,194.18667312651522,10434.183518835473,0.0009310398009776242,0.0,0.016926424816874234,3508.9817936984086,0.015652768811484346,0.0005265233744009221,0.0006216925345441542,0.17682406048407004,1.7489624211199717,22.386778847838755,1.288092336863948,0.00045361448405031537,2579673.2800628147,999455814.1956675
3.6167565936847015e-05,3.066653917127753e-05,-376.21366755389073,3963.221111781911,0.0,205.43387809532715,10507.055932566642,0.0009367689535666385,0.0,0.019873363768135456,3535.105751693136,0.015543426580023103,0.0005474179983270295,0.0006213061036655002,0.1997528585039428,1.8956941797371827,23.210587024253126,1.2975337957438697,0.0004540591189047198,2579680.0761902705,1019359491.0928718
3.6167691337982305e-05,3.0619707335849993e-05,-370.68822769737216,3970.7152088412063,0.0,212.39628777978115,10551.621839753941,0.000941546165583756,0.0,0.02185790071681477,3551.0940094056714,0.015500532956771307,0.0005612276699369624,0.000622443605619512,0.2148028518863925,1.9896746274526063,23.728283390065794,1.3044843523372518,0.00045433936475705513,2579684.283467793,1031753564.6975809
3.616781673911759e-05,3.0573572352044143e-05,-365.09986529739575,3978.1670140968085,0.0,219.34111916160197,10595.749268978432,0.0009472945011682661,0.0,0.02396518893276838,3566.931773566217,0.015476514836217292,0.0005757425228160212,0.0006246272925257019,0.2304963640293748,2.0860156032091504,24.252416214985963,1.3123004424091653,0.0004546232412471681,2579688.490353037,1044195188.8538808
3.616794214025288e-05,3.05281420505814e-05,-359.4495477346791,3985.577483246046,0.0,226.25530000932662,10639.424658932121,0.000954032809498945,0.0,0.02619488816649402,3582.6123433715675,0.015471194980948969,0.0005909928597168408,0.0006278550812015912,0.24682402241603138,2.184693478312133,24.783496887044656,1.3209928485517606,0.00045491060614121144,2579692.6968460036,1056678444.0742409
3.616806754138816e-05,3.0483424134185038e-05,-353.73835155919454,3992.9470292454935,0.0,233.12652794465853,10682.634008377761,0.0009617724360119772,0.0,0.02854613606089465,3598.129004364996,0.015484456310739069,0.0006070083702190299,0.0006321129853932933,0.26377556092804777,2.285690188746914,25.32204794328006,1.3305662572897334,0.00045520130633291045,2579696.9029466906,1069197011.5362086
3.616819294252345e-05,3.043942616381413e-05,-347.96746562255174,4000.2754942689185,0.0,239.94337168679917,10725.362859349487,0.0009705215315614292,0.0,0.031017621560921697,3613.475039291868,0.015515949529053174,0.0006238133417255948,0.00063740180540114,0.2813402271068086,2.3889937747800496,25.86859854476668,1.3410196692431615,0.00045549517751449723,2579701.108655098,1081744162.7961557
3.6168318343658736e-05,3.039615554423828e-05,-342.1381932085349,4007.5621353219867,0.0,246.69534758295617,10767.596294728082,0.0009802814501723206,0.0,0.03360765836595165,3628.6437397920113,0.015565398907440348,0.0006414373959470294,0.0006436969673623904,0.2995071237816616,2.4945986365012884,26.423679694204946,1.3523462405389424,0.0004557920438380307,2579705.3139712233,1094312753.5208173
3.6168443744794026e-05,3.035361950944998e-05,-336.25195320838674,4014.805621802216,0.0,253.3729723000276,10809.318949313061,0.0009910509455796866,0.0,0.03631427291037265,3643.6284182800205,0.01563230478226915,0.0006598966015280886,0.0006510192767038142,0.318265587537793,2.6025056829517488,26.987819101001516,1.364533977288169,0.00045609171759141944,2579709.518895067,1106895221.0583544
3.616856914592931e-05,3.031182510817826e-05,-330.31028032286025,4022.004044301829,0.0,259.96779382743085,10850.515031875373,0.0010028201723684513,0.0,0.039135291572397056,3658.4224207900184,0.015716343410758296,0.0006792269434879767,0.0006593025189991358,0.3376054556356654,2.712722166739088,27.56153689715179,1.3775649352946662,0.000456393998914172,2579713.7234266265,1119483585.769061
3.61686945470646e-05,3.0270779189492425e-05,-324.3148243449747,4029.1549336503526,0.0,266.47239910038877,10891.168359974832,0.0010155791768858878,0.0,0.04206842567293317,3673.0191391000753,0.015816871546627462,0.0006994162591939562,0.0006686829346683517,0.357517372739194,2.8252614460153302,28.145340584120923,1.3914163108981956,0.0004566986755540019,2579717.9275659025,1132069456.2691746
3.616881994819988e-05,3.023048838848973e-05,-318.26734842119896,4036.25529115052,0.0,272.8803997145902,10931.262404922014,0.0010293015506042146,0.0,0.04511134826514508,3687.4120239663116,0.01593365785516654,0.0007205955005779272,0.0006785100272991058,0.3779929221298909,2.9401424390832935,28.739722527430473,1.4060594071145984,0.00045700552268257205,2579722.131312893,1144644038.8108022
3.616894534933517e-05,3.019095911219952e-05,-312.16972640144365,4043.301626671169,0.0,279.18638957127354,10970.78036134753,0.0010440300863601025,0.0,0.04826176708644292,3701.5945962324627,0.016064585895348586,0.0007420823377052632,0.0006933784661255933,0.39902492061309613,3.0573884903273543,29.345142389275093,1.4214656541409445,0.0004573143027152936,2579726.334667596,1157198151.9407635
3.6169070750470456e-05,3.0152197525906762e-05,-306.02393895337775,4050.290013961737,0.0,285.3858969215499,11009.705192279444,0.0010596482412036864,0.0,0.0515174550005107,3715.5604672837967,0.016212443421026575,0.0007659437430221577,0.0007037767692163519,0.42060688946927083,3.1770271753974293,29.962058136976616,1.4375910911619971,0.00045762476535160323,2579730.5376300123,1169722243.1111891
3.6169196151605746e-05,3.011420953996889e-05,-299.8320702844338,4057.216124204704,0.0,291.47532753997154,11048.019705414667,0.001076075108824073,0.0,0.054876361874571476,3729.30333987506,0.016373677553075852,0.0007892709253034074,0.0007147463197602269,0.44273429264231035,3.299090006403332,30.590885956096198,1.4543960239645346,0.00045793664758496627,2579734.7402001396,1182206407.0301828
3.61692845920439e-05,3.0087886379794004e-05,-295.43866110418725,4062.0608667749984,0.0,295.7022123163884,11074.665058875453,0.0010882250762579903,0.0,0.057306294000911195,3738.8581853505684,0.01649524860509932,0.000806788129867946,0.0007256683581402708,0.4586656351228999,3.3866505716533433,31.041736974113594,1.4666353618279846,0.0004581573103898357,2579737.703869976,1190981447.1583185
3.616937303248206e-05,3.0061952711126853e-05,-291.02420802734355,4066.8706040552624,0.0,299.8721430898654,11100.992223950254,0.001100835197121715,0.0,0.0597859801515068,3748.2969001795022,0.016623710875466848,0.0008249279027522661,0.0007358550572021549,0.4748651611678391,3.475444271585383,31.498823809410396,1.479175606931724,0.00045837844199663526,2579740.6673446903,1199727867.7192335
3.616946147292022e-05,3.0036410359241476e-05,-286.5895259170781,4071.643562573183,0.0,303.98449230768057,11126.995173692361,0.001113788034900182,0.0,0.062314845382068815,3757.6173856479445,0.016758175254464255,0.0008430351135717418,0.0007461060167087306,0.4913319966331716,3.5654819115382064,31.962260076544275,1.4919983387710263,0.00045859993896378283,2579743.630624282,1208441921.9468606
3.616954991335837e-05,3.0011261076399602e-05,-282.13545057908584,4076.377918401584,0.0,308.03877198969064,11152.667915466956,0.0011271296532477215,0.0,0.0648923496419252,3766.8175754880867,0.016898639200847523,0.0008619181668769238,0.0007575159316417811,0.5080653929059402,3.656774354155767,32.43214510487004,1.5050859219637998,0.000458821694907084,2579746.593708751,1217119798.9119368
3.616963835379653e-05,2.998650654005674e-05,-277.66283743387226,4081.071812464609,0.0,312.0346135217986,11178.004504528279,0.0011408978954208862,0.0,0.06751799185427916,3775.8954403093776,0.01704494529503889,0.0008814287179914902,0.0007693323924479044,0.5250647933889587,3.7493321504494266,32.90857170235274,1.518420902753717,0.0004590436005670818,2579749.5565980966,1225757630.0468264
3.616972679423469e-05,2.9962148351194517e-05,-273.1725601717173,4085.7233616069375,0.0,315.9717494826577,11202.999061840965,0.0011550029501992763,0.0,0.07019130309027598,3784.848991348693,0.01719669353114053,0.000901196836574094,0.0007812466812992284,0.5423296491140134,3.8431644277533437,33.39162160088725,1.5319841112462154,0.0004592655438947869,2579752.5192923187,1234351495.7166173
3.616981523467285e-05,2.9938188032760027e-05,-268.665509671684,4090.3306662423474,0.0,319.84999750274204,11227.645789265656,0.0011694317255603894,0.0,0.07291183477358705,3793.6762809610545,0.017353667839791392,0.0009214827023172002,0.0007936888036817911,0.5598594166623728,3.9382792935577995,33.88136183736093,1.5457557119925467,0.00045948741015968867,2579755.481791417,1242897430.8165393
3.6169903675111004e-05,2.9914627028196047e-05,-264.14259289834257,4094.891819457717,0.0,323.66924561748885,11251.938980483748,0.0011842138287237645,0.0,0.0756791588388588,3802.3754036336495,0.017515649438482873,0.00094235276340798,0.0008067143856977098,0.5776535426050247,4.03468358497801,34.377847855413336,1.5597166000170422,0.00045970908206752984,2579758.444095391,1251391430.546492
3.6169992115549164e-05,2.9891466700070227e-05,-259.60473160885135,4099.404916928527,0.0,327.42943652955586,11275.873034667664,0.0011993148565314295,0.0,0.07849285584220142,3810.9444988866417,0.017682362751651224,0.0009636663558417343,0.0008200649603002592,0.5957113482543522,4.132382353348839,34.88112361888604,1.5738475092594697,0.0004599304398827694,2579761.40620424,1259829457.022615
3.6170080555987324e-05,2.986870832881905e-05,-255.05286107136135,4103.868065402287,0.0,331.13055235220077,11299.442470910913,0.0012146949823195522,0.0,0.08135250250137023,3819.381753641988,0.017853557980553277,0.0009854349154445282,0.0008338123011000756,0.6140319889654852,4.231378777235782,35.39121922440488,1.5881283456647086,0.00046015136156279983,2579764.3681179644,1268207445.9105792
3.617016899642548e-05,2.9846353111606817e-05,-250.4879288991026,4108.279389925025,0.0,334.77260169919447,11322.64193956615,0.001230359773141774,0.0,0.08425766482022623,3827.6854032718365,0.018028993707535756,0.001007729328289565,0.0008480501841254688,0.6326144068346075,4.331673947683959,35.9081510464712,1.6025391004545577,0.00046037172290566274,2579767.329836563,1276521312.6670425
3.617025743686364e-05,2.982440216129056e-05,-245.91089385813066,4112.637040901845,0.0,338.35560800684186,11345.466232658788,0.0012462852512059484,0.0,0.08720788674539731,3835.853733128393,0.018208419310636586,0.001030513079401112,0.0008626674202719338,0.65145724902458,4.4332665483804865,36.4319223041988,1.6170602124938396,0.00046059139770709934,2579770.2913600365,1284766958.9358
3.617040938452816e-05,2.9787635560352832e-05,-238.02173414720468,4119.993263442895,0.0,344.37371273251557,11383.789613787561,0.0012742536401969,0.0,0.09238037254106202,3849.5668226612247,0.018525307354195723,0.0010707923218638803,0.0008887090538987537,0.6844337305900022,4.610827691034882,37.34773333068651,1.642209437370461,0.00046096684195958977,2579775.3790358817,1298762458.6987414
3.617056133219268e-05,2.9752069881532875e-05,-230.10468267307067,4127.17675452069,0.0,350.21769901410124,11420.966200370458,0.001302862350915307,0.0,0.097681582534328,3862.8675340625905,0.018852062121478833,0.0011124918689050928,0.0009159349778338823,0.7181622909249723,4.792167292392312,38.28354104162254,1.6675274221501009,0.0004613392205744838,2579780.4661357533,1312523654.4193373
3.6170672486721204e-05,2.9726815300574062e-05,-224.29834196196757,4132.317361907533,0.0,354.38244576770165,11447.422435463568,0.001324113042576475,0.0,0.10163919415802465,3872.331866009003,0.01909665753290658,0.0011438297415101693,0.0009364406687251455,0.7433032031672666,4.927179405639754,38.98062347191079,1.6860994723997869,0.00046160929850613125,2579784.187145624,1322430056.4439087
3.617078364124974e-05,2.9702206708701918e-05,-218.48174893900088,4137.357750755159,0.0,358.4538716688642,11473.244198945353,0.0013456588777329519,0.0,0.10566236036621175,3881.5686621573223,0.019345469985417103,0.0011759708417126815,0.0009575921390051577,0.768830436976739,5.064144130301138,39.68810891416696,1.704672930919762,0.0004618771101252438,2579787.9078472666,1332191925.4512682
3.6170894795778265e-05,2.96782451350303e-05,-212.65689569983994,4142.2948578949345,0.0,362.43179815640775,11498.423519590639,0.001367447552511011,0.0,0.10974931488393064,3890.575277440018,0.01959806190433848,0.00120885155241448,0.0009794087761440342,0.7947346249802534,5.203017878377838,40.40580991791486,1.7232116230633512,0.00046214238728885205,2579791.6282406803,1341801277.1098862
3.61710059503068e-05,2.9654931386844617e-05,-206.82577951894197,4147.125763864627,0.0,366.31596218699946,11522.952920522514,0.001389434340608894,0.0,0.1138980408325569,3899.3492187497263,0.019854002466017755,0.001242451020656783,0.0010017451040646376,0.821004753637749,5.343748285437571,41.13350311708398,1.7416804577996237,0.0004624048605835263,2579795.3483258653,1351250217.4009128
3.617111710483533e-05,2.9632266049152076e-05,-200.99039956351803,4151.847697350216,0.0,370.10601430196544,11546.825429278313,0.0014115925957693253,0.0,0.11810625031786348,3907.8881480902846,0.020112886751844847,0.0012767692389729808,0.0010245778334692886,0.8476280627326139,5.486273944190742,41.87092909345076,1.7600452665662054,0.0004626642599757441,2579799.0681028203,1360530961.1992872
3.617122825936386e-05,2.9610249484762703e-05,-195.15275374318477,4156.4580366200435,0.0,373.80152313691224,11570.0345830484,0.0014338893085797718,0.0,0.12237136688650098,3916.1898851052274,0.020374323048330173,0.0013117762445753077,0.001048078777565274,0.8745899627759093,5.630524281168104,42.61779285329605,1.778272865772819,0.00046292031547996503,2579802.7875715443,1369635849.9241369
3.6171339413892394e-05,2.9588881834681474e-05,-189.31483562687913,4160.954309933263,0.0,377.40198187817,11592.574431785282,0.0014562917582594554,0.0,0.12669051321447133,3924.2524091416135,0.020637909233285956,0.001347489675770411,0.0010721373095269756,0.9018740131059767,5.776419586019093,43.37376500818674,1.7963312834817826,0.0004631727578274064,2579806.5067320373,1378557368.777036
3.617150624522231e-05,2.9558028866454116e-05,-180.5565655218272,4167.483623996797,0.0,382.6262328400115,11625.136477267068,0.0014900567716509177,0.0,0.13326744527580928,3935.90043505073,0.02103673746501481,0.0014023591835781307,0.0011090286974764021,0.943388521800113,5.998283384854711,44.52469027020524,1.8230501452435168,0.00046354428038048893,2579812.088224738,1391587430.8955379
3.6171673076552226e-05,2.9528636267381422e-05,-171.80881993774545,4173.743565520678,0.0,387.6328809230285,11656.162457729453,0.0015238891007510469,0.0,0.13994675290226538,3946.9998444445637,0.02143831214767505,0.0014586290797782215,0.001147215900554322,0.9855171392556394,6.223311754918827,45.69393956771403,1.8492186472923018,0.0004639061646459923,2579817.669023085,1404163796.1877282
3.617183990788214e-05,2.950070173030892e-05,-163.07819394345,4179.7276529668625,0.0,392.4195281012048,11685.638766218828,0.0015576934273127732,0.0,0.14671473921172862,3957.5458787099496,0.021841408781416466,0.0015163336268652677,0.0011861293762983503,1.0281804584650094,6.451121086484895,46.87998460691821,1.8747427047485257,0.0004642575291263428,2579823.249127077,1416263388.0382106
3.617195347232933e-05,2.94825186744704e-05,-157.1482553493217,4183.640332644509,0.0,395.5507250635308,11704.81148396279,0.0015806328714676045,0.0,0.1513647879613286,3964.406122616015,0.022116065361914454,0.0015563017349516043,0.0012133425207147073,1.0574828829062293,6.607568378526174,47.69609600415928,1.891703132740879,0.0004644902483368857,2579827.047185629,1424215751.963196
3.6172067036776526e-05,2.9465008331138276e-05,-151.23128435279267,4187.420871886085,0.0,398.5780114496343,11723.258140625128,0.0016034844234062507,0.0,0.15604368516898504,3971.0071016025136,0.022390513451069134,0.001596849424281014,0.0012412864526867601,1.086961958350389,6.764962126941462,48.5186456052722,1.9082972517254864,0.0004647174277396863,2579830.844922434,1431930403.119611
3.6172180601223726e-05,2.944816911470124e-05,-145.32927210620662,4191.067783039419,0.0,401.50059900949367,11740.976445164397,0.001626211672905915,0.0,0.16074592609197957,3977.347981249709,0.022664378650574055,0.001638027867283622,0.001269107154536998,1.116585683437945,6.9231489730815285,49.347038988350825,1.9244997134688708,0.00046493880813626556,2579834.642337492,1439401025.4762225
3.617229416567092e-05,2.9431999214840088e-05,-139.44417976794122,4194.579720955764,0.0,404.3177185322171,11757.96463083508,0.0016487794900706015,0.0,0.16546572959666414,3983.4281058609936,0.02293729415088863,0.001679600605144518,0.0012973086546357985,1.1463204047095703,7.081967756490584,50.18065316192645,1.94028623748044,0.00046515413673393354,2579838.439430802,1446621598.346206
3.617240773011811e-05,2.941649660019983e-05,-133.57793554034026,4197.955479632842,0.0,407.028632404871,11774.221444748806,0.0016711649865159715,0.0,0.17019704022222165,3989.2469970513102,0.02320890449334073,0.0017216560581540137,0.0013261458030052807,1.1761309295957583,7.241250273883239,51.01884013092692,1.9556337065371947,0.0004653631677887729,2579842.2362023625,1453586409.237056
3.6172521294565306e-05,2.940165902244802e-05,-127.73243171060508,4201.193988799352,0.0,409.6326479414214,11789.74613505494,0.0016933377213456632,0.0,0.17493356342686714,3994.8043519264743,0.02347885113180291,0.0017641672756535864,0.001355292902397849,1.2059806404280065,7.400821751218859,51.86093073455372,1.9705201524347167,0.00046556566324729035,2579846.032652173,1460290065.6735508
3.61726348590125e-05,2.9387484020557197e-05,-121.90952202500515,4204.294310292853,0.0,412.1291280315894,11804.538439916518,0.0017152641764613685,0.0,0.17966879272644257,4000.1000407955066,0.02374677264280633,0.0018070367883492866,0.0013846480664980413,1.235831668774302,7.560501569236882,52.706235462056256,1.9849246378141927,0.00046576139329990325,2579849.828780234,1466727506.2495954
3.6172808129195424e-05,2.9367127167186648e-05,-113.07288369023443,4208.75654762402,0.0,415.72963870385746,11825.69715238192,0.0017481712733787293,0.0,0.18687583909810182,4007.6758609980025,0.02415083065641598,0.001873057430983478,0.001430087809609286,1.2812906677709515,7.803918815995138,54.00053967498138,2.005928907396769,0.0004660464936018261,2579855.6200768463,1476025852.1948183
3.617298139937835e-05,2.9348296067966046e-05,-104.29929333768536,4212.892940812085,0.0,419.0767910855483,11845.154424368176,0.0017803408733499796,0.0,0.19403979079746075,4014.643582110866,0.02454808816644764,0.00193972706462594,0.0014759033548076012,1.326519260107431,8.046475921101152,55.298096293985665,2.025699771136591,0.00046631458895347226,2579861.4106244547,1484678392.925774
3.617315466956127e-05,2.933097927282317e-05,-95.59474462371357,4216.701849609889,0.0,422.1693023048813,11862.91554520133,0.0018116471742246432,0.0,0.2011355592297921,4021.004981646737,0.02493724869063144,0.002006746089442852,0.0015224393144503705,1.3713711024384403,8.287475886210093,56.596261658403456,2.0441775398344757,0.0004665649883531105,2579867.200423055,1492671906.541709
3.6173327939744195e-05,2.931516431694227e-05,-86.9649642115731,4220.182278609925,0.0,425.00636522187637,11878.988121127293,0.001842001586673993,0.0,0.20813768759182794,4026.7626867127606,0.025317089551798917,0.0020740513449193808,0.0015691928420039061,1.415697461758446,8.526210244560636,57.89235275607547,2.0613085039725925,0.00046679705674357595,2579872.9894726444,1499995179.8259661
3.617350120992712e-05,2.9300837770253826e-05,-78.41539708987108,4223.333858009026,0.0,427.58767639173885,11893.381958720318,0.0018712999672535647,0.0,0.21502063040029523,4031.9201379235537,0.02568636013011368,0.002141335237691936,0.0016160261170376352,1.4593488531172132,8.761966208668818,59.18366855513067,2.077044869020371,0.0004670102175267664,2579878.777773221,1506639041.2985373
3.617367448011004e-05,2.9287985285238034e-05,-69.95119577778343,4226.156828070877,0.0,429.91344735802807,11906.108955610507,0.0018994423817579856,0.0,0.22175900055211553,4036.4815530342685,0.02604384466269907,0.0022084271285181915,0.001662885286757152,1.5021763857930244,8.994032956960588,60.46751103266617,2.0913448189025416,0.0004672039541586373,2579884.5653247805,1512596382.2904656
3.6173847750292966e-05,2.9276591646398193e-05,-61.57721140361665,4228.652023555953,0.0,431.98441134528804,11917.182985853698,0.001926337820070582,0.0,0.22832781679311429,4040.4518881777044,0.026388350852470516,0.0022750979862462173,0.0017096131313896492,1.5440332019503582,9.221708184394444,61.741206424640076,2.104172681363866,0.00046737781126152437,2579890.352127322,1517862163.1665397
3.6174169262975424e-05,2.925925992758331e-05,-46.293055573267715,4232.418844425868,0.0,435.1568138306199,11933.407028883461,0.0019726301132658997,0.0,0.23998530263280418,4046.2728262618393,0.026989304172794503,0.0023969130177837732,0.001795450585981689,1.6186446354835842,9.630213968074665,64.06883590676583,2.1239792723819533,0.00046764645123571313,2579901.0878842687,1525792286.7514906
3.6174371173634617e-05,2.9250866252124095e-05,-36.87309356541866,4234.216260468846,0.0,436.7085155665994,11940.765730076466,0.001999101978780884,0.0,0.2468993153088755,4048.916678014092,0.027338680766916243,0.0024715699062662134,0.0018483865975373595,1.6631507277434157,9.875943744370675,65.50086660457785,2.1337145592052558,0.0004677785967679087,2579907.828644472,1529549448.9284773
3.617457308429381e-05,2.924436005176769e-05,-27.597783369547326,4235.580975449568,0.0,437.9254464572368,11945.979264403131,0.0020234296485408406,0.0,0.25345923155076505,4050.7938997402694,0.027664518587616975,0.0025444185197877034,0.001900351814982121,1.7056043507746608,10.11217204280556,66.90541788537706,2.141340719763036,0.00046788211620224767,2579914.5683875615,1532367937.5053825
3.6174702069844226e-05,2.924117810286145e-05,-21.75057107218735,4236.228980952747,0.0,438.53004754528615,11948.202796296411,0.0020377985704020693,0.0,0.25745044194984484,4051.597630239554,0.02785967252272281,0.002589826533860503,0.001932904913420844,1.7315659693217786,10.257695246319395,67.78665127394288,2.1451052014828944,0.00046793315557840494,2579918.873370636,1533680691.881951
3.6174831055394636e-05,2.9238746353783125e-05,-15.965670300093898,4236.704642516416,0.0,439.0018148540618,11949.574560150817,0.0020512230928721306,0.0,0.2612775285498987,4052.097168993205,0.028044279424146404,0.0026342484147708596,0.0019648870132435545,1.7565719712911114,10.39876378580729,68.65434216692388,2.148007472409636,0.0004679723853373178,2579923.177938625,1534616481.7975185
3.617491798721391e-05,2.9237526553080534e-05,-12.102544589779194,4236.9290565037945,0.0,439.2457299793885,11950.023541703109,0.002059728634974842,0.0,0.2637609300001639,4052.26406620767,0.028162592747842607,0.002663589986999907,0.0019860949871117572,1.7728658239850084,10.491226094003553,69.23107689792158,2.149478875997313,0.00046799215386392456,2579926.0788350706,1535036237.1334834
3.6175004919033176e-05,2.9236641318247584e-05,-8.268514882006002,4237.076916091033,0.0,439.43071770813486,11950.093177701337,0.002067790588578423,0.0,0.26616492190174884,4052.295576846392,0.028275893357900313,0.0026924184682297395,0.0020069990251453387,1.7886960956877453,10.581518818155061,69.80103879195505,2.150562258455907,0.0004680065493325269,2579928.979542971,1535287538.135459
3.617506110508836e-05,2.9236245977337575e-05,-5.806098630413004,4237.132188267323,0.0,439.51923416322586,11949.93782904858,0.0020727633460031064,0.0,0.2676756228379459,4052.24445817373,0.028346423822157702,0.002710767397066362,0.002020341997209473,1.798676037005337,10.638698488573551,70.16570499036916,2.1510574158463616,0.0004680129959639753,2579930.854237592,1535360976.2671227
3.6175117291143545e-05,2.9235988643882276e-05,-3.356008207694,4237.156226488828,0.0,439.5836047817355,11949.626170362264,0.0020775489058984676,0.0,0.26915200936921135,4052.137587210126,0.02841482221874548,0.002728887091406423,0.00203354890477575,1.80845545309286,10.694937826262345,70.52738281804918,2.1513930540851374,0.00046801720062135616,2579932.728853451,1535365044.2725139
3.617514891565276e-05,2.9235904241885705e-05,-1.9824041240436123,4237.1562111118765,0.0,439.60929834880284,11949.382320906761,0.002080160155156729,0.0,0.26996775355107416,4052.0530333185216,0.028452382718533675,0.0027389827551795552,0.0020409210048496426,1.8138707714699513,10.726174666012692,70.72961732741308,2.1515125698985815,0.0004680185818870562,2579933.78395262,1535337010.461361
3.617517007712416e-05,2.923587199646442e-05,-1.0654477756958836,4237.150858329069,0.0,439.62228171409697,11949.191718627742,0.002081874599221352,0.0,0.2705074278979501,4051.9866755221005,0.028477141764598476,0.0027456964883238433,0.002045829239418746,1.8174583689206139,10.746907825699166,70.86439730975225,2.1515650412510254,0.00046801911007924343,2579934.4899559943,1535306129.9132617
3.6175183785829917e-05,2.9235861456600045e-05,-0.47236366337252417,4237.145166692546,0.0,439.6289006636086,11949.056528868723,0.0020829713653439936,0.0,0.27085437750598657,4051.939512687126,0.028493023176038978,0.0027500278417025683,0.002048998274559001,1.8197669899795081,10.760266740748033,70.95147464477587,2.1515874793646623,0.00046801928282954735,2579934.9473091783,1535280970.3208005
3.617519346160922e-05,2.9235858909458836e-05,-0.05419501806444026,4237.140153949923,0.0,439.63272835486566,11948.955572293731,0.0020837390456929813,0.0,0.2710979918349509,4051.9042511581383,0.02850415991800946,0.0027530765588587593,0.0020512300801501346,1.8213891055444908,10.769661553464395,71.01282292078255,2.151597999550513,0.00046801932459352347,2579935.2701120647,1535260796.6329045
3.6175194506531505e-05,2.9235858876412486e-05,-0.009056975382703603,4237.139565580403,0.0,439.6331000832127,11948.944395617185,0.0020838216394012806,0.0,0.27112423747573233,4051.900345509423,0.02850535914251398,0.0027534053891288043,0.002051470862158435,1.821563920083674,10.770674457008479,71.01944256989512,2.1515988800858774,0.00046801932513548306,2579935.304972572,1535258499.3181531
3.6175195551453785e-05,2.9235858890529615e-05,0.03607669193800319,4237.13896590393,0.0,439.63346371139806,11948.93316553994,0.0020839041732974893,0.0,0.2711504708123365,4051.8964208363323,0.028506557691412266,0.002753734140136502,0.002051711597916954,1.8217386643323177,10.771687031948513,71.02606113261574,2.1515997114328616,0.00046801932490395104,2579935.339833052,1535256178.0907307
3.617519659637607e-05,2.9235858951805638e-05,0.08120598250714851,4237.138354910786,0.0,439.6338192401881,11948.921882067105,0.002083986647016594,0.0,0.2711766919207085,4051.892477141506,0.028507755547739776,0.0027540628116757724,0.0020519522870195333,1.8219133385800876,10.772699275106056,71.03267861132854,2.151600493108819,0.0004680193238989484,2579935.374693505,1535253832.949144
3.617519854028252e-05,2.9235859191254226e-05,0.16514955428829498,4237.137183219859,0.0,439.63445908731245,11948.900748975533,0.0020841399132974173,0.0,0.27122543982286096,4051.8850899457793,0.02850998204444279,0.002754674038125742,0.0020523999229601444,1.8222381060052404,10.774581491133967,71.04498647122409,2.1516018122593956,0.00046801931997149436,2579935.4395455853,1535249404.7713165
3.617520048418897e-05,2.9235859593865872e-05,0.2490772198418818,4237.135963557791,0.0,439.63507087268414,11948.879431161224,0.002084292962885041,0.0,0.2712741465087819,4051.877636950524,0.028512205918193572,0.0027552849831788315,0.0020528473892756807,1.8225626325378173,10.776462522169751,71.0572906090048,2.1516029499911573,0.00046801931336740973,2579935.504397571,1535244890.6208317
3.6175202428095416e-05,2.92358601596097e-05,0.33298905372755916,4237.1346968406415,0.0,439.6356545615393,11948.85792868178,0.00208444578893544,0.0,0.2713228125790011,4051.8701181775104,0.028514427045482012,0.002755895640315326,0.0020532946801119214,1.8228869168682056,10.778342354276784,71.0695910359832,2.151603899331817,0.00046801930408685484,2579935.5692494623,1535240290.8470323
3.6175204372001864e-05,2.9235860888455016e-05,0.41688521922158767,4237.133385020234,0.0,439.6362101184966,11948.836241598545,0.0020845983852354065,0.0,0.27137143832304716,4051.862533647177,0.028516645354156718,0.0027565060029795902,0.002053741790544938,1.8232109568916064,10.780220984548407,71.08188775351798,2.1516046545327256,0.0004680192921299883,2579935.6341012595,1535235606.179577
3.617520631590831e-05,2.9235861780371423e-05,0.5007658145297934,4237.132029285992,0.0,439.636737513591,11948.814369972128,0.002084750746862858,0.0,0.27142002373409113,4051.8548833781315,0.02851886081294911,0.002757116065965033,0.0020541887169151975,1.8235347509576587,10.782098416589696,71.0941807563293,2.1516052114919826,0.00046801927749696336,2579935.6989529626,1535230837.0689228
3.617520825981476e-05,2.923586283532872e-05,0.5846308714450621,4237.130630050342,0.0,439.6372367210683,11948.792313860544,0.002084902869910411,0.0,0.2714685687088581,4051.8471673878557,0.02852107340243068,0.002757725825658116,0.0020546354560882565,1.8238582986462275,10.783974652414381,71.10647003961093,2.151605567136915,0.0004680192601879333,2579935.7638045717,1535225983.6806073
3.617521402170658e-05,2.9235866919864444e-05,0.8331226997624487,4237.126233059012,0.0,439.63855060336715,11948.725854509665,0.0020853523419758083,0.0,0.27161222127657714,4051.8239106420865,0.028527614632602383,0.0027595313912589007,0.0020559585033812083,1.8248158668004935,10.789528951840932,71.14287454884615,2.1516054143537464,0.00046801919316275203,2579935.956029293,1535211105.0778658
3.617521745798388e-05,2.9235870037227756e-05,0.9812534663288548,4237.123431599854,0.0,439.6392160022673,11948.685448717464,0.002085619361480244,0.0,0.27169772183748164,4051.8097661643205,0.02853150344407093,0.0027606068943915544,0.0020567467289033395,1.8253859098553387,10.792836430150926,71.16456986137615,2.151604452091245,0.0004680191420008391,2579936.070667888,1535201880.529112
3.6175220894261194e-05,2.9235873663526673e-05,1.1293358479654667,4237.120496917943,0.0,439.6397929889635,11948.644467388305,0.002085885593270916,0.0,0.2717830943211568,4051.795416608768,0.02853538297749769,0.0027616814139910574,0.00205753433668033,1.8259551791098512,10.796140171428783,71.18625349599367,2.151602828608806,0.00046801908247961224,2579936.1853061873,1535192393.8774567
3.61752243305385e-05,2.9235877798594917e-05,1.2773699815352115,4237.117430837116,0.0,439.64028147196115,11948.602910806281,0.002086151028159803,0.0,0.2718683384501263,4051.7808620622463,0.028539253159111086,0.0027627549403759564,0.002058321320201264,1.8265236712975421,10.799440175126092,71.20792543812817,2.1516005367250632,0.0004680190145999276,2579936.299944192,1535182645.8708184
3.617522776681581e-05,2.923588244226668e-05,1.4253559656970882,4237.114234732279,0.0,439.6406813723443,11948.560779249789,0.002086415659874067,0.0,0.2719534536661782,4051.7661026083674,0.028543113965817435,0.0027638274673808688,0.002059107674763518,1.8270913852073052,10.802736442773323,71.22958566942214,2.151597572221106,0.0004680189383626419,2579936.4145819033,1535172637.0930073
3.6175231203093114e-05,2.9235887594376565e-05,1.5732938420306464,4237.110909309584,0.0,439.6409926256104,11948.51807298847,0.0020866794848810382,0.0,0.2720384393535303,4051.7511383280794,0.02854696539582365,0.002764898991750356,0.002059893397472456,1.8276583203597554,10.80602897515513,71.25123417169748,2.1515939333274963,0.0004680188537686135,2579936.529219319,1535162367.882804
3.617523712469074e-05,2.923589766533809e-05,1.8281163919083614,4237.104876841603,0.0,439.64132082943155,11948.44313127056,0.0020871322249394362,0.0,0.2721845865430792,4051.7248706090895,0.028553580392169726,0.002766743146030462,0.0020612459137824687,1.828633466141555,10.811694093323332,71.28851259421089,2.151586077752617,0.00046801868838506185,2579936.7267686473,1535144061.0746026
3.617524304628836e-05,2.9235909244833542e-05,2.082796228034261,4237.098463854989,0.0,439.64138537448537,11948.366484997665,0.0020875825588160786,0.0,0.2723303458358691,4051.697995274562,0.02856016753683463,0.0027685843056431013,0.002062596543446612,1.8296062899769598,10.817348101328612,71.32575606804446,2.15157621738051,0.00046801849819216694,2579936.924317101,1535124982.8132002
3.617524896788598e-05,2.9235922332018212e-05,2.3373333873360473,4237.091671895375,0.0,439.64118605080324,11948.288135470262,0.002088030487076949,0.0,0.2724757156332266,4051.6705127252303,0.028566726869207904,0.0027704224640437616,0.0020639452846895295,1.8305767858781354,10.822990983425424,71.36296452351337,2.151564356002976,0.00046801828319444896,2579937.1218646793,1535105134.0770676
3.61752548894836e-05,2.9235936926047404e-05,2.5917279194838394,4237.084502651766,0.0,439.64072266934846,11948.208083978281,0.0020884760118210196,0.0,0.27262069452272364,4051.642423360953,0.028573258438604088,0.0027722576152753625,0.0020652921362887783,1.8315449479412935,10.828622723727555,71.40013789151195,2.1515504983043576,0.00046801804339649067,2579937.319411383,1535084515.8992355
3.6175266806545124e-05,2.9235970860370705e-05,3.1032581187058326,4237.068937255625,0.0,439.638989094064,11948.041828473688,0.002089365350354009,0.0,0.2729112701749787,4051.5840564415125,0.02858631917378801,0.0027759416777651726,0.002067996913210234,1.8334862524039042,10.839922624525322,71.4748416856844,2.1515165849476783,0.00046801748565223234,2579937.7169663454,1535040693.921292
3.6175278723606646e-05,2.923601088719088e-05,3.6142109896902705,4237.051860931874,0.0,439.6361844266864,11947.868695325085,0.002090245014961012,0.0,0.2732002464208686,4051.5232367375165,0.028599268339924655,0.002779613518669467,0.0020706940441530034,1.8354180401509244,10.85117722073453,71.54940252953449,2.151474671658474,0.00046801682752323524,2579938.114517764,1534993767.0311167
3.617529064066817e-05,2.9236056999627548e-05,4.124586531446707,4237.033282498037,0.0,439.6323079306564,11947.68869463817,0.0020911150566748004,0.0,0.2734876136553375,4051.459967479892,0.028612106553028996,0.002783273118058461,0.0020733835395926447,1.8373402710152669,10.862386386193013,71.6238198748049,2.151424822828337,0.000468016069048993,2579938.5120656397,1534943741.9053771
3.617530255772969e-05,2.923610919079989e-05,4.634384616103665,4237.013209198106,0.0,439.6273591542698,11947.501836380136,0.0020919755265192313,0.0,0.27377336323925017,4051.394251901087,0.028624834384241807,0.002786920456264456,0.0020760654087203113,1.839252907031445,10.87354999296794,71.69809318452523,2.1513671015242735,0.00046801521027004905,2579938.9096099725,1534890624.675057
3.617531447479121e-05,2.9236167453825274e-05,5.143605038740582,4236.991647288579,0.0,439.62133787958186,11947.308130410485,0.002092826469802661,0.0,0.27405748724861295,4051.3260932405574,0.028637452320330034,0.0027905555097480763,0.0020787396558542347,1.8411559118717344,10.884667913392729,71.77222193102253,2.1513015650158263,0.0004680142512280089,2579939.3071507616,1534834421.1400502
3.617532639185273e-05,2.9236231781818306e-05,5.652247545404689,4236.968602369692,0.0,439.6142440708668,11947.107586510481,0.0020936679243561116,0.0,0.2743399784303909,4051.2554947466815,0.028649960758438037,0.0027941782500171216,0.0020814062786133018,1.8430492514550234,10.895740020137161,71.8462055942744,2.151228263729863,0.0004680131919655488,2579939.704688008,1534775136.8900366
3.6175338308914254e-05,2.9236302167890318e-05,6.160311846992851,4236.944079550486,0.0,439.6060778577144,11946.900214392163,0.0020944999214906083,0.0,0.2746208298932535,4051.1824596763327,0.028662360021646523,0.0027977886441138814,0.0020840652700382344,1.8449328924554815,10.906766188699372,71.92004366043183,2.151147242256072,0.00046801203252640265,2579940.1022217106,1534712777.3646302
3.6175350225975775e-05,2.9236378605148974e-05,6.667797627368142,4236.9180835450725,0.0,439.59683951754147,11946.686023707878,0.002095322487379787,0.0,0.2749000350791889,4051.106991294145,0.028674650374504534,0.0028013866561919037,0.00208671661927201,1.8468068030188491,10.91774629617356,71.99373562174203,2.1510585405084273,0.0004680107729553623,2579940.49975187,1534647347.8883815
3.617537209696771e-05,2.9236534608590855e-05,7.597663321553429,4236.866555317813,0.0,439.57709681675715,11946.275218329709,0.002096807647107296,0.0,0.27540814779216993,4050.9621667005686,0.028696923765108764,0.0028079576246702377,0.0020915626203751965,1.8502205129020668,10.937777487869454,72.12859827002222,2.1508758834063575,0.0004680082009430459,2579941.2293167077,1534519297.413517
3.617539396795965e-05,2.92367109277748e-05,8.525577064325002,4236.810104492803,0.0,439.55374801244693,11945.841537881852,0.0020982612210261277,0.0,0.2759106591489385,4050.809177519886,0.028718832021684324,0.0028144865035396377,0.0020963827231043086,1.8536011656843157,10.957652399194297,72.26296406239464,2.150667674938427,0.0004680052921141315,2579941.958869612,1534380956.054326
3.617541583895158e-05,2.9236907519988018e-05,9.451536520278408,4236.748753820421,0.0,439.52679773937257,11945.385040969471,0.0020996832919504306,0.0,0.2764075361759762,4050.6480441060176,0.028740375841584564,0.002820973024990636,0.002101176798518098,1.8569485911099675,10.97737032046,72.39682999134726,2.1504340888307505,0.0004680020467724138,2579942.6884105806,1534232355.1389499
3.617543770994352e-05,2.9237124342462553e-05,10.37553925794414,4236.68252403078,0.0,439.4962517402659,11944.90578581929,0.0021010739180820693,0.0,0.2768987487434247,4050.478786882002,0.028761555628703063,0.0028274169083118664,0.00210594469841033,1.8602626295515345,10.996930565687213,72.5301931053646,2.150175275655534,0.00046799846523447406,2579943.4179396154,1534073525.5763967
3.617548367127381e-05,2.923764572556531e-05,12.310919768212024,4236.527529343744,0.0,439.4203723532002,11943.824736221288,0.0021038939931594786,0.0,0.2779124371666485,4050.0967143551934,0.028804878963760872,0.00284081833337559,0.0021158782984710984,1.8671175295756999,11.037519148254196,72.80880082104086,2.1495497718517975,0.0004679898445953182,2579944.9509873353,1533706552.905226
3.6175529632604096e-05,2.9238255862055122e-05,14.237624940579078,4236.3512380893735,0.0,439.32871491497315,11942.643973254755,0.0021065756187901197,0.0,0.27890075606220943,4049.67904709308,0.02884659556949298,0.0028540274667937684,0.002125693983247977,1.8738230367341753,11.077402632225448,73.08514903674086,2.1488145499072355,0.0004679797439365865,2579946.483982351,1533294828.744727
3.6175575593934384e-05,2.9238954352666518e-05,16.15563155428164,4236.15379995441,0.0,439.2213626428667,11941.364030091378,0.0021091188659324114,0.0,0.27986350500718526,4049.2259773160745,0.028886703458282585,0.0028670415416903188,0.0021353900220692115,1.8803779949492287,11.11657553690245,73.35921246132548,2.1479705401662996,0.0004679681667091356,2579948.0169246625,1532838637.463415
3.617562155526467e-05,2.9239740797081714e-05,18.06491695361969,4235.935356158154,0.0,439.09840684995606,11939.985439331866,0.0021115237338614735,0.0,0.2808005078593609,4048.737698367887,0.028925199719777094,0.002879857808287456,0.0021449646376997134,1.8867813564899936,11.155032732850119,73.63096669623201,2.14701858843187,0.0004679551165880241,2579949.549814269,1532338265.9810379
3.6175667516594955e-05,2.9240614793957823e-05,19.96545930147604,4235.696042632694,0.0,438.95994503906616,11938.508733882309,0.0021137901844548324,0.0,0.2817116087773913,4048.2144046732346,0.028962080955292235,0.002892473555369936,0.0021544160362477437,1.8930321683412712,11.19276942207646,73.90038822803804,2.145959487447565,0.00046794059746962187,2579951.082651171,1531794004.768832
3.6175713477925244e-05,2.924157594096622e-05,21.857237643951088,4235.435990896911,0.0,438.8060799646746,11936.934447320347,0.002115918152685216,0.0,0.28259667090144835,4047.6562916992066,0.02899734342041709,0.0029048861173683544,0.002163742415657772,1.8991295677719944,11.229781128971302,74.1674544255729,2.144793986357368,0.0004679246134690327,2579952.6154353684,1531206148.0213363
3.617575943925553e-05,2.924262383483647e-05,23.74023195958717,4235.155328798877,0.0,438.6369188711316,11935.263114158006,0.002117907559972149,0.0,0.2834555739151994,4047.063555913228,0.029030983183164293,0.002917092882546935,0.0021729419815977938,1.9050727722416843,11.266063683298176,74.43214354949895,2.143522802677015,0.0004679071689166442,2579954.1481668614,1530574993.7800596
3.617583517791566e-05,2.9244538818183122e-05,26.82396269014147,4234.648198494165,0.0,438.3250856556593,11932.29865790079,0.0021208833707257505,0.0,0.2848135986791658,4046.0117876080035,0.029082866864095946,0.0029367524337894505,0.002187820373783745,1.914528207334219,11.324251976706737,74.86307787738814,2.1411993379190712,0.00046787524808916534,2579956.6738062194,1529441270.4524276
3.617591091657578e-05,2.9246686451457184e-05,29.883710517412673,4234.085992443658,0.0,437.9725288973939,11929.074534599504,0.0021234824715636812,0.0,0.2860999243067237,4044.867426258302,0.02913031702478763,0.002955835297972806,0.0022023418162272898,1.9235603182356817,11.380434245683066,75.28741269604626,2.1385938910285724,0.0004678393950853477,2579959.1993024573,1528192172.4669418
3.617598665523591e-05,2.9249064915458822e-05,32.91940496490058,4233.4692556578375,0.0,437.5797753630381,11925.593164396058,0.0021257047766309626,0.0,0.28731425728777693,4043.631366961538,0.02917331908903489,0.0029743310928117706,0.0022164988195605825,1.9321668661771279,11.434596922828083,75.70506617848723,2.1357095612674137,0.0004677996329334441,2579961.724655575,1526829109.1912003
3.617606239389604e-05,2.925167238597521e-05,35.93098401080025,4232.798531533562,0.0,437.1473624845788,11921.85698115898,0.002127550429099056,0.0,0.2884563869610254,4042.3045105934734,0.029211861269452195,0.0029922300622299697,0.002230284240167164,1.9403460672156634,11.486728418840075,76.11596282400774,2.132549507389968,0.00046775598609277957,2579964.2498655724,1525353521.9704564
3.617613813255616e-05,2.9254507034468496e-05,38.91839412835986,4232.074364333191,0.0,436.67583588789506,11917.868432212443,0.0021290198323126877,0.0,0.28952618070508895,4040.8877633013717,0.029245934978083747,0.0030095231028805236,0.0022436913153624323,1.9480965711064215,11.536819074782743,76.52003339252794,2.1291169737022435,0.0004677084804008396,2579966.7749324488,1523766883.3042479
3.617621387121629e-05,2.925756702868695e-05,41.88159018171034,4231.2972996914195,0.0,436.16574862735166,11913.629977299644,0.002130113655873346,0.0,0.29052358161069836,4039.3820360365153,0.029275534913547608,0.0030262017775813266,0.0022567136764711586,1.9554174530068706,11.584861135433746,76.91721483574291,2.1254152932638064,0.0004676571430259965,2579969.299856205,1522070695.3697586
3.617628960987641e-05,2.92608505332561e-05,44.82053531174046,4230.467885030076,0.0,435.6176603953829,11909.144087602906,0.002130832840415089,0.0,0.29144860623846874,4037.78824410313,0.029300659139627337,0.0030422583257191183,0.002269345360903595,1.962308203739154,11.630848717912087,77.30745022085297,2.121447890568988,0.0004676020024205957,2579971.82463684,1520266488.5192294
3.617643382854417e-05,2.9267714248123817e-05,50.34961220263915,4228.745780087727,0.0,434.4709757851059,11899.927009748391,0.002131171040592405,0.0,0.29301024985457613,4034.513218140138,0.02933613302144816,0.00307108752833885,0.00229229832885515,1.9742399244919204,11.7127227609784,78.03113735115232,2.1131713608735683,0.0004674865976377403,2579976.631832093,1516537938.6808343
3.6176652835107276e-05,2.9279645824103972e-05,58.57734642722311,4225.780082470127,0.0,432.47894558204945,11884.270445129512,0.0021291222932864123,0.0,0.2948836761054012,4028.9499290142294,0.029359104137287532,0.0031104138600201708,0.0023243330629752,1.9893849467853013,11.822767454463209,79.08096754310945,2.0988422555453377,0.0004672856734983011,2579983.930916246,1510162476.0068405
3.617687184167039e-05,2.9293357081682882e-05,66.60186614177584,4222.403714534404,0.0,430.1970328720975,11866.666236900797,0.002124034394970124,0.0,0.2961640576282617,4022.6951838049517,0.02934515861027462,0.003144279855468492,0.00235288534307703,2.00097401771658,11.915648246585672,80.07094957443144,2.082474123873362,0.00046705452136638453,2579991.228803695,1502962080.1271415
3.617709084823351e-05,2.9308803560176374e-05,74.42370908130178,4218.6304657464925,0.0,427.63945741309584,11847.17545122798,0.0021159814927010144,0.0,0.2968636855844007,4015.77156966397,0.029294900309140653,0.0031726271766303812,0.0023778919571826895,2.0090637174427255,11.991540667540587,81.00076224465653,2.064167206878038,0.0004667940275690993,2579998.525494435,1494977735.8556056
3.61772226724857e-05,2.9318919123363756e-05,79.03451904370321,4216.17376185627,0.0,425.97310307841,11834.559623497185,0.0021097423825445346,0.0,0.2970113935422902,4011.291104685486,0.029247479200962323,0.0031870226329381523,0.0023912193366831475,2.0122780865549936,12.029144380774635,81.5314257851785,2.0522570520958876,0.00046662347842620457,2580002.916935634,1489811346.1390424
3.617735449673789e-05,2.932963769881095e-05,83.57254993206261,4213.581375024704,0.0,424.2152164948473,11821.295787594192,0.002102484436108425,0.0,0.2969585288207073,4006.58142915509,0.029187412696847284,0.0031994186214887085,0.002403247007511534,2.0142734016466055,12.060769568958442,82.0403556442442,2.039706161282582,0.00046644285348353126,2580007.307943254,1484385341.6286697
3.617748632099007e-05,2.9340949718605835e-05,88.03814825939047,4210.856370550102,0.0,422.36894504263694,11807.397259180116,0.002094232144501465,0.0,0.2967095851975062,4001.6474612583675,0.02911494121907679,0.0032098257177832785,0.0024139760710356712,2.0150727146369123,12.08650468736586,82.52765184802934,2.0265386254377242,0.00046625237175311517,2580011.698517293,1478709022.809004
3.6177618145242264e-05,2.9352845660958163e-05,92.43171138240133,4208.0018183199745,0.0,420.43743674046675,11792.877323840374,0.002085011723515596,0.0,0.29626942382427196,3996.4941062709927,0.029030328270912877,0.0032182598159356916,0.002423411086430736,2.0147012976794083,12.10644876283141,82.99345177574904,2.012778877620791,0.00046605225722667274,2580016.0886577517,1472791723.1317406
3.617774996949445e-05,2.93653160580662e-05,96.7536840710765,4205.020788885445,0.0,418.4238343412787,11777.749225238114,0.00207485095894966,0.0,0.29564323834288936,3991.1262519190855,0.028933858698910308,0.003224741818228139,0.0024315598808200213,2.013186444449504,12.120710507614755,83.43792730380356,1.9984516204663552,0.00046584273808429665,2580020.478364627,1466642787.1012788
3.617788179374664e-05,2.937835150372692e-05,101.00455504004569,4201.916349268321,0.0,416.3312700709945,11762.026153656223,0.0020637790632511708,0.0,0.2948365180295148,3985.548763980804,0.02882583702269022,0.0032292973394033057,0.00243843337446021,2.0105572597076597,12.129407386276903,83.86128195837931,1.9835817634377637,0.0004656240459133521,2580024.867637919,1460271549.2488852
3.617801361799883e-05,2.9391942659378595e-05,105.18485387502069,4198.691559084083,0.0,414.1628612274647,11745.721235918722,0.0020518264973133638,0.0,0.29385501111059065,3979.7664824920653,0.028706585166474643,0.0032319563211101483,0.0024440453572373987,2.006844456905962,12.132664725876335,84.26374837369234,1.9681943475123884,0.0004653964150529112,2580029.256477626,1453687314.6584902
3.6178145442251014e-05,2.94060802590568e-05,109.29514825107482,4195.349467020182,0.0,411.9217060085423,11728.847526622938,0.0020390248331365727,0.0,0.29270469117933107,3973.7842184026217,0.028576440941431747,0.0032327527997693746,0.002448412346495203,2.0020801750891537,12.130614905404007,84.64558587644018,1.952314473400459,0.0004651600820250695,2580033.644883746,1446899340.899837
3.6178277266503205e-05,2.9420755113964673e-05,113.33604123946195,4191.893107541716,0.0,409.6108794849007,11711.41800001218,0.0020254066069796874,0.0,0.2913917240666646,3967.606750465136,0.028435756385353447,0.0032317245794952778,0.0024515534035046047,1.9962977915177684,12.123396535764712,85.00707815917237,1.9359672388309275,0.00046491528499659955,2580038.032856279,1439916821.0848746
3.6178475220192534e-05,2.9443780771483588e-05,119.27508704673791,4186.494850652126,0.0,406.01664023443215,11684.229212301716,0.0020034963114750138,0.0,0.2891285083058721,3957.9741033257965,0.028205500250716838,0.0032268443053305685,0.0024540149036668566,1.9857780929037276,12.103165948727765,85.51237337649198,1.9105964420991266,0.00046453231262489426,2580044.6212342014,1429086067.465605
3.617867317388186e-05,2.9467966925846737e-05,125.06135380510577,4180.855852186999,0.0,402.2823478898133,11655.859344709184,0.001979935544181355,0.0,0.2865347478936101,3947.927868406048,0.02795357425241892,0.003218095224073822,0.002453841884346761,1.973160580902223,12.072112901905001,85.9736015990279,1.8843123841260234,0.0004641316062523525,2580051.208634399,1417867587.6071146
3.6178871127571186e-05,2.94932835682198e-05,130.69725427568636,4174.986117719766,0.0,398.4180081104818,11626.35108768461,0.001954842133866,0.0,0.28363279800332564,3937.4837333335768,0.02768129331379917,0.003205642847691882,0.0024511249931853676,1.958568609170889,12.030762165663678,86.39196525375006,1.8571982332372186,0.0004637139780105185,2580057.795056869,1406291236.1461344
3.6179069081260515e-05,2.951970118031385e-05,136.18531611060948,4168.895509438554,0.0,394.4334200681496,11595.746552860055,0.0019283351520924807,0.0,0.2804452228783699,3926.6571566602424,0.02738999938861523,0.0031896634529244724,0.0024459627407306507,1.9421275165465064,11.979651139958335,86.76873515941276,1.8293357463624031,0.0004632802361679309,2580064.3805016065,1394386190.8414826
3.617926703494984e-05,2.954719075646546e-05,141.52816395319218,4162.593728461961,0.0,390.33815541692206,11564.087233706174,0.0019005339958879076,0.0,0.2769946038116554,3915.463352802973,0.02708105029030324,0.0031703417989368747,0.0024384601237983985,1.9239635278638434,11.919324936652316,87.10523562762152,1.8008049466237244,0.00046283118206288113,2580070.964968608,1382180873.6504493
3.6179464988639166e-05,2.957572381925065e-05,146.7285045742271,4156.090301439958,0.0,386.14154139097707,11531.41397120897,0.001871557544290558,0.0,0.27330337112086217,3903.9172791509845,0.02675580875312478,0.0031478689917492928,0.0024287273556238935,1.9042027902009093,11.850332095078457,87.40283235729432,1.7716838393263181,0.00046236760772353804,2580077.5484578693,1369702884.7746649
3.6179662942328495e-05,2.9605272432739923e-05,151.7891128551158,4149.394568919537,0.0,381.85264581235356,11497.766923531395,0.0018415233322269405,0.0,0.26939365104208646,3892.0336246998695,0.026415631786541553,0.003122440442416412,0.002416878551517412,1.8829705032554749,11.773220706279526,87.66292129045341,1.7420481430432508,0.00046189029373220773,2580084.1309693865,1356978947.2712584
3.617986089601782e-05,2.9635809215035756e-05,156.7128176333649,4142.515673886063,0.0,377.4802634642536,11463.185539261121,0.0018105468647481675,0.0,0.26528713367719947,3879.8267999442487,0.02606186293193442,0.0030942540164098156,0.002403030517948761,1.8603901527862416,11.688534946435928,87.8869174681337,1.7119710797146888,0.0004614000071389945,2580090.7125031543,1344034860.8623025
3.6180197730677415e-05,2.9689965605806657e-05,164.7843930758881,4130.414900395266,0.0,369.87238995796383,11402.304306122734,0.0017559908017756244,0.0,0.2579068430915076,3858.352979031137,0.025432393321126377,0.0030405165772002837,0.0023752085415944587,1.8192111798305128,11.528543745146198,88.18914696831007,1.659976739923638,0.0004605380499408531,2580101.909282677,1321573368.6210184
3.618043382001516e-05,2.9729514431542066e-05,170.21815375519094,4121.655561133294,0.0,364.4320533939033,11358.186257833282,0.001716607730067922,0.0,0.25248429128069727,3842.804774700295,0.024973407976931927,0.0029989557535159013,0.0023527772934501404,1.788539947922341,11.405642038371605,88.34490644504574,1.6230702232119545,0.00045991473375845885,2580109.755481912,1305555090.0236235
3.6180669909352894e-05,2.9770324924097595e-05,175.47324918379562,4112.683409573486,0.0,358.91770706927315,11312.947500275148,0.0016764817592698684,0.0,0.2468931911263976,3826.872717447747,0.024502149597203843,0.0029545586598936037,0.002328160028977361,1.7565949093914686,11.274849082331878,88.45717920468573,1.585903441960313,0.0004592769854288005,2580117.6002903627,1289353203.216579
3.618090599869064e-05,2.9812355486903005e-05,180.5546369400988,4103.512088169174,0.0,353.3417488719207,11266.64847124638,0.0016357788062198828,0.0,0.24116424123994937,3810.578722150828,0.024020614661154766,0.0029076440198763064,0.0023015543005482047,1.7235565335858256,11.136987709737774,88.5283135483124,1.5485760666205068,0.00045862595404239006,2580125.443708022,1273003017.4052691
3.618114208802838e-05,2.9855565691520924e-05,185.46725500816996,4094.1547670517048,0.0,347.7159507722153,11219.347985822193,0.0015946554269650965,0.0,0.2353263316846715,3793.9440735544335,0.02353069818535484,0.0028585196707388255,0.0022731528595240414,1.6895961380186195,10.992845989883536,88.5606081657304,1.511181449590572,0.0004579627466278259,2580133.2857348844,1256537775.50324
3.618137817736612e-05,2.989991627250477e-05,190.21600396426837,4084.624139614434,0.0,342.0514584110257,11171.10322225367,0.0015532584764631383,0.0,0.22940648412449216,3776.989422070157,0.023034192370391348,0.002807480904393837,0.0022431424779381965,1.6548754370215446,10.84317494800112,88.55630182229208,1.4738066187390493,0.00045728842686438615,2580141.1263709413,1239988671.5930893
3.618161426670386e-05,2.9945369116236557e-05,194.8057321477286,4074.932421934389,0.0,336.3587959143489,11121.969714268887,0.0015117249993114464,0.0,0.22342982229422206,3759.734782320722,0.02253279090882076,0.002754809242897517,0.002211703333097641,1.6195462508557852,10.688686930289254,88.51756603227015,1.4365323661440665,0.00045660401442782774,2580148.965616186,1223384882.641127
3.61818503560416e-05,2.999188724598815e-05,199.24122313182943,4065.0913553467026,0.0,330.64787360133994,11072.001349334669,0.0014701819540746358,0.0,0.2174195736400123,3742.19953400091,0.02202807278264336,0.002700771369559236,0.0021790079741116426,1.5837504351098775,10.53005463931964,88.44649962055418,1.3994332957013291,0.00045591048476764705,2580156.8034706125,1206753611.846592
3.6182086445379345e-05,3.003943480512011e-05,203.5271847956387,4055.11221030803,0.0,324.9279981681662,11021.250371477305,0.0014287462123106066,0.0,0.2113970872883293,3724.402424465138,0.021521500424659026,0.0026456184789379915,0.002145220434045817,1.5476198773790664,10.36791088626196,88.34512433782587,1.3625779254068158,0.0004552087691336802,2580164.639934214,1190120140.9361281
3.618232253471708e-05,3.0087977038541433e-05,207.66823984342582,4045.0057915370867,0.0,319.2078853138977,10969.76738811648,0.001387524872181578,0.0,0.205381870121403,3706.3615728862464,0.021014440051364634,0.002589585949679821,0.0021104964758290505,1.5112765588358112,10.202848501660755,88.21538179359686,1.3260289107180194,0.00045449975482425196,2580172.4750069827,1173507889.8596647
3.6182558624054824e-05,3.0137480271943725e-05,211.66891797695584,4034.7824452027285,0.0,313.4956740777125,10917.601381486076,0.0013466154104537097,0.0,0.19939164189413827,3688.094476117929,0.020508154073195096,0.0025328932108482118,0.0020749835022622837,1.474832799164281,10.035420717558074,88.05913141390447,1.2898432439948901,0.00045378428569365156,2580180.3086889116,1156938482.8458195
3.618279471339257e-05,3.0187911888956893e-05,215.5336496665869,4024.452067408009,0.0,307.7989434943535,10864.799723504511,0.001306105723154468,0.0,0.19344239482282505,3669.618016065405,0.020003771638016758,0.002475743655528647,0.0020388190531872657,1.438391522841766,9.866142104586105,87.87814952064306,1.254072383414631,0.00045306316290545954,2580188.1409799946,1140431819.2367804
3.61830308027303e-05,3.023924030690717e-05,219.2667611830421,4014.0241137099133,0.0,302.12473091053795,10811.408193558345,0.0012660747093251362,0.0,0.18754847131199906,3650.9484681233102,0.019502335239345,0.002418324823652374,0.0020021316522819952,1.4020465262711486,9.695489478933968,87.67412951386645,1.2187625311556822,0.00045233714586275636,2580195.9718802245,1124006147.7272313
3.6183266892068046e-05,3.0291434951722563e-05,222.87247075775184,4003.5076100477704,0.0,296.47955034332233,10757.471000012378,0.0012265928796783786,0.0,0.18172264924320333,3632.1015107204557,0.019004834145877204,0.002360809115717792,0.0019650427427086196,1.3658829096065426,9.523903074814823,87.44868228346459,1.1839549685593505,0.0004516069532613948,2580203.801389594,1107678143.050375
3.618350298140579e-05,3.034446623217023e-05,226.35488577258218,3992.911163886565,0.0,290.8694123443384,10703.030803616271,0.0011877221909547553,0.0,0.17597621259158006,3613.092235952747,0.018512081127921638,0.002303353998213376,0.001927663505894644,1.3299775032747483,9.351788197136026,87.20333727139194,1.1496861885137615,0.0004508732642484844,2580211.629508097,1091462983.7976704
3.618388831140489e-05,3.0432743524928877e-05,231.78416723260705,3975.465766593095,0.0,281.8023597578597,10613.202895495135,0.0011257306614992323,0.0,0.1667929542045371,3581.755369770517,0.01772000342811363,0.0022100752648147484,0.0018662946965010553,1.2721056495012801,9.070691336036843,86.76389937584632,1.0949935701050202,0.0004496699248406994,2580224.4030775568,1065275258.1527574
3.6184273641403995e-05,3.0523054341802785e-05,236.91232335580125,3957.862534590753,0.0,272.8646414883175,10522.314447842286,0.0010657037381137545,0.0,0.1578827365324328,3550.084491109383,0.016945450469186572,0.002117877302109031,0.0018048237011305062,1.2153600920845236,8.79060061912118,86.28115438811567,1.0419352049866561,0.00044846154219049046,2580237.17294188,1039476602.6558372
3.61846589714031e-05,3.0615285741193996e-05,241.7552574078006,3940.1322371099445,0.0,264.0746518803242,10430.525559490574,0.0010077896496478152,0.0,0.1492730105660942,3518.1356679068454,0.016190710176512375,0.002027214634957216,0.0017435971745936012,1.1599508390744457,8.512743929221854,85.76044179105827,0.9905995597454658,0.0004472504468101665,2580249.9391010376,1014110699.0574987
3.6185044301402194e-05,3.070933075445338e-05,246.32806921105413,3922.303142883504,0.0,255.4479934067099,10337.986433395728,0.000952095506572178,0.0,0.1409839937044606,3485.9612738365454,0.01545760648620957,0.0019384604010053165,0.0016829112197737598,1.106045261523509,8.238160560335134,85.20660797564035,0.9410510782398985,0.00044603873897070917,2580262.701554999,989213466.3865293
3.61854296314013e-05,3.0805088078054914e-05,250.64507271855373,3904.4011716774535,0.0,246.99771584292338,10244.83775718788,0.000898692386291408,0.0,0.13302962431769322,3453.6101473236245,0.014747521907720221,0.0018519148579537621,0.0016230159538366748,1.0537730825955063,7.967720357898566,84.62403944782412,0.8933329931766094,0.00044482830517131886,2580275.460303736,964813877.0955342
3.61858149614004e-05,3.0902461775211246e-05,254.71981740459205,3886.450042302854,0.0,238.73454697873728,10151.211093533278,0.0008476200318379936,0.0,0.1254184416437869,3421.127752926841,0.014061412319133907,0.0017678134667096208,0.001564119327089357,1.0032309936153188,7.702141805226839,84.01669622677205,0.847469940976407,0.0004436208340941053,2580288.2153472165,940934723.5181643
3.61862002913995e-05,3.100136098712164e-05,258.5651130155451,3868.471416500815,0.0,230.6671125971401,10057.229277376302,0.000798891774741162,0.0,0.11815442468679196,3388.5563434593423,0.013399964940879859,0.001686334824275664,0.001506391754792491,0.9544870408722869,7.442009222406616,83.38814410173627,0.8034704746637862,0.00044241783196849937,2580300.966685412,917593331.0346942
3.6186585621398606e-05,3.110169965365809e-05,262.1930583663898,3850.4850392677663,0.0,222.80214574946862,9963.006814931508,0.0007524986547949055,0.0,0.11123771204987884,3355.9351216006703,0.012763582349758797,0.0016076083809356825,0.0014499711391997181,0.907584596631928,7.187788665858223,82.74158679005369,0.7613293839456002,0.0004412206373964101,2580313.714318292,894802216.4632754
3.618697095139771e-05,3.1203396244932495e-05,265.6150731199057,3832.508874211808,0.0,215.14468439303107,9868.65028034998,0.0007084129597003835,0.0,0.10466526558055111,3323.30039938047,0.012152369186467329,0.0015317208173592737,0.0013949656896230062,0.8625459862383791,6.939842687210577,82.07989728347324,0.7210297108656082,0.00044003043552650104,2580326.458245827,872569691.0943857
3.618735628139681e-05,3.130637350552146e-05,268.8419306576264,3814.5592325516973,0.0,207.69825586176827,9774.258707331272,0.0006665917508011341,0.0,0.09843146694919643,3290.685754182793,0.01156625882778557,0.0014587224534738218,0.0013414573518598894,0.819375772736596,6.698443776985587,81.4056474676978,0.6825446136493984,0.00043884827140182005,2580339.1984679867,850900409.0450326
3.6187741611395914e-05,3.1410558211905206e-05,271.8837909022525,3796.650895251915,0.0,200.46504763840372,9679.923973804363,0.0006269800216847384,0.0,0.09252862592148854,3258.122180640774,0.011005070790971195,0.001388633255367366,0.0012895068209206127,0.7780636812564714,6.463786500676518,80.72113562415525,0.6458391639074104,0.0004376750624034264,2580351.9349847413,829795862.9205045
3.618812694139502e-05,3.151588094263078e-05,274.750232807042,3778.797228301556,0.0,193.44606536367914,9585.731177230411,0.0005895131138024743,0.0,0.08694742354757475,3225.638238035552,0.010468385536874047,0.0013214473010311595,0.0012391559871636252,0.7385871553933864,6.235998384687127,80.02841236991664,0.6108718197907758,0.0004365116098212491,2580364.667796061,809254829.5501091
3.618851227139412e-05,3.162227586068278e-05,277.45028644378897,3761.010291163682,0.0,186.6412783764624,9491.75899922471,0.0005541189660867486,0.0,0.08167730863524184,3193.260192485249,0.009955619702078772,0.0012571371215727507,0.0011904281117151886,0.7009136241957438,6.015149613876718,79.32930486101448,0.5775956071813706,0.0004353586096021697,2580377.396901916,789273768.942103
3.618889760139322e-05,3.1729680507934956e-05,279.99246448546023,3743.3009387576512,0.0,180.0497519558627,9398.080059913718,0.0005207202448095645,0.0,0.07670682369365515,3161.0121535286003,0.009466333482174212,0.0011956586015528868,0.0011433324916667801,0.6650025089461608,5.801261639035849,78.62543839350424,0.5459594383696691,0.0004342166622914262,2580390.122302276,769847179.8786888
3.6189282931392326e-05,3.18380356115984e-05,282.3847926442806,3725.6789171507025,0.0,173.6697674969825,9304.761260159352,0.0004892359129164968,0.0,0.07202387094870162,3128.916205340813,0.009000034652030493,0.001136954028557172,0.001097871394526149,0.6308069087959367,5.594314808314489,77.91825632512784,0.5159093686804666,0.0004330862821767739,2580402.8439971125,750967915.4919481
3.618966826139142e-05,3.1947284902245544e-05,284.634838613966,3708.152952275267,0.0,167.49893354308455,9211.864107823127,0.00045958289985885203,0.0,0.06761596293509464,3096.9925322269746,0.008555615481963822,0.0010809532546440393,0.0010540362315291172,0.598275039333631,5.394255092274794,77.20903995478668,0.4873890956331471,0.0004319679056765427,2580415.561986394,732627461.9171958
3.6190053591390525e-05,3.205737494274384e-05,286.7497396093214,3690.7308318111245,0.0,161.53428610946474,9119.445030820258,0.00043167751955857416,0.0,0.06347042983068692,3065.259537444136,0.008131994054868088,0.0010275774617619392,0.0010117986909381226,0.567351573009429,5.200999896572822,76.49892599414515,0.460340322856982,0.00043086189902377203,2580428.276270092,714816183.4898094
3.619043892138963e-05,3.216825496754161e-05,288.73622896694303,3673.419482567884,0.0,155.77237386584903,9027.555684340514,0.000405434485680374,0.0,0.05957454429700271,3033.7339562366105,0.00772952102202863,0.0009767451228834682,0.0009711265177495911,0.5379787455240568,5.0144430292535755,75.78891827660887,0.4347043971299219,0.0004297685652739736,2580440.986848176,697523538.3736293
3.619082425138873e-05,3.2279876731899266e-05,290.60066142594786,3656.2250438327465,0.0,150.20933459902113,8936.243244307905,0.0003807673028899201,0.0,0.05591565178637654,3002.430965191182,0.007348370452228308,0.0009283707814201902,0.0009320135231528313,0.5100970761473796,4.8344591974750655,75.07989997657323,0.41042376860418067,0.00042868815068035967,2580453.693720616,680738267.3013908
3.6191209581387834e-05,3.239219437045925e-05,292.3490359688876,3639.152931764223,0.0,144.84097731928577,8845.550667019013,0.00035759744773640755,0.0,0.05248134803944713,2971.3642857280765,0.006984584098542024,0.0008823567653013463,0.0008944478190564507,0.48364612540890867,4.66090827463895,74.3726558609509,0.3874399901894344,0.0004276208505423924,2580466.3968873825,664448556.511089
3.619159491138694e-05,3.250516426435377e-05,293.9870169631794,3622.207894138514,0.0,139.662857892736,8755.516932938941,0.0003358573848592198,0.0,0.04925952528694057,2940.546276561276,0.006633767508451832,0.0008386006548334314,0.0008583234001486352,0.4585655620251016,4.493638484795515,73.66789002496084,0.365691390217635,0.0004265668145752004,2580479.096348447,648642178.0812292
3.619198024138604e-05,3.261874491666219e-05,295.5199570534928,3605.394069288225,0.0,134.67029822119312,8666.177351974904,0.00031543826101583397,0.0,0.0462382894166473,2909.9880196843797,0.00630833468500036,0.000797031673209621,0.000823568789945885,0.4347955110021378,4.332487394021355,72.96619760700354,0.3451217198488497,0.000425526151611933,2580491.792103777,633306615.2474122
3.619236557138514e-05,3.2732896836122474e-05,296.9529175122642,3588.7150614268144,0.0,129.8584390805214,8577.563780899058,0.00029628857012181637,0.0,0.04340628566451383,2879.69942511207,0.005998306517379611,0.0007575571920291659,0.0007902634775964666,0.4122761238210638,4.17728788625862,72.26810843531987,0.32568204928365657,0.0004244989339124767,2580504.4841533448,618429171.0138333
3.61926140661928e-05,3.2806797409088505e-05,297.8262382702093,3578.031937904585,0.0,126.84885150049796,8520.816493141227,0.00028457565880125,0.0,0.041675163372249746,2860.3138556385975,0.005804801026642075,0.0007331504106047437,0.0007695097872448898,0.3983895211287527,4.080276377218384,71.82005234147834,0.31371546659193916,0.00042384364424409376,2580512.667142107,609071880.9522357
3.6192862561000465e-05,3.288091020658133e-05,298.6612002801198,3567.406895878734,0.0,123.91101035228284,8464.39008149258,0.00027333623180607434,0.0,0.04001530199471148,2841.0462498431666,0.005619368459768898,0.0007095547184116098,0.0007492769222416006,0.38498350280524934,3.9856212691628596,71.37380217679278,0.30217839810191455,0.00042319396749131193,2580520.8485896937,599896355.6918305
3.619311105580812e-05,3.295522584483724e-05,299.4589863407505,3556.8405818755814,0.0,121.04355893438374,8408.291032481095,0.0002625584069095821,0.0,0.03842396055744548,2821.898569112683,0.005439465076680196,0.0006867378163193489,0.0007295902822487569,0.3720429073878356,3.89327510777537,70.92946339970511,0.2910597041738974,0.00042254990315753854,2580529.028496096,590899162.1157387
3.619335955061578e-05,3.3029735228583295e-05,300.220738709985,3546.333576669559,0.0,118.24512839034148,8352.525360290827,0.00025221904332339834,0.0,0.03689844099628327,2802.872616860103,0.005265401258271423,0.0006646744540385482,0.0007104316175504527,0.3595528679215048,3.8031899966258225,70.48712977684802,0.2803441291648206,0.00042191144645142663,2580537.206861305,582076879.6817576
3.619360804542344e-05,3.310442954129369e-05,300.94756020151107,3535.8863926656736,0.0,115.5143474304734,8297.098620420762,0.0002423016700841544,0.0,0.03543613682297734,2783.9700420297263,0.005097495746292702,0.0006433460647919901,0.000691775131717276,0.3474988869521029,3.715318658362002,70.04688607333351,0.2700174795630677,0.0004212785886204056,2580545.383685314,573426105.1058007
3.61938565402311e-05,3.317930023583895e-05,301.64051556503483,3525.499476460436,0.0,112.8498481904229,8242.015925757547,0.00023279258451178517,0.0,0.034034536683709586,2765.1923453130125,0.00493499577932757,0.0006227269729787377,0.0006736185025450198,0.33586674155461244,3.629613544553177,69.60881130548913,0.2600678425854542,0.00042065131724693393,2580553.558968115,564943457.3605458
3.6194105035038765e-05,3.325433902524986e-05,302.3006332413983,3515.1732159176017,0.0,110.2502647638259,8187.281970471513,0.00022367304852167038,0.0,0.032691201585545906,2746.5408880801274,0.004777926105991848,0.0006027950008138112,0.0006559529928098301,0.3246425309713529,3.5460272650234503,69.17297731362866,0.2504825746226202,0.0004200296165204157,2580561.7327097002,556625583.0334209
3.619435352984642e-05,3.33295378737532e-05,302.92890693695307,3504.9079449167184,0.0,107.71423378725243,8132.90105053792,0.0002149269660845012,0.0,0.03140377297818283,2728.016899416741,0.004626353056884643,0.0005835302391394403,0.0006387589928861872,0.31381269796660777,3.4645129479292462,68.73944894806668,0.2412486822893359,0.0004194134675020628,2580569.9049100606,548469160.7232118
3.619460202465408e-05,3.340488898825327e-05,303.5262968878125,3494.7039449482945,0.0,105.24039897023333,8078.877079458904,0.00020654177225681215,0.0,0.03016997831161232,2709.621481480076,0.004479713696715563,0.0005649093218088091,0.0006220268254737753,0.30336400686641785,3.3850238936410983,68.30828558527686,0.23235419569801233,0.00041880284837926486,2580578.075569188,540470904.4003977
3.619485051946174e-05,3.3480384810222815e-05,304.09373107779254,3484.561447236775,0.0,102.82741420058053,8025.213604776675,0.00019850292938389705,0.0,0.028987624349492255,2691.355615291946,0.004337645853879889,0.000546910132818131,0.0006057543551696744,0.2932835644455015,3.307513738558795,67.87954125554504,0.22378774456608655,0.00041819773469871813,2580586.2446870767,532627566.4568313
3.61950990142694e-05,3.355601800790079e-05,304.6321066227445,3474.4806368230784,0.0,100.47394319398941,7971.913827560207,0.00019079135782828469,0.0,0.02785458696915584,2673.2201674763437,0.004201059299754758,0.0005295173676593777,0.0005899150330323472,0.28355882537298244,3.231936938716055,67.45326336158226,0.215537259480682,0.0004175980995764014,2580594.4122637166,524935940.73191935
3.619534750907706e-05,3.3631781468758414e-05,305.14229097635297,3464.461656053306,0.0,98.17866161540577,7918.98061648153,0.0001833973229361535,0.0,0.026768831139797993,2655.2158956537573,0.0040691807741377335,0.0005127087528393981,0.000574496936203027,0.2741775923739838,3.158248301822149,67.02949580625456,0.2075919805770301,0.00041700391389946955,2580602.5782991005,517392864.94512135
3.619559600388472e-05,3.3707668292242225e-05,305.6251229928858,3454.5046063313207,0.0,95.9402598908954,7866.416522007754,0.00017631248402169195,0.0,0.025728397913645503,2637.343453554674,0.003940800663522028,0.0004964609030622523,0.0005595086354473714,0.2651280149317924,3.0864031079786036,66.6082791354679,0.19994154785053142,0.0004164151465203644,2580610.74279322,509995222.5985042
3.619584449869238e-05,3.3783671782803754e-05,306.08141402880557,3444.6095499452395,0.0,93.75744360501344,7814.223793489078,0.0001695175093793154,0.0,0.0247313900186657,2619.603396054679,0.003816905337359701,0.0004807585383741236,0.000544940687391512,0.25639856364449565,3.0163574045803196,66.1896482093802,0.1925747475512935,0.00041583176443394195,2580618.905746068,502739944.6922514
3.619631965055023e-05,3.3929300957105814e-05,306.88283177563045,3425.8616847700528,0.0,89.73376460722892,7715.465882953948,0.00015728908627532837,0.0,0.022939361167612044,2586.0524604251073,0.003592736432478454,0.0004521926245430992,0.0005181462111974652,0.24055780934698423,2.8872756220454785,65.39648431683713,0.17924222212576824,0.00041473113418348946,2580634.5099991793,489252426.60978717
3.6196794802408076e-05,3.4075289593639726e-05,307.59529384578207,3407.340407749932,0.0,85.89988551004232,7618.083711750713,0.00014600855124254376,0.0,0.021287520833385844,2552.9895051491108,0.00338217830275342,0.0004254290521894205,0.0004927188149416792,0.22577225378682522,2.7643206304372874,64.6130702865897,0.16684416105547764,0.00041364980781636944,2580650.1086170035,476253824.7475341
3.6197269954265924e-05,3.422159660495753e-05,308.2237189693839,3389.0451787782517,0.0,82.24728889501341,7522.08494313343,0.00013559528645738428,0.0,0.01976474527989172,2520.4157955611067,0.0031852829795332585,0.0004003608557470947,0.0004686084099457267,0.2119715613340334,2.647207077948621,63.839549213269585,0.15531596691743893,0.0004125875106495318,2580665.701599485,463724235.2118784
3.619774510612377e-05,3.436818316920848e-05,308.77273262015507,3370.975107771994,0.0,78.76772219320753,7427.474212206111,0.0001259823300621087,0.0,0.018360761040850458,2488.331624573198,0.0030011378867156697,0.000376878395244297,0.00044573402517570666,0.199089669916221,2.5356599960660113,63.07602984453641,0.14459813741994854,0.00041154395410844156,2580681.288946568,451644458.9093662
3.619822025798163e-05,3.4515012597735434e-05,309.2466871430369,3353.1289979517833,0.0,75.45320722149756,7334.253408539981,0.00011710976323130078,0.0,0.017066077511368915,2456.7364094680847,0.0028283062803123,0.000354873812865316,0.0004240342950546902,0.18706458086597205,2.429414631327769,62.322591017271705,0.13463485629850974,0.000410518838380392,2580696.8706581974,439996006.18354297
3.6198695409839476e-05,3.4662050209997246e-05,309.64968047861714,3335.505383546827,0.0,72.2960463948559,7242.421938839942,0.0001089168165145937,0.0,0.01587193442161377,2425.6287800425853,0.002666362696553432,0.00033425501788948963,0.0004034563795452164,0.17583822252655099,2.3282170367125583,61.57928358155252,0.12537327192750616,0.0004095118548126747,2580712.4467343166,428761095.0744845
3.6199170561697324e-05,3.480926321565887e-05,309.9855736344974,3318.1025646181706,0.0,69.28882726514748,7151.976967808462,0.00010134830567255798,0.0,0.01477026020904421,2395.0066596061215,0.002514915218895283,0.0003149341246006919,0.00038393371079634305,0.16535625326078215,2.2318238195478455,60.84613456751749,0.1167644995172502,0.00040852268806685347,2580728.0171748716,417922644.6038871
3.619964571355517e-05,3.49566206052035e-05,310.2580067229454,3300.9186389942965,0.0,66.42442474271996,7062.913638952302,9.435818123609316e-05,0.0,0.013753623220933665,2364.8673400100975,0.0023727266467836474,0.0002968240194776157,0.00036540852510262345,0.15556786482631238,2.140001798389993,60.12315161811521,0.10876322269857192,0.00040755101797848304,2580743.5819798056,407464263.96006393
3.620012086541302e-05,3.510409304884287e-05,310.47041354749877,3283.951529345266,0.0,63.69600004844775,6975.225279291929,8.789955365066335e-05,0.0,0.012815180668645893,2335.2075498665026,0.0022392788175134228,0.0002798460879821958,0.0003478381972176752,0.14642559796059196,2.052528079508523,59.410324375327896,0.10132634381932074,0.00040659652113847066,2580759.1411490636,397370238.22399116
3.620059601727087e-05,3.525165280222523e-05,310.62603502159334,3267.199007116853,0.0,61.09699715882266,6888.903588239714,8.192591474403978e-05,0.0,0.011948640052298218,2306.023516376243,0.002114755103202959,0.00026392941400361924,0.0003311670464359429,0.1378851567651814,1.9691898319151344,58.707625992435865,0.09441379741192446,0.0004056588722587557,2580774.69468259,387625511.58884525
3.620107116912872e-05,3.5399273617831223e-05,310.72793169689305,3250.6587157614,0.0,58.6211388691097,6803.938809361094,7.640299956618544e-05,0.0,0.011148218992466458,2277.311022998828,0.001997897002050866,0.00024900347398026425,0.0003153423911171898,0.129905240739356,1.8897838948213879,58.01501705997572,0.08798913666617834,0.00040473774537194706,2580790.2425803295,378215668.9218922
3.6201546320986566e-05,3.554693066181299e-05,310.7789953173754,3234.32819009936,0.0,56.26242273284869,6720.31988830689,7.129984359158582e-05,0.0,0.010408602138448115,2249.0654620829728,0.0018873879906537705,0.00023500107753086263,0.00030032777760739403,0.12244734892083962,1.814116548242925,57.33244722665114,0.082017780618206,0.00040383281488517796,2580805.7848422267,369126915.8133909
3.6202021472844414e-05,3.569460043624215e-05,310.7819594927555,3218.2048729683515,0.0,54.01511287125491,6638.034622517151,6.657096247412908e-05,0.0,0.009724905139432867,2221.281882038659,0.0017848995543223417,0.00022186527341799508,0.0002860780905983731,0.11547557512438457,1.7420030408844427,56.65985314424662,0.0764664322964131,0.0004029437564824582,2580821.3214682266,360346057.69794863
3.620249662470226e-05,3.584226070644875e-05,310.739409688757,3202.2861334512895,0.0,51.87373063340167,6557.069796134927,6.218254748920222e-05,0.0,0.009092645143041705,2193.955031434487,0.0016905806968599043,0.00020954316862935012,0.00027254457516502785,0.10895651534201084,1.6732675055448152,55.99716166433284,0.07130592023416041,0.0004020702478854604,2580836.852458272,351860478.6901346
3.620297177656011e-05,3.598989043291379e-05,310.65379235830414,3186.5692813784804,0.0,49.83305293070956,6477.411293101607,5.8139322730552216e-05,0.0,0.008507706814120383,2167.079400115166,0.0015984786378787535,0.00019797456504171777,0.0002597064287315628,0.10285913599319163,1.6077432060626273,55.3442982587595,0.06651042234801666,0.00040121196951775645,2580852.37781231,343658119.73028284
3.620344692841796e-05,3.613746970719807e-05,310.52742310769054,3171.0515726553986,0.0,47.88810870209079,6399.044208338456,5.442042642653398e-05,0.0,0.007966310961776824,2140.6492535272696,0.001507567329704485,0.00018710353595333438,0.00024753478857501436,0.09715447648719368,1.5452710494261734,54.70118285590575,0.06205171200108598,0.00040036860508949306,2580867.897530284,335727456.0532111
3.620392208027581e-05,3.628497969165164e-05,310.36249469328686,3155.7302211548354,0.0,46.03415331006259,6321.952977053939,5.091778345581902e-05,0.0,0.007464992832122872,2114.658663242885,0.001431929351932329,0.00017690196630573357,0.00023594364540925836,0.09181550727589242,1.485697740112651,54.067712494026736,0.05790148000298155,0.0003995398420528603,2580883.411612139,328057476.03099996
3.6204397232133655e-05,3.6432402562952556e-05,310.161085286691,3140.602429054616,0.0,44.26665789446302,6246.121453940815,4.767203947915141e-05,0.0,0.007000567603603174,2089.1015444960235,0.001360078368225888,0.0001673356675230106,0.0002249372218867733,0.08681734554057195,1.4288817762317028,53.443790040039566,0.054046890363183844,0.00039872537196191895,2580898.9200578188,320637661.5008095
3.620471731857959e-05,3.6531656485557044e-05,310.00583432749636,3130.519282697801,0.0,43.122555066844406,6195.7392675614055,4.5653560487179257e-05,0.0,0.006707019752085209,2072.1262145700675,0.0013083918453759317,0.0001612013296389204,0.00021785383823018026,0.08363058701369831,1.3920923040560784,53.0288212875413,0.05160582906495447,0.00039818460793517713,2580909.3641579077,315775256.3241
3.620503740502553e-05,3.663085828516119e-05,309.8354995757841,3120.521826900061,0.0,42.014477278673,6145.915992478183,4.3703476593110854e-05,0.0,0.0064280509929027846,2055.3428499194333,0.00126449130295771,0.0001553230503584654,0.0002109959943580806,0.0805811158526642,1.356450217237337,52.618106449942964,0.049276297596330655,0.0003976501003876038,2580919.8057002276,311018852.6919162
3.620535749147147e-05,3.6730003223237855e-05,309.65063632087856,3110.6091919203,0.0,40.94120497315622,6096.64635075185,4.184878675233848e-05,0.0,0.006162881616804214,2038.7494998854554,0.0012218662648648296,0.00014970102138005788,0.0002043722585426953,0.07766266559843935,1.3219193513501821,52.21161398787682,0.04705938980369241,0.00039712175862454844,2580930.2446847623,306365584.5728001
3.62056775779174e-05,3.682908673573273e-05,309.4517806943961,3100.7805123478706,0.0,39.90156350150359,6047.924993522018,4.011641536968318e-05,0.0,0.005910766306328203,2022.344201082638,0.0011752796348592392,0.00014429090116372236,0.00019798585240600044,0.07486906203221817,1.288461154450579,51.80931671748677,0.04495151508439338,0.000396599492984425,2580940.681111494,301812673.5941053
3.620599766436334e-05,3.6928104427084435e-05,309.2394500814209,3091.034919767152,0.0,38.89441562366583,5999.746523701737,3.8441744814545665e-05,0.0,0.00567100508008519,2006.1249771789178,0.0011358898522750638,0.00013909402493190697,0.00019180160658034516,0.07219449907253082,1.2560373239181464,51.41117441471099,0.04293953027023796,0.0003960832148745441,2580951.114980406,297357425.77193356
3.620631775080927e-05,3.702705206450803e-05,309.0141439520093,3081.37154823897,0.0,37.91865707733305,5952.10549506301,3.683719397463447e-05,0.0,0.005442944772414748,1990.0898391146704,0.0010997110033389328,0.00013413284623227056,0.00018582510998306219,0.06963360441611019,1.224616372270493,51.01715008428652,0.04102296464883876,0.00039557283678339633,2580961.5462914826,292997229.1131313
3.620663783725521e-05,3.7125925572382824e-05,308.7763445881343,3071.7895355626533,0.0,36.973227452828695,5904.996412206679,3.532698547577232e-05,0.0,0.005225960714919025,1974.2367908899387,0.001061659102793119,0.0001293580609480059,0.0001800616976689546,0.06718104680659912,1.194163082795371,50.62721373575303,0.03920040246888231,0.00039506827229675447,2580971.975044706,288729551.113327
3.620695792370114e-05,3.722472102677986e-05,308.52651764427026,3062.288020407125,0.0,36.057102790680084,5858.413748305437,3.389100304420941e-05,0.0,0.005019458159388221,1958.5638317470152,0.0010250993954795322,0.00012476858969779646,0.00017448829417129267,0.06483178700852664,1.1646442431350645,50.24132922853161,0.03746357894254286,0.00039456943611786144,2580982.401240059,284551936.0800386
3.620727801014708e-05,3.732343465021236e-05,308.265112756053,3052.866143226912,0.0,35.16929182385199,5812.351951115922,3.251505827578884e-05,0.0,0.004822887432246184,1943.068955869591,0.0009915816464331712,0.00012037399642867376,0.00016909458977710124,0.06258117805259177,1.1360297580270386,49.8594584681222,0.035807300450996435,0.0003940762440790875,2580992.8248775257,280462002.69051784
3.620759809659302e-05,3.7422062806630395e-05,307.9925642072426,3043.523048734627,0.0,34.30883835985154,5766.805444539751,3.121113326003391e-05,0.0,0.004635731199461082,1927.7501548683715,0.000957758226819593,0.00011615384445133474,0.00016388959585201239,0.06042472239079147,1.1082894782986974,49.48156733356802,0.034230772717305756,0.00039358861314597215,2581003.2459570877,276457441.7642606
3.620791818303895e-05,3.752060199662702e-05,307.7092915647123,3034.2578872990975,0.0,33.47482062758201,5721.768637340587,2.997646557831512e-05,0.0,0.004457488285980911,1912.605421787883,0.000924094723782523,0.00011208945787216036,0.00015886901035516867,0.05835797804356865,1.0813920429867192,49.10762148162241,0.03272948590314511,0.00039310646142008985,2581013.6644787295,272536014.11184514
3.620823826948489e-05,3.761904885281696e-05,307.4157002111629,3025.06981360481,0.0,32.66634335989295,5677.23593679027,2.8782203813284646e-05,0.0,0.0042876837616145904,1897.6327519292745,0.0008953803289865592,0.00010819736281843238,0.00015399924614559676,0.05637690344569495,1.0553107487635591,48.7375785341646,0.031296371428413246,0.00039262970814296806,2581024.080442434,268695548.2202437
3.620855835593082e-05,3.7717400135371985e-05,307.11218184580554,3015.957988416718,0.0,31.882543453798554,5633.201741592287,2.7642072304479435e-05,0.0,0.004125887596842469,1882.8301429860533,0.0008678380918980268,0.0001044666669577178,0.00014928460497767965,0.05447769701356268,1.0300190539951983,48.37140252836311,0.029931160249794038,0.00039215827369953123,2581034.493848184,264933938.04424185
3.620887844237676e-05,3.7815652727708834e-05,306.7991149324182,3006.921577577829,0.0,31.12259195069159,5589.6604466486715,2.657077659157522e-05,0.0,0.003971685898729083,1868.1955979254387,0.0008382055376420657,0.00010087137970605703,0.00014474007763984624,0.05265655735940143,1.0054891652184588,48.00906070453562,0.028632396184069632,0.00039169207962226935,2581044.9046959635,261249140.82007563
3.620919852882269e-05,3.791380363232898e-05,306.47686517126476,2997.959751278106,0.0,30.385687538314418,5546.606456701436,2.5542838250348075e-05,0.0,0.003824672135780319,1853.7271266205637,0.0008114564963286063,9.741126346809958e-05,0.00014035239117849604,0.05090982135044395,0.9816947293686499,47.65051387268934,0.027392892373374573,0.0003912310485901658,2581055.3129857546,257639175.04262826
3.6209681464940906e-05,3.806169175500572e-05,305.97406493720933,2984.5777712230138,0.0,29.31577645746485,5482.557887529411,2.407402396577141e-05,0.0,0.0036156590734520338,1832.2074813522675,0.0007739975898334479,9.246314898296903e-05,0.00013399500889816414,0.04840821725192301,0.9471373894161114,47.11664569067663,0.02563142518112261,0.0003905450629543299,2581071.011836875,252329960.41346756
3.621016440105912e-05,3.8209332438876374e-05,305.45232650159346,2971.360902017118,0.0,28.294023619514856,5419.586776697406,2.271450123314018e-05,0.0,0.0034210030687133034,1811.0545964155262,0.0007363195260833816,8.779768024070488e-05,0.00012794288638239644,0.04605785895591366,0.9141214583204939,46.5912033837576,0.023994947874669513,0.00038987040045990325,2581086.7048649457,247180372.73554036
3.621064733717733e-05,3.835671680717803e-05,304.91275577762,2958.3063820223997,0.0,27.318015078899236,5357.674104301648,2.144115008928946e-05,0.0,0.0032395967603838414,1790.2617540708807,0.0007022779796447349,8.339968055958593e-05,0.0001221868776222534,0.04384845505236856,0.8825689344022642,46.07405667197563,0.02247132519611977,0.00038920681017766694,2581102.3920699097,242184339.30347556
3.6211130273295545e-05,3.850383650383496e-05,304.35640386260695,2945.411485876393,0.0,26.385459173563312,5296.800977548601,2.024421497284025e-05,0.0,0.0030704306661219188,1769.822296763659,0.0006722289537637592,7.926394526223988e-05,0.00011671413979518391,0.041770709756736975,0.8524090074554437,45.56507370628862,0.02105239021230074,0.00038855404696205034,2581118.073451708,237336056.93711767
3.621161320941376e-05,3.865068366788266e-05,303.784269908988,2932.6735258288263,0.0,25.49418927478629,5236.948642040882,1.9141727320587104e-05,0.0,0.002912598501048181,1749.7296340545902,0.0006407919767877616,7.5360186888535e-05,0.00011151794868781462,0.03981595866293973,0.8235724080769471,45.06413085965911,0.019733759554926567,0.00038791187138433893,2581133.749010284,232629978.8348977
3.621209614553197e-05,3.879725090897956e-05,303.1973037633792,2920.089849724141,0.0,24.642154137117572,5178.098510774159,1.8114183892479247e-05,0.0,0.0027652465674041964,1729.9772489076029,0.0006106142130073648,7.166940574890683e-05,0.0001065735328953319,0.03797595959781588,0.79599314558427,44.57110066429367,0.018505752066595136,0.0003872800496634413,2581149.418745579,228060802.0261971
3.6212579081650184e-05,3.894353128411298e-05,302.59640866803284,2907.657845075076,0.0,23.827405854921338,5120.232185506503,1.7144452623540428e-05,0.0,0.00262758817135449,1710.5587016844536,0.0005840609043806617,6.819443750604506e-05,0.00010186295303739731,0.036243235089807445,0.7696104425111143,44.08585298199402,0.017360801201650167,0.0003866583535771782,2581165.0826575365,223623455.81215054
3.6213062017768396e-05,3.9089518275661765e-05,301.9824437979667,2895.374942748523,0.0,23.048097362206367,5063.331467200979,1.6239887339821746e-05,0.0,0.0024989128697467363,1691.4676352043641,0.0005584915895405396,6.491844337888481e-05,9.738040020311544e-05,0.03461085335852314,0.7443660462897649,43.60826167091329,0.016295464304159017,0.00038604656036668385,2581180.7407460976,219313090.71289366
3.621354495388661e-05,3.92352057707174e-05,301.356226478919,2883.2386160547126,0.0,22.302480432159143,5007.378368630703,1.5396498073858978e-05,0.0,0.0023785640440604503,1672.6977797233906,0.0005337786585591097,6.181542430169536e-05,9.311819067547741e-05,0.03307211876407062,0.7202026520051333,43.13820249867135,0.015303555131535685,0.0003854444526454062,2581196.3930112054,215125067.6916465
3.621402789000482e-05,3.938058804142902e-05,300.7185342164718,2871.2463782875234,0.0,21.58889630227108,4952.355130708054,1.4597620049290784e-05,0.0,0.002265926832121695,1654.242954717472,0.0005124243246278745,5.888616208481094e-05,8.906142300577893e-05,0.0316209507973136,0.6970677809752246,42.675548166551046,0.014377628896839098,0.000384851818307443,2581212.039452802,211054947.82445103
3.6214510826123035e-05,3.95256597262516e-05,300.07010670164107,2859.3957825153234,0.0,20.905771816937172,4898.244228349825,1.3854366657329483e-05,0.0,0.0021604405534084796,1636.0970700735402,0.0004910038230976961,5.612889339883555e-05,8.519616489203932e-05,0.030252020737842097,0.6749143779962619,42.22017379917405,0.013515773344654168,0.0003842684504278309,2581227.6800708296,207098482.59229878
3.621499376224125e-05,3.967041581212066e-05,299.4116477780586,2847.6844234935265,0.0,20.251622612375506,4845.028374227392,1.3165145775538767e-05,0.0,0.0020616007233269285,1618.2541303884977,0.0004691139949745875,5.351214623266342e-05,8.151329687473335e-05,0.02895984299554198,0.6536924318080657,41.77196027621662,0.012713513475043119,0.00038369414715726344,2581243.3148652306,203251604.8700548
3.621547669835946e-05,3.9814851617573785e-05,298.7438272708606,2836.1099378856707,0.0,19.625038239687367,4792.690537301409,1.2513317481259332e-05,0.0,0.0019689266282845942,1600.7082365821395,0.0004495845195020025,5.1037594221799085e-05,7.800419046793004e-05,0.027739445800600976,0.6333566779024928,41.33078449576612,0.011964322047710519,0.00038312871161558584,2581258.9438359477,199510420.32637253
3.6215959634477674e-05,3.9958962776760686e-05,298.06728270360446,2824.6700048913262,0.0,19.024678557726556,4741.213946024568,1.1897588837219093e-05,0.0,0.0018819766172572974,1583.4535862884918,0.00043194486400789076,4.870293856011719e-05,7.466294305051051e-05,0.02658642976511493,0.613865985579376,40.896524029691896,0.011265023146960429,0.0003825719517839083,2581274.566982923,195871199.18983024
3.621644257059589e-05,4.010274522424515e-05,297.38262087952523,2813.3623455097304,0.0,18.449275752888976,4690.582087740162,1.1323309477321902e-05,0.0,0.00180035262414068,1566.4844754311212,0.0004143717170817932,4.6490935929976814e-05,7.14813393749265e-05,0.02549653367091201,0.5951794149012195,40.469061080128434,0.010613482384008784,0.0003820236803990082,2581290.1843060995,192330368.35922146
3.62169255067141e-05,4.0246195180527e-05,296.69041935713733,2802.184720971928,0.0,17.897629034154587,4640.778715650134,1.078420883621719e-05,0.0,0.0017236821911290681,1549.7952993134575,0.0003975816900675292,4.43943760379852e-05,6.844749235081743e-05,0.024465726739021695,0.5772579636648362,40.048278185953116,0.010005535232574365,0.00038148371484916115,2581305.79580542,188884503.9168284
3.621740844283231e-05,4.038930913826117e-05,295.9912279011547,2791.1349328091014,0.0,17.368598417470313,4591.787853829642,1.0273430635076258e-05,0.0,0.0016516158342931022,1533.3805525079372,0.0003824573363364875,4.241180276279028e-05,6.55527770382421e-05,0.02349038429685804,0.5600660287480786,39.634057497857526,0.009437411951138374,0.00038095187706662075,2581321.4014808247,185530324.10976014
3.6217891378950526e-05,4.0532083849168166e-05,295.2855698794188,2780.2108233303647,0.0,16.861102615312593,4543.593797403259,9.79382344700584e-06,0.0,0.001583833155277629,1517.234828960477,0.00036785503489640987,4.053581300161588e-05,6.279347906173842e-05,0.022567186646319872,0.5435701330666952,39.226283508591095,0.008907303825867756,0.0003804279934187754,2581337.001332259,182264682.70062268
3.621837431506874e-05,4.0674516311601306e-05,294.5739435375486,2769.410276083328,0.0,16.374120314016285,4496.1811101263975,9.345686915921721e-06,0.0,0.001520057690184582,1501.3528227731117,0.00035332918893087853,3.875293279854376e-05,6.016487845983264e-05,0.021692677152871934,0.5277345043638701,38.82484632940368,0.0084125970220409,0.0003799118946032905,2581352.5953596635,179084562.65386498
3.6219134050952135e-05,4.089788609182563e-05,293.44349688676783,2752.6643782850974,0.0,15.647209821919082,4423.138400777568,8.69126657120726e-06,0.0,0.0014271675778316738,1476.8891284540505,0.0003322192450922053,3.6133920310428506e-05,5.6273373730598194e-05,0.02040865145532204,0.504088516696833,38.20587220838644,0.00769893735901093,0.0003791153484411596,2581377.115475081,174247883.56164628
3.621989378683553e-05,4.1120392417707574e-05,292.3011806079961,2736.211250896359,0.0,14.965137094963127,4351.934373603473,8.090716044804591e-06,0.0,0.0013425380313580035,1453.045459746279,0.0003134849035480482,3.372722114135357e-05,5.2656760733519125e-05,0.019227583782592594,0.48189229676920053,37.601868248986754,0.007056695230145075,0.00037833703897111515,2581401.621176632,169605042.4124866
3.622065352271893e-05,4.134202688852407e-05,291.1485998527805,2720.043236263752,0.0,14.324649839100752,4282.513048568796,7.542194269486378e-06,0.0,0.0012653332380593305,1429.8026426369818,0.00029622212580476256,3.150968785974568e-05,4.929558674007455e-05,0.018139761362250987,0.4610398920328945,37.01241828728097,0.006478536489820841,0.0003775763682662853,2581426.1124640955,165146020.44035208
3.6221413258602324e-05,4.1562782276683155e-05,289.9872402257783,2704.1529058230094,0.0,13.722751670767483,4214.820106878768,7.041829373047857e-06,0.0,0.0011947982033073186,1407.1420966068242,0.00028002494241639294,2.9464026624941368e-05,4.617191024292647e-05,0.017136673821341878,0.4414359171660977,36.43711330478697,0.005957569289600649,0.00037683276170519036,2581450.5893372465,160861419.2005881
3.6222172994485714e-05,4.178265244132915e-05,288.8184764435144,2688.5330540728464,0.0,13.156683515312652,4148.802870049283,6.58327004397995e-06,0.0,0.0011302613725992924,1385.0458248936532,0.000265033366721685,2.7576155710780355e-05,4.3267119303516845e-05,0.01621068252705194,0.42299235697265897,35.87555399715343,0.005487669967500148,0.0003761056670397056,2581475.051795863,156742416.66193107
3.622293273036911e-05,4.2001632247119764e-05,287.6435804747417,2673.1766943960597,0.0,12.623904610715822,4084.410276189225,6.162258606234149e-06,0.0,0.0010711359943815692,1363.4964041886683,0.0002511474576360305,2.5832132386005003e-05,4.056421559117754e-05,0.015354781044859376,0.4056268267495393,35.32735253786363,0.005063630261630167,0.0003753945534867632,2581499.499839722,152780726.84666216
3.6223692466252506e-05,4.2219717488351525e-05,286.4637290953755,2658.0770538570755,0.0,12.122072046370286,4021.5928558815,5.7761518967678945e-06,0.0,0.001016895470717602,1342.476973290476,0.00023812065941574602,2.421919235524038e-05,3.804828241910431e-05,0.014562717327396765,0.38926408781564487,34.792130412599995,0.004680620322412585,0.00037469891084879046,2581523.9334686,148968562.56225002
3.62244522021359e-05,4.243690481902733e-05,285.28001077957475,2643.2275666011983,0.0,11.64902498528656,3960.3027015819634,5.421038877742693e-06,0.0,0.0009670639321831604,1321.9712203021206,0.0002260089120954685,2.272626158382137e-05,3.5705152288639576e-05,0.013828922348056159,0.3738350994791583,34.269518569965165,0.004334023344129825,0.00037401824866606804,2581548.352682274,145298600.90487206
3.62252119380193e-05,4.2653191688461755e-05,284.09343200779847,2628.6218674849692,0.0,11.202771261018206,3900.4934330326337,5.092997068901168e-06,0.0,0.0009212256377520288,1301.963369029677,0.00021489145914892134,2.1343476551419076e-05,3.352168180196567e-05,0.013148283221606289,0.3592751249506239,33.75915899473725,0.0040199283740090215,0.00037335209539956376,2581572.7574805226,141763951.4034124
3.6225971673902695e-05,4.286857628148924e-05,282.9049231279724,2614.253786475778,0.0,10.781472086110771,3842.120163869689,4.7903734284608804e-06,0.0,0.0008790126013083461,1282.4381653306093,0.00020448930914861765,2.0061539941843355e-05,3.148632784742132e-05,0.012516173424687402,0.3455247039904691,33.26070338981491,0.003735201542576726,0.00037269999764162425,2581597.1478631226,138358126.64362404
3.622673140978609e-05,4.308305746269056e-05,281.7153438107413,2600.1173430989584,0.0,10.383428673814581,3785.139466147173,4.512664162066927e-06,0.0,0.0008400849498559565,1263.3808632526911,0.0001944117874730755,1.8871546289934756e-05,2.958865871230223e-05,0.01192851095453929,0.3325300674360686,32.773812150044016,0.003476962753209026,0.000372061519355727,2581621.523829852,135075015.1146265
3.6228068156557166e-05,4.345824033104177e-05,279.62207333956053,2575.7892314358924,0.0,9.734832031462593,3688.1362313434684,4.0712482148603355e-06,0.0,0.0007786656207289102,1230.9425711835079,0.00017867846930708005,1.6978353716722158e-05,2.6551844660625088e-05,0.010991246630153925,0.31134688973425695,31.9442118507946,0.003077765135015686,0.00037096992058556174,2581664.378072797,129578985.48160098
3.622940490332825e-05,4.38306266361821e-05,277.531791447853,2552.130122122813,0.0,9.145764222954247,3595.0962608594245,3.680914096645187e-06,0.0,0.0007250926226528423,1199.8348743838228,0.0001653844576498247,1.5312862044836096e-05,2.385910046870776e-05,0.010162293441666434,0.2920984054405865,31.147676803008043,0.0027385059337998226,0.00036991702881685747,2581707.1876851805,124416215.64021066
3.623074165009932e-05,4.4200222668929936e-05,275.4478623930086,2529.111375732129,0.0,8.609531693340262,3505.8135897751163,3.3408248219324448e-06,0.0,0.0006782084544616047,1169.9880530090654,0.0001528649479768219,1.3842098318981427e-05,2.1469449236970354e-05,0.009426587333101914,0.2745691397742594,30.382572904043975,0.002449503196641192,0.00036890081919735673,2581749.9526657946,119560517.73974314
3.62320783968704e-05,4.4567038901177935e-05,273.37319768554937,2506.7058732294854,0.0,8.120292380895176,3420.0941788857413,3.0429396793642214e-06,0.0,0.0006370400878160338,1141.3364976615171,0.00014123687416200294,1.2538622067622576e-05,1.934551386232391e-05,0.008771506863581958,0.25856867920923743,29.647352523759714,0.0022015990883025327,0.00036791939820825465,2581792.6730134324,114988185.16761595
3.623341514364148e-05,4.49310894333824e-05,271.3103085945091,2484.8879302003534,0.0,7.672935505896668,3337.75526619862,2.7752056497495168e-06,0.0,0.0006007744396299241,1113.8184728644223,0.0001315672087757544,1.1382683102481854e-05,1.7454037573752353e-05,0.008186319494127254,0.2439312992984262,28.94054727730726,0.001987519454765039,0.00036697099420536885,2581835.3487268896,110677721.30102305
3.6234751890412554e-05,4.529239149218802e-05,269.26135389362537,2463.6332187497014,0.0,7.2629814683801985,3258.6247331658897,2.536790926207783e-06,0.0,0.0005687353855238199,1087.3758909574938,0.00012284673257736457,1.0355576268273321e-05,1.576802465348455e-05,0.007661808879218031,0.23051334906468957,28.26076607760151,0.0018027697679833064,0.00036605394854808554,2581877.979804961,106609601.71823464
3.6236088637183635e-05,4.5650964977833884e-05,267.22818269537976,2442.918689012585,0.0,6.8865011745153355,3182.5404883759707,2.3295297156792927e-06,0.0,0.0005403514532264659,1061.9540954202457,0.00011384061941157128,9.438205726696668e-06,1.4264154592988951e-05,0.00719026843948132,0.2181865989683014,27.606695232703412,0.0016428696239356758,0.00036516670733129634,2581920.5662464434,102766064.95613976
3.623742538395471e-05,4.6006832070672806e-05,265.21237147486204,2422.7224901973996,0.0,6.54004140443542,3109.349879542082,2.142475273377296e-06,0.0,0.0005151386575515181,1037.5016515583316,0.00010607324950303219,8.616922998274735e-06,1.2919681074798802e-05,0.0067652074545374126,0.20683731258134458,26.977091317903824,0.0015023338767019894,0.0003643078137925073,2581963.108050136,99130927.94048458
3.623876213072579e-05,4.6360016892114786e-05,263.21525608249436,2403.023901451271,0.0,6.220557453714993,3038.9091313943613,1.9638074252162254e-06,0.0,0.0004926910057689635,1013.9701470316384,0.00010120936793184095,7.88334567393624e-06,1.1714617013831414e-05,0.006380829715410701,0.19636764412248653,26.37077491162582,0.0013777435831236406,0.0003634759013435317,2582005.605214838,95689423.28806351
3.624009887749687e-05,4.6710545206304974e-05,261.2379600892699,2383.803272083221,0.0,5.92536178961569,2971.0828024062316,1.8092253192289486e-06,0.0,0.00047266484464176416,991.3140050207478,9.536995789545728e-05,7.227306807086874e-06,1.0636436201785624e-05,0.006032036529885619,0.18669231552583732,25.786633225047588,0.0012695677522689428,0.00036266968713144845,2582048.05773935,92428055.68840379
3.624143562426794e-05,4.70584441533355e-05,259.28141984432017,2365.0419556554525,0.0,5.652084169781846,2905.7432690913874,1.6952714885459047e-06,0.0,0.0004547613814765684,969.4903078430723,8.479676130731795e-05,6.632676643463425e-06,9.67219300344509e-06,0.005714770912380327,0.17773320627301165,25.223618815849015,0.0011760167470086186,0.0003618879660967753,2582090.4656224744,89334474.37591702
3.624277237103902e-05,4.740374201194382e-05,257.3464064303698,2346.7222399994766,0.0,5.398628055761956,2842.770251234732,1.5766349796811767e-06,0.0,0.0004387221886834728,948.4586272557952,7.856001924466411e-05,6.088839777247556e-06,8.802559249686184e-06,0.005425730025627849,0.1694180393522284,24.68073570552475,0.001088313826908688,0.0003611296055033305,2582132.8288630145,86397359.74095123
3.6243670853943826e-05,4.7634383896990143e-05,256.0582197663888,2334.6485046031107,0.0,5.238462521702482,2801.716336271836,1.4816362571199088e-06,0.0,0.00042888415193293404,934.74828204827,7.905254901944238e-05,5.764356050155571e-06,8.265207790449724e-06,0.005245533255830733,0.16416235855413314,24.32667660726944,0.001032632008268499,0.00036063247151811177,2582161.2778648324,84505895.61624311
3.6244569336848635e-05,4.786387292421803e-05,254.78020095288312,2322.761769591714,0.0,5.085886417388846,2761.6474216465435,1.401443279111354e-06,0.0,0.0004197353296675276,921.3674853563778,7.749777066736641e-05,5.459846219893915e-06,7.767075567688898e-06,0.005075590886465229,0.1591559088388031,23.981011384379553,0.0009839904028882851,0.0003601451009966935,2582189.706697383,82677471.41947977
3.624546781975344e-05,4.8092218292113355e-05,253.51248304007083,2311.0573122500646,0.0,4.9404282551872445,2722.53199137506,1.338869440918805e-06,0.0,0.0004112188172876542,908.3056584015019,7.339276761372874e-05,5.1684003794166235e-06,7.304840179272308e-06,0.004915251966744594,0.15438143163074783,23.643480180600445,0.0009403840647472933,0.0003596671986142056,2582218.1153603047,80909310.53442763
3.624636630265825e-05,4.8319429307569294e-05,252.25517703386117,2299.5305611703748,0.0,4.801651091701332,2684.3397394049334,1.2789634970053266e-06,0.0,0.0004032876577321417,895.5526300331354,6.986646249298374e-05,4.8965578391109045e-06,6.872753959311718e-06,0.004763791826579106,0.1498249531876239,23.313828858870497,0.0008980038956835423,0.00035919848063507284,2582246.503853234,79198786.34601615
3.624726478556305e-05,4.8545515367288345e-05,251.00837379517267,2288.177094570817,0.0,4.669148038099918,2647.041518094248,1.2159023197711476e-06,0.0,0.00039590046868539456,883.0986181208207,6.795663986818669e-05,4.644737923280546e-06,6.468025997686103e-06,0.004620527745351827,0.1454741351567167,22.99181218015208,0.0008569127613453601,0.00035873867437211457,2582274.87217581,77543412.84926964
3.624816326846786e-05,4.8770485941401785e-05,249.77214580524532,2276.9926400876534,0.0,4.542541759462925,2610.609287193347,1.1563110371814704e-06,0.0,0.0003890170903269224,870.9342146196026,6.611281342316095e-05,4.408193355725204e-06,6.090395071194022e-06,0.0044849121191107896,0.14131617387047277,22.67719613759139,0.0008192396413542034,0.00035828751767523655,2582303.2203276716,75940836.00041534
3.624906175137266e-05,4.89943505578994e-05,248.54654867996055,2265.973068106171,0.0,4.421482785228699,2575.0160672944594,1.104441453280187e-06,0.0,0.00038260056033279896,859.0503708750102,6.343002461222406e-05,4.18462301665008e-06,5.7386364856798935e-06,0.004356410054219859,0.13733930029601654,22.369755270902555,0.0007850250248383518,0.00035784475844999466,2582331.548308456,74388825.47263588
3.624996023427747e-05,4.921711878775873e-05,247.33162250580114,2255.1143821135224,0.0,4.305646920687501,2540.2358952052655,1.056690257508395e-06,0.0,0.0003766179296855614,847.4383812783725,6.068828364460632e-05,3.97424802137753e-06,5.409950388724105e-06,0.004234485623525615,0.13353343235570786,22.069271022554876,0.0007525138352382139,0.00035741015420221627,2582359.856117803,72885266.87204659
3.6250858717182275e-05,4.94388002313198e-05,246.12739314077152,2244.4127126098597,0.0,4.194732990782322,2506.2437803945845,1.0092381532102345e-06,0.0,0.0003710389196882894,836.0898673401038,5.86256688064889e-05,3.7773236389991527e-06,5.101955080772487e-06,0.004118699563384671,0.12988884983403207,21.775532919584442,0.0007209973695660976,0.00035698347160194023,2582388.143755351,71428154.60259914
3.625175720008708e-05,4.965940450612226e-05,244.9338734888286,2233.864314534506,0.0,4.088460613054637,2473.015664220133,9.632132626312922e-07,0.0,0.0003658362001597785,824.9967640692696,5.6895504961020985e-05,3.5926918273575e-06,4.813557011591697e-06,0.004008676227682194,0.12639602600436728,21.488338798285742,0.0006912808879815025,0.00035656448606595547,2582416.411220741,70015585.35039243
3.625265568299189e-05,4.9878941235942166e-05,243.75106465525218,2223.465563987072,0.0,3.986568438885463,2440.5283813088918,9.209892221819766e-07,0.0,0.00036098527410656424,814.1513076467697,5.4943480314162825e-05,3.418421330275274e-06,4.543921465018793e-06,0.00390401363186168,0.12304649737589426,21.207493524977817,0.0006638395850840391,0.0003561529813632726,2582444.658513611,68645751.99767356
3.625355416589669e-05,5.009742004070053e-05,242.57895695136236,2213.2129526795197,0.0,3.8888132112749982,2408.759621591474,8.820424864375172e-07,0.0,0.0003564625269184208,803.5460227114384,5.28788117257978e-05,3.2536878022967867e-06,4.291626696163715e-06,0.003804325891650173,0.11983262014891362,20.932808589464255,0.0006380390697971403,0.0003557487492444537,2582472.885633602,67316937.86663371
3.62544526488015e-05,5.0314850527135435e-05,241.4175308157895,2203.1030822525113,0.0,3.794968477429171,2377.6878939712906,8.43845674818471e-07,0.0,0.0003522450407474156,793.173709502018,5.122027999976457e-05,3.0987221139307966e-06,4.054869329440948e-06,0.003709304060480043,0.11674695734516848,20.664102321522595,0.0006130759366525193,0.0003553515890898408,2582501.092580353,66027511.33757705
3.625590506815456e-05,5.0664139572108e-05,239.56257104180287,2187.0537523054454,0.0,3.651003018978962,2328.881311024804,7.858778430103375e-07,0.0,0.00034602554041133414,776.8817281646587,4.8808983185372334e-05,2.867393550120997e-06,3.702925827856892e-06,0.0035648848661805396,0.11201211784995921,20.241932836304183,0.0005750755013926085,0.0003547240360361514,2582546.647128164,64022494.767174765
3.6256950488519996e-05,5.091389297364131e-05,238.24454828436447,2175.719830679773,0.0,3.5529032465619466,2294.7984331755506,7.488728263976884e-07,0.0,0.00034197338728593404,765.5050133339196,4.6766518935533575e-05,2.7131135693327924e-06,3.4716714432234816e-06,0.003467409613586614,0.10878490591115925,19.94705516530315,0.0005504506552281912,0.0003542830248330958,2582579.4036879507,62637071.01923286
3.625799590888543e-05,5.116227594779732e-05,236.94078520261314,2164.563021807074,0.0,3.4591102901773145,2261.558498935027,7.132871675888636e-07,0.0,0.00033824769387748316,754.4099706787532,4.49900709388268e-05,2.5674576756221816e-06,3.2569837039479313e-06,0.0033747504827716574,0.10569995072339762,19.659418158511823,0.0005272233850807339,0.00035385064704510327,2582612.132934879,61297552.52068091
3.625966823269237e-05,5.155679335547418e-05,234.8846249884449,2147.072715934053,0.0,3.3173966233173293,2210.0682394468904,6.607298070278372e-07,0.0,0.00033290260905601926,737.2237885377109,4.2291408010686386e-05,2.355802849817953e-06,2.944472804828827e-06,0.003236050274190038,0.10103716875143756,19.21375759145809,0.0004929001244684165,0.0003531762819618783,2582664.432017669,59245218.83052211
3.6260847390110747e-05,5.1832915508963345e-05,233.45639919148567,2134.9959149140177,0.0,3.2231888087481546,2174.955979821906,6.26482943278708e-07,0.0,0.000329549960778428,725.5045700840806,4.056221704053845e-05,2.2195930652030245e-06,2.744408687334264e-06,0.0031448807118289296,0.0979356186379404,18.90978714157567,0.00046995233411333486,0.0003527131024052047,2582701.2661439683,57861442.322075814
3.626202654752912e-05,5.210736398825145e-05,232.04583417811403,2123.1236694578324,0.0,3.1333586087844694,2140.7892667993106,5.941593281975985e-07,0.0,0.0003265232785034925,714.1012364369906,3.901433204753823e-05,2.090260790684433e-06,2.560435943077778e-06,0.00305842298096927,0.09497947433317104,18.61395032030186,0.00044808306133949094,0.0003522597190039645,2582738.065519672,56527169.113256454
3.626320570494749e-05,5.2380159516809074e-05,230.6527563390014,2111.450211925453,0.0,3.047629759279402,2107.5334216069386,5.639173833087804e-07,0.0,0.0003237937881353564,703.0021835666859,3.7522164033378187e-05,1.972648953111611e-06,2.3907675875670296e-06,0.002976298633858075,0.09215822898824123,18.325953361383572,0.0004277344428263784,0.00035181580649197016,2582774.830143972,55240045.10126926
3.6264384862365864e-05,5.265132260751931e-05,229.27698201839755,2099.9699969554854,0.0,2.9657492090107826,2075.155332832237,5.357451511502464e-07,0.0,0.0003213269047700346,692.1963342193154,3.601955609858268e-05,1.8641972246073463e-06,2.2325073279615037e-06,0.0028986663548353987,0.08945987945076407,18.04551734536925,0.0004088493332272679,0.00035138105395647373,2582811.560016061,53997854.5074618
3.626556401978424e-05,5.292087355146701e-05,227.91831894654138,2088.677688812635,0.0,2.88747697009947,2043.6233824445153,5.092976297705112e-07,0.0,0.0003191174224240134,681.6731100072554,3.459704502299259e-05,1.7579874340209402e-06,2.0859074691965384e-06,0.002824966623160967,0.08688174449847516,17.77236781577221,0.0003909780642955779,0.00035095516406588313,2582848.255135133,52798510.23753326
3.6266743177202613e-05,5.318883240849702e-05,226.57656757626194,2077.5681543002815,0.0,2.8125906574412327,2012.9073612968482,4.842562772507635e-07,0.0,0.00031716436257020535,671.4224048367911,3.332923845718357e-05,1.6594238601829753e-06,1.9519174929921e-06,0.0027539637585453406,0.08442298010797995,17.506241555161537,0.00037389787738440963,0.0003505378523434412,2582884.915500382,51640045.09703902
3.626792233462099e-05,5.345521899945466e-05,225.2515223403205,2066.63645543204,0.0,2.740899892523126,1982.978379882596,4.606571872973858e-07,0.0,0.0003154125734060764,661.4345602856122,3.214236971211838e-05,1.5709714401258047e-06,1.8285312568654384e-06,0.0026866943623147315,0.08206240534924777,17.246905290851938,0.0003577500971752666,0.00035012884648711657,2582921.5411110036,50520603.673092775
3.6269101492039356e-05,5.372005289971782e-05,223.94297255497492,2055.8778305095702,0.0,2.672221207016917,1953.808824490572,4.385930393832655e-07,0.0,0.00031384307413205787,651.7003427304784,3.0960718244417624e-05,1.486270928207715e-06,1.7135075120306064e-06,0.002624131176150067,0.07978893207728215,16.994126872166063,0.0003426095748792992,0.0003497278857491978,2582958.1319661923,49438434.64072526
3.627028064945773e-05,5.3983353433716255e-05,222.6507033056111,2045.2876875896818,0.0,2.6063640348062354,1925.3723048283075,4.178438478022255e-07,0.0,0.00031251118091588705,642.2109216027865,2.9809271481730392e-05,1.4063677060070905e-06,1.6060241828504105e-06,0.002563278084553648,0.07762138956500786,16.74765868226647,0.0003283076813959706,0.00034933472033904186,2582994.688065146,48391883.905210875
3.6271127360048837e-05,5.417148491588661e-05,221.73269195522298,2037.7847406663366,0.0,2.5607252343821094,1905.391061693912,4.035856254106644e-07,0.0,0.00031168155251065334,635.5431734127751,2.9041756473304074e-05,1.3529098999664665e-06,1.5337247686284505e-06,0.0025200077370585534,0.07612718869846147,16.574450606222094,0.0003184309260718213,0.00034905707664540113,2583020.916247356,47661487.327035636
3.627172516997039e-05,5.430384645833353e-05,221.08948483780478,2032.5374634238892,0.0,2.5293066769588357,1891.4984038492926,3.938682926978478e-07,0.0,0.00031111844562496736,630.9072396943006,2.8521348851678386e-05,1.3161077432208105e-06,1.4850468718619213e-06,0.0024910527362258413,0.07509087897658435,16.454019909275676,0.00031167493491198297,0.00034886334933774497,2583039.4235493066,47156073.54947718
3.627232297989194e-05,5.4435824699907645e-05,220.45033682331737,2027.3310193077543,0.0,2.498527567234447,1877.780066506925,3.844441444334552e-07,0.0,0.0003105946385706244,626.3295154395543,2.8010759974732662e-05,1.2807088130380675e-06,1.4381579907993864e-06,0.002462959563226206,0.07407540711530548,16.335093522326716,0.00030510758523803874,0.00034867149202216313,2583057.9219174264,46658949.21963161
3.6272920789813484e-05,5.456742205853713e-05,219.8152189230274,2022.1648715934402,0.0,2.4683676254466422,1864.2330324081092,3.75296056988585e-07,0.0,0.00031012497632611853,621.8089912293694,2.751046897493327e-05,1.2464236722695392e-06,1.3929688723825885e-06,0.0024352073172833216,0.07308354842913134,16.21764269429175,0.0002987166703790657,0.000348481475985926,2583076.411351612,46169931.91614766
3.627351859973504e-05,5.4698640934781516e-05,219.18410210737193,2017.0384960300867,0.0,2.4388120563269826,1850.8543446442106,3.6640824154073015e-07,0.0,0.00030969860598795525,617.3446795636986,2.702338196838059e-05,1.2131591907512514e-06,1.3494358102039387e-06,0.002407976491968543,0.07211141986013031,16.101645230736295,0.0002924884237218977,0.00034829327310690385,2583094.8918517586,45688844.272421196
3.6274116409656585e-05,5.482948371181934e-05,218.5569572694439,2011.9513771664542,0.0,2.4098452637275054,1837.641111577824,3.5777208468878294e-07,0.0,0.0003093040365188991,612.9356142923275,2.65495965785845e-05,1.1809629261959143e-06,1.3075033688825513e-06,0.0023815125040651383,0.07115661911178163,15.987077953967095,0.00028641801692497713,0.0003481068558437296,2583113.363417762,45215513.747549504
3.627471421957814e-05,5.495995275542001e-05,217.9337552243112,2006.9030071391003,0.0,2.381449255460653,1824.5905068643362,3.4938145876993666e-07,0.0,0.00030894486829449144,608.5808500734316,2.6087031778230014e-05,1.1497517828926757e-06,1.2670978802359864e-06,0.002355664296862941,0.07022081922437892,15.873914540397628,0.0002805047567122112,0.00034792219722282013,2583131.826049518,44749772.45077106
3.6275312029499685e-05,5.509005041390272e-05,217.31446676050956,2001.8928875663837,0.0,2.353607590949584,1811.6997636982596,3.4122900787758203e-07,0.0,0.00030862652855377166,604.2794618495849,2.563456683496652e-05,1.1195116246321787e-06,1.2281474463069257e-06,0.0023302442985653252,0.06930469648054252,15.762130230001974,0.0002747446963004348,0.00034773927082088775,2583150.2797469217,44291457.0292083
3.627590983942124e-05,5.521977901811565e-05,216.69906267096258,1996.9205300910655,0.0,2.3263068965654576,1798.9661716829403,3.3330616288177926e-07,0.0,0.0003083454230928884,600.0305443331149,2.5192881952771853e-05,1.090282169675748e-06,1.1905859145868952e-06,0.002305337876985312,0.06840568353256331,15.65170376046435,0.0002691305963247675,0.00034755805074970954,2583168.72450987,43840408.535236426
3.6276507649342786e-05,5.534914088143744e-05,216.08751373710328,1991.9854544236014,0.0,2.2995322469957755,1786.387080119172,3.2560378628583865e-07,0.0,0.0003080965437563896,595.8332115031681,2.4762041269363928e-05,1.0618383571415511e-06,1.1543672657322073e-06,0.0022809969662403945,0.06752352332151446,15.542612101482119,0.0002636564854981495,0.0003473785116452375,2583187.1603382584,43396472.256014846
3.627710545926434e-05,5.547813829978501e-05,215.47979074683252,1987.087188395866,0.0,2.273268380191159,1773.9598952809272,3.181138513602925e-07,0.0,0.00030787950679539607,591.6865961196779,2.4341309647141908e-05,1.0342409638829042e-06,1.1194477880780432e-06,0.002257137406280375,0.06665913263277273,15.434831673512122,0.00025831873228734204,0.0003472006286542682,2583205.5872319825,42959497.58181617
3.6277703269185886e-05,5.56067735516249e-05,214.87586452443682,1982.2252686542486,0.0,2.247502108782801,1761.6820764899924,3.108299467322556e-07,0.0,0.00030769504842099424,587.5898492534935,2.3930183708948867e-05,1.0075827953790225e-06,1.085768902876514e-06,0.002233711589618167,0.065811653853873,15.328341113963242,0.0002531140552660466,0.00034702437742041396,2583224.0051909387,42529337.89048693
3.627830107910743e-05,5.573504889799332e-05,214.27570593928695,1977.3992401194182,0.0,2.222221434701968,1749.5511356641186,3.037467394634734e-07,0.0,0.0003075413273225251,583.5421398293289,2.3528673627596984e-05,9.8170766880117e-07,1.0532757649202688e-06,0.0022107852046421485,0.06497927174560389,15.223120376001695,0.00024803827014297517,0.00034684973407216247,2583242.414215023,42105850.41601716
3.627889888902899e-05,5.5862966582523115e-05,213.67928590274775,1972.608655020337,0.0,2.197413307002329,1737.5646382930752,2.968574568908252e-07,0.0,0.00030741686432806417,579.5426541803846,2.3136646835626328e-05,9.565423188260575e-07,1.021925242107521e-06,0.0021883620742036473,0.06416193547852125,15.11914816727162,0.0002430869487669933,0.0003466766752121128,2583260.814304132,41688896.11505693
3.6279496698950534e-05,5.599052883147556e-05,213.0865753847931,1967.853073192194,0.0,2.1730643645125522,1725.7202013361468,2.901539797427724e-07,0.0,0.0003073222286359349,575.5905956154845,2.275363184800437e-05,9.321651570953394e-07,9.916724552342164e-07,0.0021663336120469868,0.06336058593513845,15.016402759931623,0.00023825625035333147,0.00034650517790478204,2583279.2054581605,41278339.55895141
3.628009450887209e-05,5.6117737853781903e-05,212.4975454403271,1963.1320627293267,0.0,2.1491630249351754,1714.015489785563,2.836302681701421e-07,0.0,0.00030725649195519457,571.6851839989803,2.237930957462218e-05,9.0854779255703e-07,9.624716948081104e-07,0.0021446718881733477,0.06257451615558272,14.914864429336042,0.00023354279903518418,0.00034633521966401075,2583297.5876770066,40874048.83484717
3.6280692318793634e-05,5.6244595841094765e-05,211.91216721355067,1958.445199321069,0.0,2.1256987361839452,1702.4482162359375,2.7728209231014315e-07,0.0,0.0003072167467508515,567.8256553426787,2.201359422498198e-05,8.856038513164022e-07,9.342824171324265e-07,0.002123461903317613,0.06180214857407603,14.814514634190019,0.00022894324957414418,0.00034616677844257556,2583315.9609605647,40475895.42852951
3.628129012871519e-05,5.637110496784231e-05,211.33041193290197,1953.7920653079486,0.0,2.102660214512504,1691.0161415190255,2.7110409034452684e-07,0.0,0.00030720219192310893,564.0112614091203,2.165628800054712e-05,8.633190838519715e-07,9.070665574217497e-07,0.0021027147664817005,0.061043285746292995,14.715333938467408,0.0002244542159687875,0.0003459998326227547,2583334.325308732,40083754.10720372
3.6281887938636735e-05,5.649726739128259e-05,210.75225092304774,1949.172249897432,0.0,2.080035810827385,1679.7170731322487,2.6508957090213247e-07,0.0,0.0003072145129022592,560.2412693259059,2.1306993890506888e-05,8.416925911594764e-07,8.807858296381751e-07,0.002082315966775782,0.06029874982013023,14.61730241334384,0.00022007242637112157,0.00034583436100558995,2583352.680721405,39697502.82572224
3.628248574855829e-05,5.662308525156554e-05,210.17765562832878,1944.5853498471918,0.0,2.0578152434444386,1668.548862299863,2.5923322678691317e-07,0.0,0.0003072530156160272,556.5149612107202,2.0965455986303735e-05,8.207061744908704e-07,8.554043486720894e-07,0.002062225977537111,0.05956809940305607,14.520401714217154,0.00021579476249799652,0.0003456703427995224,2583371.0271984804,39317022.643276766
3.6283083558479836e-05,5.6748560671805525e-05,209.60659761845966,1940.0309690110064,0.0,2.035989320292648,1657.5094031843582,2.535312163832339e-07,0.0,0.000307314110133052,552.8316338067193,2.0631626536421736e-05,8.003435011857488e-07,8.308869784015751e-07,0.0020425430617207747,0.05884983797621712,14.424614800297089,0.00021161823411015211,0.0003455077576108869,2583389.3647398534,38942197.624115385
3.628368136840138e-05,5.687369575815635e-05,209.0390485794771,1935.5087173136203,0.0,2.0145481275957056,1646.596633703728,2.479787848871101e-07,0.0,0.00030739701869823523,549.1905981281583,2.0305301400807323e-05,7.805487879108623e-07,8.071999375924947e-07,0.0020232783145522244,0.05814379765014919,14.329923761445299,0.00020753999502692096,0.0003453465854357937,2583407.6933454215,38572914.73279423
3.6284279178322936e-05,5.699849259988495e-05,208.474980323844,1931.0182109567372,0.0,1.9934814541185386,1635.8085340306213,2.425704386242114e-07,0.0,0.00030750371058148443,545.5911791159857,1.9986126251563926e-05,7.613052774028256e-07,7.843127168547017e-07,0.002004324166355999,0.057450691332842016,14.236310288332174,0.00020355729235166394,0.0003451868066505287,2583426.013015081,38209063.75309217
3.628487698824448e-05,5.712295326945e-05,207.91436481024212,1926.5590730375009,0.0,1.9727802142848272,1625.1431240941165,2.3730152522721192e-07,0.0,0.0003076338564751215,542.032715302845,1.9673872414963313e-05,7.426386873689027e-07,7.621948697013921e-07,0.0019856381598424297,0.05677019612974289,14.143757401069399,0.00019966741014273455,0.00034502840200141067,2583444.323748729,37850537.216134846
3.628547479816604e-05,5.72470798225904e-05,207.35717415067538,1922.130933264283,0.0,1.952436637026804,1614.5984624263544,2.3216897520415027e-07,0.0,0.0003077835029471543,538.5145584870743,1.936858977955014e-05,7.245476658814784e-07,7.40813703173871e-07,0.001967339389043685,0.05610060203314899,14.052249696725388,0.00019586769587665598,0.0003448713525960789,2583462.625546261,37497230.31596392
3.6286072608087584e-05,5.737087429841449e-05,206.8033805932821,1917.7334266816763,0.0,1.9324415606053487,1604.1726480090504,2.2716836516883321e-07,0.0,0.00030795272082210714,535.0360734157563,1.907000624909242e-05,7.068923510261767e-07,7.201435147450542e-07,0.0019494027123241945,0.05544229221988487,13.961770160032415,0.00019215568035729026,0.00034471563989686433,2583480.9184075748,37149040.81328559
3.628667041800914e-05,5.749433871948758e-05,206.2529565381577,1913.3661942837923,0.0,1.9127857727806954,1593.8638179324494,2.2229473200157474e-07,0.0,0.00030814358957028466,531.5966374766481,1.877773562936628e-05,6.897224485402535e-07,7.001618342638038e-07,0.0019317111066657002,0.05479614953360558,13.87230169745175,0.00018852898823995908,0.0003445612457115579,2583499.2023325674,36805868.97171109
3.6287268227930684e-05,5.761747509192519e-05,205.70587455654677,1909.028883628019,0.0,1.8934616421471553,1583.670144798839,2.1754413568085347e-07,0.0,0.00030835494685969357,528.1956403983863,1.8491640880852778e-05,6.731138285310277e-07,6.808391967087431e-07,0.0019142598086153268,0.05416140061186632,13.78382908604597,0.00018498524105436346,0.000344408152184186,2583517.477321134,36467617.49586472
3.628851480672216e-05,5.787319776655126e-05,204.57570716838717,1900.0792756945787,0.0,1.8541987996539737,1562.7764890918302,2.0801934455323098e-07,0.0,0.0003088564281694516,521.224777325193,1.7914026102124932e-05,6.39940885432459e-07,6.425890272012727e-07,0.0018786142054570832,0.052873435390060494,13.602478312485829,0.0001778525898394132,0.0003440930225091787,2583555.5563615356,35777695.4529016
3.628930399456075e-05,5.803436662362692e-05,203.86755723061535,1894.478516906097,0.0,1.8300424515269647,1549.796736830195,2.022476577804171e-07,0.0,0.0003092038501784122,516.8943106847789,1.756190140326398e-05,6.198115783137675e-07,6.197051659010388e-07,0.0018569830767071367,0.05207780472037207,13.489814245435795,0.0001735092718083011,0.00034389633332806106,2583579.643466899,35351387.46001335
3.629009318239933e-05,5.8194978837950085e-05,203.1650245869417,1888.9273126482574,0.0,1.8064081583174039,1537.0043782911087,1.9666514792190536e-07,0.0,0.0003095800018837629,512.6263925601842,1.7219858462127193e-05,6.004755315200629e-07,5.977793474906694e-07,0.0018359259859824077,0.0512986602978816,13.378772481020805,0.00016929401516973315,0.0003437017804717824,2583603.7149975365,34932954.99647471
3.629088237023792e-05,5.8355038818551705e-05,202.46804830819875,1883.4249203379986,0.0,1.7832781122033852,1524.3956497453146,1.912625494605747e-07,0.0,0.0003099917535463599,508.4197651180931,1.6887095474608477e-05,5.818526482994678e-07,5.767735912995349e-07,0.0018151423387988506,0.050538341341476514,13.269317995258865,0.00016520251072930348,0.0003435093268649746,2583627.770953211,34522202.46486861
3.6291671558076505e-05,5.851455092660212e-05,201.77656805201403,1877.9706150486782,0.0,1.7606379154310878,1511.9668800902195,1.860338796355345e-07,0.0,0.0003104342382453871,504.27320249189626,1.6563190851971678e-05,5.63887781293409e-07,5.566546544125637e-07,0.0017946539237912978,0.04979543928410286,13.161420039404605,0.000161230404463979,0.0003433189363062186,2583651.811333687,34118940.36922207
3.629246074591509e-05,5.867351947586696e-05,201.0905240478388,1872.5636871700365,0.0,1.7384745607402377,1499.7144901099027,1.8097406203375702e-07,0.0,0.00031089939515853627,500.18550981136144,1.6248030998411118e-05,5.465661628819032e-07,5.373815350736809e-07,0.0017746306981196642,0.04906744258395184,13.055049635493077,0.00015737343278792302,0.0003431305734442515,2583675.836138728,33722985.05867407
3.629324993375367e-05,5.883194873316383e-05,200.4098570787454,1867.2034403469117,0.0,1.7167740204601871,1487.634992194189,1.760766143361588e-07,0.0,0.000311386054875523,496.15552226634486,1.5941420188238776e-05,5.298551019555309e-07,5.189093907525208e-07,0.0017550934292509892,0.04835394691956317,12.950176629478214,0.00015362761779888045,0.0003429442037554668,2583699.845368096,33334158.487069696
3.629403912159226e-05,5.8989842918807975e-05,199.73450849804837,1861.8891919955631,0.0,1.6955219402090234,1475.7249868405868,1.7133452960508135e-07,0.0,0.0003118975137416551,492.18210420359054,1.564300400089047e-05,5.13724257489629e-07,5.011982859380313e-07,0.0017359273172600166,0.04765575237464381,12.846770559077513,0.00014998923852621996,0.0003427597935190169,2583723.839021557,32952288.022008497
3.6294828309430846e-05,5.914720620706385e-05,199.06442025492734,1856.6202742983933,0.0,1.6747052432662581,1463.9811583128562,1.6674185633778422e-07,0.0,0.0003124340560166262,488.2641482547121,1.5352445048236e-05,4.981665156957204e-07,4.842142121207039e-07,0.00171707070547757,0.04697266201987042,12.744802650747925,0.00014645468541940506,0.00034257730979171577,2583747.817098874,32577206.268675003
3.629561749726943e-05,5.930404272661442e-05,198.39953489926694,1851.3960336357216,0.0,1.6543121288656806,1452.4002721284073,1.6229371768991248e-07,0.0,0.0003129917554760472,484.40057449372284,1.5069517606494686e-05,4.831583360115418e-07,4.679251722656746e-07,0.001698576435891487,0.04630339065543178,12.64424582869277,0.00014302041947900502,0.0003423967203855129,2583771.7795998114,32208750.87714529
3.6296406685108014e-05,5.9460356561036695e-05,197.7397955703633,1846.2158291434018,0.0,1.6343307867343673,1440.979173977658,1.579850351141551e-07,0.0,0.00031356810358198914,480.59032962332986,1.4794004674808396e-05,4.6866139234750367e-07,4.5229891310832754e-07,0.0016804761128184726,0.045647254910447556,12.545073133692249,0.00013968305247737898,0.00034221799384716626,2583795.7265241332,31846764.34474019
3.62971958729466e-05,5.9616151749271006e-05,197.08514599852674,1841.0790323415163,0.0,1.6147492458128332,1429.71478750504,1.5381032975336736e-07,0.0,0.0003141637055357694,476.83238618929107,1.452564858576051e-05,4.546609804332679e-07,4.373038704842035e-07,0.0016627269573773276,0.0450043989704692,12.447257528141028,0.00013643937524268398,0.00034204109943744066,2583819.6578716044,31491093.84244389
3.629798506078519e-05,5.977143228608864e-05,196.43553051747037,1835.9850275302394,0.0,1.5955561522910848,1418.604111186682,1.4976450386867942e-07,0.0,0.00031477909519992466,473.1257418216104,1.4264200172521231e-05,4.41147588300765e-07,4.22910701078315e-07,0.0016452836690838246,0.04437474674085857,12.350772855201015,0.00013328630875066288,0.0003418660071099527,2583843.573641989,31141591.059606563
3.6298774248623775e-05,5.9926202122566854e-05,195.7908940691193,1830.933211642327,0.0,1.5767409740910616,1407.6442159066012,1.4584310348418496e-07,0.0,0.0003154128637730068,469.46941850123125,1.400944522523304e-05,4.2809646196963186e-07,4.0909236193207543e-07,0.0016281458809845448,0.0437576693830523,12.255594106450234,0.00013022086898150477,0.0003416926874913018,2583867.4738350525,30798112.0468979
3.630004079633632e-05,6.0173530648863766e-05,194.76660411749117,1822.912383818706,0.0,1.5473090694930354,1390.362972842894,1.397987643979723e-07,0.0,0.0003164654128072467,463.70427231898515,1.3614045179572311e-05,4.0806858782384345e-07,3.880522929816625e-07,0.001601271078886791,0.04279264771337547,12.10551220916794,0.00012547721854662126,0.00034141816469659264,2583905.7980926917,30259112.932247154
3.630130734404887e-05,6.0419569778784753e-05,193.75477638026928,1814.9963173751235,0.0,1.5187832841789277,1373.451298729611,1.3404633055154764e-07,0.0,0.00031755706117210926,458.062461385771,1.323449695710954e-05,3.891084653151509e-07,3.6832575008025754e-07,0.001575176512053384,0.04185737072097255,11.958632099199647,0.00012094061953802836,0.0003411480186457779,2583944.082227443,29734714.15048472
3.6302573891761416e-05,6.066433515771491e-05,192.75519301545054,1807.1827043148705,0.0,1.4911248354270878,1356.8981810579403,1.2856937900122726e-07,0.0,0.00031868471188123177,452.54030861591735,1.2869997840450948e-05,3.7115350837035277e-07,3.498198621017233e-07,0.0015498231366446679,0.04095069601543537,11.814858569697096,0.00011660047931328766,0.0003408821380703458,2583982.326238336,29224385.083594672
3.6303840439473963e-05,6.090784215760968e-05,191.76764017480323,1799.4693078270393,0.0,1.4642969321449282,1340.6930226628876,1.2335237317310035e-07,0.0,0.0003198466033419367,447.13427567115355,1.2519780393817312e-05,3.5414529434605256e-07,3.3244865040411123e-07,0.0015251433150243268,0.040071725860070795,11.674099835111285,0.00011244684922549627,0.00034062041556219384,2584020.530124403,28727619.162947938
3.630510698718651e-05,6.115010588228533e-05,190.79190798891986,1791.8539596035057,0.0,1.4382649286596394,1324.825622670834,1.1838091777364974e-07,0.0,0.0003210403186005643,441.8409566910661,1.2183130280806596e-05,3.380271279205794e-07,3.1613284457577695e-07,0.0015010868573960203,0.03921938750451145,11.536267742238168,0.00010847035613207782,0.0003403627473963893,2584058.6938846754,28243932.570732675
3.6306373534899065e-05,6.139114117238025e-05,189.8277905418924,1784.3345571693187,0.0,1.4129962834971226,1309.2861586723554,1.136418381514536e-07,0.0,0.00032226204656562025,436.6570723563967,1.1859398271435614e-05,3.2274656409996247e-07,3.007995805944961e-07,0.0014776448482020181,0.0383923125392864,11.401277711960253,0.0001046621594073106,0.00034010903337471,2584096.8175181868,27772863.021705363
3.630764008261161e-05,6.163096261022581e-05,188.87508583419017,1776.9090611092367,0.0,1.3884600377180476,1294.0651703184376,1.0912268281689745e-07,0.0,0.0003235083393617105,431.57946426025717,1.1547963052371396e-05,3.082534470813334e-07,2.863814959160142e-07,0.0014548074513138986,0.03758935975357198,11.269048109198655,0.00010101392963215277,0.0003398591766798921,2584134.9010239714,27313968.617576618
3.630954713677318e-05,6.198980592509621e-05,187.4616821049478,1765.901216136418,0.0,1.3528324850691973,1271.727553809636,1.0270702651621463e-07,0.0,0.00032542622994795496,424.12786317384445,1.1100908553617513e-05,2.87811484156318e-07,2.6626241882998025e-07,0.0014214822941675056,0.03642403209405856,11.074982873278364,9.580534132814796e-05,0.0003394900359841184,2584192.168057102,26645047.713163715
3.631145419093474e-05,6.234597752280521e-05,186.07304470855942,1755.0952929908208,0.0,1.3187044377486612,1250.061675353416,9.67257419314417e-08,0.0,0.00032738727172156186,416.90041565458625,1.0678459617332509e-05,2.689049993273329e-07,2.4788511075332514e-07,0.0013893212820960163,0.03530874969068626,10.886740690749582,9.091680366489694e-05,0.000339129122710816,2584249.344108617,26001410.885110863
3.6313361245096305e-05,6.2699524017534e-05,184.70853309551086,1744.485070794357,0.0,1.2859891106851924,1229.0394114260314,9.114517198269049e-08,0.0,0.00032938248375059874,409.8877333078755,1.027890481910239e-05,2.514105479071328e-07,2.31077790903987e-07,0.0013582586932668424,0.034240327941981195,10.704078739967132,8.63254356667108e-05,0.00033877614558783676,2584306.4291752325,25381779.838322453
3.631526829925787e-05,6.305049082123186e-05,183.36752568915804,1734.0645960890463,0.0,1.2546061046076196,1208.6341276161675,8.593472405783029e-08,0.0,0.00033140295433496393,403.0809251239849,9.900675775235793e-06,2.3520226945625942e-07,2.1568737859766204e-07,0.0013282529660895708,0.03321582511972469,10.526766973232377,8.201023216308392e-05,0.00033843082735667224,2584363.4232536713,24784956.636207487
3.631717535341944e-05,6.33989221809379e-05,182.04941944311128,1723.8281672992073,0.0,1.2244803319030055,1188.8205847227782,8.106603882239986e-08,0.0,0.0003334420439222151,396.47156591754447,9.542275563076954e-06,2.2016621301676632e-07,2.0157758155380152e-07,0.0012992175319242077,0.03223315983221714,10.354586738416078,7.795189906381842e-05,0.0003380929038849196,2584420.3263406595,24209817.680520657
3.6319082407581006e-05,6.374486121154516e-05,180.7536294207482,1713.7703227808465,0.0,1.195541829929973,1169.574851082536,7.651282110547787e-08,0.0,0.0003354942490026926,390.0516671450717,9.20228470338435e-06,2.062159001918122e-07,1.8862628780615897e-07,0.0012710325283068165,0.03129065488122009,10.187330459001656,7.413267208995015e-05,0.00033776212344220136,2584477.1384329293,23655308.24998993
3.632098946174257e-05,6.408834992804317e-05,179.4795883674195,1703.8858293731173,0.0,1.1677264915892642,1150.8742203515333,7.225174931034293e-08,0.0,0.00033755131229986425,383.81364982735585,8.879489906857458e-06,1.9328119844689162e-07,1.7672340826742327e-07,0.0012436601649826284,0.030385578162475353,10.024802271297618,7.053616118757314e-05,0.0003374382460191038,2584533.859527217,23120437.49749515
3.632289651590413e-05,6.44294292791386e-05,178.22674623837997,1694.1696689913128,0.0,1.1409758012985023,1132.6971361195108,6.82629395173886e-08,0.0,0.000339602538548468,377.75031937207393,8.572950616084233e-06,1.812697632324743e-07,1.6577116172800622e-07,0.0012171957105217878,0.029514068779581785,9.86681738667947,6.714726066105447e-05,0.0003371210426350102,2584590.4896202665,22604273.830357447
3.63248035700657e-05,6.476813918075603e-05,176.99456968428444,1684.617024996722,0.0,1.115233922307774,1115.0231245212406,6.452757872059181e-08,0.0,0.0003416427475416683,371.8548421716971,8.281713972924667e-06,1.700632093464376e-07,1.5568452993248946e-07,0.001191661436087381,0.028674249361583123,9.713198564094196,6.395209602762082e-05,0.00033681029467470336,2584647.028708825,22105940.663213562
3.6326710624227266e-05,6.510451854776258e-05,175.78254155536143,1675.223273010647,0.0,1.0904449687126132,1097.8327314136702,6.102435460652655e-08,0.0,0.00034367684374277954,366.120723863513,8.004388895053225e-06,1.5959008148439444e-07,1.463866723544854e-07,0.0011667318913977417,0.027868830067889254,9.563773206430946,6.0937906642942345e-05,0.00033650579329088363,2584703.476789645,21624612.565939445
3.632861767838883e-05,6.543860532405567e-05,174.590160514209,1665.9839769613602,0.0,1.0665589109552525,1081.1074553303026,5.7734132071348154e-08,0.0,0.0003457019678106468,360.54178911651616,7.73977753426797e-06,1.4990297873669705e-07,1.378032837317145e-07,0.0011421380135273826,0.02709744544660454,9.418380105934617,5.809276951939319e-05,0.0003362073388586764,2584759.833859484,21159511.77464453
3.63305247325504e-05,6.577043651193848e-05,173.41694059881297,1656.894877921946,0.0,1.0435353900171758,1064.8296872943731,5.464554197214726e-08,0.0,0.000347697956304558,355.11216280906905,7.48758990119583e-06,1.409701713293831e-07,1.2986548238371133e-07,0.0011181876610141033,0.026352014953850856,9.276873078890485,5.540547085639999e-05,0.00033591474046871313,2584816.0999151072,20709904.89325062
3.6332431786711966e-05,6.610004820095733e-05,172.26241059871717,1647.9518748333678,0.0,1.0213327452507195,1048.9826696618018,5.1746863389746514e-08,0.0,0.0003496535259357951,349.82625248718415,7.247234669877237e-06,1.3251050956847524e-07,1.2251896333326415e-07,0.0010950855849682336,0.025629991959474522,9.13910791296058,5.286588300243911e-05,0.00033562781546073395,2584872.2749532815,20275099.765195467
3.633378514160559e-05,6.633263243733254e-05,171.45417700493832,1641.691864399448,0.0,1.0060497674668456,1037.9892546214028,4.979636235531331e-08,0.0,0.0003510211046064067,346.1593224205986,7.083207448726747e-06,1.2683307784755186e-07,1.1763967659092706e-07,0.0010790644155554364,0.025134487181164754,9.043532508772426,5.114820150407813e-05,0.00033542754259944114,2584912.0847626263,19975156.786897305
3.6335138496499225e-05,6.656412897030871e-05,170.65496649630333,1635.5020759948754,0.0,0.9911440293638738,1027.199248960284,4.7928037019990275e-08,0.0,0.0003523739946066739,342.5602559365596,6.924317414190718e-06,1.2157946663557335e-07,1.1301343484197087e-07,0.0010632404628194189,0.024652780770318832,8.949721477027378,4.949707282547545e-05,0.00033522997848275824,2584951.8487315816,19682115.757632636
3.633649185139286e-05,6.679454990565478e-05,169.86462354352108,1629.3811856417274,0.0,0.9766042222977366,1016.6073618113869,4.6139349157528424e-08,0.0,0.00035370763970241114,339.0272879221698,6.770505637158609e-06,1.1645560874567036e-07,1.0862513451653447e-07,0.0010476747269864588,0.02418241554863885,8.85763095989734,4.790941646073423e-05,0.0003350350646787671,2584991.566858997,19395762.91350721
3.633784520628649e-05,6.702390714094558e-05,169.08299595534285,1623.327902055311,0.0,0.9624178414308484,1006.2084797676054,4.442722910335757e-08,0.0,0.0003550183978426505,335.55871186551815,6.621511346134077e-06,1.1148487001809911e-07,1.044655148856334e-07,0.001032396466533879,0.023723111372709587,8.767216489195789,4.6382420958257975e-05,0.00033484274448784156,2585031.2391437246,19115892.74965424
3.6339198561180124e-05,6.725221237004619e-05,168.3099348159169,1617.3409670269687,0.0,0.9485720302153333,995.9976588626682,4.2787093346105965e-08,0.0,0.0003563061324704394,332.1528775069027,6.477006801105493e-06,1.0686342060396627e-07,1.0052107884228505e-07,0.0010173599649374485,0.02327574314883676,8.678433987413714,4.4913445550100776e-05,0.000334652962876532,2585070.8655846156,18842307.653902646
3.634055191607376e-05,6.747947708747442e-05,167.54529443878104,1611.4191568111492,0.0,0.935055275748909,985.9701159919894,4.1214478773513314e-08,0.0,0.0003575712956662309,328.80818859992263,6.336787573698346e-06,1.0251075058385058e-07,9.677395125164666e-08,0.0010025176955884864,0.022840174869977966,8.591241805221602,4.349991411604625e-05,0.00033446566641348884,2585110.4461805257,18574817.56991464
3.634190527096739e-05,6.770571259270631e-05,166.78893229596184,1605.561280758641,0.0,0.9218578311992495,976.1212221006876,3.97077699549147e-08,0.0,0.00035881159399997475,325.52310077553847,6.200813457146962e-06,9.816311242792942e-08,9.32162190757969e-08,0.0009879025827100657,0.022414718615147794,8.505601127301315,4.213933527866396e-05,0.0003342808032101892,2585149.980930309,18313239.64924976
3.6343258625861017e-05,6.793092999439654e-05,166.04070890825696,1599.766177655937,0.0,0.9089694993754535,966.4464984234719,3.826390909137372e-08,0.0,0.000360024522552315,322.29611950425414,6.0689152181725495e-06,9.415264851203753e-08,8.983678950223137e-08,0.0009735365392197673,0.021998798449297214,8.421473342973814,4.082941206387966e-05,0.00033409832286757486,2585189.469832821,18057397.89861065
3.634461198075465e-05,6.81551402144724e-05,165.3004877735508,1594.0327150265584,0.0,0.8963796101396233,956.9416106333059,3.6878664039648707e-08,0.0,0.0003612094924619312,319.12579815208704,5.940823539892465e-06,9.042459698109565e-08,8.662038639202503e-08,0.0009593877533068627,0.02159297144372919,8.338820016696326,3.95679980304816e-05,0.0003339181764217884,2585228.9128869213,17807122.874929838
3.634596533564828e-05,6.837835399211855e-05,164.5681353197234,1588.3597900025281,0.0,0.8840783596083829,947.6023618181389,3.5549448842461504e-08,0.0,0.0003623663367818002,316.01073612512437,5.8163569439044805e-06,8.668834168606136e-08,8.355887790721197e-08,0.0009454268261252711,0.02119724442889768,8.257604467335135,3.835300515600885e-05,0.00033374031629031074,2585268.3100914685,17562251.411432136
3.6347318690541916e-05,6.86005818876862e-05,163.84352084021035,1582.74632849527,0.0,0.8720571773458291,938.4246867890283,3.4274976350865505e-08,0.0,0.00036349387126343417,312.9495770975245,5.6954541509652904e-06,8.307663626635778e-08,8.064919294526655e-08,0.000931664380023936,0.020810616398397413,8.17779214178175,3.7182408911601686e-05,0.0003335646962221585,2585307.6614453234,17322626.34060908
3.634867204543555e-05,6.882183428651747e-05,163.12651640395077,1577.191282721969,0.0,0.8603073987823716,929.4046484073151,3.305194590138071e-08,0.0,0.00036459075420008864,309.94100731889574,5.577975362832649e-06,7.986894862932613e-08,7.7878330216129e-08,0.0009181035922657396,0.020432654641427336,8.099349041997502,3.605432549802031e-05,0.00033339127125266426,2585346.9669473474,17088096.215290662
3.635002540032918e-05,6.904212140266428e-05,162.4169967863734,1571.6936303358436,0.0,0.8488200493022153,920.5384329349823,3.187657274137611e-08,0.0,0.00036565624654068485,306.9837539974271,5.463694658842414e-06,7.679340520085496e-08,7.523134080228173e-08,0.0009047200623712234,0.020063720943137308,8.022241477181778,3.496699307815035e-05,0.00033321999765839524,2585386.226596404,16858515.059127327
3.6351378755222814e-05,6.926145328251512e-05,161.71483942483314,1566.2523748939172,0.0,0.8375871070973839,911.8223440591013,3.074788545494911e-08,0.0,0.0003666894773499358,304.07658375472323,5.352500483993506e-06,7.359157736677854e-08,7.270694294054385e-08,0.0008915105153580446,0.019703456983236944,7.946437488396053,3.391869091081461e-05,0.0003330508329118604,2585425.440391357,16633742.14191949
3.635273211011644e-05,6.947983980834467e-05,161.01992435050823,1560.8665446727161,0.0,0.8266012480890806,903.25279873012,2.966471176382979e-08,0.0,0.0003676894292025549,301.2183011484718,5.244340392436125e-06,7.066507465837839e-08,7.030292034885586e-08,0.0008784876939635619,0.019351078280212937,7.871906519852928,3.29077656604874e-05,0.0003328837356404048,2585464.608331072,16413641.750412144
3.6354085465010074e-05,6.969729070177886e-05,160.33213411377713,1555.5351910555123,0.0,0.8158551142098006,894.8263236908784,2.8622839681817284e-08,0.0,0.0003686554378728409,298.4077472597304,5.139100397604311e-06,6.827733060144582e-08,6.799935876369887e-08,0.0008656513465489552,0.019006236017111728,7.798618550411742,3.19326734114656e-05,0.0003327186655876031,2585503.7304144185,16198082.966322377
3.635543881990371e-05,6.99138155271655e-05,159.65135372110333,1550.2573878903543,0.0,0.8053410343821519,886.5395516835819,2.7621179818590845e-08,0.0,0.0003695873626535407,295.6437983418222,5.036604622196204e-06,6.546112524174205e-08,6.579462933558178e-08,0.0008529737314072053,0.018669290322916175,7.726543801281567,3.099196695114286e-05,0.00033255558357534257,2585542.8066402627,15986939.464225288
3.635679217479734e-05,7.012942369486465e-05,158.97747059228126,1545.0322318779954,0.0,0.79505197667033,878.3892165586938,2.6660632628138076e-08,0.0,0.0003704845891680979,292.9253645276004,4.936745295631332e-06,6.250272051814965e-08,6.3701212067925e-08,0.000840444518922013,0.01834014215553216,7.655653821172355,3.0084234793570605e-05,0.0003323944514656783,2585581.8370074746,15780089.328380141
3.635814552969097e-05,7.034412446447241e-05,158.3103745041221,1539.8588417498709,0.0,0.7849817587803524,870.3721493574453,2.5735206595395464e-08,0.0,0.00037134594738537873,290.25138859199694,4.839457004816022e-06,6.08453175135856e-08,6.168972355573284e-08,0.0008280830915385646,0.018018009667656074,7.585921665668101,2.9208109691741048e-05,0.00033223523212558677,2585620.821514926,15577414.867148735
3.6359498884584606e-05,7.055792694796566e-05,157.64995751651406,1534.736356456476,0.0,0.7751240171167509,862.4852758353144,2.484429687089778e-08,0.0,0.00037217099138944266,287.6208447673764,4.744647710082409e-06,5.845495911150682e-08,5.975486225639491e-08,0.0008158868370956605,0.017702665432041104,7.517320688594141,2.8362317172058386e-05,0.000332077889394951,2585659.7601614892,15378802.42746919
3.636085223947824e-05,7.07708401127599e-05,156.99611391973394,1529.6639348333033,0.0,0.7654722915458154,854.7256129555119,2.398952458248612e-08,0.0,0.0003729597355063224,285.0327376093162,4.6522078728552025e-06,5.562625660861818e-08,5.791361180842163e-08,0.0008038356133664397,0.017394288023702735,7.449824644874739,2.75456546407707e-05,0.00033192238805405635,2585698.652946038,15184142.231280176
3.636220559437187e-05,7.098287278469302e-05,156.34874019114906,1524.6407557781095,0.0,0.7560205694270913,847.0902650395105,2.316976369551842e-08,0.0,0.0003737118061480653,282.4861009101934,4.562042693395986e-06,5.351511299492578e-08,5.616856882679081e-08,0.0007919214114324041,0.01709277333688562,7.383408324881423,2.675695796695544e-05,0.00033176869379160124,2585737.4998674477,14993328.22405477
3.63635589492655e-05,7.119403365094658e-05,155.7077349428128,1519.666017570283,0.0,0.7467633174384247,839.5764206113147,2.2381999881156227e-08,0.0,0.0003744264916808597,279.97999665812296,4.474076553282111e-06,5.1611335578685586e-08,5.450461426247348e-08,0.0007801504722495611,0.016797704499275142,7.318047560128005,2.599510366896808e-05,0.00033161677317489956,2585776.3009245936,14806257.92272008
3.636491230415913e-05,7.140433126289946e-05,155.07299886360295,1514.7389367259718,0.0,0.7376951659219337,832.1813497457699,2.1623417473779248e-08,0.0,0.0003751033005186783,277.5135140391941,4.38823556700832e-06,4.9562211522157525e-08,5.290739239412019e-08,0.0007685265809621833,0.016508745616266807,7.253718815875083,2.525902656568375e-05,0.00033146659362191084,2585815.0561163547,14622832.266526783
3.6366265659052764e-05,7.161377403890595e-05,154.44443466708415,1509.858747332517,0.0,0.7288107700811353,824.9024013384011,2.0892528941670654e-08,0.0,0.0003757421134825233,275.08576848109755,4.304439686406878e-06,4.770525570589187e-08,5.137279889503772e-08,0.0007570441238083408,0.016225792720965672,7.190399020824902,2.4547719945242285e-05,0.0003313181233739997,2585853.7654416095,14442955.478955992
3.63676190139464e-05,7.182237026700288e-05,153.82194704633778,1505.024700877405,0.0,0.720104934471522,817.7370002058066,2.0188879678542226e-08,0.0,0.00037634287567606074,272.69590073615194,4.222611186985678e-06,4.600295189169672e-08,4.990195553866865e-08,0.0007456954888660083,0.01594879026520166,7.1280657216158225,2.386022094551085e-05,0.0003311713314692261,2585892.428899239,14266534.940155216
3.636897236884003e-05,7.203012810755542e-05,153.20544262927424,1500.2360659543474,0.0,0.7115727344656155,810.6826443112456,1.9512134630475302e-08,0.0,0.00037690537304989986,270.3430760017613,4.142683000148348e-06,4.414188117773573e-08,4.8494656039702295e-08,0.0007344781226749969,0.01567756729605863,7.0666972165583255,2.319560249538072e-05,0.0003310261877167041,2585931.046488124,14093481.064020498
3.6371078776509304e-05,7.235184046114897e-05,152.25758233644652,1492.8715347385871,0.0,0.6986272331532262,799.9182128505042,1.8509139649881226e-08,0.0,0.0003777043376703368,266.7528493388917,4.0219065693218005e-06,4.158187237719977e-08,4.642306008965951e-08,0.000717275565638939,0.015266520751451539,6.973051073381834,2.2204613221124544e-05,0.00033080349076481183,2585991.060962591,13830628.462981263
3.6373185184178585e-05,7.267157097104053e-05,151.32365905692265,1485.6126649222413,0.0,0.686073852135203,789.4080756364732,1.756292451529064e-08,0.0,0.000378409718475352,263.2474505226263,3.905342692879313e-06,3.931588868507307e-08,4.448160565332225e-08,0.0007003812842878999,0.01486840503898744,6.881614587308417,2.1263769612029565e-05,0.0003305846077609876,2586050.96431371,13575408.9448899
3.6375291591847866e-05,7.298934864947065e-05,150.40334706997945,1478.45692574645,0.0,0.6738964521614562,779.1437713721294,1.666947614413843e-08,0.0,0.0003790213169479202,259.82405653882114,3.792777768390257e-06,3.701393019391725e-08,4.265550207642725e-08,0.0006837912958862879,0.014482596808283494,6.792314409948244,2.0370135521499628e-05,0.00033036943518588647,2586110.7565372847,13327524.511546409
3.637739799951714e-05,7.330520183323779e-05,149.49633067783367,1471.4018716048665,0.0,0.6620796843465787,769.1171989629119,1.5825730731501818e-08,0.0,0.00037953930223623097,256.4799645532886,3.6840104821850427e-06,3.485761768332537e-08,4.093571287462099e-08,0.0006674983539463673,0.01410859109663025,6.705080225889897,1.9520972991137634e-05,0.0003301578733699144,2586170.437629126,13086691.707534898
3.637950440718642e-05,7.361915820431864e-05,148.60230384022287,1464.445138480238,0.0,0.6506088940836692,759.3205990032865,1.50286995252089e-08,0.0,0.00037996419709706436,253.21258572044465,3.5788441372172244e-06,3.299399997632188e-08,3.9316358179882396e-08,0.000651490510001161,0.01374603116104958,6.6198445631496785,1.87137269482543e-05,0.0003299498263135594,2586230.0075850515,12852640.772940017
3.6381610814855695e-05,7.393124480984902e-05,147.72096982497834,1457.584440742769,0.0,0.6394702028090506,749.746536193876,1.4275705349916408e-08,0.0,0.00038029659293987284,250.01943936316627,3.477097166077146e-06,3.1145001530143895e-08,3.779203630876309e-08,0.0006357584074074174,0.013394532857327281,6.536542810002362,1.7946005548508363e-05,0.00032974520151584405,2586289.466400887,12625114.8545808
3.6383717222524976e-05,7.424148808143885e-05,146.8520408697639,1450.8175678235864,0.0,0.6286505583780592,740.3878828473352,1.3564548848705916e-08,0.0,0.00038053702384769993,246.89814749905733,3.378611726122175e-06,2.923415306282143e-08,3.6357264739756976e-08,0.0006202997187400193,0.013053578826995937,6.4551131717625685,1.721556729447445e-05,0.00032954390981170667,2586348.814072468,12403869.267590756
3.6386971505173306e-05,7.471723269585934e-05,145.5333353270391,1440.542628730449,0.0,0.6125333350201302,726.3369672062271,1.2540599057814203e-08,0.0,0.00038072962671435094,242.21191591178265,3.232516468295562e-06,2.6918595513695047e-08,3.4298333974752695e-08,0.0005969449709141554,0.0125465458588252,6.332852267877186,1.61555553033008e-05,0.00032923927909100605,2586440.2844149442,12073865.344500234
3.639022578782163e-05,7.518873161707989e-05,144.24258435855683,1430.4789799318494,0.0,0.5971050830474597,712.7600444949927,1.1598675013294611e-08,0.0,0.0003807086227007198,237.68379284366813,3.0933228276753415e-06,2.4969523683059817e-08,3.2407872313693994e-08,0.0005742172349950642,0.012062204618909417,6.2147112450803474,1.5172472819837763e-05,0.00032894209663059885,2586531.4894471923,11757488.097080965
3.639348007046995e-05,7.565607426718201e-05,142.97884224216995,1420.6194186551313,0.0,0.5823259846137803,699.6346602448638,1.0733544590655383e-08,0.0,0.0003804787800811991,233.30628706658092,2.9605730618177113e-06,2.2700962351847547e-08,3.0671534153459476e-08,0.0005521029901846768,0.011599217177724096,6.100495148663035,1.425989723557538e-05,0.0003286520755979644,2586622.42915396,11453984.178289019
3.639673435311828e-05,7.611934706055389e-05,141.74120566856192,1410.9570862174678,0.0,0.5681591074090575,686.9397168443923,9.939828142738548e-09,0.0,0.0003800456303210594,229.07236009641554,2.833852231221793e-06,2.0790258381413102e-08,2.9077871758238225e-08,0.0005305889899975686,0.01115637149682717,5.990020758630249,1.341201126212137e-05,0.00032836894421932415,2586713.1035200385,11162652.101104125
3.6399988635766604e-05,7.657863353707737e-05,140.52881146418804,1401.485447295758,0.0,0.5545701349020872,674.6553746131518,9.209808280784445e-09,0.0,0.000379415364050965,224.97539317376473,2.7127749809809048e-06,1.9366843304796892e-08,2.761057871392559e-08,0.0005096617017212187,0.01073258259660623,5.883115727704637,1.2623541122899037e-05,0.0003280924447957454,2586803.5125302644,10882837.990135605
3.6403242918414933e-05,7.703401448937416e-05,139.34083443100823,1392.198270405075,0.0,0.5415271866534643,662.7629611832157,8.538705916776212e-09,0.0,0.0003785946710389989,221.00915703817964,2.596997086666712e-06,1.7315256615172364e-08,2.6259376608177307e-08,0.0004893096041236393,0.010326828442487404,5.779617852511168,1.1889699287042838e-05,0.00032782233278195273,2586893.656169518,10613931.732255321
3.6406497201063256e-05,7.748556808378499e-05,138.1764853068598,1383.089609577151,0.0,0.5290006650989784,651.2448884674161,7.925037466710492e-09,0.0,0.0003775906115091706,217.16778423371582,2.486220187040686e-06,1.4908075112232356e-08,2.502191376625293e-08,0.00046952521257091843,0.009938088643712989,5.679374401925528,1.120613166911474e-05,0.0003275583759305897,2586983.5344227226,10355363.484978894
3.6409751483711586e-05,7.793336997441718e-05,137.03500885506446,1374.1537873603042,0.0,0.5169630295839367,640.0845766110024,7.35725515577791e-09,0.0,0.00037641065111570756,213.44574371366397,2.3801564314259887e-06,1.5118262483826494e-08,2.3873372954731232e-08,0.0004503024728779889,0.009565395049742855,5.582241401055125,1.0568876846509697e-05,0.00032730035350878083,2587073.147274849,10106600.507127518
3.641300576635991e-05,7.837749341065622e-05,135.91568207948728,1365.385379289994,0.0,0.5053885322198548,629.266384223579,6.817274217137754e-09,0.0,0.00037506272691032345,209.83781752762425,2.278517635180326e-06,1.7178353586509912e-08,2.2771361416894696e-08,0.0004316322959891778,0.009207937277880088,5.488082932024629,9.974332742948568e-06,0.00032704805558065616,2587162.49471091,9867144.279888973
3.641626004900824e-05,7.881800933908775e-05,134.81781255239176,1356.7791997390343,0.0,0.4942530705945333,618.7755441443664,6.319666114605851e-09,0.0,0.0003735550783883229,206.33907939235863,2.1810934649565066e-06,1.2517390401671007e-08,2.1743524881329023e-08,0.00041350365693909304,0.0088650308957071,5.3967706109897735,9.419214360725606e-06,0.00032680128234303436,2587251.576715964,9636527.888070578
3.641951433165656e-05,7.925498650041776e-05,133.7407368368477,1348.3302886017827,0.0,0.4835341895467833,608.5981042168714,5.90634735530345e-09,0.0,0.00037189592681081133,202.9448749713731,2.0877672315359232e-06,1.4319470961408241e-09,2.0885909409086394e-08,0.0003959100445930739,0.008535929273166938,5.308183220026777,8.900509550212054e-06,0.00032655984350718454,2587340.393275112,9414313.631994823
3.6422768614304884e-05,7.968849152149907e-05,132.68381898926455,1340.0338983833346,0.0,0.47321102402916143,598.7208728152203,5.533336686507367e-09,0.0,0.00037009343522833427,199.65080370972177,1.9982979150334033e-06,8.544961774061986e-09,2.0120765774396107e-08,0.00037885075778022346,0.008219763322888521,5.222206260338601,8.415464753935838e-06,0.0003263235577258039,2587428.9443735015,9200090.844904227
3.6426022896953214e-05,8.011858900253425e-05,131.64644915272382,1331.8854821502616,0.0,0.4632640103372218,589.1313688078509,5.053254110921152e-09,0.0,0.0003681560406149251,196.45270208613945,1.9122256903917564e-06,4.087126013017259e-08,1.9131784898591822e-08,0.000362321819374993,0.00791581084445557,5.138731336940535,7.961589918259323e-06,0.00032609225206258087,2587517.2299963236,8993473.899110852
3.6429277179601536e-05,8.054534159977879e-05,130.62804226321464,1323.8806830119872,0.0,0.45367456534873024,579.8177753819328,4.534320006361146e-09,0.0,0.0003660925712844609,193.3466281563415,1.8294421801505948e-06,2.815556323159415e-08,1.8014163368956812e-08,0.00034630873554994016,0.007623753305728635,5.057655620183398,7.536610218603034e-06,0.00032586576149797833,2587605.250128814,8794100.38683307
3.6432531462249866e-05,8.09688101041689e-05,129.62803683373346,1316.0153244579378,0.0,0.44442513306863174,570.7688971648693,4.436484769797041e-09,0.0,0.0003639117059777271,190.32884727295203,1.7506425467209697e-06,0.0,1.7706662540552246e-08,0.00033079593271901963,0.007343336903367045,4.978881607088448,7.138369671353441e-06,0.00032564392846947115,2587693.004756252,8601629.455661958
3.643578574489819e-05,8.138905351599952e-05,128.64589368315475,1308.2854004789729,0.0,0.43549957184863897,561.9741204184648,4.257561995790442e-09,0.0,0.00036162139982077047,187.39581888074554,1.6749326559690544e-06,9.652484834457397e-08,1.7211417488568136e-08,0.00031578398444495864,0.007073642831301503,4.90231702045331,6.764770578818494e-06,0.00032542660245554294,2587780.4938639617,8415740.273700051
3.643904002754652e-05,8.180612911584896e-05,127.68109489658826,1300.6870668768163,0.0,0.42688328480682125,553.4233758091061,3.108893028418352e-09,0.0,0.0003592293301845076,184.54418429554363,1.60054437763205e-06,2.455889561724894e-07,1.4837040563053236e-08,0.0003012881374727226,0.006813467458111247,4.827875030720765,6.414397310536177e-06,0.0003252136395719671,2587867.7174373125,8236130.629164182
3.644229431019484e-05,8.222009253225194e-05,126.73314294347794,1293.2166318763989,0.0,0.4185620629886233,545.1071053169918,2.1575959037258523e-09,0.0,0.00035674376145660987,181.770755380979,1.5291099607197237e-06,0.0,1.2701330444797556e-08,0.0002873022114434373,0.006562809652096401,4.755473051990291,6.085727187829715e-06,0.0003250049021869608,2587954.6754617165,8062515.635659608
3.644554859284317e-05,8.263099780633127e-05,125.80155964923023,1285.8705464501627,0.0,0.4105211347060421,537.0162324392726,4.152191863507588e-09,0.0,0.00035417374628799,179.07250404781084,1.4654883710657086e-06,0.0,1.6098649030290015e-08,0.00027377666755230997,0.006322694650856311,4.685030878096433,5.77655991788199e-06,0.00032480025858150867,2588041.3679226325,7894626.540389759
3.644792173245593e-05,8.29287466580603e-05,125.13227165054332,1280.5899628030863,0.0,0.40482670270425924,531.2532282465229,6.0695245147639296e-09,0.0,0.0003522508368952172,177.15058637831436,1.4217926255971503e-06,6.499449440712329e-08,1.961647656202831e-08,0.0002641982672987832,0.006153717833353504,4.634854303081043,5.562803265149015e-06,0.00032465353376351656,2588104.4197252505,7775659.960994014
3.64496029518089e-05,8.313872652671343e-05,124.6631482244822,1276.8872241392812,0.0,0.400876598966983,527.2385043826757,5.879450712702704e-09,0.0,0.00035086505307940156,175.8117094464826,1.3892088070110627e-06,0.0,1.946065878327423e-08,0.00025757496422625445,0.006036058779665617,4.599898904431224,5.4173903014055664e-06,0.0003245508395188615,2588149.002470403,7693089.214955408
3.645128417116187e-05,8.334792115002686e-05,124.19812387791139,1273.2156765418456,0.0,0.3969942350780209,523.2789174799077,5.185375189446066e-09,0.0,0.0003494610145672878,174.49122233100317,1.3565141556029014e-06,1.5483937090596826e-08,1.846298773847836e-08,0.00025107993543571573,0.005920306841849256,4.565422932118126,5.2764660384145016e-06,0.00032444916419174395,2588193.514329675,7611899.604671015
3.645296539051484e-05,8.355633736992338e-05,123.73713996135284,1269.5748854693509,0.0,0.39317784909725484,519.3733917725452,4.817082580736085e-09,0.0,0.0003480398747108744,173.18876620552285,1.3249563107415616e-06,1.896098427988303e-08,1.7965002204599534e-08,0.0002447050105106013,0.005806962981977925,4.531417038283531,5.1397005926817045e-06,0.00032434849181836226,2588237.955301081,7532059.915240053
3.645464660986781e-05,8.376398193073768e-05,123.28013891427968,1265.9644253747288,0.0,0.38942590531198207,515.5208785845387,4.771924013750174e-09,0.0,0.0003466026028127215,171.90399127231774,1.2945405425843769e-06,0.0,1.798375166653832e-08,0.00023844908664126679,0.005695988239975059,4.497872138053676,5.007063775996371e-06,0.0003242488067826295,2588282.325382637,7453539.818505844
3.645632782922078e-05,8.397086148097425e-05,122.82706426455276,1262.3838788124078,0.0,0.38573702027464285,511.72035549438516,4.673689048941463e-09,0.0,0.0003451500669344806,170.63655648614855,1.2646985744533418e-06,4.469020654592061e-10,1.7929207682651527e-08,0.00023231468229148558,0.0055870751123955785,4.464779368593088,4.87855622680309e-06,0.00032415009380452425,2588326.624572362,7376309.840197183
3.645800904857375e-05,8.417698257507624e-05,122.3778606427719,1258.8328361636193,0.0,0.382109807828935,507.97082548852103,4.400923348120501e-09,0.0,0.0003436831811653922,169.38612928762086,1.2352106990737977e-06,8.349522790093958e-09,1.758055761462283e-08,0.00022630199279217967,0.005480113073561682,4.432130090757424,4.754016098358278e-06,0.00032405233792714435,2588370.8528682794,7300341.332356008
3.645969026792672e-05,8.43823516752739e-05,121.93247375885049,1255.3108954698673,0.0,0.37854285192937015,504.2713162402151,4.097326273034775e-09,0.0,0.00034220291080776005,168.1523853452562,1.206267398318732e-06,5.410750329007633e-09,1.7150415697426942e-08,0.00022040844199021513,0.005375161035801599,4.399915839566712,4.633215313486655e-06,0.0003239555245075936,2588415.0102684144,7225606.445745513
3.646229850409224e-05,8.469948699612176e-05,121.24893184456995,1249.90364748868,0.0,0.37312517438829884,498.62869640593465,3.6772371085069416e-09,0.0,0.00033988208119154124,166.27063988832228,1.162595432580304e-06,0.0,1.6509515588187564e-08,0.00021149708640682657,0.005216265962457343,4.350780468845825,4.452875462091976e-06,0.0003238071603433844,2588483.3755456866,7112041.357616425
3.6464906740257756e-05,8.501485107972145e-05,120.57425417845197,1244.5640608845595,0.0,0.3678443948099138,493.10076018849264,3.3168655050133524e-09,0.0,0.0003375345192818711,164.42714426094793,1.1204034104373866e-06,1.2177966704258236e-09,1.5919360552948724e-08,0.00020286388351860746,0.005061992459140389,4.3026424655353415,4.280829292639858e-06,0.00032366097798273974,2588551.5701769153,7001282.852580245
3.646751497642328e-05,8.532846679925361e-05,119.9082523219901,1239.2907423643092,0.0,0.3626958544927764,487.68420415920804,3.0078249714998973e-09,0.0,0.0003351633726731063,162.62079657460146,1.0796641108661533e-06,3.435309866247259e-09,1.5392579514659584e-08,0.00019450444474274772,0.004912181645295407,4.255473132954567,4.116721342093632e-06,0.0003235169269742795,2588619.594154774,6893237.465679442
3.64701232125888e-05,8.56403565435389e-05,119.25074327943868,1234.082338716574,0.0,0.35767509775646195,482.37584732679625,2.7629818763493778e-09,0.0,0.00033277167974454243,160.8505357840373,1.0403676854184686e-06,3.429706791178294e-09,1.4961755691398617e-08,0.00018641407065956558,0.004766695668732412,4.209244825117755,3.960100877974884e-06,0.00032337495846091634,2588687.4474719567,6787815.630682499
3.647273144875432e-05,8.595054223090726e-05,118.6015492998297,1228.937535333545,0.0,0.35277787290655366,477.17262561505845,2.5744098290832017e-09,0.0,0.00033036235859395754,159.11533984508543,1.002459873384573e-06,3.218902919687287e-09,1.461257917977892e-08,0.00017858819063513976,0.004625387331501803,4.163930902587191,3.810516306697138e-06,0.00032323502511675184,2588755.1301211733,6684931.4851852525
3.647533968491984e-05,8.625904532267358e-05,117.96049769000977,1223.8550550202858,0.0,0.3480001114345791,472.0715866282426,2.412237428398124e-09,0.0,0.00032793820488502567,157.41422396940345,9.65854500282777e-07,4.050548755728554e-09,1.4294734990130245e-08,0.00017102228632996877,0.004488104592214546,4.11950569788465,3.6676037135011492e-06,0.00032309708108609866,2588822.6420951523,6584502.688269796
3.6477947921085366e-05,8.656588683615392e-05,117.32742063689979,1218.8336567086233,0.0,0.34333790420615506,467.06988469656284,2.257734790166452e-09,0.0,0.0003255018995700362,155.74623897091033,9.304870976926039e-07,3.101599530336129e-09,1.3977862356400546e-08,0.0001637115094259333,0.004354713817595081,4.075944471795102,3.5310537978747737e-06,0.00032296108192500213,2588889.9833866414,6486450.2479258645
3.6482063621264514e-05,8.704674159040129e-05,116.34427437522511,1211.0313999166842,0.0,0.33620709689814715,459.3728109649886,2.013708447596011e-09,0.0,0.0003216389650919067,153.17939886235285,8.77092101776721e-07,2.272082986938457e-09,1.3458012803528853e-08,0.0001526818745402953,0.0041518495759152955,4.0089061864433715,3.3277476480503904e-06,0.0003227503320158079,2588995.898273588,6336377.723974566
3.648617932144366e-05,8.75235889725953e-05,115.37996170417318,1203.3736696994747,0.0,0.32934072505283524,451.9059898916556,1.7828541405641685e-09,0.0,0.0003177616021526608,150.6893520104874,8.265602691996539e-07,2.685836644714265e-09,1.2939521443465315e-08,0.00014225408087714512,0.003957943368816394,3.9438705204750244,3.1382661926560595e-06,0.00032254415512853813,2589101.3881203877,6191751.719022714
3.649029502162282e-05,8.799650527062933e-05,114.43389117476151,1195.8560900973264,0.0,0.32272566422677795,444.6596940303136,1.5942967444449695e-09,0.0,0.0003138785515087301,148.2728538207848,7.78813120657223e-07,1.3744464058440238e-09,1.2475117559970985e-08,0.00013240719501772625,0.0037725991975821643,3.8807528846974195,2.9615153069139034e-06,0.0003223423961052983,2589206.4528988213,6052306.929309748
3.649441072180197e-05,8.846556439076177e-05,113.50549653996399,1188.4744704982168,0.0,0.31634960851819793,437.6247229162782,1.449333422825361e-09,0.0,0.00030999783167939946,145.92683549042127,7.337373460628423e-07,1.1016205864697498e-09,1.207775870677085e-08,0.00012312047913560245,0.003595419825247758,3.8194732755524576,2.7965342546230874e-06,0.00032214490694499736,2589311.092580786,5917794.179459499
3.6498526421981115e-05,8.893083795772006e-05,112.59423542700789,1181.224795601491,0.0,0.3102010102665457,430.7923684457661,1.325180931384846e-09,0.0,0.00030612677463789684,143.648392459383,6.911828684807194e-07,2.4556403873086487e-09,1.1717692928381309e-08,0.0001143732235983479,0.003426021665933106,3.7599559728360115,2.6424386307306943e-06,0.0003219515463916724,2589415.3071382917,5787979.252533581
3.6502642122160264e-05,8.939239541046918e-05,111.69958808172332,1174.1032160131265,0.0,0.3042690129574502,424.1543829097456,1.2080079567153955e-09,0.0,0.00030227206156814134,141.43477374471766,6.510082653904376e-07,1.7894112666664278e-09,1.13693218188939e-08,0.00010614441171043612,0.003264054972979651,3.7021292566267507,2.4983942337066633e-06,0.00032176217954586793,2589519.096543462,5662641.818056997
3.650675782233942e-05,8.98503040934174e-05,110.82105618290599,1167.106039446846,0.0,0.29854339474844227,417.70294945448177,1.1026656821185569e-09,0.0,0.00029843974674728256,139.28337208331956,6.131021506948154e-07,0.0,1.1033670198395988e-08,9.841276111572246e-05,0.003109198033418767,3.6459251457564155,2.3636364502831627e-06,0.0003215766775003121,2589622.460768535,5541574.44885895
3.651087352251857e-05,9.030462934252056e-05,109.95816173213659,1160.229722523215,0.0,0.2930145298974561,411.4306547564794,1.0064117233665555e-09,0.0,0.0002946352758693628,137.19171481714494,5.773611515135574e-07,3.1906120788491996e-09,1.0715472231265821e-08,9.115711241084847e-05,0.0029611389313303122,3.591279165185524,2.2374817904249615e-06,0.00032139491700293904,2589725.3997858595,5424581.7186870035
3.6514989222697717e-05,9.075543456656189e-05,109.11044602059457,1153.4708631814192,0.0,0.2876733524392021,405.33046371470243,9.115355840989159e-10,0.0,0.0002908635144247178,135.15745545716203,5.436777023920589e-07,7.278374739619008e-09,1.0411780843674781e-08,8.435662571317657e-05,0.0028195849120224883,3.5381301455634344,2.119308089464143e-06,0.0003212167801446444,2589827.913567903,5311479.373491652
3.651910492287687e-05,9.120278132433039e-05,108.27746866080503,1146.826193483492,0.0,0.28251130884297204,399.3956960256069,8.33722576717752e-10,0.0,0.00028712878833967223,133.1783658663696,5.119537906042313e-07,0.0,1.0127623635714582e-08,7.799056885612744e-05,0.0026842717154492456,3.48642001213088,2.0085333349144177e-06,0.00032104215406755803,2589930.002087243,5202093.568672311
3.652322062305602e-05,9.16467293981382e-05,107.4588066665733,1140.2925726229053,0.0,0.27752032022759215,393.6200044860346,7.843099162988099e-10,0.0,0.0002834349220449784,131.25232900916293,4.820957768517795e-07,0.0,9.868765734722569e-09,7.203829484222621e-05,0.0025549305586955303,3.436093557889171,1.9046180591141704e-06,0.00032087093069210656,2590031.6653165715,5096260.165570819
3.652733632323517e-05,9.208733686374061e-05,106.65405358073347,1133.8669805566742,0.0,0.27269276491268885,387.9973548012577,7.035241989306833e-10,0.0,0.00027978526245131833,129.37733222088116,4.539805256473851e-07,2.6874644081077183e-08,9.603044843057581e-09,6.647963594692324e-05,0.002431281542439142,3.387098281998677,1.8070738255349122e-06,0.0003207030064620175,2590132.9032286955,4993824.083639042
3.6531452023414325e-05,9.252466015675002e-05,105.86281868581172,1127.5465128463106,0.0,0.26802143706598563,382.52200673818106,6.203799308067325e-10,0.0,0.00027618270213130625,127.55146095542938,4.2752503623899713e-07,9.982457025742492e-09,9.33792408109995e-09,6.129482853936841e-05,0.0023131463617481764,3.3393843355562023,1.7154560017329326e-06,0.000320538282102864,2590233.715796535,4894638.706652167
3.653556772359347e-05,9.295875413575715e-05,105.08472623015865,1121.3283736999715,0.0,0.26349951678140815,377.18849689684055,5.575625329136113e-10,0.0,0.0002726297184040575,125.77289297212046,4.0265903940547916e-07,0.0,9.094394185640893e-09,5.646445207518872e-05,0.0022002565367157238,3.292904171754875,1.6293506539501421e-06,0.00032037666239972224,2590334.1029931223,4798565.325144482
3.653968342377262e-05,9.338967214240362e-05,104.31941470504418,1115.2098716550024,0.0,0.2591205494963518,371.9916223521052,5.166439225791916e-10,0.0,0.0002691284085577503,124.03989292624895,3.792995591911566e-07,4.3561400315087565e-09,8.874310155118242e-09,5.196950196862101e-05,0.0020923940543035304,3.247612544389212,1.5483732626570293e-06,0.0003202180559881785,2590434.064791606,4705472.630374328
3.654379912395178e-05,9.381746605860352e-05,103.56653616787582,1109.1884145680851,0.0,0.2548784232487404,366.9264255632422,4.85162506106546e-10,0.0,0.0002656805162692509,122.35080733126891,3.5735651070156066e-07,1.6535907069675424e-09,8.666857376360313e-09,4.7791503092659644e-05,0.0019893735848378856,3.2034663663019307,1.4721711707532028e-06,0.0003200623751575655,2590533.6011652467,4615236.242142649
3.6547914824130926e-05,9.424218636106537e-05,102.82575560508549,1103.2615045877794,0.0,0.25076734611145785,361.98818034778253,4.4948378482892673e-10,0.0,0.00026228745663819974,120.70405986344461,3.3674542846157973e-07,0.0,8.464661597923224e-09,4.391256848756889e-05,0.0018909902737240724,3.1604245389484054,1.4004209788042009e-06,0.000319909535666063,2590632.71208742,4527738.270363203
3.655586184162673e-05,9.505376380282646e-05,101.42842702293008,1092.0758990210838,0.0,0.24317995495263997,352.7955997774909,3.4221877585576483e-10,0.0,0.0002558948489661493,117.6386369031962,3.0042419076854046e-07,0.0,8.070112024637406e-09,3.720520419067774e-05,0.001713450728509605,3.080296098680089,1.2733821517475596e-06,0.00031962216003099246,2590822.881681893,4366127.325817253
3.6560922888523505e-05,9.556489427703182e-05,100.56041317272359,1085.1238714014028,0.0,0.23857510367887436,347.165343297379,2.9196649379139744e-10,0.0,0.00025193487605574524,115.76113806764592,2.795127104156009e-07,5.955882044667774e-09,7.840345716562423e-09,3.3426810312267536e-05,0.001608446189219121,3.0312153341343944,1.199660472567921e-06,0.00031944425700590977,2590943.1640100954,4267967.449721764
3.656598393542029e-05,9.607167335996285e-05,99.70877675796012,1078.3004955758674,0.0,0.23413654284197097,341.70067256031905,2.722688386789792e-10,0.0,0.0002480622778401286,113.93886105044146,2.6019158767080096e-07,4.071039968082584e-10,7.635238168888859e-09,2.999771365394924e-05,0.001509358037104598,2.983575164205131,1.130997973895034e-06,0.000319270171456793,2591062.802828592,4173299.6746951453
3.6571044982317065e-05,9.65741826283374e-05,98.87300445393282,1071.6019279614638,0.0,0.22985607705082897,336.39469951185026,2.5780914392856136e-10,0.0,0.00024427727451272613,112.1695085194304,2.423380169450907e-07,0.0,7.443415178988798e-09,2.689057493956523e-05,0.0014158745127728176,2.937315693937802,1.0669942736299555e-06,0.0003190997758577314,2591181.79808899,4081957.1636909787
3.657610602921385e-05,9.707250111694405e-05,98.05260489429281,1065.0244856576671,0.0,0.22572600148541766,331.2409041660437,2.3567689309447596e-10,0.0,0.0002405796873437556,110.4509059179137,2.2583747107808884e-07,1.5408464366887306e-09,7.256353076058553e-09,2.4079539224641244e-05,0.0013277195927738831,2.8923802505449574,1.0072841246020343e-06,0.0003189329484556331,2591300.1497431602,3993783.033274877
3.6581167076110624e-05,9.756670542860612e-05,97.24710746680033,1058.5646376031295,0.0,0.22173906592727896,326.2331107091801,2.1102653884676693e-10,0.0,0.000236968989588921,108.78099348792576,2.1058942409918818e-07,2.395366002171482e-10,7.0749056849953765e-09,2.1540264046169634e-05,0.0012446320760554036,2.848715160270518,9.515348609567755e-07,0.00031876957293256115,2591417.8577432297,3908629.6433876487
3.65862281230074e-05,9.805686983541909e-05,96.45606122119621,1052.2189965758546,0.0,0.21788844294184195,321.3654654469256,1.905689865416325e-10,0.0,0.00023344435747605982,107.15781891020893,1.9650241474143858e-07,0.0,6.902681616157537e-09,1.92498907267739e-05,0.0011663533020617343,2.8062695445186523,8.9944339249894e-07,0.0003186095381035172,2591534.9220415875,3826357.9471351355
3.6591289169904184e-05,9.854306637422747e-05,95.67903385329888,1045.9843118917045,0.0,0.21416769935335006,316.63241639050443,1.7516084321418766e-10,0.0,0.0002300047166390028,105.57953049843843,1.8348912152031058e-07,6.801725718558131e-10,6.7400968857555286e-09,1.7186998716525927e-05,0.001092639142923142,2.7649951518846176,8.507327391385194e-07,0.000318452737636737,2591651.3425908843,3746836.894282385
3.659635021680096e-05,9.902536493842103e-05,94.9156107373844,1039.8574623524612,0.0,0.21057076961660115,312.0286943576376,1.6186136587107886e-10,0.0,0.00022664878181803265,104.04437089456296,1.7146609247127992e-07,2.406067018853348e-10,6.5850534304356064e-09,1.5331577208377516e-05,0.001023257975097562,2.724846191512525,8.051492345292501e-07,0.00031829906978736146,2591767.1193440286,3669942.8818422654
3.6601411263697736e-05,9.950383336574967e-05,94.16539400881884,1033.8354495421315,0.0,0.2070919312548253,307.54929545686156,1.4824254954828363e-10,0.0,0.0002233750917221475,102.55067122484604,1.6035552144165142e-07,0.0,6.435947657557349e-09,1.366500181929557e-05,0.0009579852900468672,2.685779176562047,7.62460634254826e-07,0.00031814843714542324,2591882.252254191,3595559.2480036886
3.660647231059452e-05,9.997853752129676e-05,93.42800170712435,1027.9153916449002,0.0,0.203725782168274,303.18946483921366,1.3477056916775251e-10,0.0,0.000220182041131925,101.09684568154316,1.5008603510512815e-07,4.1460902571668415e-10,6.292648467097908e-09,1.2169993377011137e-05,0.0008966072507394511,2.647752787311583,7.224543606980991e-07,0.00031800074640158483,2591996.741274803,3523575.8063191674
3.6611533357491296e-05,0.00010044954137571734,92.70306697772439,1022.0945176677022,0.0,0.20046721953269492,298.94468162523356,1.231023000230088e-10,0.0,0.0002170679102897686,99.68138649531151,1.4059196218623384e-07,2.5191895668041146e-10,6.155497028576134e-09,1.0830561457225648e-05,0.0008389206828516088,2.6107277404611993,6.849355512342589e-07,0.0003178559081302365,2592110.5863595544,3453888.416276442
3.661659440438808e-05,0.00010091690707951344,91.99023732241018,1016.3701619764817,0.0,0.1973114205112086,294.810644905832,1.137641379247304e-10,0.0,0.00021403089084812753,98.30285926467637,1.318123143766304e-07,0.0,6.024378912773114e-09,9.631945353840851e-06,0.0007847298144295776,2.574666664063695,6.497252715243485e-07,0.0003177138365867507,2592223.787462398,3386398.5867834752
3.6621655451284855e-05,0.00010138069503388282,91.28917389133818,1010.7397591322256,0.0,0.19425382506463526,290.783260721577,1.0461817819625544e-10,0.0,0.00021106910842332894,96.95989861269207,1.2368988836265817e-07,9.839579256140351e-10,5.898497977679046e-09,8.560560812081072e-06,0.0007338454744645713,2.539533983036173,6.166590879390152e-07,0.0003175744495166149,2592336.344537545,3321013.1096795625
3.662671649818163e-05,0.00010184096395822254,90.59955081615222,1005.2008390949915,0.0,0.19129011926640424,286.8586299395743,9.512905943873487e-11,0.0,0.00020818064217393445,95.65120414494281,1.1617195699551145e-07,1.2953408758406548e-09,5.777279825944934e-09,7.603938080766775e-06,0.0006860899650823755,2.5052958189036887,5.855858614003688e-07,0.00031743766797581084,2592448.257539469,3257643.7210264467
3.6631777545078415e-05,0.00010229777095427973,89.9210545823791,999.7510225712416,0.0,0.18841621888127202,283.03303697135124,8.801604917990737e-11,0.0,0.0002053635420413465,94.37553668553788,1.0921068528271984e-07,0.0,5.6608816364342765e-09,6.75065111853429e-06,0.0006412943176499622,2.471919889824743,5.563665287518681e-07,0.0003173034161626146,2592559.526422901,3196206.7871616404
3.6634647808167984e-05,0.0001025553219119627,89.54108946622613,996.6989902424036,0.0,0.18682477715957635,280.9060914491345,8.496213111188823e-11,0.0,0.00020379685182135454,93.66629457194983,1.0549311413708984e-07,0.0,5.597023306519891e-09,6.308644179994161e-06,0.0006171404892121236,2.4533628506492104,5.405701385876091e-07,0.0003172283745138114,2592622.343907845,3162192.561143044
3.6637518071257553e-05,0.00010281178720216481,89.16455234952367,993.6744424488932,0.0,0.18526029675265604,278.8092349639005,8.126373696179338e-11,0.0,0.0002022521248318107,92.96708646478335,1.0193234045229878e-07,3.849911461729617e-10,5.534456809556374e-09,5.8947376766521675e-06,0.0005938549724952674,2.4350677987629963,5.253067446191677e-07,0.00031715411018010695,2592684.9541993784,3128760.336480507
3.663951206536989e-05,0.00010298932171178311,88.90495927246441,991.5892177809071,0.0,0.18418896375814486,277.3699235563714,7.86229652358789e-11,0.0,0.0002011917304468127,92.48714068099727,9.95471065826694e-08,1.2631186640203866e-10,5.4917345691746755e-09,5.622843633123035e-06,0.0005781756176914268,2.4225095161115764,5.150057706288037e-07,0.0003171029690872258,2592728.328084831,3105870.1257065255
3.664150605948223e-05,0.00010316634020419054,88.64697805513113,989.5169110842425,0.0,0.18313011173176086,275.94464203134595,7.609043075721966e-11,0.0,0.00020014164319868158,92.01187352924643,9.723175656482614e-08,9.775645193008454e-12,5.449650207444427e-09,5.363161216400688e-06,0.000562893055582365,2.4100734019509003,5.049451210074248e-07,0.0003170521929319401,2592771.601968172,3083249.817715521
3.664350005359457e-05,0.00010334284587645485,88.3905917046106,987.4573859800383,0.0,0.18208353089673973,274.5331952438667,7.36467616420434e-11,0.0,0.00019910174362732693,91.54121992795858,9.498402836386384e-08,2.0628855152804113e-10,5.408195991479255e-09,5.115173710644076e-06,0.000547998088876521,2.3977577605961278,4.951182496518311e-07,0.00031700177764165086,2592814.7758466834,3060895.0775592583
3.6645494047706905e-05,0.00010351884189199489,88.13578347513541,985.4105080948937,0.0,0.18104901585534802,273.1353915685295,7.13538867233433e-11,0.0,0.00019807191271415756,91.07511596963091,9.280172884247627e-08,1.9239236020495968e-10,5.367351653484156e-09,4.8783839792821104e-06,0.0005334822729797216,2.385560927504122,4.855188153281903e-07,0.0003169517192062068,2592857.849717655,3038801.658131846
3.664748804181924e-05,0.00010369433138107468,87.8825368625031,983.3761447319264,0.0,0.1800263654204501,271.7510428224785,6.930628606818189e-11,0.0,0.00019705203196135028,90.61349889485533,9.068275898409454e-08,0.0,5.327113088578075e-09,4.6523133660286415e-06,0.0005193370384732826,2.3734812677709622,4.7614067110827826e-07,0.0003169020136767761,2592900.823578382,3016965.397131677
3.664948203593158e-05,0.00010386931744129094,87.63083560087571,981.354165297691,0.0,0.17901538259410182,270.3799641902721,6.714286838359079e-11,0.0,0.00019604198346545847,90.15630706701603,8.862501310615624e-08,2.9189786099596565e-10,5.287439839191797e-09,4.436501907796095e-06,0.0005055529628755447,2.3615171746956025,4.6697785714800156e-07,0.00031685265716455027,2592943.6974261664,2995382.216415031
3.665147603004392e-05,0.00010404380313804513,87.38066365956708,979.3444416073528,0.0,0.17801587449982564,269.0219741481007,6.47586929141064e-11,0.0,0.00019504164998447693,89.70347994766325,8.662647775323394e-08,7.850097966502278e-10,5.248299828068913e-09,4.2305078348610994e-06,0.000492121737604579,2.3496670710618512,4.580246006198854e-07,0.0003168036458394564,2592986.471258316,2974048.1210001805
3.665347002415626e-05,0.00010421779150500407,87.13200523859979,977.3468477409341,0.0,0.1770276520439082,267.67689439156413,6.280410151522869e-11,0.0,0.00019405091500850172,89.25495807253294,8.46853366775653e-08,1.0348434615842839e-10,5.2097360353437974e-09,4.0339046690092635e-06,0.00047903652213624674,2.337929408992277,4.4927530445132686e-07,0.00031675497592898713,2593029.1450721454,2952959.196732711
3.665546401826859e-05,0.00010439128554455333,86.88484476364187,975.3612597446588,0.0,0.17605052991879347,266.3445497687327,6.148047939690387e-11,0.0,0.0001930696628025304,88.81068302818193,8.279981570257274e-08,0.0,5.171789382939917e-09,3.846282883003798e-06,0.00046628872910200054,2.3263026661990134,4.40724544342499e-07,0.00031670664371714506,2593071.718864975,2932111.607556281
3.665745801238093e-05,0.00010456428822824408,86.63916688138201,973.387555526857,0.0,0.17508432692442183,265.02476821218215,5.921825867684345e-11,0.0,0.00019209777844335127,88.37059742921997,8.096783752388035e-08,2.251025177021061e-09,5.134290190474849e-09,3.667252226590505e-06,0.0004538677658196522,2.314785344805818,4.3236706459008475e-07,0.00031665864554342415,2593114.192634132,2911501.593406758
3.6659452006493265e-05,0.00010473680249723172,86.39495645651274,971.4256149913768,0.0,0.17412886563405788,263.7173806646595,5.662777746258744e-11,0.0,0.0001911351478833646,87.93464489612514,7.918770043098221e-08,2.713100569539371e-09,5.09721475261132e-09,3.496438560419776e-06,0.0004417688735409414,2.3033759787524475,4.2419777558920176e-07,0.0003166109778016597,2593156.5663769497,2891125.46891245
3.666144600060561e-05,0.00010490883126270642,86.15219856813268,969.4753200385007,0.0,0.17318397133810912,262.42222101900853,5.6481890801218535e-11,0.0,0.00019018165804694163,87.50277003362532,7.745825005553862e-08,0.0,5.060848584938852e-09,3.333474267343328e-06,0.0004299884673361727,2.2920731291085756,4.1621171672139787e-07,0.00031656363693895125,2593198.8400907675,2870979.6217512563
3.6663439994717945e-05,0.00010508037740631519,85.91087850433219,967.5365543296767,0.0,0.17224947314170788,261.1391260674712,5.6261967184176493e-11,0.0,0.0001892371968176668,87.07491840963147,7.577755188435558e-08,5.849520177021923e-11,5.025051850207478e-09,3.178011519540482e-06,0.00041851145088331874,2.2808753703476756,4.0840408268719647e-07,0.0003165166194547993,2593241.013772931,2851060.510261622
3.666543398883028e-05,0.00010525144378057544,85.67098175892457,965.6092033017421,0.0,0.17132520516896393,259.867935425551,5.2506025023860413e-11,0.0,0.00018830165297924092,86.65103653470598,7.414342814187767e-08,5.507706934743167e-09,4.989441954245434e-09,3.02973020835276e-06,0.00040732590427621055,2.2697813035050327,4.007702655848529e-07,0.00031646992190004875,2593283.0874207923,2831364.6619464904
3.666742798294262e-05,0.0001054220332092827,85.43249402942809,963.6931543599776,0.0,0.17041100368910578,258.6084914588807,4.91842249540478e-11,0.0,0.00018737491649280596,86.23107184204441,7.255479082112181e-08,4.588490335273651e-09,4.954195539225672e-09,2.888304009014818e-06,0.00039643694665155474,2.258789570381174,3.933057359740521e-07,0.00031642354087575486,2593325.06103171,2811888.6725169052
3.666942197705495e-05,0.0001055921484879127,85.19540121304767,961.7882966944017,0.0,0.16950670620331543,257.36063924495016,5.269899040390588e-11,0.0,0.00018645687848631333,85.8149726679566,7.101141257739513e-08,0.0,4.920021570044304e-09,2.7534101888239944e-06,0.00038584524544463944,2.247898833754266,3.8600606924525435e-07,0.00031637747303228235,2593366.9346030485,2792629.203914873
3.6671415971167296e-05,0.00010576179238401302,84.9596893990307,959.8945208206694,0.0,0.16861215539292165,256.1242265426919,5.2929524436244555e-11,0.0,0.00018554743088361727,85.40268823284369,6.951034769287096e-08,7.938140321864704e-09,4.886153379841284e-09,2.624765857092634e-06,0.00037552010504049134,2.2371077476803225,3.788670251671643e-07,0.0003163317150688283,2593408.7081321785,2773582.9813159783
3.667340996527963e-05,0.00010593096763758639,84.72534486897877,958.0117190140498,0.0,0.16772720070567992,254.89910368292965,4.4749691747651e-11,0.0,0.00018464646649560965,84.99416862265278,6.804916417794691e-08,2.010177976100359e-08,4.851832830280601e-09,2.502128823423791e-06,0.0003654542512938637,2.2264150095899824,3.7188461558533564e-07,0.00031628626373209756,2593450.381616478,2754746.7931291293
3.667540395939197e-05,0.0001060996769614724,84.49235409742735,956.1397857607479,0.0,0.16685168887097426,253.68512350142478,4.506208353885429e-11,0.0,0.00018375387989424662,84.58936477077779,6.662903953439118e-08,0.0,4.818343668899032e-09,2.3851921903040254e-06,0.00035567850683541414,2.215819378100619,3.650547366233571e-07,0.00031624111581501403,2593491.955053329,2736117.490968225
3.6678209695665756e-05,0.00010633628287222233,84.16678124640065,953.5240052790024,0.0,0.16563546993298875,251.99553231964137,4.1091633976716536e-11,0.0,0.00018251191428794117,84.02596791062743,6.469609431579585e-08,0.0,4.772019228797834e-09,2.22982264835182e-06,0.00034233742385392495,2.2010723051692263,3.556952896010914e-07,0.0003161780962434753,2593550.283332918,2710248.749139873
3.668101543193955e-05,0.00010657197899169173,83.84382575854325,950.9292508171404,0.0,0.16443725306004645,250.32732192457806,3.103175759659824e-11,0.0,0.00018128604266861903,83.4697008819498,6.283533887787051e-08,1.5383795989453565e-08,4.725960158533955e-09,2.0845617161373374e-06,0.0003294781871829664,2.186511513856301,3.4661965488197685e-07,0.0003161156625099789,2593608.4135149186,2684775.1018063338
3.668382116821334e-05,0.00010680677261303631,83.52345176532356,948.3552431418816,0.0,0.16325664329816736,248.68010674210876,2.557014101509099e-11,0.0,0.0001800759825805383,82.92043510745495,6.1044674748668e-08,6.481332600984296e-09,4.680715989251292e-09,1.9487374112797347e-06,0.00031711262802393254,2.1721336836915217,3.378177874680565e-07,0.00031605380613046534,2593666.345592104,2659688.360670656
3.6686626904487124e-05,0.00010704067092972771,83.2056240758865,945.8017081925814,0.0,0.16209325718730608,247.053510256159,2.413680343830956e-11,0.0,0.0001788814558528893,82.37804501438184,5.932198966633836e-08,0.0,4.636947676929395e-09,1.8217339176371553e-06,0.0003052026411167887,2.1579355226440144,3.292801488997725e-07,0.00031599251878845785,2593724.0795572726,2634980.5512223435
3.668943264076091e-05,0.00010727368103742986,82.89030816080056,943.2683774876809,0.0,0.16094672566801618,245.44716468538937,2.4470633491775377e-11,0.0,0.0001777021891336165,81.84240794853488,5.766428728059795e-08,2.881686129145073e-09,4.594519891356071e-09,1.7030036628550704e-06,0.0002937272928449581,2.143913827807493,3.209976158544838e-07,0.0003159317923308702,2593781.615403247,2610643.9073417787
3.6692238377034705e-05,0.00010750580993583464,82.5774701369281,940.754988082393,0.0,0.15981669081118613,243.8607107348779,2.5426500101291464e-11,0.0,0.00017653791413417417,81.31340409121512,5.6068136053670085e-08,2.5476821215865357e-09,4.552894509489471e-09,1.5920364898301902e-06,0.00028268186685139824,2.130065484528862,3.1296134046396273e-07,0.00031587161876383033,2593838.9531228766,2586670.8649918656
3.669504411330849e-05,0.00010773706453045645,82.26707675251095,938.2612822454307,0.0,0.15870280248252935,242.2937973821495,2.5197133866367454e-11,0.0,0.0001753883674944122,80.79091637893696,5.4530415404460485e-08,0.0,4.51180186748437e-09,1.4883367439312712e-06,0.00027205032215764277,2.11638743986169,3.051627508540874e-07,0.000315811990248622,2593896.092709031,2563054.055414455
3.669784984958228e-05,0.00010796745163438388,81.95909537255328,935.7870073722266,0.0,0.15760471864672423,240.7460816361014,2.3709224692825216e-11,0.0,0.0001742532906420748,80.2748304258306,5.30486486917779e-08,0.0,4.471338012267909e-09,1.3914274285723735e-06,0.0002618139715149061,2.102876708482375,2.9759363610358854e-07,0.0003157528990977771,2593953.034154609,2539786.299158906
3.670065558585607e-05,0.00010819697796998842,81.65349396391973,933.331915870981,0.0,0.1565221067470044,239.21722830302704,2.2522142389559665e-11,0.0,0.00017313242973852143,79.76503444862867,5.16206732929131e-08,8.203939061046977e-10,4.431646108733788e-09,1.3008640352045565e-06,0.000251960831495596,2.089530378607294,2.902461662507659e-07,0.0003156943377713782,2594009.7774525313,2516860.600248178
3.6705927232459184e-05,0.00010862592595373252,81.08563226863957,928.7701261276134,0.0,0.1545287264591822,236.3945679299722,2.3566877317066826e-11,0.0,0.0001710640448999987,78.82381943885284,4.9075671009306384e-08,3.925421049162708e-09,4.359387148928777e-09,1.146440505419829e-06,0.00023443906043215762,2.064888926296886,2.770144832980143e-07,0.0003155857151421044,2594115.8554751407,2474687.320535518
3.6711198879062295e-05,0.00010905190177741915,80.52585860611994,924.2736376773754,0.0,0.15258676526194606,233.63524117482956,2.9065165938238712e-11,0.0,0.0001690433623777464,77.90372397227476,4.669898712752217e-08,6.813869002514654e-09,4.290011400248957e-09,1.010494313841663e-06,0.00021814068743435808,2.040799556481954,2.6449168692851866e-07,0.00031547888916408,2594221.233926149,2433654.0248139226
3.6716470525665406e-05,0.00010947494755799205,79.97397666450236,919.8409395701967,0.0,0.15069426389491752,230.9372319124245,3.4745946248253764e-11,0.0,0.00016706883361075793,77.00407569636216,4.44768389817828e-08,4.209614376328431e-09,4.222735798680018e-09,8.908622431142125e-07,0.00020298570499199128,2.0172447395091773,2.526339358675788e-07,0.00031537381378006095,2594325.9127593115,2393719.1335891676
3.6721742172268517e-05,0.00010989510439503494,79.42979668139476,915.4705733443709,0.0,0.14884935867154034,228.29860686916584,3.561956742868555e-11,0.0,0.00016513896784683932,76.124229887563,4.2396473054784496e-08,1.924865214965869e-10,4.156947250979498e-09,7.856124668439763e-07,0.00018889022132396763,1.9942076545334548,2.4140037757685185e-07,0.00031527044453003706,2594429.8919286905,2354842.977932827
3.6729812157883744e-05,0.00011053278726189912,78.6112537993075,908.8978421385117,0.0,0.14611330308259923,224.37015461281268,2.8189382589885656e-11,0.0,0.00016226793887096276,74.81429456105255,3.9461588692176366e-08,0.0,4.059128505772713e-09,6.484443184944137e-07,0.00016919613877585098,1.9599081634058066,2.2532698397938643e-07,0.0003151154115321187,2594587.710735144,2297295.364162329
3.673788214349897e-05,0.00011116393346336698,77.80970032000056,902.4630559136281,0.0,0.14347865494557183,220.57022085143117,1.9575814993994158e-11,0.0,0.00015949332612879774,73.54721522884529,3.6799145160262e-08,7.398385312031249e-10,3.965471758108247e-09,5.355938950793408e-07,0.00015158367846400736,1.9267293575696167,2.1050346896893308e-07,0.0003149641290676004,2594743.889655724,2242012.34487177
3.67459521291142e-05,0.0001117886776623883,77.02453593109753,896.1616191089322,0.0,0.14093985029693554,216.89286796776213,1.5946859798701256e-11,0.0,0.00015681051290234555,72.32101180004851,3.437958506601452e-08,0.0,3.876393996174114e-09,4.4270119823804476e-07,0.0001358415579326384,1.8946195879910968,1.9681834778256977e-07,0.0003148164571747234,2594898.4285298153,2188874.3252912583
3.675402211472943e-05,0.00011240714979654843,76.25518934375665,889.9891616427234,0.0,0.13849172091705933,213.33251100828963,1.544918428996376e-11,0.0,0.00015421515280462404,71.13382179738436,3.217648436846667e-08,3.2956495203656e-11,3.791547669698385e-09,3.6623187885147193e-07,0.00012176948928825994,1.8635302565761738,1.8417133311310611e-07,0.00031467226291061103,2595051.327198488,2137769.6218324746
3.6762092100344656e-05,0.00011301947530281155,75.50111654225297,883.9415237269956,0.0,0.1361294620246046,209.88389224107829,1.4740276466589768e-11,0.0,0.0001517031556337492,69.98389187465878,3.016625619663984e-08,3.4730236404704256e-10,3.7103125770842348e-09,3.0327212859288265e-07,0.00010918957911841787,1.833415604322014,1.7247201785787552e-07,0.00031453141991326903,2595202.585504501,2088593.834145685
3.6770162085959883e-05,0.00011362577533112332,74.76179913865037,878.014741809758,0.0,0.13384860062934095,206.5420578586277,1.3111957228318933e-11,0.0,0.00014927067241505618,68.86957004641036,2.8328204987195125e-08,0.0,3.6323285186827133e-09,2.513956345921671e-07,9.794503136611378e-05,1.8042325106410064,1.6163893268584906e-07,0.0003143938079907783,2595352.203292299,2041249.2746961347
3.677823207157511e-05,0.00011422616694645574,74.03674283365359,872.2050355888932,0.0,0.13164496743782034,203.30233662064393,1.1402210160312711e-11,0.0,0.0001469140800888982,67.78929856374057,2.664430776371742e-08,0.0,3.557495234753711e-09,2.0860616350982544e-07,8.789416964877416e-05,1.7759403069982655,1.5159861057851384e-07,0.00031425931273827587,2595500.180408013,1995644.4500538288
3.678630205719034e-05,0.0001148207633179602,73.32547599590826,866.5087962279446,0.0,0.12951467268011874,200.16032025703976,1.0308743353965894e-11,0.0,0.00014462996698144797,66.74160737875727,2.5098812547648876e-08,2.583823629991216e-10,3.485722543881145e-09,1.732842084405193e-07,7.890966575175327e-05,1.7485006091063562,1.4228462766180262e-07,0.00031412782518576107,2595646.516699463,1951693.5892264103
3.679437204280557e-05,0.00011540967389599987,72.62754835217113,860.9225756077788,0.0,0.12745408447987022,197.11184547188657,9.778353487955126e-12,0.0,0.00014241511935686517,65.72510814226177,2.367784007079018e-08,0.0,3.4168267923357794e-09,1.441093254507613e-07,7.087711574770361e-05,1.7218771599817992,1.3363681532240373e-07,0.0003139992414745151,2595791.212016156,1909316.2140895438
3.6802442028420795e-05,0.00011599300457900799,71.94252976908489,855.4430764318107,0.0,0.12545980905927706,194.1529773924981,9.198633447050603e-12,0.0,0.00014026650861582508,64.73848868307331,2.2369045118411564e-08,0.0,3.350593496300618e-09,1.1998999899530844e-07,6.369326608666861e-05,1.6960356842259314,1.2560064633486844e-07,0.0003138734625569814,2595934.2662092857,1868436.7473909417
3.681051201403602e-05,0.0001165708578714204,71.27000911401414,850.0671431788867,0.0,0.12352867188830882,191.2799943236925,8.346440646961075e-12,0.0,0.00013818127891499282,63.78050792391962,2.116144361905446e-08,2.937659929688844e-10,3.286852728296824e-09,1.0002495718738009e-07,5.726700342443258e-05,1.670943758234098,1.1812665979749284e-07,0.0003137503939166639,2596075.679131734,1828984.1546994804
3.681858199965125e-05,0.0001171433330329577,70.60959319132758,844.791753786123,0.0,0.12165769979645327,188.4893736960385,7.632384530807715e-12,0.0,0.0001361567354692709,62.84999119498169,2.004535015483223e-08,1.9399828219461676e-11,3.225488518089903e-09,8.347958225959842e-08,5.1517585243756406e-05,1.6465706897440782,1.1116990905882618e-07,0.00031362994530712094,2596215.450638071,1790891.6168920498
3.682665198526648e-05,0.0001177105262194224,69.96090575148988,839.6140118882412,0.0,0.119844105626427,185.777779104267,7.1392599974693476e-12,0.0,0.00013419033377603403,61.945825910193875,1.9012191973894332e-08,0.0,3.1663927061500617e-09,6.975619450456041e-08,4.63713048684979e-05,1.6228874031835105,1.0468949553143169e-07,0.0003135120305095575,2596353.580584555,1754096.2300180814
3.6834721970881706e-05,0.00011827253061557503,69.32358656782199,834.5311396715836,0.0,0.11808527477142337,183.1420483331861,6.603832865414957e-12,0.0,0.00013227966964972877,61.06695757418092,1.8054301032691972e-08,4.160916193853199e-10,3.1094380898400877e-09,5.836231539223663e-08,4.17627504786137e-05,1.5998663367715813,9.864817389332665e-08,0.0003133965671075247,2596490.0688291313,1718538.730146368
3.6842791956496934e-05,0.00011882943656082652,68.69729057424331,829.5404713318793,0.0,0.11637875181567864,180.57918228757694,6.184492941957068e-12,0.0,0.00013042246988253514,60.21238609057552,1.716486346564241e-08,8.215745136946106e-11,3.0545059259147745e-09,4.8889932233287916e-08,3.76348492505757e-05,1.577481348072759,9.301198703459815e-08,0.0003132834762768073,2596624.9152314356,1684163.2409088868
3.685086194211216e-05,0.0001193813316683073,68.08168705771388,824.6394469240169,0.0,0.11472222857143329,178.08633475107268,5.895474317094411e-12,0.0,0.0001286165835158974,59.381162345554664,1.6337795951661982e-08,0.0,3.001495498957119e-09,4.1004591539912394e-08,3.393531232348253e-05,1.5557076225985882,8.774993909786691e-08,0.00031317268258912055,2596758.11965279,1650917.0412891991
3.685893192772739e-05,0.00011992830093766721,67.47645890205904,819.8256066813079,0.0,0.1131135335466431,175.66080289571048,5.577200024077803e-12,0.0,0.0001268599737643419,58.57238504322557,1.5567611018772188e-08,2.6775978473930306e-10,2.9503094490499985e-09,3.443372871587765e-08,3.061787893105065e-05,1.5345215929563116,8.283370658891696e-08,0.00031306411382866123,2596889.6819562055,1618750.3520106578
3.686700191334262e-05,0.0001204704268619297,66.88130188043147,815.0965857775869,0.0,0.11155062162740984,173.3000184840925,5.372664243632944e-12,0.0,0.00012515071056938874,57.78519777172436,1.4849417082061058e-08,0.0,2.900859618065853e-09,2.8952495279870944e-08,2.7642160156229852e-05,1.5139008637393885,7.82373789296847e-08,0.00031295770082066213,2597019.6020063837,1587616.138877436
3.6875071898957845e-05,0.00012100778952878102,66.29592399215124,810.4501093670872,0.0,0.1100315651307566,171.00153970843382,5.20861552153036e-12,0.0,0.00012348696368612086,57.01878628076386,1.4178822284323981e-08,0.0,2.8530623097333375e-09,2.437400804261114e-08,2.4971093146220065e-05,1.4938241384568702,7.393723399182978e-08,0.0003128533772710928,2597147.8796697133,1557469.931281964
3.688314188457307e-05,0.00012154046671668226,65.72004484066393,805.8839880072982,0.0,0.10855454567765113,168.76304360751854,4.923536922956715e-12,0.0,0.00012186699628291821,56.2723759531271,1.3551842129468629e-08,2.802626068419006e-10,2.806833241072028e-09,2.0544491207930018e-08,2.2572106852368144e-05,1.474271155001569,6.991153121450526e-08,0.0003127510796165418,2597274.5148142725,1528269.6547744041
3.68912118701883e-05,0.00012206853398613885,65.15339504973625,801.3961134239461,0.0,0.10711784609351156,166.58231901858937,4.6546972757764815e-12,0.0,0.00012028915900787559,55.54522945426498,1.2964907014753197e-08,3.807821673701694e-11,2.7620983076966605e-09,1.7337646780889517e-08,2.04168110572901e-05,1.455222625431349,6.614032250655701e-08,0.00031265074688345876,2597399.507309829,1499975.4764490533
3.689928185580353e-05,0.0001225920647664077,64.59571571476171,796.9844544800997,0.0,0.10571984340886997,164.45726002234338,4.467347718163013e-12,0.0,0.00011875188450441894,54.83664454565255,1.2414812048501797e-08,0.0,2.7187921870832916e-09,1.4649389413564507e-08,1.847901812296617e-05,1.4366601774236742,6.260529120059615e-08,0.00031255232055614224,2597522.8570278394,1472549.6618247763
3.6907351841418756e-05,0.0001231111304379026,64.0467578869681,792.6470534184924,0.0,0.10435900274104043,162.38585983720628,4.2833998373076236e-12,0.0,0.00011725368232290636,54.145952048856124,1.1898633273532586e-08,1.6226907109479266e-10,2.6768480894417895e-09,1.2393097299385048e-08,1.6735674199895254e-05,1.4185663019276418,5.928960549159156e-08,0.00031245574445285646,2597644.56384145,1445956.4423854563
3.6915421827033984e-05,0.00012362580041055713,63.50628208859065,788.3820223859886,0.0,0.10303387104458026,160.36620513033077,4.207904732973072e-12,0.0,0.00011579313421102765,53.47251394840817,1.1413738359556015e-08,0.0,2.6362046745002947e-09,1.0496592343533456e-08,1.51667272933787e-05,1.4009243044951998,5.617777950680246e-08,0.00031236096460945657,2597764.627625497,1420161.8929489653
3.692349181264921e-05,0.00012413614219839125,62.9740578562516,784.1875401003845,0.0,0.10174307181092265,158.3964707141641,4.138315197539339e-12,0.0,0.00011436888974590723,52.81572162263957,1.0957727279078014e-08,0.0,2.596803381523431e-09,8.900946408457562e-09,1.3753518085229193e-05,1.3837182575631637,5.325555539412425e-08,0.0003122679291700217,2597883.0482565053,1395133.81781421
3.693156179826444e-05,0.00012464222149050628,62.44986331092312,780.0618487639533,0.0,0.1004853001393195,156.47491459453698,3.910244674012333e-12,0.0,0.00011297966228698941,52.17499419257616,1.0528396048763107e-08,2.421437524757187e-10,2.5585864416719047e-09,7.55705827169848e-09,1.2479655197721258e-05,1.366932958314069,5.0509795451056636e-08,0.0003121765882839648,2597999.8256126903,1370841.645169344
3.693963178387967e-05,0.00012514410221871176,61.933484752861716,776.0032512142227,0.0,0.09925931762929538,154.59987334579642,3.719129786666285e-12,0.0,0.00011162422520211472,51.54977697987506,1.0123771444767137e-08,0.0,2.5215041863899674e-09,6.423423487873156e-09,1.1331260949182549e-05,1.3505538898253648,4.7928383142588035e-08,0.0003120868940091572,2598114.959573957,1347256.329099363
3.6947701769494895e-05,0.00012564184662197452,61.42471627927234,772.0101081397793,0.0,0.09806394824721246,152.7697577909604,3.582445992320918e-12,0.0,0.00011030140836421758,50.93954006555121,9.74206022618885e-09,0.0,2.485510573176461e-09,5.465926354229814e-09,1.0294966441579096e-05,1.3345671814245752,4.5500136992061314e-08,0.0003119988002207143,2598228.450021902,1324350.2583050337
3.696045619309064e-05,0.00012642023220061648,60.63565753431379,765.8286767614429,0.0,0.09623442107922048,149.96524179834816,3.419139657859874e-12,0.0,0.00010827454585715368,50.00439772978405,9.181529579629837e-09,0.0,2.4307310998316864e-09,4.244772093810137e-09,8.85818601874122e-06,1.3100685972245307,4.1949828801018637e-08,0.00031186272629185407,2598404.467299742,1289469.3971609762
3.697321061668638e-05,0.00012718866786673628,59.86436671218319,759.8008166680471,0.0,0.09447445214099211,147.26350883910288,3.163453829680859e-12,0.0,0.00010632223397280599,49.1035279251801,8.668324061869139e-09,0.0,2.3783836197771197e-09,3.3063047211553955e-09,7.633680051787118e-06,1.2864677140246774,3.87196665199519e-08,0.00031173037289232875,2598576.37849204,1256122.7116468013
3.6985965040282114e-05,0.0001279473756938647,59.11013711665272,753.9208475991484,0.0,0.09278021431412029,144.65927575753196,2.7964134044490735e-12,0.0,0.00010444060156213635,48.2351689695034,8.197373135440277e-09,1.3405799546825708e-11,2.3283118446118273e-09,2.5830405822598565e-09,6.588695005708753e-06,1.2637184102276797,3.577700714902631e-08,0.0003116015826092401,2598744.1831571786,1224220.1127739435
3.699871946387786e-05,0.00012869656899108068,58.372300357801016,748.183376521372,0.0,0.09114816112920396,142.14760885126313,2.1994846997700718e-12,0.0,0.00010262603943900862,47.39767571061157,7.76422871927682e-09,5.93760074722416e-10,2.2803711769965766e-09,2.024543456659674e-09,5.695424053190461e-06,1.2417776116419206,3.309292258576383e-08,0.000311476206908087,2598907.8808640903,1193678.0973848945
3.7011473887473596e-05,0.00012943645276927295,57.65022376971983,742.5832793312738,0.0,0.08957500047585594,139.72389583049713,1.7005596397487672e-12,0.0,0.00010087517839956126,46.58951017594371,7.365039093058743e-09,6.990594826153869e-10,2.234434000962446e-09,1.5885536064495692e-09,4.9312037122966795e-06,1.2206050495331024,3.06417297862355e-08,0.00031135410552091147,2599067.4711922584,1164419.1755783798
3.702422831106933e-05,0.00013016722418177033,56.94330799904984,737.115683616821,0.0,0.08805767176331389,137.3838203950045,1.786479024341465e-12,0.0,9.918486971028355e-05,45.809233093890256,6.996505674838005e-09,0.0,2.1903910432024554e-09,1.2556097028988696e-09,4.276109449831735e-06,1.200163037299301,2.8400589398118282e-08,0.0003112351458756951,2599222.953731716,1136371.354921232
3.703698273466507e-05,0.0001308890729384634,56.250984766224725,731.7759523647682,0.0,0.08659332787576353,135.12333915720387,1.8931356637395573e-12,0.0,9.755216651536576e-05,45.055496197461856,6.655632309190531e-09,2.1568846385160943e-12,2.148128494864004e-09,9.652777381050778e-10,3.712637948043994e-06,1.1804162648136145,2.6349161217764354e-08,0.0003111192025676108,2599374.3280830504,1109467.6751248685
3.7049737158260815e-05,0.00013160218169028842,55.57271482119938,726.5596695443053,0.0,0.08517931571711479,132.9386606737942,1.4970714128087636e-12,0.0,9.597431158016515e-05,44.32703523323436,6.339696551197231e-09,8.8165007030523e-10,2.1075329200739746e-09,9.00636860842304e-10,3.2277310029344315e-06,1.1613316212290916,2.4469294055541714e-08,0.0003110061568766,2599521.593857401,1083645.7892321004
3.706249158185655e-05,0.00013230672638608244,54.90798607874166,721.4626272206302,0.0,0.08381315592888655,130.8262263743278,1.212210734861422e-12,0.0,9.444871568503999e-05,43.62266360207332,6.046362419432568e-09,3.930064778996137e-10,2.068512388416878e-09,7.254263573184967e-10,2.8115873813250635e-06,1.142878033464785,2.274476851874673e-08,0.0003108958963277364,2599664.7506764615,1058847.585809176
3.707524600545229e-05,0.00013300287660664048,54.25631189667791,716.4808127708261,0.0,0.08249253102039543,128.78269318867603,1.119721195375449e-12,0.0,9.297294666115329e-05,42.94126656380619,5.773590295820263e-09,0.0,2.0309861687438476e-09,4.717667246467613e-10,2.4520772395064676e-06,1.1250263064857937,2.1161080610938722e-08,0.00031078831428649114,2599803.7981724814,1035018.8457317968
3.7088000429048034e-05,0.0001336907958790396,53.617229477088486,711.6103971749245,0.0,0.08121527443763935,126.80491768061658,1.123608111025192e-12,0.0,9.154472148768984e-05,42.28179594747906,5.519551621146611e-09,1.2158149976890763e-10,1.9948738414492584e-09,3.679850966353784e-10,2.1407735617006657e-06,1.1077489861591518,1.9705234263373912e-08,0.0003106833095833501,2599938.7359882668,1012108.9312882795
3.710075485264377e-05,0.0001343706419718996,52.99029838512036,706.8477245769396,0.0,0.07997935643156541,124.88994155190682,1.1454714652398902e-12,0.0,9.016189502310461e-05,41.643265317599536,5.282589058890476e-09,8.146655581085262e-11,1.9600962759617666e-09,3.4072882847446376e-10,1.8720335208873253e-06,1.0910202350254032,1.8365563719338492e-08,0.00031058078616623256,2600069.5637771804,990070.5045738278
3.711350927623951e-05,0.00013504256717199073,52.37509918094704,702.1893025381904,0.0,0.078782871773805,123.03497838363255,1.0866559641688414e-12,0.0,8.882244709014392e-05,41.02474555238553,5.061210252523353e-09,0.0,1.9265809050231457e-09,2.4820304719508743e-10,1.6395388581374962e-06,1.0748157170462216,1.7131588435760204e-08,0.0003104806527798671,2600196.281203143,968859.2714579194
3.7126263699835246e-05,0.00013570671854356818,51.771232154925066,697.6317926941651,0.0,0.07762403142097062,121.23740149079762,9.78839936078789e-13,0.0,8.752447301494287e-05,40.425360793876315,4.854087326812835e-09,1.3513501847003628e-11,1.8942628789395876e-09,1.7944543993542647e-10,1.4375078265585789e-06,1.0591124910591634,1.599388290049826e-08,0.000310382822669892,2600318.887940635,948433.7481867025
3.713901812343099e-05,0.0001363632381722175,51.178316154326474,693.172002104803,0.0,0.07650115438441896,119.49473278386125,9.043102688074704e-13,0.0,8.626617684943972e-05,39.84428473369182,4.660038899542033e-09,1.963758724931981e-11,1.8630824325587612e-09,1.9215988567979129e-10,1.261890393298251e-06,1.0438889127073425,1.4943957051300303e-08,0.0003102872133087677,2600437.383674696,928755.0487554461
3.715177254702673e-05,0.00013701226339454386,50.5959874926563,688.8068753634534,0.0,0.07541265887476294,117.80463254124864,8.673643482945475e-13,0.0,8.504586375070584e-05,39.28073720244841,4.4780030454510135e-09,0.0,1.8329827558540422e-09,1.4967331687888474e-10,1.109442728278213e-06,1.0291245455422402,1.3974152974177354e-08,0.00031019374614124634,2600551.7681009267,909786.6911110178
3.7164526970622465e-05,0.00013765392701453285,50.023898935431774,684.5334871984389,0.0,0.0743570546431391,116.16489000741085,8.251201024487813e-13,0.0,8.386193252885856e-05,38.73398103459537,4.307017221330255e-09,5.215095751732171e-12,1.8039099941381346e-09,4.235589418481761e-11,9.767021807358617e-07,1.01480007969109,1.3077556355567974e-08,0.0003101023463479783,2600662.040925489,891494.4200460206
3.717728139421821e-05,0.00013828835750733304,49.46171875720269,680.349035432151,0.0,0.07333293700571915,114.57341474084426,7.686657897337346e-13,0.0,8.271287043903165e-05,38.2033191833881,4.146209312296193e-09,1.5640359659782732e-11,1.775813948944099e-09,8.366665282696217e-11,8.606032881611152e-07,1.000897255936872,1.224791750292135e-08,0.00031001294262603563,2600768.201865107,873846.0450382816
3.7190035817813946e-05,0.0001389156792113473,48.90912986423501,676.2508344901029,0.0,0.07233898059498926,113.0282286439554,7.147615006068717e-13,0.0,8.159724657666974e-05,37.68809206315434,3.9947913173478155e-09,6.772307628420657e-12,1.748648052437598e-09,1.2230958783055235e-10,7.593469438803474e-07,0.9873987956666075,1.1479580392340079e-08,0.0003099254669849506,2600870.250647066,856811.2918722382
3.7202790241409684e-05,0.00013953601250953648,48.36582897691603,672.2363093935154,0.0,0.07137393328647167,111.52745861284238,6.704270816034913e-13,0.0,8.05137041437376e-05,37.187675098282,3.852050697115706e-09,1.8148733289821123e-13,1.7223687339541901e-09,0.0,6.713136854012359e-07,0.9742883373703213,1.0767420360226059e-08,0.0003098398545568685,2600968.187009219,840361.6666885286
3.721554466500542e-05,0.00014014947400070092,47.83152586674713,668.3029900240936,0.0,0.07043661150298061,110.06932975161911,6.314788143928561e-13,0.0,7.946095956219395e-05,36.701476460500366,3.717341158661141e-09,8.686264622927267e-12,1.696934917583203e-09,0.0,5.93842303822351e-07,0.9615503778550096,1.010678964658466e-08,0.0003097560434196307,2601062.0106999786,824470.33107099
3.7228299088601165e-05,0.0001407561766613704,47.30594264388008,664.4485056757974,0.0,0.06952589620784753,108.65215910183828,5.964678118359736e-13,0.0,7.843779977068351e-05,36.228934977929754,3.5900746316543335e-09,7.832938386522905e-12,1.6723078962587375e-09,4.4400738532842e-10,5.250114602763183e-07,0.9491702163152625,9.493468589205974e-09,0.00030967397443181486,2601151.7214783253,809111.9871986413
3.72410535121969e-05,0.0001413562299988907,46.788813091877294,660.6705801707262,0.0,0.06864072747634184,107.27434984238765,5.624889165137235e-13,0.0,7.744306919298973e-05,35.769518200997325,3.4697138751196277e-09,1.363448307974306e-12,1.6484513124349367e-09,2.3862845939033263e-10,4.6572745426879485e-07,0.9371339031440958,8.923621952903307e-09,0.0003095935910788067,2601237.3191138045,794262.772487784
3.725380793579264e-05,0.0001419497401962877,46.279882045589865,656.9670271601136,0.0,0.06778010095714376,105.93438591934141,5.28947786025887e-13,0.0,7.647566776070702e-05,35.32272061174078,3.3557684226546946e-09,2.0577679920874517e-12,1.6253310225031387e-09,0.0,4.139141342892119e-07,0.9254281957561189,8.393760466806116e-09,0.0003095148393290739,2601318.8033865266,779900.16245594
3.7266562359388384e-05,0.00014253681024945964,45.77890480892779,653.3357456904225,0.0,0.06694306409211903,104.63082706926275,4.984402887098791e-13,0.0,7.55345537528845e-05,34.88806196431214,3.247790876100715e-09,4.977265368737136e-12,1.602914875576174e-09,4.545337615856442e-11,3.677362986083525e-07,0.9140405136060655,7.900706639896683e-09,0.0003094376674998252,2601396.17408717,766002.881175531
3.727931678298412e-05,0.00014311754009719088,45.285646609418,649.7747159419445,0.0,0.06612871339011203,103.36230420295323,4.716546808710768e-13,0.0,7.46187396918232e-05,34.4650857456703,3.1453722755383984e-09,3.856499450558475e-12,1.5811725284634092e-09,4.276903161905071e-11,3.270351499946906e-07,0.9029588968191246,7.441564070373787e-09,0.0003093620261313523,2601469.4310169797,752550.81856918
3.729207120657986e-05,0.00014369202674443263,44.79988208715028,646.2819953663819,0.0,0.06533619108931478,102.12751511972847,4.4660486673062793e-13,0.0,7.372728563813762e-05,34.05335774649663,3.0481375906204525e-09,2.3675491411045496e-12,1.560075331172616e-09,0.0,2.9137830233322603e-07,0.8921719698540244,7.0136900397835845e-09,0.000309287867869393,2601538.573987768,739524.9542155562
3.7304825630175597e-05,0.00014426036437926575,44.321394815490024,642.8557150844474,0.0,0.06456468173074768,100.9252205251198,4.2233558917867124e-13,0.0,7.285929593598813e-05,33.65246473329585,2.955742281383486e-09,3.1879834622283684e-12,1.5395962361808568e-09,3.7696495062073077e-11,2.598097216338441e-07,0.8816689071536229,6.614671080346448e-09,0.0003092151473549254,2601603.6028219173,726907.2869637312
3.731758005377134e-05,0.00014482264448393694,43.84997685102609,639.4940763328055,0.0,0.06381340998270021,99.75424032740813,3.9974332437824025e-13,0.0,7.201391713801395e-05,33.26201321347209,2.8678696520193016e-09,3.295026946292127e-12,1.5197096940203447e-09,0.0,2.3203493792166802e-07,0.8714393999789101,6.242301139700169e-09,0.0003091438211208623,2601664.517352376,714680.7696470653
3.733798643714304e-05,0.00014570988395953222,43.10994115485461,634.2457859291925,0.0,0.06265168013849935,97.94307975170113,3.668440693576861e-13,0.0,7.070637037052771e-05,32.65810005601644,2.735966532601328e-09,3.27141379425122e-12,1.4890649210952531e-09,0.0,1.9405173650672027e-07,0.8556173694778046,5.6969834765304824e-09,0.00030903249961322833,2601753.419616886,695892.5537752603
3.735839282051474e-05,0.0001465821947579654,42.386714156861544,629.1517963208654,0.0,0.06153704266991133,96.2048881477737,3.371996947934705e-13,0.0,6.945151014120529e-05,32.07851771062786,2.6138287201612195e-09,4.17036977243898e-12,1.4597833120985599e-09,2.0501828305786718e-10,1.620809142182175e-07,0.840432781735003,5.207388059261e-09,0.00030892447939113,2601831.7889990583,678002.7617706775
3.737879920388644e-05,0.00014743991234450902,41.67956379932839,624.2057365998058,0.0,0.06046687308398547,94.5356495703236,3.107076611577289e-13,0.0,6.824643702411519e-05,31.521927092988225,2.5005111927052377e-09,3.836206474979377e-12,1.4317802458773538e-09,4.144084557859057e-11,1.3623867407590534e-07,0.8258505539521751,4.767087267468557e-09,0.0003088196090074161,2601899.6249835473,660954.5754944363
3.739920558725814e-05,0.000148283357692951,40.98780091146496,619.4015961577161,0.0,0.05943873782267129,92.93163438884928,2.8698653353913307e-13,0.0,6.708845552758597e-05,30.987084588795955,2.395179621081467e-09,2.676457826879532e-12,1.4049779480187953e-09,0.0,1.1492387723669169e-07,0.81183810552122,4.370475469901145e-09,0.0003087177465070173,2601956.9271242744,644695.6665271989
3.741961197062985e-05,0.00014911283811687678,40.310776081763926,614.7336999385669,0.0,0.0584503765852729,91.38937457019794,2.6544383664514506e-13,0.0,6.597505980057786e-05,30.47283381178301,2.2970954989522944e-09,2.4404505150990133e-12,1.3793048143414987e-09,3.132674470135296e-11,9.699957763887137e-08,0.7983651413171863,4.012653755989007e-09,0.00030861875871498193,2602003.69504443,629177.7754619438
3.744001835400155e-05,0.00014992864805196313,39.647876751927335,610.1966850329112,0.0,0.05749968858207498,89.90564143673535,2.45876301048238e-13,0.0,6.490391818967671e-05,29.978098187235602,2.2056035356450955e-09,2.675838813143302e-12,1.3546948162003055e-09,0.0,8.210453583812583e-08,0.7854034564794654,3.6893321382796655e-09,0.0003085225205760858,2602039.928436475,614356.3357948725
3.746042473737325e-05,0.00015073106978780225,38.99852453490028,605.7854792219349,0.0,0.05658471870269283,88.47742562772403,2.281733421643329e-13,0.0,6.387285831970978e-05,29.50187427017834,2.120120727683188e-09,2.4884270057279527e-12,1.3310869730527617e-09,2.333844999507648e-13,6.96977220159539e-08,0.7729267618980029,3.3967469258495274e-09,0.0003084289145463155,2602065.627062144,600190.1378463164
3.7480831120744947e-05,0.00015152037414290263,38.362172783735026,601.4952814977283,0.0,0.05570364450968673,87.10191903349433,2.120446293040434e-13,0.0,6.287985307201376e-05,29.04322572139065,2.040126948867923e-09,2.2572356245963594e-12,1.3084248814507645e-09,5.516405125710024e-11,5.921117725270324e-08,0.7609105266737209,3.131590088555558e-09,0.00030833783004246906,2602080.7907524477,586641.0282450041
3.7501237504116646e-05,0.00015229682108689805,37.73830439148974,597.3215442101563,0.0,0.054854765230265126,85.77649848217045,1.9727451611473723e-13,0.0,6.192300770867778e-05,28.601277867816226,1.965156981565025e-09,2.3192010136005665e-12,1.2866562946979572e-09,0.0,5.049491880124976e-08,0.749331835371493,2.8909487254302123e-09,0.000308249162945274,2602085.4194076713,573673.6405913692
3.7521643887488346e-05,0.00015306066031983836,37.126429775668115,593.2599565663878,0.0,0.054036492223397695,84.4987109759279,1.838054633638034e-13,0.0,6.100054984307668e-05,28.175212779662218,1.894793789929114e-09,2.303074923141913e-12,1.2657327485506902e-09,0.0,4.329706448628189e-08,0.7381692590951895,2.672253407583322e-09,0.0003081628151451349,2602079.5129973777,561255.1534701579
3.7542050270860046e-05,0.0001538121318148596,36.52608501642442,589.306429472329,0.0,0.05324733946497301,83.26626030432955,1.7151418627558343e-13,0.0,6.011082226444702e-05,27.764264806682036,1.8286627510808988e-09,2.1498173216819163e-12,1.2456092273267978e-09,1.2234226006678887e-11,3.7012999274544936e-08,0.7274027389229507,2.473233853109756e-09,0.00030807869412327,2602063.071560406,549355.0727420677
3.756245665423175e-05,0.00015455146632556015,35.936830139840794,585.4570812359096,0.0,0.05248591635429946,82.07699489072792,1.6023236390278906e-13,0.0,5.925227234874322e-05,27.367716525624616,1.7664265870713492e-09,2.0747549777215513e-12,1.2262438646946864e-09,0.0,3.170956768912554e-08,0.7170134787494599,2.291880738347502e-09,0.0003079967125663694,2602036.095204874,537945.0350689695
3.758286303760345e-05,0.00015527888585881633,35.35824754272911,581.708224731605,0.0,0.05175091932614173,80.9288967453206,1.4985907241583117e-13,0.0,5.8423442994855784e-05,26.984895056695137,1.707780973860883e-09,2.0674826876118224e-12,1.207597674639062e-09,0.0,2.7303924870374485e-08,0.7069838496990574,2.1264128250344314e-09,0.00030791678801366396,2601998.5841081725,526998.6309398678
3.760326942097515e-05,0.00015599460411576066,34.78994054593875,578.0563554109813,0.0,0.05104112502000103,79.82007140978922,1.4033266396522948e-13,0.0,5.7622965381615534e-05,26.61516871065616,1.6524507628015727e-09,2.0093874501817648e-12,1.1896343093325065e-09,0.0,2.3701707917950736e-08,0.697297302282119,1.9752485762599215e-09,0.0003078388425335014,2601950.5385169694,516491.2445999894
3.762367580434685e-05,0.0001566988269044953,34.23153205992312,574.4981400951496,0.0,0.05035538464168747,78.74873879020892,1.315704631320633e-13,0.0,5.684955378193558e-05,26.257943932118902,1.600186723825312e-09,1.9266537895098884e-12,1.1723198410943646e-09,0.0,2.0623961400595796e-08,0.687938286172299,1.8369816164199929e-09,0.0003077628024256605,2601891.958747205,506399.9090504332
3.764408218771855e-05,0.00015739175252717713,33.68266335024839,571.030406529637,0.0,0.049692619000015155,77.71322478788684,1.2348380115597606e-13,0.0,5.610200123976888e-05,25.912662508900777,1.550762704283752e-09,1.904344869805878e-12,1.1556225656919067e-09,7.905870715233324e-11,1.752554055995021e-08,0.6788921768423267,1.7103594749435692e-09,0.0003076885979465564,2601822.8451840905,496703.1745473584
3.766448857109025e-05,0.0001580735721430574,33.142992895512286,567.6501337675514,0.0,0.04905181340008444,76.71195364927148,1.1602114604682434e-13,0.0,5.5379170603257995e-05,25.578799021157256,1.5039730863893443e-09,1.8751502243060175e-12,1.1395128244686336e-09,6.8588548533759745e-12,1.52250874314865e-08,0.6701452079478285,1.5942651134547408e-09,0.0003076161630555792,2601743.1982821063,487380.9892934383
3.768489495446196e-05,0.00015874447010889544,32.61219533161285,564.3544435598991,0.0,0.048432011630885716,75.74344096487256,1.0913101491856505e-13,0.0,5.4679989279118005e-05,25.255858506921612,1.4596305887574885e-09,1.8105776499178034e-12,1.1239628431901194e-09,0.0,1.330967741743762e-08,0.6616844121615896,1.4877008391544805e-09,0.0003075454351809835,2601653.018564998,478414.59125173744
3.770530133783366e-05,0.0001594046242984525,32.08996047421708,561.140591976054,0.0,0.047832312204479456,74.8062872541986,1.0275367365332235e-13,0.0,5.400344633231592e-05,24.943374323048307,1.4175643564164387e-09,1.7587912317170688e-12,1.1089465858522113e-09,2.436520193909492e-11,1.1531712038797488e-08,0.6534975642005784,1.3897743017976278e-09,0.00030747635500363727,2601552.3066257737,469786.4093513735
3.772570772120536e-05,0.00016005420640280554,31.575992412022906,558.0059615145143,0.0,0.04725186542254734,73.8991720803263,9.684225069777808e-14,0.0,5.334858843388892e-05,24.640906182760357,1.3776182732799163e-09,1.7306460273236843e-12,1.0944396218861082e-09,0.0,1.010386238301688e-08,0.6455731287966718,1.2996863113892879e-09,0.00030740886625691533,2601441.063126699,461479.9733778693
3.774611410457706e-05,0.00016069338221293795,31.07000866489247,554.9480540039082,0.0,0.04668986946584583,73.02084864399595,9.136199507197605e-14,0.0,5.271451583974923e-05,24.348038353092115,1.3396494624963443e-09,1.696300369873783e-12,1.0804190053431595e-09,0.0,8.8738580409309e-09,0.6379002140661842,1.2167201700064978e-09,0.00030734291554124297,2601319.2887992943,453479.83195086627
3.776652048794876e-05,0.00016132231188579213,30.571739401310435,551.9644839747331,0.0,0.046145566799912593,72.17013881264596,8.627638399129216e-14,0.0,5.2100378391034474e-05,24.064377997360175,1.3035269581199337e-09,1.6528208260444689e-12,1.066863164812082e-09,4.736899394000041e-11,7.665038009367913e-09,0.6304685280831185,1.1402322955989045e-09,0.00030727845215211856,2601186.984444328,445771.4775746848
3.778692687132046e-05,0.00016194115019487715,30.080926710634174,549.0529723865775,0.0,0.04561824131169556,71.34592854444789,8.154860397705865e-14,0.0,5.150537152929229e-05,23.78955364934487,1.26913053247817e-09,1.6179261105056796e-12,1.053751802970577e-09,0.0,6.764552691733997e-09,0.6232683385957626,1.069644035098567e-09,0.000307215427920527,2601044.150931814,438341.2780101533
3.780733325469216e-05,0.0001625500467665149,29.597323925839333,546.2113408067574,0.0,0.04510721558795405,70.54716367141918,7.714927432762574e-14,0.0,5.092873344648531e-05,23.523213807203675,1.2363496596190005e-09,1.5899829033001862e-12,1.0410658048068922e-09,0.0,6.157905008936023e-09,0.616290436554693,1.0044344780393763e-09,0.0003071537970647025,2600890.7892010035,431176.4134571195
3.7827739638063865e-05,0.00016314914630275297,29.120694992541257,543.437506045681,0.0,0.04461184801575461,69.77284600931944,7.30536319502782e-14,0.0,5.0369743997920114e-05,23.26502563634757,1.2050825950954225e-09,1.5583269373107913e-12,1.0287871536587632e-09,1.0511562368714619e-11,5.2904693590696305e-09,0.6095261024277274,9.441341116258388e-10,0.00030709351605227815,2600726.900260378,424264.8190192477
3.7848146021435565e-05,0.0001637385887918562,28.650813879839394,540.7294747458975,0.0,0.04413153186397361,69.02202976533485,6.923667982930546e-14,0.0,4.982772095642234e-05,23.014673771614202,1.1752355497433544e-09,1.5250925175133038e-12,1.0168988542979743e-09,0.0,4.619595194318523e-09,0.602967073331517,8.883192558335953e-10,0.0003070345434720483,2600552.4851876474,417595.13160233735
3.7879585697773275e-05,0.00016462814111460258,27.9395874871058,536.6816770959032,0.0,0.043419656999468356,67.90920302050495,6.384944538144321e-14,0.0,4.902435946444105e-05,22.64361327653226,1.131832201225972e-09,1.4769070222897745e-12,9.993100151716765e-10,4.8212307490909645e-12,3.802481964169871e-09,0.5932455691804437,8.102328784513949e-10,0.00030694615609467977,2600263.1687226417,407768.19744617085
3.7901921589090525e-05,0.00016524664071370857,27.443313128534687,533.8944940562492,0.0,0.042933708962298575,67.1495240972913,6.034995356432241e-14,0.0,4.847593911177663e-05,22.390306249823738,1.1027622797776216e-09,1.4520908358453764e-12,9.873240627888495e-10,1.3090359937520128e-12,3.386072543565132e-09,0.5866091166775854,7.599954003080336e-10,0.00030688511821845305,2600042.4510830715,401100.2182748093
3.792425748040778e-05,0.00016585413636156603,26.954229915085364,531.1782898764486,0.0,0.04246345026982128,66.41435155568676,5.709848728893609e-14,0.0,4.794520982168672e-05,22.145170623119775,1.0750525133480753e-09,1.426157331177533e-12,9.757408101048924e-10,0.0,2.961832349726628e-09,0.5801867487822419,7.136633138129102e-10,0.0003068254868264874,2599809.128017606,394678.78971286217
3.794659337172504e-05,0.00016645078593401604,26.472094138179077,528.5309268601299,0.0,0.0420082578939348,65.70271386676048,5.4074930057572116e-14,0.0,4.743147056629038e-05,21.907882449915995,1.0486174652811837e-09,1.3969039365524742e-12,9.64543126583219e-10,2.787101845819971e-12,2.6051890839834423e-09,0.5739699781892356,6.708878353644453e-10,0.0003067672187191412,2599563.201364409,388492.55189159187
3.7968929263042295e-05,0.000167036741981709,25.99667259799902,525.9503628559625,0.0,0.0415675422939342,65.01369174525125,5.125947980315016e-14,0.0,4.693405793862604e-05,21.678135203851408,1.0233783826307661e-09,1.3699507018444654e-12,9.537148677215103e-10,0.0,2.311991354365964e-09,0.5679507741007341,6.313550565708802e-10,0.00030671027290226537,2599304.673060934,382530.82111975044
3.799126515435955e-05,0.00016761215196149632,25.527742002688086,523.4346459990259,0.0,0.041140745229291384,64.3464147722691,4.863503041047035e-14,0.0,4.645234350840047e-05,21.455638652578877,9.992625694068315e-10,1.346404140520829e-12,9.432408060307553e-10,0.0,2.0281110707604167e-09,0.5621215327076021,5.947821713815066e-10,0.0003066546104581898,2599033.5451439144,376783.5421015163
3.801360104567681e-05,0.00016817715844992618,25.06508842376588,520.9819098811511,0.0,0.04072733794197079,63.70005828158989,4.618696457999556e-14,0.0,4.598573181413062e-05,21.240117819528646,9.76202837983773e-10,1.3229354246973995e-12,9.33106568020864e-10,4.672795670823229e-12,1.7952190285135589e-09,0.5564750498168661,5.609140619461291e-10,0.0003066001944291997,2598749.819749346,371241.244171226
3.8035936936994065e-05,0.00016873189934414428,24.60850679069464,518.590369122238,0.0,0.04032681922254966,63.07384048151538,4.390145930642626e-14,0.0,4.5533658421888706e-05,21.031312024219183,9.541370193814165e-10,1.29909062751281e-12,9.232985763742283e-10,0.0,1.6215138663417685e-09,0.5510044958096686,5.295202898802199e-10,0.00030654698970971294,2598453.499112468,365895.001140048
3.805827282831132e-05,0.0001692765080541031,24.15780041158481,516.2583151522754,0.0,0.039938713690236716,62.467019788537314,4.176544582200137e-14,0.0,4.5095587985450044e-05,20.828973993192296,9.330075192110258e-10,1.2768483862537618e-12,9.138039966437841e-10,0.0,1.4202434468794462e-09,0.5457033923776049,5.003924841789311e-10,0.000306494962944264,2598144.585567749,360736.39428947767
3.808060871962858e-05,0.000169811113685791,23.71278052053341,513.9841121782298,0.0,0.039562570366291926,61.87889235587902,3.976739899902943e-14,0.0,4.46710125236639e-05,20.632869035928483,9.127609164524981e-10,1.2562193420049754e-12,9.046106881061211e-10,2.2183921998138973e-11,1.2219137108828457e-09,0.5405655907413156,4.733420221563475e-10,0.0003064440824313238,2597823.0815488664,355757.47822895856
3.8102944610945835e-05,0.00017033584121411193,23.27326585539886,511.7661935253093,0.0,0.039197960919849825,61.30878978270559,3.789707571681226e-14,0.0,4.425944946216831e-05,20.44277428100484,8.933476026179625e-10,1.2359064878303275e-12,8.957071585035974e-10,0.0,1.129801377806506e-09,0.5355852517985789,4.481979526004248e-10,0.00030639431803386767,2597488.989588687,350950.7495135381
3.8125280502263085e-05,0.00017085081164569933,22.839082265149095,509.603058143216,0.0,0.03884447843223939,60.75607698931719,3.61448739659659e-14,0.0,4.386044022804598e-05,20.25847796759839,8.747214593005592e-10,1.2158934785010484e-12,8.8708252234537e-10,0.0,1.0160113954900921e-09,0.5307568276465506,4.2480517112775075e-10,0.0003063456410964633,2597142.3123192484,346309.1176540412
3.814761639358034e-05,0.00017135614217313633,22.410062342174683,507.49326735408084,0.0,0.03850173610245933,60.22015024371503,3.450186750382015e-14,0.0,4.3473548970766376e-05,20.079778787463326,8.568395674658517e-10,1.1968975579996908e-12,8.787264624044347e-10,0.0,9.086957625118587e-10,0.5260750441593736,4.0302280666986125e-10,0.0003062980243678486,2596783.052471737,341825.87836410024
3.81699522848976e-05,0.0001718519463216585,21.98604507599279,505.43544178104344,0.0,0.03816936611457729,59.70043532665511,3.296004359569818e-14,0.0,4.30983612072149e-05,19.90648527308577,8.396619436069591e-10,1.1788668492707318e-12,8.706291941001658e-10,0.0,8.169938826340817e-10,0.5215348850208168,3.8272277894959656e-10,0.0003062514419282111,2596411.2128764675,337494.6888178523
3.8192288176214855e-05,0.00017233833408859489,21.566875527342077,503.4282584753984,0.0,0.03784701849483384,59.196385824291156,3.1512153183531336e-14,0.0,4.273448252134701e-05,19.738415228382124,8.231513004202129e-10,1.161318066800227e-12,8.627814325270884e-10,1.8783420084496617e-14,7.340104984651672e-10,0.5171315768290226,3.637885146462487e-10,0.00030620586912093417,2596026.79646286,333309.544767556
3.821462406753211e-05,0.0001728154120756242,21.15240452223795,501.4704482101789,0.0,0.03753436008486403,58.70748153864088,3.0151457223633584e-14,0.0,4.2381537367432486e-05,19.575395198684447,8.072728301374464e-10,1.1442208546757073e-12,8.551743619228406e-10,0.0,6.612038533847996e-10,0.5128605751999173,3.461138074667946e-10,0.00030616128248872696,2595629.8062594165,329264.75935382955
3.823695995884937e-05,0.00017328328361423077,20.7424883648192,499.560792941341,0.0,0.03723107357918576,58.233227006643205,2.8871714178527656e-14,0.0,4.2039168033096906e-05,19.417259976934496,7.919940083659982e-10,1.1278089591041162e-12,8.477996073713142e-10,0.0,5.97392077529196e-10,0.5087175518399231,3.296018011794316e-10,0.0003061176597138596,2595220.245393699,325354.9434748965
3.8259295850166625e-05,0.0001737420488849315,20.336988567187063,497.6981234120665,0.0,0.03693685665523488,57.77315011917749,2.7667241709926014e-14,0.0,4.170703368415785e-05,19.263852143209117,7.772844158871765e-10,1.1120662589141092e-12,8.406492085453715e-10,0.0,5.415350271723767e-10,0.5046983824710958,3.141640799099519e-10,0.0003060749795621082,2594798.117092302,321574.9875760567
3.828163174148388e-05,0.00017419180503073226,19.93577159476501,495.88131689933635,0.0,0.036651421146976955,57.326800832256815,2.6532857030423413e-14,0.0,4.138480943689918e-05,19.11502163498039,7.631155762974037e-10,1.0967698181179602e-12,8.337155953158653e-10,5.519690999389092e-14,4.886532220329889e-10,0.5007991355729517,2.9971985533525625e-10,0.00030603322183008803,2594363.42468083,317920.0447480272
3.830396763280114e-05,0.00017463264626510212,19.538708626218295,494.109295087783,0.0,0.03637449228183759,56.8937499634259,2.5463747254017525e-14,0.0,4.10721854675539e-05,18.970625345786257,7.494608079722857e-10,1.0819082368142834e-12,8.269915650766203e-10,0.0,4.4774901478010663e-10,0.4970160618535101,2.8619524056797865e-10,0.0003059923672957595,2593916.1715838676,314385.5150247152
3.8326303524118395e-05,0.00017506466397471205,19.1456753271178,492.381022085058,0.0,0.0361058079035447,56.47358806700976,2.4455447392910895e-14,0.0,4.076886619259519e-05,18.830526750193375,7.362950890935709e-10,1.0676302767103782e-12,8.204702616506588e-10,2.5836265088176543e-13,3.91559589056835e-10,0.4933455844757435,2.7352259815005373e-10,0.0003059523976719348,2593456.361324957,310967.03079850634
3.834863941543565e-05,0.00017548794681723187,18.75655163654941,490.69550249476316,0.0,0.03584511794500673,56.06592438233605,2.3503882979457875e-14,0.0,4.047456950781378e-05,18.69459555309223,7.235949344750767e-10,1.053867479046482e-12,8.141451556507878e-10,0.0,4.1102116492970326e-10,0.48978428971771576,2.6163995682747565e-10,0.0003059132955625698,2592983.9975265674,307660.4432179607
3.8382853481986785e-05,0.00017611958830088495,18.16781040210582,488.1943583126735,0.0,0.03546075351455371,55.464854874112774,2.2147804332667604e-14,0.0,4.004065113900076e-05,18.494175205070313,7.04993686875388e-10,1.0335884633628665e-12,8.048227072655208e-10,2.397512808497773e-13,3.1533703589761173e-10,0.4845334280079003,2.4484174014972683e-10,0.0003058550437174339,2592236.097700455,302803.45779005636
3.8417067548537925e-05,0.00017673123311635682,17.587572123678473,485.78802470068734,0.0,0.0350937795522528,54.89097473638986,2.090384782904066e-14,0.0,3.962636106710909e-05,18.302820869201256,6.873600317501698e-10,1.0141486014837214e-12,7.959250449527163e-10,0.0,2.951052394647365e-10,0.47952008889696457,2.295815340396874e-10,0.0003057987329829618,2591458.7647804217,298186.52740506554
3.8451281615089065e-05,0.00017732316564009862,17.015457230007748,483.4734211349793,0.0,0.03474344054031536,54.34310369059901,1.976109646466438e-14,0.0,3.923084723482514e-05,18.120138993814713,6.706270720670378e-10,9.955889323740976e-13,7.874325898018744e-10,0.0,2.563856382319024e-10,0.4747339617218629,2.1569808043579208e-10,0.0003057443117013317,2590652.013135764,293797.33222813584
3.8485495681640205e-05,0.00017789565758420675,16.451104654454728,481.2476460451581,0.0,0.034409031538895726,53.82014024440184,1.870985643044121e-14,0.0,3.88533144675416e-05,17.94576229770133,6.547337278369525e-10,9.779164005049256e-13,7.793271176048162e-10,4.1148203009861814e-13,2.0638165088594582e-10,0.47016542398408717,2.0304942907803639e-10,0.00030569173210397404,2589815.8576795943,289624.4506017869
3.8519709748191346e-05,0.00017844896860114002,15.894170585851674,479.10796594744863,0.0,0.0340898943315486,53.32105580210899,1.774151567264284e-14,0.0,3.8493020212032845e-05,17.779347806291227,6.396241386771339e-10,9.610498308847498e-13,7.715916516363636e-10,4.480935001551428e-13,1.8256919301546423e-10,0.46580548997175164,1.9151039048635338e-10,0.0003056409500624837,2588950.3138685673,285657.28546221316
3.8553923814742486e-05,0.00017898334685480135,15.344327299390766,477.0518053213678,0.0,0.03378541391020087,52.8448893057912,1.6848391466403428e-14,0.0,3.814927065700398e-05,17.620575064786532,6.252471328297437e-10,9.449103500959613e-13,7.642103654986131e-10,0.0,1.7769272958179348e-10,0.4616457640207024,1.8097035479144202e-10,0.000305591924856763,2588055.3977025915,281885.9978327991
3.8588137881293626e-05,0.00017949902955661763,14.801262068904387,475.0767372371616,0.0,0.0334950153215815,52.39074235663991,1.60236081785128e-14,0.0,3.7821417248022695e-05,17.4691445114283,6.115557561763237e-10,9.294717461120387e-13,7.571684950638762e-10,1.3571083467543728e-12,1.0071602230674302e-10,0.4576783979266685,1.7133142755097146e-10,0.00030554461896080485,2587131.125724535,278301.4466916989
3.8622351947844766e-05,0.00017999624346295894,14.264676169105064,473.1804747036488,0.0,0.033218161178935744,51.957774773773906,1.526101462806749e-14,0.0,3.750885366588728e-05,17.324775996625537,5.985068570839428e-10,9.146984974510462e-13,7.504522587301939e-10,5.875554026818114e-11,4.3138554597319306e-11,0.45389605183421694,1.6250682785085403e-10,0.0003054989978477929,2586177.515019919,274895.13458219625
3.8656566014395907e-05,0.00018047520533658919,13.734283959365788,471.3608631215472,0.0,0.032954348347899697,51.54520054706518,1.4555101999546804e-14,0.0,3.721101229892517e-05,17.187207433466302,5.860607200458161e-10,9.005359589043016e-13,7.440487851247414e-10,3.465755157139929e-13,1.213979761340092e-10,0.45029185931980414,1.5441949753409324e-10,0.00030545502981317005,2585194.583216602,271659.1586105143
3.869078008094705e-05,0.0001809361223781218,13.209812035438354,469.61587296495094,0.0,0.03270310635050676,51.15228414249412,1.3900922466653332e-14,0.0,3.692736194169914e-05,17.05619356577582,5.741807400286102e-10,8.869439337372451e-13,7.379460473812443e-10,0.0,1.0911349950648701e-10,0.4468593949131214,1.4700091089943895e-10,0.0003054126858121783,2584182.348484456,268586.16580623155
3.872499414749819e-05,0.00018137919263120283,12.690998439184154,467.9435933540746,0.0,0.03246399474084486,50.778337124793985,1.3294024302435132e-14,0.0,3.665740567787047e-05,16.931504841971602,5.628331315378412e-10,8.738990058721245e-13,7.321328032773337e-10,1.1889532941921464e-11,9.110911985964468e-11,0.4435926444954583,1.4019004201273144e-10,0.00030537193930983594,2583140.8295350266,265669.312775773
3.875920821404933e-05,0.00018180460536224428,12.177591922352045,466.34222605828,0.0,0.0322366012058103,50.422715068231234,1.2730400541610039e-14,0.0,3.6400678416359294e-05,16.81292638499474,5.519866686095613e-10,8.613734494180817e-13,7.26598540675296e-10,2.8017219113399323e-12,8.75412007217303e-11,0.44048597846042276,1.339324667812443e-10,0.0003053327661428982,2582070.045621191,262902.22900197154
3.879342228060047e-05,0.0001822125414152728,11.66935126348931,464.81008001875114,0.0,0.0320205398733232,50.084814729637806,1.2206440235835245e-14,0.0,3.615674470802382e-05,16.700257049686492,5.416124527071208e-10,8.493334799155467e-13,7.213334277754235e-10,7.404031722403364e-12,7.067752975023133e-11,0.4375341269497295,1.2817958699779325e-10,0.0003052951443933157,2580970.0165367993,260278.98350151363
3.88276363471516e-05,0.00018260317354365884,11.166044633495492,463.34556645211217,0.0,0.03181544952870318,49.7640714595247,1.1718882542167967e-14,0.0,3.592519689758596e-05,16.593308559550614,5.316837052000686e-10,8.37751276505985e-13,7.163282677128307e-10,1.2273407660279092e-11,6.997259956806658e-11,0.4347321572469017,1.2288795490642327e-10,0.0003052590542722598,2579840.7626163103,257794.0545663077
3.886185041370274e-05,0.0001829766667209534,10.667449003745034,461.9471944121227,0.0,0.03162099206560098,49.45995682918783,1.1264778589145806e-14,0.0,3.5705653390432435e-05,16.491904715536098,5.221755811162617e-10,8.266057212918039e-13,7.115744570649087e-10,0.0,8.072979142679078e-11,0.43207545310807943,1.1801868362149403e-10,0.0003052244780136086,2578682.304734416,255442.30224508475
3.889606448025388e-05,0.00018333317843249465,10.173349593660447,460.6135667289949,0.0,0.03143685126961121,49.171976454373784,1.0841459749626918e-14,0.0,3.549775730638744e-05,16.395880670360786,5.130650016053823e-10,8.158749205169822e-13,7.070639478922309e-10,0.0,5.567951320472502e-11,0.4295596956650649,1.1353693496273081e-10,0.0003051913997758715,2577494.6643056525,253218.94327915812
3.893027854680502e-05,0.0001836728589488327,9.683539353981287,459.34337645800025,0.0,0.03126273149884002,48.89966799848503,1.044650830037856e-14,0.0,3.5301175034778094e-05,16.30508226270068,5.043305030457087e-10,8.055355723039805e-13,7.02789212991276e-10,2.4171058273612327e-11,4.0053106860380104e-11,0.427180845934284,1.0941147109388675e-10,0.000305159805552128,2576277.8632840095,251119.5283513093
3.896449261335616e-05,0.00018399585158191667,9.197818482744676,458.1354038567289,0.0,0.031098356251148703,48.64259934006866,1.0077730402158216e-14,0.0,3.5115594592051625e-05,16.219365406158,4.959521010278938e-10,7.955673332213338e-13,6.987432140739081e-10,1.1263151588708806e-12,8.664733427807208e-11,0.4249351289804126,1.0561426144233597e-10,0.0003051296830875565,2575031.9241625182,249139.92146628103
3.89987066799073e-05,0.00018430229292516065,8.715993972704615,456.9885136468866,0.0,0.030943467349797672,48.40036689069237,9.733133060687536e-15,0.0,3.4940724529885795e-05,16.1385955283742,4.879111675308726e-10,7.859529281488364e-13,6.949193726091813e-10,3.029573191087737e-12,4.9842063914904345e-11,0.42281901919303294,1.0212014055051842e-10,0.00030510102180379993,2573756.869972841,247276.28116099007
3.903292074645844e-05,0.00018459231307853537,8.23787918729898,455.9016527931503,0.0,0.03079782394720858,48.172594050629016,9.410904373440515e-15,0.0,3.477629293972501e-05,16.062647056093848,4.801903198454434e-10,7.766753077575175e-13,6.913115430877989e-10,0.0,4.652698746807294e-11,0.4208292265688405,9.890650833302804e-11,0.00030507381272965793,2572452.7242848426,245525.04351720057
3.906713481300958e-05,0.00018486603585966086,7.763293462202631,454.87384882173177,0.0,0.030661201500558295,47.958929791106364,9.109395471240255e-15,0.0,3.46220464485198e-05,15.991402942430419,4.72773319888534e-10,7.67717428410964e-13,6.879139884988262e-10,0.0,4.4562531762885867e-11,0.4189626845904353,9.59530657639797e-11,0.00030504804843771904,2571119.5112061566,243882.9068520192
3.910134887956072e-05,0.00018512357900170114,7.292061730740894,453.9042085909949,0.0,0.030533391029771394,47.75904735308166,8.827104089193194e-15,0.0,3.447774946523489e-05,15.924754232986013,4.656449827562471e-10,7.590637825938686e-13,6.847213578315678e-10,8.453320541861523e-11,0.0,0.4172165388016137,9.324158426607826e-11,0.00030502372298652614,2569757.2553817355,242346.81791870977
3.913556294611186e-05,0.0001853650543387749,6.824014169785118,452.9919177972112,0.0,0.030414198016322395,47.57264305351963,8.562660263703987e-15,0.0,3.434318257079535e-05,15.862599667817362,4.587910937370715e-10,7.507005000294832e-13,6.817286654357859e-10,2.865639955188745e-12,3.920913541196218e-11,0.4155881362965928,9.075570365765977e-11,0.0003050008318681671,2568365.9819934005,240913.95965676827
3.9169777012663e-05,0.00018559056797961537,6.358985868046897,452.1362407321469,0.0,0.03030344274187803,47.39943519099355,8.31481387308512e-15,0.0,3.421814213443942e-05,15.804845316519662,4.5219833259983513e-10,7.42614231349692e-13,6.789312720818963e-10,0.0,3.5741429818358255e-11,0.4140750159467588,8.848075687400026e-11,0.00030497937196049136,2566945.7167593734,239581.74014565677
3.920399107921414e-05,0.00018580022047021092,5.896816513844309,451.33652156624873,0.0,0.03020095831703684,47.23916304319688,8.08242333975024e-15,0.0,3.4102439951225834e-05,15.75140424395703,4.4585420459949004e-10,7.347919595988375e-13,6.763248675865846e-10,1.2491925986824939e-12,3.468482607623371e-11,0.41267490016529207,8.640361429378816e-11,0.00030495934148391004,2565496.4859338,238347.78333768836
3.9238205145765283e-05,0.00018599410694606974,5.437350099303534,450.5921860647577,0.0,0.030106590721522646,47.09158594971417,7.864445387000065e-15,0.0,3.399590244987188e-05,15.702196204421984,4.397469774500689e-10,7.272215573421332e-13,6.739054548803917e-10,9.30654340300229e-14,3.2823440482669954e-11,0.4113856866581699,8.45125499371198e-11,0.00030494073996266267,2564018.316306268,237209.92092270785
3.927241921231642e-05,0.00018617231727466232,4.980434641037703,449.9027447849376,0.0,0.03002019830420368,46.95648247409288,7.659926013304776e-15,0.0,3.3898369857522484e-05,15.657147362237067,4.3386562372741605e-10,7.198918254445125e-13,6.71669335402461e-10,2.3917642604595687e-12,3.0532857044206094e-11,0.4102054410094002,8.27971275079051e-11,0.00030492356819025745,2562511.235201308,236166.1858040276
3.930663327886756e-05,0.00018633493618857083,4.525921916848128,449.26779804291647,0.0,0.029941651242741688,46.833649639840075,7.467992548398583e-15,0.0,3.380969559712522e-05,15.616190037005845,4.2819976793399316e-10,7.127920642826205e-13,6.696130957185968e-10,0.0,3.060577989373844e-11,0.4091323900287083,8.12481025708818e-11,0.0003049078281988532,2560975.270477892,235214.80727459292
3.9308315703560195e-05,0.00018634253195950673,4.503631361156971,449.23797544894813,0.0,0.02993798905431912,46.82792271624543,7.458864809012761e-15,0.0,3.3805561271233747e-05,15.614280454162328,4.279265424173151e-10,7.124486904089861e-13,6.695165669431317e-10,0.0,3.0194255327585574e-11,0.4090823604003684,8.117607610713626e-11,0.00030490709119469805,2560898.9971716874,235170.37848281616
3.9309998128252825e-05,0.00018635009023284092,4.481346247789186,449.2082838415232,0.0,0.0299343455343276,46.822224991218306,7.449765467920415e-15,0.0,3.3801448024134905e-05,15.612380607275565,4.276538131141868e-10,7.121058462917623e-13,6.694204651192918e-10,0.0,3.028686151491777e-11,0.4090325858464337,8.110443124217314e-11,0.0003049063576607,2560822.654095954,235126.16898417423
3.9310537979482754e-05,0.00018635250756323177,4.474196620112296,449.198784244234,0.0,0.029933180366755973,46.82040290716586,7.44685170285503e-15,0.0,3.380013264265982e-05,15.611773052383283,4.275664055523356e-10,7.119959476028212e-13,6.693897186844624e-10,4.338713230333737e-14,3.011386944263672e-11,0.40901666836716777,8.108152277858926e-11,0.0003049061230220504,2560798.1425810577,235112.0296208974
3.931107783071268e-05,0.00018635492103403798,4.467047550479238,449.1892981296253,0.0,0.029932017119478318,46.81858382662366,7.443940849475196e-15,0.0,3.3798819429454294e-05,15.611166498980058,4.2747904892896806e-10,7.118861032974621e-13,6.693590161611266e-10,0.0,3.0241071226623475e-11,0.4090007771260189,8.105865348216671e-11,0.0003049058887407587,2560773.6238830164,235097.9128127664
3.931224104669907e-05,0.00018636010821687383,4.451645361252402,449.1689002357206,0.0,0.029929517199280928,46.81467446352915,7.437678723441937e-15,0.0,3.379599721955472e-05,15.60986296269634,4.2729099480125824e-10,7.116496069703313e-13,6.692930107046161e-10,0.0,2.997163807676203e-11,0.4089666254594526,8.100950904805567e-11,0.00030490538515012654,2560720.769097711,235067.5698960699
3.931340426268546e-05,0.00018636527748513648,4.4362457490712295,449.14855475105,0.0,0.02992702619051296,46.81077903488077,7.4314300714502e-15,0.0,3.37931850691542e-05,15.608564072707841,4.271031766325978e-10,7.114133637898231e-13,6.692272089468259e-10,0.0,2.991404787349296e-11,0.40893259552103123,8.09605413734543e-11,0.00030490488321885536,2560667.8809647216,235037.32628344727
3.9314209685919795e-05,0.00018636884624700388,4.425584399253899,449.13449795400817,0.0,0.029925306605184325,46.808089959185416,7.427111316452458e-15,0.0,3.379124379735942e-05,15.607667428508996,4.269732673798135e-10,7.112499353132353e-13,6.691817663942755e-10,0.0,3.08549139366616e-11,0.40890910411946424,8.092673669838316e-11,0.0003049045366486018,2560631.24111523,235016.44340106085
3.931501510915413e-05,0.00018637240642246838,4.414924280646166,449.120466746425,0.0,0.029923591285348418,46.805407558598816,7.42279899659334e-15,0.0,3.378930734436961e-05,15.606773010055301,4.268434709607063e-10,7.110866289675513e-13,6.69136421408041e-10,3.843266755391322e-13,2.98884677277026e-11,0.408885671032833,8.089301345162172e-11,0.0003049041908740397,2560594.5852786894,234995.6083296102
3.9315820532388466e-05,0.0001863759580125208,4.404265391321094,449.10646101304434,0.0,0.029921880232098602,46.80273183087191,7.418493101749744e-15,0.0,3.378737570862626e-05,15.605880816596839,4.2671378725586073e-10,7.109234449788696e-13,6.690911739499823e-10,0.0,2.9766214371550244e-11,0.4088622962388487,8.085937102884346e-11,0.0003049038458952266,2560557.9134554733,234974.8209919453
3.93166259556228e-05,0.00018637950101815047,4.393607729253581,449.0924804579048,0.0,0.029920173446016458,46.80006277376093,7.414193621815471e-15,0.0,3.378544888849582e-05,15.604990847385439,4.265842161457414e-10,7.107603835586183e-13,6.69046023982038e-10,0.0,3.001475524568795e-11,0.40883897971713795,8.082580890915107e-11,0.0003049035017122205,2560521.2256459594,234954.0812163209
3.931743137885713e-05,0.00018638303544034514,4.382951292541062,449.0785250091163,0.0,0.029918470922893767,46.79740038502734,7.409900546685217e-15,0.0,3.378352688228682e-05,15.604103101674694,4.2645475751088896e-10,7.105974449355963e-13,6.690009714662461e-10,0.0,3.08761502328893e-11,0.4088157214494128,8.079232649854106e-11,0.00030490315832507997,2560484.5218505217,234933.3889484105
3.931887485374695e-05,0.00018638934833818216,4.363855947859936,449.0535767363758,0.0,0.02991543033235333,46.79264554498151,7.40222251550001e-15,0.0,3.378009431360182e-05,15.602517649932219,4.262230235359574e-10,7.103057351918239e-13,6.689204723195352e-10,0.0,3.038062221655239e-11,0.40877418381186326,8.07325174840899e-11,0.0003049025449001244,2560418.701522541,234896.4230872912
3.931986226982751e-05,0.0001863936508317377,4.350795941881107,449.0365575906904,0.0,0.02991335828301337,46.78940529952656,7.396982121300514e-15,0.0,3.377775514660706e-05,15.601437223933814,4.260647122887764e-10,7.10106417902832e-13,6.688655865941607e-10,0.0,2.9729014463100513e-11,0.4087458774669735,8.069175018276655e-11,0.00030490212675646287,2560373.647231038,234871.22442763534
3.932084968590806e-05,0.00018639794043053727,4.337737766622658,449.0195766863048,0.0,0.029911292633841943,46.786175063044325,7.391751292514885e-15,0.0,3.377542320523183e-05,15.600360135322616,4.2590656937281615e-10,7.09907286316183e-13,6.688108471090215e-10,1.6075938680031359e-13,2.9780134128596224e-11,0.4087176585583192,8.065110059874315e-11,0.00030490170980932617,2560328.568915347,234846.09733640435
3.932183710198862e-05,0.00018640221713638698,4.324681418522545,449.00263376728105,0.0,0.029909233380396454,46.782954831459115,7.386530010714289e-15,0.0,3.377309848649862e-05,15.599286382739615,4.257485945695578e-10,7.097083406266609e-13,6.687562537948719e-10,0.0,2.98775826786976e-11,0.40868952705154177,8.061056866438887e-11,0.00030490129405882465,2560283.4665761613,234821.041649197
3.932366915168863e-05,0.00018641011798070236,4.300461526378762,448.97129853533835,0.0,0.029905429580416157,46.77700650925332,7.376867682432681e-15,0.0,3.376880433073459e-05,15.597302976836763,4.254559330359513e-10,7.093397103550485e-13,6.686553484403742e-10,0.0,2.990391557995134e-11,0.40863756331541395,8.053567652079704e-11,0.0003049005258464326,2560199.7201571073,234774.74242444726
3.932550120138864e-05,0.00018641797445870587,4.276247890445936,448.9400937410872,0.0,0.029901647774633926,46.77109258908763,7.367238039305665e-15,0.0,3.376453501016316e-05,15.595331041934136,4.251638480939965e-10,7.089717219109154e-13,6.685549456028672e-10,0.0,2.974622083596972e-11,0.40858590011138524,8.046118665509206e-11,0.00030489976175456174,2560115.891043973,234728.6885402934
3.932733325108865e-05,0.000186425786581839,4.2520404886841545,448.9090189586819,0.0,0.029897887948544217,46.76521304525155,7.357640964829383e-15,0.0,3.3760290506191506e-05,15.593370569458834,4.248723383612128e-10,7.086043762383107e-13,6.684550448452088e-10,0.0,2.952064349080016e-11,0.4085345372138243,8.038709732147849e-11,0.00030489900178394053,2560031.9792412007,234682.87958240556
3.932916530078866e-05,0.00018643355436150305,4.227839299263514,448.87807410189373,0.0,0.029894150086336613,46.759367852173,7.348076343035945e-15,0.0,3.375607080036759e-05,15.591421550884125,4.2458140245968445e-10,7.082376740756788e-13,6.683556457323988e-10,0.0,2.946061968942764e-11,0.4084834743989474,8.031340699660436e-11,0.0003048982459353069,2559947.984753238,234637.31531532735
3.9330997350488666e-05,0.00018644127780905942,4.203644300477593,448.8472592641151,0.0,0.02989043417080745,46.75355698441807,7.338544058534208e-15,0.0,3.375187587434772e-05,15.589483977729321,4.242910390158215e-10,7.078716159229498e-13,6.682567478315383e-10,1.0764485546055878e-17,2.939013030332915e-11,0.40843271144512283,8.024011445384103e-11,0.0003048974942094077,2559863.9075845378,234591.99559864137
3.9332829400188675e-05,0.0001864489569358297,4.179455470618157,448.8165744881924,0.0,0.029886740185225243,46.74778041669047,7.329043996545482e-15,0.0,3.374770570987727e-05,15.587557841559649,4.2400124666012217e-10,7.075062020321991e-13,6.681583507118003e-10,8.803347759179025e-18,2.940557682816716e-11,0.4083822481315933,8.016721868767092e-11,0.00030489674660699826,2559779.747739556,234546.92026648996
3.933466144988869e-05,0.0001864565917530957,4.155272787948436,448.7860197182504,0.0,0.029883068113100715,46.74203812383156,7.319576042904778e-15,0.0,3.3743560288792736e-05,15.585643133986219,4.2371202402731367e-10,7.071414324423279e-13,6.680604539444343e-10,1.2532093455963278e-17,2.927321223618574e-11,0.4083320842388918,8.009471875726564e-11,0.0003048960031288428,2559695.5052227518,234502.0891023877
3.9337643223849265e-05,0.00018646892317325124,4.1159270674771005,448.73656772422487,0.0,0.02987713840487782,46.73276541171299,7.304234726536745e-15,0.0,3.3736866221235925e-05,15.58255124498567,4.2324251103972616e-10,7.065491247658156e-13,6.679021896942413e-10,6.6966845850027884e-18,2.9193286031919344e-11,0.40825107908167924,7.997756443461841e-11,0.00030489480189298555,2559558.218564964,234429.64512134282
3.9340624997809846e-05,0.00018648113729743707,4.076597479556511,448.6874595054127,0.0,0.02987126663437097,46.72358331892271,7.288977676716777e-15,0.0,3.3730237572711196e-05,15.579489572051708,4.2277449777635143e-10,7.059585222182268e-13,6.677452478989152e-10,6.8679991807583326e-18,2.9123317467904013e-11,0.408170865562634,7.986145159293246e-11,0.000304893611587537,2559420.7129441667,234357.8463246768
3.934360677177042e-05,0.00018649323417361762,4.03728393081561,448.63869468442107,0.0,0.02986545273391683,46.714491739320785,7.273804410959588e-15,0.0,3.3723674266591144e-05,15.576458079793072,4.2230797842357393e-10,7.053696227364357e-13,6.675896267453805e-10,6.821090849154923e-18,2.9011526338781288e-11,0.40809144275444414,7.974637578928823e-11,0.00030489243221594524,2559282.9883796694,234286.691725376
3.9346588545731e-05,0.00018650521384947912,3.997986328086383,448.59027294368957,0.0,0.02985969663630867,46.70549056772403,7.258714450637636e-15,0.0,3.371717622694353e-05,15.573456733137531,4.2184294719748114e-10,7.047824236280047e-13,6.674353244351185e-10,2.0778790096393323e-18,2.8938507344685253e-11,0.4080128097381679,7.963233261189987e-11,0.0003048912637817215,2559145.0448908056,234216.18037499458
3.9351344393457806e-05,0.00018652407868056397,3.9353404981423132,448.5137508467773,0.0,0.029850635273430133,46.69132078309631,7.234817600013483e-15,0.0,3.370694691163087e-05,15.568731966446707,4.2110430049907885e-10,7.038493675738019e-13,6.671919413504162e-10,2.088736268462148e-18,2.8788224520454423e-11,0.4078890244181729,7.945256321250877e-11,0.0003048894228044848,2558924.5758014596,234105.04557448946
3.935881084291977e-05,0.00018655309477344961,3.837070049598392,448.3953710366721,0.0,0.029836705037100446,46.669537351262164,7.197721239888684e-15,0.0,3.369122122495399e-05,15.561468508603784,4.1995221313497027e-10,7.023931856590102e-13,6.668165837764376e-10,1.9930651157432285e-18,2.8563111121930712e-11,0.4076987273066853,7.917557039115458e-11,0.0003048865887449293,2558577.326827882,233933.85672425962
3.936627729238173e-05,0.00018658137749713263,3.7388966240603523,448.2791326315153,0.0,0.0298231351429376,46.648317525445975,7.161132299989534e-15,0.0,3.3675902411300604e-05,15.554392979288561,4.188092746072702e-10,7.009475373000947e-13,6.664494395202766e-10,1.872476614245643e-18,2.8349028436435903e-11,0.40751335378079273,7.89049181124665e-11,0.0003048838233832143,2558228.7057841737,233766.671755496
3.9373743741843696e-05,0.00018660892757134807,3.640818776286076,448.1650308428211,0.0,0.029809924599315283,46.62765975542243,7.125043655086442e-15,0.0,3.366098935154719e-05,15.547504861594557,4.176753971798279e-10,6.995123465728374e-13,6.660904818790019e-10,2.6721883122677833e-18,2.8132112764976645e-11,0.4073328902979648,7.864054289770117e-11,0.00030488112678103257,2557878.712977238,233603.47664876733
3.9388039028643784e-05,0.00018665963337676747,3.453300085134543,447.9525157360776,0.0,0.02978563079937915,46.58967108182927,7.0573189481596e-15,0.0,3.36335649315279e-05,15.534837935046673,4.1552944008090183e-10,6.967934015542073e-13,6.654259678799783e-10,5.721280107529502e-18,2.7738511898730407e-11,0.40700102638643865,7.815165987815492e-11,0.00030487615594757954,2557204.7893791134,233302.10564244346
3.940233431544387e-05,0.00018670766094232142,3.266116461334752,447.74778362233945,0.0,0.02976264419620131,46.55372698523426,6.991355153062316e-15,0.0,3.360761651281549e-05,15.522852751298183,4.134157853971212e-10,6.941119024394954e-13,6.647911905469171e-10,9.851535446433744e-18,2.736696907029546e-11,0.40668702362159537,7.76851429874215e-11,0.00030487143788291067,2556525.8406071784,233015.2176010634
3.941662960224396e-05,0.00018675301499696348,3.0792579484045888,447.55080352213207,0.0,0.029740958540548385,46.51981769588772,6.927106276141733e-15,0.0,3.358313704252342e-05,15.511546052727823,4.113338500778531e-10,6.914672572539627e-13,6.64185979242355e-10,1.1500923595476398e-17,2.70135946260976e-11,0.40639079665619876,7.724059466068539e-11,0.00030486697309339513,2555841.8688524324,232742.72389113874
3.943092488904405e-05,0.00018679570012120416,2.892714672687796,447.36154569199795,0.0,0.029720567892479503,46.48793392775511,6.864528048233106e-15,0.0,3.356011981696474e-05,15.500914743004074,4.092830650898493e-10,6.888588762340947e-13,6.63610170615838e-10,1.1598066477005164e-17,2.6677928606684955e-11,0.4061122643686951,7.681763821233608e-11,0.00030486276211930607,2555152.876322085,232484.54014672304
3.944805820285093e-05,0.00018684334938909555,2.6695387386910814,447.1448487158699,0.0,0.029697827385320928,46.4523765865308,6.7916674647174385e-15,0.0,3.353445060030864e-05,15.489058518590099,4.0686540086180416e-10,6.85779622705059e-13,6.629585663675198e-10,1.5512188901489916e-17,2.6298355409530694e-11,0.4058016402412811,7.633865954939197e-11,0.0003048580503527131,2554320.4871411575,232193.84044358882
3.946519151665782e-05,0.00018688717857142525,2.446784831635064,446.93915648739465,0.0,0.029676929894630888,46.41970192141629,6.721074927167457e-15,0.0,3.351086241737219e-05,15.478163492348981,4.0449075318051235e-10,6.827506611808947e-13,6.623487183554714e-10,1.0679242316886273e-17,2.594268880650783e-11,0.4055161987803381,7.588960627596289e-11,0.00030485370505361977,2553480.892812822,231923.4511969315
3.948232483046471e-05,0.00018692719475194486,2.224436373543457,446.7444244143424,0.0,0.029657866895709976,46.38989660648785,6.652683021855186e-15,0.0,3.3489345648029564e-05,15.468225220890123,4.021582160205496e-10,6.797710498631611e-13,6.617803852331308e-10,2.778611658592368e-18,2.561010286121501e-11,0.40525582357239,7.546993870798974e-11,0.00030484972733663417,2552634.0972290696,231673.25048723666
3.9499458144271593e-05,0.00018696340472684083,2.0024769274088934,446.56061026242156,0.0,0.029640630468624786,46.36294826159469,6.586427274919309e-15,0.0,3.346989135491831e-05,15.459239576181043,3.998669084209335e-10,6.768398734632008e-13,6.612533397550092e-10,3.494753507944231e-18,2.5299833208378813e-11,0.40502040646610343,7.507915418420749e-11,0.0003048461183829924,2551780.104315274,231443.1246521784
3.951659145807848e-05,0.0001869958150159534,1.7808901861180506,446.38767405790253,0.0,0.029625213287211166,46.338845435178094,6.522245959508998e-15,0.0,3.345249127103626e-05,15.45120273981859,3.9761597329500646e-10,6.739562414562773e-13,6.607673684774009e-10,6.7644413576212325e-19,2.501113223756901e-11,0.4048098474221994,7.471678604904697e-11,0.0003048428794382723,2550918.91803017,231232.96810704714
3.955000072489278e-05,0.00018704810870413558,1.349815801333939,446.08160117229806,0.0,0.029600357837703768,46.29999097246704,6.402839792787382e-15,0.0,3.342444182436593e-05,15.438247123601716,3.9333971982837057e-10,6.684667616866501e-13,6.599371351402589e-10,0.0,2.450770062195823e-11,0.4044704200608699,7.409030955019351e-11,0.0003048376328462313,2549218.965641412,230880.24350856742
3.958340999170708e-05,0.0001870860215093549,0.9199784115409605,445.8164930310784,0.0,0.02958235106043745,46.27184873565167,6.290687866605156e-15,0.0,3.3404125644366074e-05,15.428863386956149,3.892078811522423e-10,6.631486245160367e-13,6.59260997007368e-10,0.0,2.407930094934253e-11,0.40422457324774314,7.356744298074025e-11,0.0003048338086079072,2547491.706768576,230602.44714075184
3.9616819258521376e-05,0.00018710959279774514,0.49126089335893924,445.5921263308906,0.0,0.029571157641082077,46.25436354073618,6.185413606770026e-15,0.0,3.339150289311579e-05,15.423033129350685,3.8521481814950916e-10,6.57995994788751e-13,6.587378099029211e-10,0.0,2.3722181907224126e-11,0.4040718249027989,7.314583060771732e-11,0.00030483141807566066,2545737.171856273,230399.05356853924
3.965022852533568e-05,0.000187118858039131,0.0635475430863243,445.40830936927887,0.0,0.029566750444486638,46.247492995967114,6.086671993946799e-15,0.0,3.338654296754706e-05,15.420742215693517,3.8135517566091765e-10,6.530033476226597e-13,6.583666166216868e-10,0.0,2.3433290266797154e-11,0.40401180469730813,7.282357011641761e-11,0.0003048304735371197,2543955.391829878,230269.6476392839
3.968363779214998e-05,0.00018711384886400723,-0.3632761049288996,445.26488152160954,0.0,0.02956911041149656,46.25120734077009,5.994146941681861e-15,0.0,3.3389224383171245e-05,15.421980722627323,3.776238630551267e-10,6.481654491574981e-13,6.581466434441533e-10,1.0191241129224763e-17,2.3210098063133735e-11,0.40404425264680593,7.259919752669146e-11,0.0003048309882141912,2542146.3980949894,230213.92279286144
3.973518979294204e-05,0.00018707817613484927,-1.0204009545008237,445.1225187636567,0.0,0.02958600611765069,46.27767042951588,5.8629118888396e-15,0.0,3.340832834764185e-05,15.430804558680313,3.721069181889708e-10,6.409925666050695e-13,6.581025936132221e-10,1.8844585328204352e-17,2.299041694565489e-11,0.4042754304943178,7.244276654480389e-11,0.0003048346784943619,2539301.7197219646,230272.07241171738
3.9786741793734106e-05,0.0001870086660798076,-1.676089325055391,445.0756864508662,0.0,0.029618986706376808,46.329293062665286,5.744850788328149e-15,0.0,3.344559524714731e-05,15.44801758133108,3.6686733507195904e-10,6.34159388962352e-13,6.5841588787836e-10,2.3254203744037983e-17,2.2918357834421685e-11,0.4047263986974012,7.251518503995108e-11,0.00030484193354695895,2536392.441275073,230504.9761598232
3.983829379452617e-05,0.00018690538223307092,-2.3307493136863657,445.12422114581256,0.0,0.02966809357536243,46.40614017585885,5.639146070675186e-15,0.0,3.350107195931829e-05,15.47364144266949,3.6188958070797946e-10,6.276502664340385e-13,6.590861789570614e-10,4.452917044829335e-17,2.2992349980606995e-11,0.40539772452447836,7.2816922361229e-11,0.0003048528152002369,2533418.6848483775,230913.0000317489
3.9889845795318234e-05,0.00018676836716509192,-2.9847861016588144,445.2681300959757,0.0,0.029733413126622286,46.5083471009834,5.5450975806479575e-15,0.0,3.357485618156222e-05,15.50772126767633,3.57159199640508e-10,6.21450812623374e-13,6.601141115205483e-10,2.982608630288552e-17,2.321381677556191e-11,0.40629059021599023,7.33507877326735e-11,0.0003048673907770302,2530380.5752418977,231497.11167359003
3.99413977961103e-05,0.00018659764259425926,-3.638603169541889,445.5075913632934,0.0,0.029815077158481817,46.63612018169043,5.462113132481855e-15,0.0,3.3667096875410906e-05,15.550325859461209,3.5266271042155784e-10,6.15547813623434e-13,6.615013214725017e-10,0.0,2.358694812354528e-11,0.4074067983614738,7.412197671296937e-11,0.0003048857332144466,2527278.239956372,232258.8859406179
3.999294979690236e-05,0.0001863932094525116,-4.292603519719992,445.8429546130749,0.0,0.029913263549676248,46.78973784595135,5.389700547002205e-15,0.0,3.3777995040807866e-05,15.601548056894597,3.4838751012144976e-10,6.099291472781039e-13,6.63250441464324e-10,0.0,2.411913850051358e-11,0.4087487812692531,7.513816177966347e-11,0.00030490792120696866,2524111.809187905,233200.51497083277
4.000449674340363e-05,0.0001863427968983336,-4.439156818875252,445.93126714291736,0.0,0.02993754273410234,46.8277231385565,5.374887973008217e-15,0.0,3.380541701289854e-05,15.614213854014123,3.4745904233815915e-10,6.087084708897067e-13,6.636921804089704e-10,2.1379882242914827e-18,2.4261002594479493e-11,0.40908061559293435,7.540034807164889e-11,0.0003049134266358458,2523393.7991551356,233436.35549603179
4.000535053950818e-05,0.00018633900213698264,-4.449994452465764,445.9379893235161,0.0,0.0299393713982822,46.83058411231239,5.3738128560856745e-15,0.0,3.380748237918203e-05,15.615167815684817,3.473908038775635e-10,6.086187533804072e-13,6.637255724571233e-10,2.128631009802218e-18,2.427183652490934e-11,0.4091056086686018,7.542024622142116e-11,0.000304913841569292,2523340.5811980674,233454.1586172833
4.000620433561274e-05,0.0001863351981224225,-4.460832273727534,445.94473799056266,0.0,0.029941204671852708,46.83345229622942,5.372740505069599e-15,0.0,3.380955295055521e-05,15.616124181508207,3.473226221101448e-10,6.085291101024749e-13,6.637590650325603e-10,2.1447420823739224e-18,2.428272870502142e-11,0.4091306647312548,7.544021511551131e-11,0.00030491425758645535,2523287.3457052186,233472.01204419212
4.000677004909703e-05,0.00018633267253823695,-4.468013368571354,445.94922383082246,0.0,0.02994242191299895,46.83535668749067,5.372031502857646e-15,0.0,3.381092775013002e-05,15.616759180786328,3.472774770163556e-10,6.084697545788451e-13,6.637813121301314e-10,2.1271413437438403e-18,2.4289963701734494e-11,0.40914730123300774,7.545348518264959e-11,0.00030491453383078447,2523252.0629458493,233483.86902415057
4.000733576258132e-05,0.00018633014289158535,-4.4751945478950566,445.95371994164367,0.0,0.029943641178627748,46.83726424551509,5.371323713810987e-15,0.0,3.38123048358238e-05,15.617395235988448,3.472323567749775e-10,6.084104316608407e-13,6.638036033759014e-10,2.145760094907008e-18,2.429722364891126e-11,0.40916396539917216,7.546678609671408e-11,0.0003049148105511843,2523216.772488362,233495.747387532
4.000790147606561e-05,0.00018632760918241967,-4.482375812709131,445.9582254607731,0.0,0.029944862469085648,46.839174970844965,5.370617137435085e-15,0.0,3.381368420802808e-05,15.618032347295397,3.471872613716726e-10,6.083511414296975e-13,6.638259387758044e-10,2.1398810449963195e-18,2.4304500937241642e-11,0.4091806572344858,7.54801174249366e-11,0.000304915087747773,2523181.474332935,233507.64668617648
4.00084671895499e-05,0.00018632507141069131,-4.48955716364652,445.9627402180337,0.0,0.02994608578472004,46.841088864023945,5.369911773206329e-15,0.0,3.38150658671353e-05,15.618670514888437,3.4714219079232037e-10,6.082918840014768e-13,6.638483183358202e-10,2.1381211301311905e-18,2.4311791916138244e-11,0.4091973767436977,7.549347862072076e-11,0.0003049153654206674,2523146.168479747,233519.56683467395
4.000903290303419e-05,0.00018632252957635144,-4.496738601126023,445.9672644346489,0.0,0.029947311125879,46.84300592559673,5.36920762059124e-15,0.0,3.381644981353869e-05,15.619309738949198,3.4709714502281537e-10,6.082326594885653e-13,6.638707420619444e-10,2.1420871846690636e-18,2.431910116872505e-11,0.40921412393156625,7.550686923579222e-11,0.0003049156435699843,2523110.854928976,233531.5079528042
4.0009598616518486e-05,0.00018631998367935092,-4.503920125617422,445.97179823774024,0.0,0.029948538492911285,46.844926156109075,5.368504679059834e-15,0.0,3.3817836047632225e-05,15.619950019659658,3.4705212404896316e-10,6.081734679805466e-13,6.638932099601734e-10,2.142386154259119e-18,2.4326429634325626e-11,0.40923089880285923,7.552028899857634e-11,0.0003049159221958407,2523075.5336808003,233543.470111037
4.0010164330002776e-05,0.0001863174337196404,-4.511101737699076,445.976341555639,0.0,0.029949767886166354,46.84684955610786,5.3678029480838194e-15,0.0,3.381922456981073e-05,15.620591357202164,3.4700712785653485e-10,6.081143095553374e-13,6.639157220365117e-10,2.1430534413768377e-18,2.433377472023538e-11,0.40924770136235394,7.553373772446306e-11,0.00030491620129835393,2523040.204735399,233555.4532756341
4.0010730043487066e-05,0.00018631487969717018,-4.518283437962242,445.9808942936281,0.0,0.029950999305994347,46.848776126141026,5.367102427129125e-15,0.0,3.382061538046973e-05,15.621233751759425,3.4696215643135405e-10,6.080551842959743e-13,6.639382782969854e-10,2.144569932224701e-18,2.4341136459859756e-11,0.40926453161483733,7.554721521566002e-11,0.00030491648087764155,2523004.8680929504,233567.45740077354
4.0011295756971357e-05,0.00018631232161189025,-4.525465226947151,445.98545645080117,0.0,0.02995223275274616,46.850705866757686,5.366403115654434e-15,0.0,3.382200848000566e-05,15.62187720351453,3.469172097593048e-10,6.07996092291543e-13,6.639608787476427e-10,2.1454720269369607e-18,2.434851613046479e-11,0.4092813895651062,7.556072126261019e-11,0.00030491676093382075,2522969.523753633,233579.48248982252
4.001215458525601e-05,0.00018630843033242965,-4.536368308277911,445.99240043764394,0.0,0.02995410916402265,46.853641531169174,5.3653437784771165e-15,0.0,3.382412776624275e-05,15.622856070001506,3.4684902201741387e-10,6.079064465233592e-13,6.639952737166761e-10,2.1469843556287828e-18,2.4359752928723595e-11,0.40930703512815914,7.558127947132522e-11,0.0003049171870081445,2522915.851635648,233597.7782648139
4.001301341354066e-05,0.0001863045296890054,-4.547271597170685,445.99936622403595,0.0,0.02995599024885047,46.856584506110686,5.3642872256688885e-15,0.0,3.3826252330026866e-05,15.62383737410813,3.467808912428393e-10,6.078168778621136e-13,6.640297705672976e-10,2.1486577687646927e-18,2.4371029359869803e-11,0.4093327445550066,7.560190274709593e-11,0.00030491761418225544,2522862.1617795136,233616.12242595802
4.001387224182532e-05,0.00018630061968143843,-4.558175095464571,446.00635389995233,0.0,0.029957876008466708,46.859534793518115,5.363233455331167e-15,0.0,3.382838217275555e-05,15.624821116479904,3.467128173862082e-10,6.077273865544279e-13,6.640643693208526e-10,2.1502440320323303e-18,2.4382346115170865e-11,0.4093585178625605,7.56225908574147e-11,0.0003049180424565652,2522808.4541858546,233634.5150339973
4.0014731070109974e-05,0.00018629670030954814,-4.569078805031229,446.0133634959146,0.0,0.029959766444112208,46.86249239533328,5.362182465572707e-15,0.0,3.383051729583061e-05,15.6258072977643,3.4664480039816797e-10,6.076379728262393e-13,6.640990699987621e-10,2.1518482329367814e-18,2.439370357640384e-11,0.40938435506778376,7.564334365926907e-11,0.00030491847183148615,2522754.7288552974,233652.9561185446
4.001604222672819e-05,0.0001862906986183449,-4.5857257004253045,446.0241071524182,0.0,0.029962661557402303,46.8670218209635,5.360583298408453e-15,0.0,3.383378713463475e-05,15.627317587203358,3.465410697428581e-10,6.07501616713287e-13,6.641522434881374e-10,2.154311882910138e-18,2.4411120856290045e-11,0.4094239235110311,7.567515111774154e-11,0.00030491912947362075,2522672.673218771,233681.2032768867
4.0017353383346396e-05,0.00018628467510012516,-4.602373099427633,446.0349017888362,0.0,0.02996556757671465,46.871568306178126,5.3589906010151865e-15,0.0,3.383706928892882e-05,15.628833564982106,3.464374713441811e-10,6.073654426093008e-13,6.642056546651325e-10,2.1567989987497888e-18,2.4428632372786128e-11,0.40946364098448396,7.570710890669378e-11,0.00030491978968344235,2522590.5762455803,233709.56344474704
4.001866453996461e-05,0.00018627862975422423,-4.619021008773504,446.0457473818549,0.0,0.029968484506515593,46.8761318579665,5.357404366742262e-15,0.0,3.3840363763758496e-05,15.630355233431066,3.463340050272881e-10,6.072294511537633e-13,6.642593036070624e-10,2.1592999263710123e-18,2.4446238429782586e-11,0.40950350754920045,7.573921692156886e-11,0.00030492045246242406,2522508.4379379544,233738.0366588517
4.0019975696582824e-05,0.00018627256257996855,-4.635669435165403,446.05664397033945,0.0,0.02997141235129204,46.88071248335012,5.3558245889781075e-15,0.0,3.3843670564192675e-05,15.631882594891485,3.462306706176274e-10,6.07093642926177e-13,6.643131903916816e-10,2.1618120963299832e-18,2.446393931708884e-11,0.40954352326651927,7.577147515781443e-11,0.0003049211178120413,2522426.2582981233,233766.62298876917
4.00223709187701e-05,0.00018626142269703307,-4.666084153815209,446.0766816529822,0.0,0.029976789138323336,46.889124481563314,5.352955298555326e-15,0.0,3.384974327196207e-05,15.634687487412405,3.460422392281657e-10,6.068460230887767e-13,6.644122451902774e-10,2.166438021402594e-18,2.4496520790996495e-11,0.40961700933326517,7.583079267984831e-11,0.0003049223399156242,2522276.025739571,233819.13681189812
4.0024766140957386e-05,0.00018625020996195462,-4.696500661202097,446.09688988041813,0.0,0.02998220239354329,46.897593524649736,5.3501074933561244e-15,0.0,3.38558571610138e-05,15.637511400948654,3.4585424639789237e-10,6.065990190976022e-13,6.6451209445953e-10,2.1711141510305877e-18,2.452942078315274e-11,0.40969099373625306,7.589061270906104e-11,0.0003049235706119018,2522125.655268164,233872.02878382144
4.002716136314467e-05,0.00018623892437039975,-4.7269189982134945,446.11726889094916,0.0,0.02998765214483855,46.90611965624858,5.34728113436558e-15,0.0,3.386201226285141e-05,15.640354350051258,3.456666910692913e-10,6.063526330739414e-13,6.646127386846742e-10,2.1758403706280463e-18,2.4562640795537457e-11,0.4097654768567091,7.595093652480858e-11,0.0003049248099099333,2521975.1468975265,233925.29933535532
4.003196180360837e-05,0.00018621608674036994,-4.787888291012509,446.15862667778936,0.0,0.02999868437372083,46.92337954086168,5.3416810303101646e-15,0.0,3.3874472350565625e-05,15.646109477441584,3.45292110519475e-10,6.058606989259363e-13,6.648168423022199e-10,2.1854644671975065e-18,2.4630188287422065e-11,0.409916256850009,7.607335779249607e-11,0.0003049273196096776,2521673.0869500153,234033.20399554327
4.0036762244072075e-05,0.00018619295641200876,-4.848865427095803,446.20067243933534,0.0,0.03000986353917054,46.94086926931157,5.336166613427789e-15,0.0,3.3887098364915994e-05,15.651941243851223,3.449192746010771e-10,6.053712618022598e-13,6.650241450068325e-10,2.195293592568083e-18,2.469903799089806e-11,0.41006904472775796,7.61978189774155e-11,0.0003049298639702443,2521370.473265878,234142.6340988269
4.004156268453578e-05,0.0001861695333469777,-4.9098507363573765,446.2434075752192,0.0,0.03002118987399984,46.95858920591733,5.330737588758029e-15,0.0,3.3899890568908164e-05,15.65784977075854,3.4454817490368516e-10,6.048843264287563e-13,6.652346508800674e-10,2.205330407970443e-18,2.4769201475457803e-11,0.4102238436725975,7.632433135735053e-11,0.00030493244306553944,2521067.305955236,234253.59293404088
4.004636312499948e-05,0.00018614581750530827,-4.970844548933437,446.286833463215,0.0,0.03003266361478484,46.976539720886585,5.325393669715225e-15,0.0,3.391284922979879e-05,15.663835181605382,3.4417880306338567e-10,6.043998936448006e-13,6.654483640827143e-10,2.2155776127073272e-18,2.4840690491528727e-11,0.41038065691861086,7.645290641978628e-11,0.00030493505696993256,2520763.5851284117,234366.08382047797
4.0056158658258966e-05,0.00018609651574335868,-5.095333162951384,446.3775947259033,0.0,0.030056534635026076,47.01388550257347,5.314752011763436e-15,0.0,3.393980953272615e-05,15.676287740620515,3.434304072638259e-10,6.03419134621439e-13,6.658944239032781e-10,2.2371518682597645e-18,2.499072964628683e-11,0.4107069045647981,7.672171821007749e-11,0.0003049404990681419,2520142.111292339,234600.39379837594
4.007401345973326e-05,0.00018600351308841736,-5.322348544940013,446.55048210603184,0.0,0.030101634008640965,47.08444228323621,5.296256389240984e-15,0.0,3.3990745196653826e-05,15.699814158784385,3.420844600916158e-10,6.016580821918383e-13,6.66742003870358e-10,2.2788403795773607e-18,2.5278886464581637e-11,0.41132327896135495,7.723425214791052e-11,0.0003049507944402744,2519003.3953957157,235044.02538350268
4.009186826120755e-05,0.0001859064557883232,-5.549512536928224,446.73305382308115,0.0,0.03014879616586608,47.158225767501506,5.2789142710763e-15,0.0,3.404401025118125e-05,15.724416487456603,3.407616512120435e-10,5.999311357151566e-13,6.67634373497917e-10,2.323716668572024e-18,2.5586563355042804e-11,0.411967841400996,7.777646640178207e-11,0.00030496157849880785,2517857.0325474855,235509.17769928274
4.0109723062681844e-05,0.00018580534105923116,-5.776842250968862,446.92537992853147,0.0,0.030198035058526612,47.235257787296355,5.262714276118296e-15,0.0,3.4099620456998035e-05,15.750102006263637,3.3946157052500915e-10,5.982378815287318e-13,6.685717842027104e-10,2.3719511775640342e-18,2.5914471855858683e-11,0.41264078260443915,7.834903812741397e-11,0.00030497285528095986,2516703.0285186563,235996.04106894892
4.013726576555067e-05,0.0001856413977735482,-6.127884427382275,447.24135174873726,0.0,0.030278097656552032,47.360511281342006,5.2399415150986915e-15,0.0,3.4190042240343327e-05,15.79186646982347,3.3749971868389766e-10,5.956909294237925e-13,6.70106782008118e-10,2.4533761626947152e-18,2.646175213046689e-11,0.4137349800227286,7.929348362867781e-11,0.00030499122666644777,2514907.8976539755,236790.11372198482
4.01648084684195e-05,0.00018546777912602298,-6.4794252342089695,447.5809573425264,0.0,0.03036319478160851,47.493640088647645,5.2198324744937325e-15,0.0,3.428614929349854e-05,15.836256874068635,3.355895559705304e-10,5.932215452112801e-13,6.717506541187831e-10,2.5439898618675123e-18,2.7062026935237004e-11,0.41489797510457715,8.031467653897678e-11,0.0003050107959953644,2513094.619212699,237637.09435777832
4.019235117128833e-05,0.00018528447058477836,-6.831528484648795,447.94445470262843,0.0,0.03045338832911358,47.634741060616335,5.202363566271724e-15,0.0,3.4388011534475425e-05,15.883305513081355,3.337296820943902e-10,5.908282801444151e-13,6.7350454576741e-10,2.6446465606710667e-18,2.7718646970315305e-11,0.4161306139305581,8.141565157115873e-11,0.0003050315793830474,2511263.214916681,238537.80294163394
4.0219893874157156e-05,0.00018509145575842546,-7.1842585139079755,448.3321052875415,0.0,0.0305487447467014,47.783918170909686,5.187518676450293e-15,0.0,3.4495704022916686e-05,15.933047055786167,3.31918736428011e-10,5.885097799994891e-13,6.753696962946745e-10,2.756314976392311e-18,2.8435316007038455e-11,0.4174338048003203,8.259969584832545e-11,0.00030505359352071495,2509413.7067049127,239493.11304823824
4.0247436577025985e-05,0.00018488871644025927,-7.53768022667123,448.74417561079804,0.0,0.03064933512845194,47.941282662975034,5.175288932899265e-15,0.0,3.4609307066597356e-05,15.98551859514133,3.301553949675646e-10,5.86264767545275e-13,6.773474407455725e-10,2.8800944254357904e-18,2.921612826669993e-11,0.4188085195213657,8.387036541578963e-11,0.0003050768556733419,2507546.1167332567,240503.9541490962
4.027497927989481e-05,0.0001846762326492006,-7.891859142999653,449.18093851313233,0.0,0.03075523531930433,48.10695321351288,5.16567253490223e-15,0.0,3.472890633943349e-05,16.040759702645296,3.284383674045886e-10,5.840920388732743e-13,6.794392116668084e-10,3.0172323627517005e-18,3.006560788940735e-11,0.4202557948370782,8.52315069838401e-11,0.00030510138367833726,2505660.4673741823,241571.31387193402
4.030252198276364e-05,0.00018445398261746887,-8.246861455543325,449.64267423696737,0.0,0.03086652605507923,48.2810561516803,5.158674803453988e-15,0.0,3.485459303972727e-05,16.098812501427787,3.267663949076732e-10,5.819904670673819e-13,6.816465416100426e-10,3.1691488476686264e-18,3.0988760879228965e-11,0.42177673434165364,8.668728078906597e-11,0.0003051271959603601,2503756.7812165017,242696.2404981002
4.033006468563247e-05,0.00018422194275351925,-8.60275409339683,450.12967141572267,0.0,0.03098329312497949,48.46372571348158,5.154308348335653e-15,0.0,3.4986464073814106e-05,16.159721751073647,3.2513824822655386e-10,5.799590011757663e-13,6.839710660729892e-10,3.3374589905297727e-18,3.1991119752276155e-11,0.42337251070242204,8.824218305446437e-11,0.0003051543115539631,2501835.0810650913,243879.84565935095
4.03576073885013e-05,0.00018398008760867613,-8.959604786780167,450.64222801663766,0.0,0.03110562754309838,48.65510431026392,5.152593256694833e-15,0.0,3.5124622249892256e-05,16.22353493714992,3.23552725755309e-10,5.779966632219877e-13,6.864145266059633e-10,3.523999399793571e-18,3.307879976686676e-11,0.4250443680053881,8.990107187164693e-11,0.0003051827501256917,2499895.389940625,245123.30715358493
4.0385150091370126e-05,0.0001837283898527915,-9.31748213111266,451.1806522365929,0.0,0.03123362572673443,48.85534280787451,5.15355728969397e-15,0.0,3.526917647954906e-05,16.29030236428781,3.2200865148811544e-10,5.761025454213152e-13,6.889787740387206e-10,3.730866292883022e-18,3.425857103138847e-11,0.4267936241939089,9.166919556322675e-11,0.00030521253199402746,2497937.731079298,246427.8718666353
4.0412692794238954e-05,0.0001834668202524596,-9.676455651716998,451.7452633504241,0.0,0.03136738968526606,49.06460082235404,5.157236112619715e-15,0.0,3.542024199122496e-05,16.360077254778577,3.2050487294711363e-10,5.742758087594695e-13,6.916657719013954e-10,3.9604564431670826e-18,3.553792913356864e-11,0.4286216736518316,9.355222320533605e-11,0.0003052436781490951,2495962.127932544,247794.85883436023
4.044023549710778e-05,0.00018319534764645403,-10.036595870401941,452.33639252167177,0.0,0.031507027222926316,49.28304703739643,5.163673579400271e-15,0.0,3.557794055939073e-05,16.432915854427097,3.1904025914410974e-10,5.725156822078216e-13,6.944776001043136e-10,4.215507298612334e-18,3.692517109361419e-11,0.43052998997677744,9.555627800793114e-11,0.0003052762102737571,2493968.6041667582,249225.66248223424
4.046777819997661e-05,0.0001829139389174531,-10.397974374326106,452.95438358970165,0.0,0.03165265215671048,49.510859545506015,5.172922077257446e-15,0.0,3.574240075083216e-05,16.508877546307158,3.1761369858086334e-10,5.708214620093772e-13,6.97416458898774e-10,4.49915176201473e-18,3.8429493751455815e-11,0.4325201289604433,9.768797395135737e-11,0.0003053101507664278,2491957.1836630143,250721.7560658525
4.05119646820407e-05,0.00018244163208912563,-10.980500096364697,454.0028378982513,0.0,0.03189908835498831,49.89637858726326,5.193789184633431e-15,0.0,3.6020710910077053e-05,16.63742482809336,3.154018357666923e-10,5.682395465184232e-13,7.024024935797654e-10,5.023180159296549e-18,4.111349253669078e-11,0.43588797070243984,1.0139262804018392e-10,0.000305367601637986,2488692.9558615745,253262.25336012224
4.0543097792139507e-05,0.00018209335660093642,-11.393130975483876,454.78447104756924,0.0,0.03208244999023167,50.183225038246206,5.213095356336591e-15,0.0,3.62277883116605e-05,16.733070769223982,3.1389811215972156e-10,5.665200100744012e-13,7.061210709440545e-10,5.451786517807042e-18,4.322740137356233e-11,0.43839382215638967,1.0422882332597201e-10,0.0003054103470302932,2486365.462704411,255159.28864594453
4.057423090223831e-05,0.00018173220477150367,-11.807699239031514,455.60222669715665,0.0,0.032274078292491015,50.483003577362695,5.236349465318033e-15,0.0,3.64442015204995e-05,16.83302877954207,3.124378834396612e-10,5.648820744593885e-13,7.100139151539217e-10,5.937995639503235e-18,4.554749623507668e-11,0.4410126465676619,1.0726615880508765e-10,0.0003054550074282497,2484015.219107556,257147.75117966646
4.0605364012337114e-05,0.00018135811453422177,-12.22431717386351,456.4567051294919,0.0,0.03247418445628432,50.79604467463892,5.263696149596538e-15,0.0,3.667018910624934e-05,16.937409050803648,3.110196392775015e-10,5.633251811618288e-13,7.14085131482347e-10,6.490703232280796e-18,4.809579169087083e-11,0.4437473308770611,1.1051850427906243e-10,0.0003055016206697733,2481642.261044045,259230.39532671595
4.063649712243591e-05,0.0001809710202897284,-12.643099540442236,457.3485347821617,0.0,0.032682992127285954,51.122698286213,5.2952994081248185e-15,0.0,3.690600370578355e-05,17.046328272203617,3.096418820417557e-10,5.618488799640245e-13,7.183390695878395e-10,7.120425507599042e-18,5.089718437186498e-11,0.4466009322533819,1.1400101806022104e-10,0.00030555022602383905,2479246.6248345817,261410.14514268673
4.0667630232534714e-05,0.00018057085283291365,-13.064163717968945,458.2783736209144,0.0,0.032900738032427934,51.463334840977275,5.331344127149205e-15,0.0,3.715191273546015e-05,17.15990995936113,3.083031230747852e-10,5.604528307905821e-13,7.22780334983354e-10,7.839649639432049e-18,5.397987093639843e-11,0.4495766867125786,1.1773027951749027e-10,0.00030560086424608935,2476828.3471469823,263690.10409260937
4.069876334263352e-05,0.00018015753926410772,-13.487629882188898,459.246910839824,0.0,0.03312767266386621,51.81834631166744,5.372037890094017e-15,0.0,3.740819916435088e-05,17.278284811462946,3.070018787694111e-10,5.591368054096025e-13,7.274138013993124e-10,8.663156521366816e-18,5.7375770235012546e-11,0.4526780184746501,1.2172443122092647e-10,0.00030565357764698674,2474387.464995616,266073.5657339244
4.072989645273232e-05,0.00017973100289392574,-13.913621192462324,460.254868643293,0.0,0.033364061015526074,52.188147368344865,5.417613028673835e-15,0.0,3.7675162346950764e-05,17.401591095879876,3.057366665464226e-10,5.57900689821118e-13,7.322446240693338e-10,9.608424103802385e-18,6.112108801262102e-11,0.4559085500403001,1.2600334047233039e-10,0.00030570841016462413,2471924.0157408398,268564.02524893143
4.0761029562831124e-05,0.0001792911631474917,-14.342263974369441,461.3030039699338,0.0,0.03361018337302678,52.573176615505595,5.468328911161924e-15,0.0,3.7953118916258324e-05,17.529975060667667,3.0450600078690455e-10,5.5674448633249e-13,7.372782539819355e-10,1.0696412382908074e-17,6.525710041497455e-11,0.45927211299814774,1.3058878103088713e-10,0.00030576540743754464,2469438.0370884226,271165.19178673066
4.0808543453160104e-05,0.0001785940633506444,-15.001844427597527,462.98187607219546,0.0,0.03400524417065225,53.19120367554879,5.556303088880878e-15,0.0,3.839927899937686e-05,17.73604970265093,3.0269102436025596e-10,5.551342997084139e-13,7.453644368376614e-10,1.2690875553677451e-17,7.243077598586215e-11,0.46467111304765923,1.3823255169927898e-10,0.00030585667486590336,2465600.7107995003,275357.3645670683
4.085605734348908e-05,0.0001778654609930394,-15.668380643623971,464.7591802536971,0.0,0.03442480311012494,53.847557249573754,5.658109629333029e-15,0.0,3.8873107384949706e-05,17.954903918581838,3.0094766825459306e-10,5.537115544137218e-13,7.539584649679746e-10,1.5190631667059523e-17,8.082312552705428e-11,0.47040492828612773,1.4674219261632106e-10,0.00030595327222161377,2461711.1358349556,279831.7163683852
4.090357123381806e-05,0.0001771050138347662,-16.342370811563356,466.63813655887213,0.0,0.03487009257042606,54.54416593767775,5.7751310378320724e-15,0.0,3.9375996348663304e-05,18.18718077986466,2.992704684532955e-10,5.524779603085523e-13,7.630842386685709e-10,1.8346280725690532e-17,9.067703465293735e-11,0.47649040669865944,1.562282832453697e-10,0.0003060553873067983,2457769.4508581627,284604.7869965137
4.095108512414703e-05,0.000176312355430173,-17.024336078634622,468.62220856859153,0.0,0.035342455237202246,55.2831310241094,5.908989537597722e-15,0.0,3.990946282854719e-05,18.43358093761001,2.9765382018157644e-10,5.514359883627625e-13,7.727677519051184e-10,2.2359701989291113e-17,1.0229200507186994e-10,0.4829459048151444,1.6681892050535573e-10,0.000306163219553427,2453775.7963902196,289694.70923647814
4.099859901447601e-05,0.00017548709398049143,-17.71482262853115,470.71512362130943,0.0,0.035843354610870966,56.06674294089167,6.0615888366092796e-15,0.0,4.04751603102018e-05,18.694868112254568,2.9609193478310755e-10,5.50588927861282e-13,7.830372782309874e-10,2.750305280640052e-17,1.1603900352673957e-10,0.4897914315341345,1.7866286429993567e-10,0.0003062769809201862,2449730.314804936,295121.3772773397
4.1046112904804985e-05,0.000174628811092507,-18.414403921888926,472.92089488709684,0.0,0.03637438681655068,56.89749977331368,6.235164467691297e-15,0.0,4.1074892186064096e-05,18.971875264020067,2.94578792987661e-10,5.499409549524438e-13,7.939235785587279e-10,3.414728540065667e-17,1.3237982746191657e-10,0.4970488097841922,1.9193332855562165e-10,0.00030639689687302356,2445633.150323758,300906.63739915105
4.1093626795133965e-05,0.00017373706043055206,-19.123683125490953,475.24384562374473,0.0,0.03693729390055242,57.778128097669374,6.432344791840598e-15,0.0,4.1710626798334886e-05,19.265511541034787,2.93108094038797e-10,5.494972151553291e-13,8.054601335931893e-10,4.2799661305857644e-17,1.5189140890217003e-10,0.5047418585594029,2.0683256498088828e-10,0.00030652320746320504,2441484.4490106283,307074.50436811266
4.114114068546294e-05,0.00017281136624484035,-19.843295764392664,477.68863602891474,0.0,0.037533978830603186,58.711606492781755,6.656225458018731e-15,0.0,4.238451441212441e-05,19.576770118999903,2.9167320013478156e-10,5.492639192418373e-13,8.176834041605667e-10,5.416202765295522e-17,1.7529945261046273e-10,0.5128965983126834,2.235974297528752e-10,0.00030665616852108406,2437284.3587667784,313651.40763812355
4.118865457579192e-05,0.00017185122176450226,-20.573912621548338,480.2602930308193,0.0,0.038166522449119555,59.70119211751118,6.910460439830481e-15,0.0,4.309890640194273e-05,19.9067370631749,2.902670754932783e-10,5.492484587813316e-13,8.306331231485914e-10,6.921972131002613e-17,2.0352255113103197e-10,0.5215414831330656,2.4250614887293176e-10,0.00030679605297924384,2433033.0293254545,320666.4720756141
4.12361684661209e-05,0.0001708560874465188,-21.316242907435,482.9642433538787,0.0,0.038837202668626135,60.750450809213206,7.199373534642886e-15,0.0,4.385637697997336e-05,20.25660136438533,2.8888221921373697e-10,5.494595364478515e-13,8.443526233265321e-10,8.936032141140783e-17,2.377255534335236e-10,0.53070766368147,2.6388659429050985e-10,0.00030694315233777006,2428730.6122465814,328151.83872440277
4.128368235644987e-05,0.0001698253890688027,-22.07103772885473,485.8063502796457,0.0,0.03954851624965082,61.86329123906935,7.528095413326006e-15,0.0,4.465974785300894e-05,20.62766632775041,2.8751059104289155e-10,5.499073311521555e-13,8.588892059725625e-10,1.1653134739048017e-16,2.793903075090695e-10,0.5404292855667023,2.8812643708823153e-10,0.0003070977782882959,2424377.260911358,336143.03218206373
4.133119624677885e-05,0.0001687585156513843,-22.83909389400184,488.79295462817987,0.0,0.0403032035635271,63.044003758430435,7.902732728822458e-15,0.0,4.551211626582785e-05,21.02136252557736,2.861435290933833e-10,5.506036637167577e-13,8.742945560123161e-10,1.5350163500333247e-16,3.3042385940619745e-10,0.5507438287013983,3.156856497318312e-10,0.0003072602645182817,2419973.130516789,344679.3824500078
4.136609250168371e-05,0.00016795154113933251,-23.41212348549652,491.0824429595742,0.0,0.04088684169787653,63.95711968975468,8.211306694734057e-15,0.0,4.617130396022368e-05,21.325831448435988,2.8513699554535637e-10,5.512812635122193e-13,8.861948711665607e-10,1.8928303350957276e-16,3.75302158226086e-10,0.5587206845948886,3.3835458570558173e-10,0.00030738481449065484,2416706.295406805,351321.21374304005
4.140098875658857e-05,0.00016712443216558215,-23.993115828051625,493.4564788743901,0.0,0.04149679060531617,64.91141006330943,8.551922508553109e-15,0.0,4.6860215892081626e-05,21.64402955574084,2.8412389596779457e-10,5.52106438641942e-13,8.986184106914904e-10,2.349033501558675e-16,4.277870372843821e-10,0.5670572347492738,3.633599921742966e-10,0.0003075139473522299,2413412.2171985423,358299.4549699519
4.143588501149343e-05,0.00016627690443160289,-24.582441774713427,495.9181559537314,0.0,0.04213444256818715,65.9090551533442,8.928438981250392e-15,0.0,4.7580426020765305e-05,21.976683836840284,2.830999810957017e-10,5.530860016407027e-13,9.115910843567989e-10,2.9294681409724083e-16,4.893024984383976e-10,0.575772525735272,3.909905350773063e-10,0.0003076478218801448,2410090.9592367453,365634.57137723034
4.147078126639829e-05,0.0001654086603921495,-25.180490229252708,498.47075996969613,0.0,0.04280129452729783,66.95239931372068,9.345279969310376e-15,0.0,4.8333626755748456e-05,22.32457599167094,2.8206071519831245e-10,5.542275288863434e-13,9.251406294127187e-10,3.6700539794122397e-16,5.616977878246172e-10,0.5848870374992888,4.215766989635468e-10,0.0003077866055742494,2406742.5853888188,373348.72496858676
4.150567752130314e-05,0.00016451938860284656,-25.787669385689295,501.11778330025066,0.0,0.0434989575636405,68.04396587442996,9.807528179043951e-15,0.0,4.9121639710392005e-05,22.68854739783831,2.81001248186942e-10,5.555394691328561e-13,9.392967616633757e-10,4.634940811640289e-16,6.473384928815388e-10,0.5944228134970899,4.55497667512238e-10,0.0003079304752802418,2403367.1600436065,381465.9436967542
4.1540573776208e-05,0.0001636087630182743,-26.404408070986996,503.86294078653225,0.0,0.044229167423658386,69.18647368403975,1.0321036647303869e-14,0.0,4.994642764390044e-05,23.069504626514174,2.7991638552832907e-10,5.570311225712459e-13,9.540913413351755e-10,5.920224355479165e-16,7.489484635207989e-10,0.6044036052063076,4.931894756150048e-10,0.0003080796178725377,2399964.7481101463,390012.31095441454
4.157547003111286e-05,0.00016267644224515746,-27.031157184219985,506.71018698105985,0.0,0.044993796215068306,70.38285549880489,1.0892560806330089e-14,0.0,5.081010773639398e-05,23.46842557408281,2.7880055560069484e-10,5.587130593244762e-13,9.695585554291791e-10,7.611581949358949e-16,8.69365300362953e-10,0.614855032771188,5.351547553653096e-10,0.0003082342309945387,2396535.415016426,399016.1779552074
4.161036628601772e-05,0.0001617220687473894,-27.66839123943457,509.66373493083836,0.0,0.04579486542540936,71.63627845841859,1.1529915707030685e-14,0.0,5.171496637028826e-05,23.88636628955378,2.776477743133164e-10,5.605960557848717e-13,9.8573511838897e-10,9.718047557476306e-16,1.0121707531005325e-09,0.6258047638750213,5.819742942472681e-10,0.00030839452386182987,2393079.2267081263,408508.4022029881
4.164526254092258e-05,0.0001607452679950176,-28.316610030202852,512.7280767828157,0.0,0.04663456044106997,72.95016693008256,1.2242162592782305e-14,0.0,5.266347562113533e-05,24.32446859166317,2.764516068908971e-10,5.626958642857785e-13,1.002660493088517e-09,1.2243996698035028e-15,1.1838447628288037e-09,0.6372827133002915,6.343208750985866e-10,0.00030856071813998665,2389596.2496473473,418522.61589410953
4.168015879582744e-05,0.0001597456475508754,-28.976340431095352,515.9080064765103,0.0,0.04751524676590844,74.32822804301048,1.3039835257378286e-14,0.0,5.365831169038472e-05,24.783968583068667,2.7520512667829044e-10,5.650262376294414e-13,1.0203771344020753e-09,1.58576591735567e-15,1.3942505653152738e-09,0.6493212659936751,6.929758855823977e-10,0.00030873304890769213,2386086.5508113354,429095.5286723715
4.17150550507323e-05,0.00015872279609111905,-29.648138343031956,519.2086447103901,0.0,0.048439488163687504,75.77448028129987,1.3935210288030228e-14,0.0,5.4702375546308616e-05,25.26620618432157,2.739008708152684e-10,5.675935370185942e-13,1.038930757935797e-09,2.209024190947301e-15,1.6488317102934458e-09,0.6619555268567149,7.588492301463123e-10,0.0003089117657120511,2382550.1976911947,440267.26977791695
4.174995130563716e-05,0.00015767628235582875,-30.332590793726478,522.6354664248753,0.0,0.049410067003157906,77.29328556060406,1.4942628686456726e-14,0.0,5.579881608071387e-05,25.772635829470808,2.7253079258014465e-10,5.704130387749439e-13,1.0583706367846372e-09,3.1059839045247114e-15,1.944932096582911e-09,0.6752236009662516,8.330034260665678e-10,0.0003090971337259213,2378987.258290585,452081.77550377796
4.178484756054202e-05,0.0001566056540240609,-31.030318206125628,526.194331095399,0.0,0.050430007140615934,78.88938528421055,1.607888573449394e-14,0.0,5.6951056137102654e-05,26.304838488552203,2.7108621029720973e-10,5.735317514991883e-13,1.0787499295130674e-09,3.822809953054903e-15,2.2972694421358348e-09,0.6891669085290982,9.166827201724453e-10,0.00030928943501893323,2375397.801124421,464587.22891713405
4.181974381544688e-05,0.00015551043650656,-31.741976849421135,529.8915161927532,0.0,0.05150259967620472,80.56794095618208,1.7363713357435582e-14,0.0,5.816282182393315e-05,26.864535209575273,2.6955775278463855e-10,5.770027413076941e-13,1.1001260429291021e-09,3.923770617154069e-15,2.7685102605363364e-09,0.70383053964129,1.0113484262494794e-09,0.0003094889699558746,2371781.895217547,477836.56005037454
4.185464007035174e-05,0.00015439013164919368,-32.46826148815943,533.7337542257566,0.0,0.05263143190562538,82.33458002480741,1.8820371207314935e-14,0.0,5.9438175603722355e-05,27.453602404492486,2.679353013838167e-10,5.807960560065931e-13,1.1225610336356686e-09,4.941946777900487e-15,3.407834017055896e-09,0.7192636548303746,1.1187220022879862e-09,0.0003096960587378112,2368139.6101034177,491888.0162411603
4.18895363252566e-05,0.00015324421634013463,-33.20990824549992,537.7282738076259,0.0,0.053820419953267216,84.19544774293122,2.0476347433708193e-14,0.0,6.078155374135306e-05,28.07408914142203,2.662079286998218e-10,5.84755883594994e-13,1.1461220527979972e-09,1.1423746974668934e-14,4.095802396218631e-09,0.7355199382537376,1.2408377112105234e-09,0.0003099110431030999,2364471.0158227533,506805.8140345299
4.192443258016146e-05,0.00015207214101328002,-33.96769769620762,541.8828451823242,0.0,0.05507384597830935,86.1572659675036,2.236417931320425e-14,0.0,6.21978087740931e-05,28.728236750665452,2.643638343019876e-10,5.887765133494636e-13,1.1708818390479934e-09,2.4987266881039456e-14,4.61656302316089e-09,0.7526581112892969,1.380107235865543e-09,0.00031013428820764503,2360776.1829221975,522660.88611666515
4.195023516874342e-05,0.00015118833782284358,-34.53887898205112,545.0625804190636,0.0,0.05604481585222452,87.67706721804888,2.3931418610026522e-14,0.0,6.329496740458985e-05,29.23499845090854,2.6291779141874176e-10,5.927529454419855e-13,1.1900063870127637e-09,2.0381765959621705e-14,5.520606291540521e-09,0.7659348843854522,1.4957796384412307e-09,0.00031030489808882874,2358027.3604727704,535032.7736721678
4.197603775732539e-05,0.0001502896732145399,-35.119690455548785,548.3379839946987,0.0,0.057055625150206575,89.25929914965222,2.5664640126844374e-14,0.0,6.44371950909696e-05,29.762576995658456,2.6139548696265903e-10,5.966446366961515e-13,1.2098635379764598e-09,1.2699832890139533e-14,6.618872688148754e-09,0.7797570428994677,1.6237372308894759e-09,0.0003104804049053326,2355264.2604492437,547994.5341053263
4.2001840345907355e-05,0.00014937589397506602,-35.71050109138114,551.712869365533,0.0,0.058108475745670934,90.90742203301552,2.7584646877159224e-14,0.0,6.562698978202274e-05,30.3121261742871,2.597911024766964e-10,5.99951658046162e-13,1.2304896753233034e-09,3.322675263550349e-14,7.508885782823922e-09,0.7941548156444113,1.765521235448595e-09,0.00031066098511616284,2352486.9119013757,561583.6676313818
4.2032273331786804e-05,0.0001482783473059233,-36.420714257058115,555.8267677433669,0.0,0.059407531152301185,92.9410738655589,3.012104718245264e-14,0.0,6.709510085917119e-05,30.990225898460345,2.577849078366564e-10,6.071909460162218e-13,1.2558585046448046e-09,1.1586535265796159e-13,9.074773599190272e-09,0.8119205149666282,1.9529377300128686e-09,0.00031088074593217847,2349192.881322576,578473.2666434521
4.206270631766626e-05,0.00014715895848132544,-37.14604112972101,560.0917312717916,0.0,0.06077256157355204,95.07816305303203,3.2991292047052184e-14,0.0,6.863788370429774e-05,31.702815699617595,2.556452420218383e-10,6.422734091633606e-13,1.282419008894189e-09,7.077653803645654e-14,1.106677578117912e-08,0.830589827844496,2.1654162627702155e-09,0.0003111081467768717,2345879.1182320844,596364.902113254
4.209313930354571e-05,0.00014601725695035202,-37.887184758579224,564.5153116401966,0.0,0.06220813785768124,97.32588116870893,3.6323829262092834e-14,0.0,7.026052981270194e-05,32.45229352813797,2.533606849514876e-10,2.2160752856340183e-13,1.3102444055934499e-09,0.0,1.3124640936212541e-08,0.8502255791291078,2.406920166246292e-09,0.0003113435321290324,2342545.671095077,615338.6097490668
4.212357228942516e-05,0.0001448527501668885,-38.64488782431728,569.1056068833219,0.0,0.06371925011613355,99.69208262975681,4.052398156183558e-14,0.0,7.196870915430632e-05,33.24127835187602,2.509190921156679e-10,0.0,1.339413614218705e-09,6.996854977721435e-13,1.5660697558729868e-08,0.8708963833933109,2.6821348819048985e-09,0.00031158726949761465,2339192.588664613,635482.6807902574
4.215400527530461e-05,0.0001436649223438846,-39.41993519548752,573.8713106725369,0.0,0.06531135541853454,102.18536016102502,4.4435859006921944e-14,0.0,7.376862449786508e-05,34.072635318569304,2.483075590117241e-10,5.328349469100609e-12,1.3700117606388468e-09,3.2245226612667383e-12,2.0488978261656953e-08,0.8926773035144279,2.9966168849047928e-09,0.00031183975140643014,2335819.919980933,656894.7007475314
4.217575746514204e-05,0.00014280132391803513,-39.9849928932946,577.3902786823419,0.0,0.06650224587143029,104.05050883299523,4.8420543561771107e-14,0.0,7.51150880712446e-05,34.69454935527822,2.463292552685053e-10,3.295076713651114e-12,1.3928083480099045e-09,2.8639649769904513e-13,2.277261555116949e-08,0.9089709795320957,3.2490763437790924e-09,0.0003120258050211717,2333397.305962242,673035.5913231979
4.219750965497946e-05,0.0001419253304132099,-40.55965209946234,581.0072496150723,0.0,0.06773991349556086,105.98909177637172,5.277563153300225e-14,0.0,7.651456346672337e-05,35.34094925215408,2.442519165945915e-10,0.0,1.4164175617501358e-09,3.418914574144552e-14,2.600223816405689e-08,0.9259061656559693,3.527750398711514e-09,0.0003122167022461159,2330964.729061231,689922.3234708481
4.221926184481689e-05,0.00014103672939880973,-41.14424360033953,584.7260532442713,0.0,0.0690268820487714,108.00509192666408,5.671680853164316e-14,0.0,7.7969925777927e-05,36.013163073520445,2.4207005523953864e-10,5.271138968656649e-13,1.4408772652438735e-09,3.797235492211487e-13,3.042600918226709e-08,0.9435176559148285,3.835825535262292e-09,0.0003124126137262161,2328522.2074536337,707601.3878530206
4.2241014034654316e-05,0.00014013530110499494,-41.73911172952358,588.5507304928168,0.0,0.07036585176727463,110.10277523693834,6.107577659140997e-14,0.0,7.948425431601118e-05,36.712613252361486,2.397779703526575e-10,1.320363533646202e-12,1.466227487088146e-09,2.3380933509731594e-13,3.5328746177189575e-08,0.9618427177018805,4.176930752569829e-09,0.0003126137188487857,2326069.7593894927,726122.977650442
4.226276622449174e-05,0.00013922081812118756,-42.344614942128715,592.4855475984959,0.0,0.0717597166552144,112.28671537122248,6.62646663945318e-14,0.0,8.106085048349902e-05,37.440824823975404,2.373697842203819e-10,3.906513633474518e-13,1.4925105547314349e-09,7.109793471449622e-13,4.1129005081419085e-08,0.9809213053740097,4.5552069973589685e-09,0.0003128202063169134,2323607.403193018,745541.3455727561
4.228451841432916e-05,0.00013829304508046028,-42.96112639801365,596.5350120303522,0.0,0.07321158003055463,114.56182095828947,7.179415726175233e-14,0.0,8.270325742642929e-05,38.199434513342034,2.3483942887585284e-10,3.9818781366338383e-13,1.519771234870258e-09,8.615440130396953e-13,4.822827953681127e-08,1.0007962994845443,4.9753879367836675e-09,0.0003130322747717792,2321135.15726245,765915.2021249328
4.230627060416659e-05,0.00013735173833264193,-43.58903454613187,600.7038894885982,0.0,0.074724772310982,116.9333657048223,7.779817198643491e-14,0.0,8.441528174832866e-05,38.99020077590136,2.3218063514734271e-10,1.196906942907804e-12,1.5480568810790835e-09,1.959654386938666e-13,5.640749702467727e-08,1.0215137704594508,5.442895147839501e-09,0.0003132501334601889,2318653.0400699223,787308.1594713717
4.2328022794004015e-05,0.00013639664560614791,-44.2287437052505,604.997221934306,0.0,0.07630287260776333,119.40702171453877,8.48088580999734e-14,0.0,8.620101753683827e-05,39.815014907295144,2.2938696159903341e-10,5.651567941881735e-13,1.5774175884330123e-09,9.29851588185129e-13,6.613966973622791e-08,1.0431232683467195,5.963950714672075e-09,0.0003134740029517727,2316161.070161328,809789.2266977098
4.234977498384144e-05,0.00013542750565716217,-44.8806746365107,609.4203473959118,0.0,0.07794973067660205,121.98889641146027,9.259376185385794e-14,0.0,8.806487294522029e-05,40.675913354837284,2.2645180836743607e-10,6.334623283325526e-14,1.607906354363017e-09,2.2972811571871073e-12,7.817063754385646e-08,1.065678145780629,6.545709937484853e-09,0.0003137041159147228,2313659.266156176,833433.3642116799
4.237152717367887e-05,0.00013444404790577933,-45.54526510119989,613.9789215966864,0.0,0.07966949040797831,124.68557351899942,1.0093924019187774e-13,0.0,9.001159973786388e-05,41.575091381313975,2.2336842131850493e-10,1.4120834225595623e-12,1.6395792449342448e-09,6.380546326707477e-13,9.230572123269765e-08,1.0892359171841075,7.196418183673823e-09,0.0003139407179573219,2311147.646747452,858322.1052271721
4.2393279363516294e-05,0.00013344599206003088,-46.22297039115179,618.6789410699604,0.0,0.08146661862601579,127.50415860729882,1.1061423143996522e-13,0.0,9.204632618331193e-05,42.514918251968226,2.2012995317135048e-10,1.339968692082596e-12,1.672495565523799e-09,0.0,1.0887553610170346e-07,1.1138586551906258,7.925597478310876e-09,0.000314184068539853,2308626.2307014843,884544.2529250062
4.2415031553353713e-05,0.00013243304772907273,-46.91426381525748,623.5267683304264,0.0,0.08334593627235343,130.45232979416744,1.2189929503926957e-13,0.0,9.417459355621408e-05,43.49795413983241,2.167295168888484e-10,0.0,1.7067180343001294e-09,6.808192146355255e-12,1.2967539275791057e-07,1.1396134326020966,8.74426861159358e-09,0.0003144344419618471,2306095.036857796,912196.6644623604
4.243678374319114e-05,0.0001314049140266264,-47.61963712751298,628.5291597705631,0.0,0.08531264843840423,133.53839427121974,1.3417506189871135e-13,0.0,9.640239674197799e-05,44.526968973335066,2.131601782349515e-10,3.402213831497016e-13,1.7423129564331985e-09,4.732064785921445e-12,1.5455495784793064e-07,1.166572819612078,9.66521522827125e-09,0.00031469212843223613,2303554.0841289693,941385.1349198279
4.2458535933028566e-05,0.00013036127916590725,-48.339600876211904,633.6932951601042,0.0,0.08737238452511976,136.77135142633045,1.4772582057765602e-13,0.0,9.8736229725972e-05,45.604963483286895,2.0941499727568047e-10,8.932811572127589e-13,1.7793503962386726e-09,2.1026886293012182e-12,1.8436731866116402e-07,1.1948154322428173,1.0703300305532172e-08,0.00031495743523102184,2301003.3915005038,972225.3937050549
4.248028812286599e-05,0.0001293018200479447,-49.074684645636296,639.0268101791739,0.0,0.08953123940778634,140.16096344795395,1.6294974223269593e-13,0.0,0.00010118313651735753,46.73519274449366,2.0548711696129065e-10,1.0677489375321972e-12,1.8179043431820306e-09,9.753884663546876e-12,2.209742213114889e-07,1.2244265491271749,1.187584568916285e-08,0.0003152306879712527,2298442.9780306728,1004844.2317746546
4.250204031270342e-05,0.0001282262018460436,-49.82543715865181,644.5378320327422,0.0,0.09179581749718675,143.71783442981737,1.80163405512063e-13,0.0,0.00010375076791809364,47.921192551581704,2.013698806278388e-10,1.3422421365992508e-12,1.8580528667695863e-09,1.0292330522094153e-11,2.656288919855407e-07,1.2554988041817885,1.3203087662981774e-08,0.00031551223197080145,2295872.8628503806,1039380.7789289925
4.2523792502540845e-05,0.00012713407758992696,-50.592426200550946,650.2350179233417,0.0,0.09417328465010438,147.4534991502432,1.9987224160460777e-13,0.0,0.00010644744524391698,49.16680902054066,1.9705694487655046e-10,7.744478355413776e-13,1.8998782538012106e-09,6.017750583864103e-12,3.19990221651848e-07,1.288132961085934,1.4708726344457573e-08,0.0003158024337443237,2293293.0651630247,1075987.9531843434
4.254554469237827e-05,0.00012602508775397953,-51.3762383131559,656.1275970505014,0.0,0.09667142555142444,151.38052288261875,2.2259003147134531e-13,0.0,0.00010928223235479197,50.476231868253734,1.9254238866538013e-10,0.0,1.943467119424602e-09,3.7088668986879144e-11,3.870052343208984e-07,1.3224387842770855,1.642059013784793e-08,0.00031610168262688866,2290703.6042443444,1114834.1093772694
4.256729688221569e-05,0.0001248988598551799,-52.17747819786152,662.2254166645689,0.0,0.09929870545228732,155.51261380660932,2.476101695609211e-13,0.0,0.00011226501633793305,51.85403189331943,1.878207477941237e-10,2.732457892353169e-12,1.9889104807416307e-09,9.530622544353488e-11,4.7005076018950685e-07,1.3585360218511964,1.8371440655271194e-08,0.00031641039254213935,2288104.499442283,1156104.9185960693
4.258904907205312e-05,0.00012375500806781882,-52.996767753309705,668.5389923989857,0.0,0.10206433838259696,159.86474983916892,2.746319298624498e-13,0.0,0.00011540659678485537,53.30520326463445,1.8288709233158972e-10,1.1389608371604926e-11,2.0363037796005454e-09,3.281716649388484e-11,5.716059565682315e-07,1.3965555149283775,2.0599950777175357e-08,0.00031672900392913,2285495.770176839,1200005.5150224783
4.2610801261890544e-05,0.00012259313286397657,-53.83474465170782,675.079562588224,0.0,0.10497836968739277,164.4533219970244,3.098112216218267e-13,0.0,0.00011871878921709653,54.83521132176516,1.7773771982804445e-10,0.0,2.085746837390748e-09,1.3441500537435368e-13,6.974346904944986e-07,1.436640445430372,2.315189881216007e-08,0.0003170579858426783,2282877.435939924,1246762.9522977818
4.262686649209039e-05,0.0001217232088309175,-54.466017152614874,680.062891902098,0.0,0.10723220743949646,168.004502421657,3.324728261765274e-13,0.0,0.00012128210932385033,56.019312476418854,1.7379422585511766e-10,2.3672124186831804e-11,2.1236401512808168e-09,1.213414052622417e-10,8.104602169260848e-07,1.4676628887700425,2.5275778351915832e-08,0.00031730790744715823,2280937.492045532,1283276.633521003
4.2642931722290225e-05,0.00012084305674544831,-55.108104574728735,685.1817154214103,0.0,0.10957771177173935,171.7022594997355,4.0445815224361565e-13,0.0,0.00012395118283291913,57.25228773757899,1.6973346970459567e-10,0.0,2.162751562209401e-09,5.6426782667827204e-11,9.428551682375627e-07,1.4999657781246252,2.763093604283202e-08,0.00031756397082765864,2278992.327539063,1321596.463378814
4.265899695249007e-05,0.00011995250070687709,-55.761275906305144,690.441438204298,0.0,0.11201996835870544,175.5550062712231,3.80348996888546e-13,0.0,0.00012673206215296236,58.53694229595333,1.6555400132266164e-10,4.780830319100537e-10,2.2031254737430856e-09,0.0,1.0969104433275154e-06,1.533622604301211,3.02463343056469e-08,0.00031782639950817795,2277041.9503482636,1361842.6316279618
4.267933206947216e-05,0.00011881004776416066,-56.60436672101961,697.3100737411066,0.0,0.11525861442188498,180.66817407306266,5.207896974279894e-13,0.0,0.00013042259487219186,60.241869462727536,1.6009971559667282e-10,1.514987984238624e-10,2.2561115876027845e-09,1.0463797790592122e-10,1.3382721548757014e-06,1.5782901700778278,3.398212461366335e-08,0.0003181680730089004,2274565.730857855,1415752.3395726557
4.269340116260339e-05,0.00011800950608617994,-57.19860525753462,702.2060873892718,0.0,0.11760136289330479,184.3699810915429,6.054035817838669e-13,0.0,0.00013309436989306333,61.476194231568556,1.5621782384889537e-10,0.0,2.2940464781115777e-09,1.7802337133306198e-10,1.5388545810060812e-06,1.6106283475110692,3.68824839949453e-08,0.00031841091640118517,2272847.656779508,1455130.2681707684
4.270747025573462e-05,0.00011720053983622954,-57.80199640970385,707.2246617857817,0.0,0.12003240166212231,188.21419623358616,6.399471629695239e-13,0.0,0.00013586884389751332,62.75800303363519,1.5224750354379386e-10,8.387398115471902e-11,2.333061023340866e-09,1.9333742113785498e-10,1.7690244918340127e-06,1.6442105405313723,4.007490831939139e-08,0.0003186592379843049,2271125.604119731,1496328.5632675344
4.272153934886585e-05,0.00011638301898130463,-58.414719784699905,712.3702847155034,0.0,0.12255622216016239,192.20840929896366,6.88785383036056e-13,0.0,0.00013875147047557788,64.08982654684853,1.481900464943267e-10,2.1271380964147404e-11,2.3731869837150108e-09,2.4619562564147447e-10,2.0374031586603634e-06,1.6791030433350724,4.359306941908968e-08,0.0003189132214109426,2269399.5782611994,1539459.9002463394
4.273560844199707e-05,0.00011555681097809177,-59.03695233431639,717.6476579254958,0.0,0.12517758990600067,196.36072430170142,7.263060792890942e-13,0.0,0.00014174807350808365,65.47436689923212,1.4404539246768392e-10,0.0,2.4144561559753236e-09,3.272190568627606e-10,2.3515006953222634e-06,1.7153766418765353,4.747499432977256e-08,0.0003191730586473129,2267669.5845990092,1584645.6368703346
4.27496775351283e-05,0.00011472178081779844,-59.668867164219506,723.0617091084497,0.0,0.12790156133828684,200.67980120738733,7.643559456747986e-13,0.0,0.00014486487427073442,66.91451158450457,1.3981563149827251e-10,1.1788016692152455e-11,2.456900184160585e-09,4.031512570036646e-10,2.7176827080813306e-06,1.7531069798828278,5.1763690766687134e-08,0.00031943895041639425,2265935.6285406575,1632016.6076138017
4.276374662825953e-05,0.00011387779109114391,-60.31063211667365,728.617604415699,0.0,0.13073350634310205,205.17490155068384,8.212603348418455e-13,0.0,0.00014810852018900934,68.41334867094281,1.3550536471261482e-10,0.0,2.5005503139984322e-09,5.071132435636317e-10,3.1454656663512616e-06,1.7923749529547397,5.65078649770061e-08,0.0003197111066733686,2264197.7155060275,1681714.0009572397
4.277781572139076e-05,0.00011302470207454857,-60.96240812603587,734.3207620514786,0.0,0.13367912749752323,209.8559383415614,8.80770161187456e-13,0.0,0.00015148611900500666,69.97418343995535,1.311188724118777e-10,0.0,2.5454370690570164e-09,6.603198079010267e-10,3.6473707124290633e-06,1.8332671443862347,6.176275312276345e-08,0.00031998974710574913,2262455.8509273706,1733890.3306007155
4.279188481452198e-05,0.00011216237184014768,-61.6243473245723,740.1768667328748,0.0,0.1367444780264656,214.73353070861492,9.329691310594568e-13,0.0,0.00015500527705925488,71.6005566039299,1.2665961994050684e-10,2.147579008482838e-11,2.5915899271548958e-09,8.321340965342607e-10,4.236617531539043e-06,1.8758763050057,6.759108586512924e-08,0.00032027510165645004,2260710.040249289,1788710.5111987875
4.280595390765321e-05,0.00011129065639421207,-62.2965908477274,746.1918846725392,0.0,0.13993598456247536,219.8190637696362,9.973054891701024e-13,0.0,0.00015867414064071376,73.29626426656816,1.221329334831307e-10,0.0,2.6390369551521803e-09,1.0459050764913953e-09,4.928760521127792e-06,1.9203018744611182,7.406420829760436e-08,0.00032056741107391515,2258960.288928721,1846353.0501967403
4.282002300078444e-05,0.00011040940984926369,-62.97926627990086,752.3720795029411,0.0,0.14326047085896315,225.12475427130016,1.0774977792140584e-12,0.0,0.0001625014404897171,75.06537980623999,1.1754645125916357e-10,0.0,2.687804302856082e-09,1.3701478806252918e-09,5.744025357819658e-06,1.9666505518719408,8.12633809529371e-08,0.0003208669274928139,2257206.6024349215,1907011.370649609
4.283409209391567e-05,0.00010951848463525993,-63.67248468642149,758.7240294953178,0.0,0.14672517789466144,230.66372260075377,1.1535604279514679e-12,0.0,0.0001664965385878023,76.91227788340554,1.1290678698542739e-10,6.61951294468617e-11,2.7379155407967275e-09,1.7786499260728746e-09,6.70641165892855e-06,2.01503692597112,8.928129105484642e-08,0.0003211739150455839,2255448.986249445,1970895.2817590435
4.284816118704689e-05,0.00010861773175573357,-64.37633717447267,765.2546457455772,0.0,0.15033778461983696,236.45007183865152,1.2532973098560892e-12,0.0,0.00017066947853947454,78.841660795213,1.0822393247106562e-10,2.4434164251036918e-11,2.7893911293895476e-09,2.2330954223684228e-09,7.843356909606014e-06,2.0655841663370813,9.82238126707389e-08,0.00032148865050380076,2253687.4458661303,2038232.6143777543
4.286223028017812e-05,0.00010770700109589554,-65.09089091067328,771.9711911518469,0.0,0.15410643217698125,242.49897459347028,1.4052738229204535e-12,0.0,0.00017503104338774077,80.85858742356508,1.0351454879638235e-10,0.0,2.842247721406638e-09,2.8865747045570254e-09,9.188671104424251e-06,2.1184247780657035,1.0821206329054354e-07,0.00032181142394902684,2251921.986791081,2109271.0413391385
4.2876299373309347e-05,0.0001067861417910564,-65.81618450623711,778.8813006656854,0.0,0.15803974529121176,248.82676843071073,1.4916834295123933e-12,0.0,0.00017959281846018478,82.96850504792381,9.878174499309294e-11,2.793103602491131e-10,2.896496605915155e-09,3.876100050578377e-09,1.0784657676444312e-05,2.173701432628913,1.1938480346124703e-07,0.0003221425394733967,2250152.61454265,2184280.106822037
4.289036846644058e-05,0.00010585500266506193,-66.5522226677448,785.9930030976632,0.0,0.1621468468503277,255.45106079172604,1.54402989475964e-12,0.0,0.00018436725205331686,85.17728432143684,9.402874408786263e-11,4.2850695737798294e-10,2.952143177293788e-09,5.005625190710887e-09,1.2681363853971796e-05,2.231567887516261,1.3190123430369806e-07,0.0003224823159097062,2248379.3346514218,2263553.4917199705
4.29044375595718e-05,0.00010491343274986545,-67.298969998057,793.3147439411586,0.0,0.1664373733636751,262.3908443894137,1.9226535327959657e-12,0.0,0.00018936772067180038,87.49125773847936,8.931090326601644e-11,0.0,3.009187176645227e-09,6.2346050993684715e-09,1.4937549098395182e-05,2.2921899929824225,1.4594427765412005e-07,0.0003228310875895992,2246602.1526601966,2347411.5432851803
4.291850665270303e-05,0.00010396128189907589,-68.05634381184161,800.8554090655783,0.0,0.17092149358194908,269.666624161409,2.389540075743207e-12,0.0,0.00019460861421874897,89.9172619528658,8.467236620449288e-11,0.0,3.0676184412675454e-09,8.295181527761585e-09,1.7625788805981465e-05,2.3557467889450514,1.6172442455798184e-07,0.0003231892051272175,2244821.0741239684,2436204.102059092
4.2932575745834256e-05,0.00010299840151042633,-68.82420580432606,808.6243505122038,0.0,0.17560991087912062,277.30055694707204,2.6874397095963367e-12,0.0,0.00020010541522131692,92.46268433821065,8.012248974322159e-11,1.1127039398463629e-10,3.127415193564943e-09,1.1125548966464715e-08,2.0837639054414872e-05,2.4224317266433193,1.794842251888193e-07,0.0003235570362247133,2243036.104609914,2530313.6676583085
4.294664483896549e-05,0.00010202464537456882,-69.60235238962437,816.6314138445327,0.0,0.18051385555899696,285.316605170779,2.7770629723711703e-12,0.0,0.000205874770896637,95.13551421468524,7.564766015167094e-11,6.675576384298827e-11,3.188543919949969e-09,1.4584528575006953e-08,2.4680280989666702e-05,2.4924540133836945,1.995035603308114e-07,0.0003239349664953816,2241247.249697369,2630158.9452431644
4.296071393209671e-05,0.0001010398706704209,-70.3905034921428,824.8869664963022,0.0,0.18564507576861408,293.74070590042436,2.8348285921715602e-12,0.0,0.00021193457621258887,97.94439919886258,7.125794347897384e-11,0.0,3.2509577405857807e-09,1.916598261337671e-08,2.9283235510566785e-05,2.566040081170178,2.221058434619458e-07,0.0003243234002982474,2239454.5149778165,2736198.819782343
4.297478302522794e-05,0.00010004393913057692,-71.18828953536193,833.4019277889465,0.0,0.19101581353904817,302.60095674441806,3.0153509002790856e-12,0.0,0.00021830406759586448,100.89870716385965,6.701564220771516e-11,5.2960633734197606e-12,3.314592714489489e-09,2.5429404356032146e-08,3.480741520167585e-05,2.6434352009106226,2.4766529030977637e-07,0.0003247227615754751,2237657.906054866,2848936.8152054828
4.2988852118359166e-05,9.903671840416684e-05,-71.995236330904,842.187800910795,0.0,0.19663875729332786,311.9278201297622,3.311785657800341e-12,0.0,0.00022500391073063786,104.00859432331383,6.302396366490862e-11,3.5447956145632775e-12,3.379364149105261e-09,3.378103053242573e-08,4.144915906592686e-05,2.72490526177697,2.7661543912408823e-07,0.0003251334946815217,2235857.4285442373,2968926.101784366
4.30029212114904e-05,9.801808364907464e-05,-72.81074752188599,851.2567065443754,0.0,0.20252697221136678,321.75434756164475,3.626064234621767e-12,0.0,0.00023205627862051597,107.28507997180137,5.940289607194927e-11,0.0,3.4451634484664758e-09,4.491281527905663e-08,4.944603515242532e-05,2.810738723098776,3.094591568055523e-07,0.00032555606518995663,2234053.08807374,3096775.1210027896
4.301699030462162e-05,9.698791939071797e-05,-73.63408417403174,860.6214181149219,0.0,0.20869380376741054,332.1164254882035,3.925260223210441e-12,0.0,0.00023948492481027896,110.74012842183761,5.6299473010343346e-11,1.5873130670165964e-11,3.5118545575711124e-09,5.994751276731787e-08,5.9088498316766934e-05,2.901248750076383,3.4678038565153526e-07,0.00032599096065977386,2232244.8902832614,3233153.9064898198
4.303105939775285e-05,9.594612169078171e-05,-74.46434103788948,870.2953989071299,0.0,0.21515274250006755,343.0530443654256,4.272649204234736e-12,0.0,0.00024731524473315053,114.38673866757273,5.394427493954781e-11,5.827622593280501e-12,3.5792702314494646e-09,8.02731295283638e-08,7.073275778081024e-05,2.996775550530565,3.8925790591891217e-07,0.00032643869133793733,2230432.8408247433,3378801.189780102
4.3045128490884076e-05,9.489260067654928e-05,-75.30041892575558,880.2928410756805,0.0,0.221917240248392,354.60659241015156,4.716298354416654e-12,0.0,0.000255574312467014,118.2390422694797,5.271798200870863e-11,0.0,3.6472069851581726e-09,1.0770541373804641e-07,8.481355822634264e-05,3.0976889260098175,4.376814373617417e-07,0.0003268997907687981,2228616.945362168,3534532.3887828155
4.3059197584015307e-05,9.382728348994897e-05,-76.14099255338263,890.6287064193511,0.0,0.2290004693383025,366.8231753111374,5.223237795641641e-12,0.0,0.0002642908847982679,122.31240988156522,5.3216253773190204e-11,3.831400774469656e-11,3.715418022057265e-09,1.4489019447589698e-07,0.00010186108383430998,3.2043910453834585,4.929704536313227e-07,0.00032737481627342734,2226797.209571539,3701248.5863052723
4.307326667714653e-05,9.275011772533061e-05,-76.98447308680873,901.3187689124346,0.0,0.2364150110838585,379.75296279486986,5.79060453410529e-12,0.0,0.00027349535778314996,126.62356671774901,5.637498248049317e-11,2.4516298582645565e-11,3.7836089172064896e-09,1.9548805988966135e-07,0.00012252311406343568,3.317319448225215,5.561961132926072e-07,0.0003278643492524078,2224973.6391408653,3879946.6162978425
4.308733577027776e-05,9.166107543653635e-05,-77.82896450877648,912.3796590003949,0.0,0.24417245646393115,393.4505623522062,6.488504565921307e-12,0.0,0.0002832196492975985,131.19071705661563,6.368979237657278e-11,0.0,3.851433521041614e-09,2.6436409591999583e-07,0.0001475900870172543,3.43695028155406,6.28606735173664e-07,0.0003283689952539268,2223146.2397701386,4071730.384716884
4.3101404863408986e-05,9.056015780727797e-05,-78.67221277540703,923.828909500828,0.0,0.252282902464994,407.97541954006385,7.216036674712201e-12,0.0,0.00029349698224662537,136.03367758631896,7.75105020174283e-11,1.5533841252305064e-10,3.9184768378186386e-09,3.582405613330843e-07,0.000178023715460546,3.5638017638033244,7.116572671232172e-07,0.000328889383734561,2221315.0171713224,4277823.558630958
4.3115473956540216e-05,8.944740059445039e-05,-79.51154656911486,935.6850028936326,0.0,0.26075432595143827,423.3922429700834,7.908079356895968e-12,0.0,0.0003043615393298279,141.1740189574252,1.016191840460752e-10,3.624291683840925e-10,3.984251289271626e-09,4.86568752502941e-07,0.000214991949338522,3.6984378590733584,8.070431989103142e-07,0.0003294261674221675,2219479.9770683264,4499583.761019971
4.312954304967144e-05,8.832288047208119e-05,-80.3438082692639,947.9674197379587,0.0,0.2695918151349475,439.7714502405741,9.00869940271761e-12,0.0,0.0003158479332061962,146.63521429227887,1.422739990894951e-10,0.0,4.048217435309782e-09,6.62261265459771e-07,0.0002599095257702581,3.841472128149544,9.167393572885094e-07,0.00032998002116810195,2217641.125196997,4738518.407135
4.314361214280267e-05,8.718672242442118e-05,-81.16527355839273,960.6966878039783,0.0,0.27879664082886135,457.18962846199184,1.1189807432014238e-11,0.0,0.00032799041530037857,152.44279253082004,2.097288325638448e-10,0.0,4.109789317936296e-09,9.028049454817634e-07,0.00031448192380286724,3.9935716994716683,1.04304391874125e-06,0.00033055164014855195,2215798.467305094,4996302.307698955
4.315385506074066e-05,8.63523301167034e-05,-81.75406665487205,970.2575697117429,0.0,0.28572736862062503,470.5717229254959,1.2896047614900817e-11,0.0,0.0003372622387499951,156.90463321633263,2.845232289328115e-10,5.856707021827152e-11,4.152668301711e-09,1.1322607808243447e-06,0.00036144147457763717,4.110421567002784,1.1469584714597996e-06,0.0003309793862906382,2214454.5405332725,5196894.42344443
4.316409797867865e-05,8.551195612804783e-05,-82.33288677301303,980.0754669772607,0.0,0.2928475832419104,484.5829466952746,1.399975371177057e-11,0.0,0.00034691097719459214,161.57621385012297,3.9088373744807477e-10,1.1717405511948517e-11,4.19350866025734e-09,1.4210557630184138e-06,0.0004155113045936067,4.232759332633259,1.2622537051466121e-06,0.0003314172064630858,2213108.601667212,5409246.849203594
4.3174340896616644e-05,8.466571363273651e-05,-82.89954951402302,990.1594357630818,0.0,0.30015183981575116,499.2598391103888,1.4856153084599076e-11,0.0,0.00035694708175031077,166.46971312011252,5.418416964012583e-10,4.479912181811178e-11,4.231974556864054e-09,1.784445851522625e-06,0.00047772947344627863,4.3609030246602165,1.3902323898660172e-06,0.00033186538362509754,2211760.652936848,5634209.591174651
4.3184583814554634e-05,8.381373949289952e-05,-83.45160183925672,1000.5188723865415,0.0,0.3076323423759219,514.6411014009923,1.6202220948455893e-11,0.0,0.00036737920969554774,171.59802993107382,7.559781396661738e-10,5.705467029446611e-11,4.267725334081782e-09,2.2414886610315997e-06,0.0005492637159554841,4.495189410836497,1.5323424005217185e-06,0.00033232420255852724,2210410.696575445,5872700.83926675
4.31853870510392e-05,8.374669100740637e-05,-83.4941968569347,1001.3431768074314,0.0,0.3082261183386434,515.8782477932201,1.6342566806246733e-11,0.0,0.0003682142312385003,172.01050958004697,7.761452484803486e-10,4.7082902902493755e-11,4.270403373506439e-09,2.28195148782283e-06,0.0005553045412166654,4.505990015331672,1.5441299538825665e-06,0.0003323606408902558,2210304.749903989,5892003.58817077
4.318619028752377e-05,8.367960835140051e-05,-83.53668386434036,1002.1692387209349,0.0,0.30882090940622564,517.1199965803941,1.6482533165804046e-11,0.0,0.00036905173013705494,172.42452351731376,7.968714503201411e-10,4.880685181501343e-11,4.273062052625332e-09,2.3231477250168056e-06,0.000561411249080308,4.516830750849018,1.5560150108913682e-06,0.00033239714655533054,2210198.7909014486,5911396.080276099
4.3187414263356744e-05,8.357732195085668e-05,-83.60121488137166,1003.4313849429826,0.0,0.30972919359396306,519.0210757364769,1.6700368619619675e-11,0.0,0.00037033268365935826,173.05836570553151,8.29564052772404e-10,5.135647070944877e-11,4.277075680440467e-09,2.3873622892457117e-06,0.0005708449085089862,4.533427487672775,1.5743148712942933e-06,0.00033245290385846047,2210037.306326528,5941120.148694727
4.3189251447781775e-05,8.342364248313607e-05,-83.69758768575397,1005.333573170126,0.0,0.31109687688335613,521.8948974753343,1.7038603987640428e-11,0.0,0.0003722662127862194,174.01653080729596,8.812628682504775e-10,5.1789993324334706e-11,4.283013258720303e-09,2.4871044407475132e-06,0.00058530018533548,4.5585162089618185,1.6022179028453476e-06,0.00033253689054595895,2209794.864684893,5986133.081569587
4.319108863220681e-05,8.326978651060375e-05,-83.79335909385762,1007.2450598750487,0.0,0.31246971585289024,524.7933143453022,1.7390027426392125e-11,0.0,0.00037421274881621684,174.98289507679146,9.362932474358723e-10,5.330818990235577e-11,4.2888443532772064e-09,2.591021836104035e-06,0.0006001173150535615,4.583819378861045,1.6306520279032379e-06,0.00033262123293745346,2209552.3585614827,6031628.153381033
4.319292581663185e-05,8.311575515433147e-05,-83.88851128373376,1009.1658943377444,0.0,0.31384763196948545,527.7165762900466,1.775552964308876e-11,0.0,0.00037617230831492717,175.9575418140204,9.9486703954602e-10,5.6507654889968516e-11,4.294566495460868e-09,2.6992856504717478e-06,0.0006153046435836798,4.60933917134748,1.6596274920660895e-06,0.00033270593267178185,2209309.787969225,6077611.501206334
4.319476300105689e-05,8.29615495685731e-05,-83.98302606529793,1011.0961260303715,0.0,0.31523054335995665,530.6649356428227,1.8136299625963717e-11,0.0,0.0003781449038280829,176.94055511493542,1.0572094476136744e-09,5.908959745849003e-11,4.300177199025613e-09,2.812074002534083e-06,0.0006308706544952593,4.635077781115087,1.6891547178835153e-06,0.00033279099138434063,2209067.15292105,6124089.345015089
4.319660018548192e-05,8.280717094140247e-05,-84.07688487454918,1013.0358044787288,0.0,0.3166183647466585,533.6386471319952,1.8532507477833533e-11,0.0,0.0003801305436932101,177.9320198732674,1.1235595853623108e-09,6.209255331714222e-11,4.3056738872620945e-09,2.9295719772413694e-06,0.0006468239660740608,4.661037423613964,1.7192443108500903e-06,0.00033287641070673616,2208824.453429888,6171067.987814253
4.3198437369906956e-05,8.265262049533755e-05,-84.17006876809317,1014.984979099177,0.0,0.3180110073818369,536.6379678861603,1.8945269597740352e-11,0.0,0.0003821292318458965,178.9320217822234,1.1941715289422914e-09,6.364152203051401e-11,4.3110540370396345e-09,3.051971723130836e-06,0.0006631733388366598,4.687220335100599,1.7499070627375905e-06,0.00033296219226643825,2208581.6895086737,6218553.81562116
4.3200274554331994e-05,8.249789948802618e-05,-84.26255841627957,1016.9436991568476,0.0,0.31940837898796004,539.6631574373883,1.937430324521409e-11,0.0,0.00038414096760930815,179.94064733555467,1.2693147834554616e-09,6.759131833675745e-11,4.3163149701517475e-09,3.1794727077275645e-06,0.0006799276669458123,4.71362877265716,1.7811539532782075e-06,0.00033304833768632683,2208338.8611703487,6266553.2981436085
4.320371363409408e-05,8.220781871036635e-05,-84.43375762733496,1020.6361138439918,0.0,0.3220365364444471,545.3965455643777,2.022596839783603e-11,0.0,0.0003879418443799557,181.85220730349425,1.423165565102975e-09,7.365800574569904e-11,4.325833581232533e-09,3.43258232840748e-06,0.0007124105698198029,4.76367764457684,1.8412550034555364e-06,0.0003332105795135894,2207884.130525237,6357808.467167035
4.320715271385617e-05,8.191715365967934e-05,-84.60232149813469,1024.3624701743172,0.0,0.32468026287021456,551.2232414618027,2.114546226531177e-11,0.0,0.0003917883333898705,183.79487217346332,1.5959605063921113e-09,7.970774218057189e-11,4.334907826717964e-09,3.705732320209008e-06,0.0007464047878392902,4.814539922383502,1.9035173086623609e-06,0.0003333741125703877,2207429.174285111,6450930.379049096
4.321267015748924e-05,8.14496318259293e-05,-84.86689998534666,1030.4125111033338,0.0,0.328952418919071,560.7706117483184,2.2776259022356462e-11,0.0,0.0003980542753358134,186.97802796266265,1.918613538453985e-09,9.604870163885983e-11,4.348492452106465e-09,4.189720042166836e-06,0.0008042568920222576,4.897878201061034,2.008117586740559e-06,0.00033363919851561193,2206698.7999786055,6604342.221400927
4.321818760112231e-05,8.098067129122027e-05,-85.12373755758361,1036.5520417644761,0.0,0.33325962092740763,570.5701812519942,2.461991074446742e-11,0.0,0.0004044361595258406,190.24525519602318,2.306957463271304e-09,1.3050512130031556e-10,4.360809486758967e-09,4.73621325372791e-06,0.0008664245885445725,4.98341474779595,2.118814296232921e-06,0.00033390767759336693,2205967.845583405,6762865.946674548
4.322370504475538e-05,8.051031647535912e-05,-85.37219760762885,1042.782349038903,0.0,0.33759835630503315,580.6296121874336,2.6715756469371847e-11,0.0,0.0004109323911810955,193.59910731178428,2.7740014996717907e-09,1.6126133687908443e-10,4.371779935270862e-09,5.352926044856624e-06,0.0009331828014444547,5.071216182550208,2.2359575013393266e-06,0.0003341795917735521,2205236.3114508973,6926700.178300279
4.322922248838845e-05,8.003861542292174e-05,-85.61160433297863,1049.104695141748,0.0,0.3419647764087767,590.9567570999244,2.9124106364011036e-11,0.0,0.0004175407366265509,197.0422011343547,3.3352379720625434e-09,1.467694027975807e-10,4.381329945399063e-09,6.0484247358989485e-06,0.0010048149300602742,5.161350777198489,2.359914397174064e-06,0.000334454982084112,2204504.1979327477,7096051.122181435
4.3234739932021524e-05,7.956562005261018e-05,-85.84124027527011,1055.520311826811,0.0,0.34635468932980895,601.559654050611,3.187361579744755e-11,0.0,0.0004242582318167973,200.57721526836926,4.009076153394769e-09,1.806244188598486e-10,4.389379552540199e-09,6.8321960302671396e-06,0.0010816113111671273,5.253888414680895,2.4910697062349925e-06,0.0003347338884107928,2203771.5053808996,7271132.715590139
4.3240257375654595e-05,7.909138637331414e-05,-86.06034424222705,1062.0303942125456,0.0,0.3507635528700199,612.4465212412244,3.510869575501853e-11,0.0,0.00043108108615536777,204.2068883062167,4.817353687826838e-09,4.000936269860832e-12,4.395873396999108e-09,7.714708124341819e-06,0.0011638681115525961,5.34890054413873,2.6298260737172233e-06,0.0003350163493114945,2203038.234147578,7452166.768343656
4.3245774819287666e-05,7.861597470693835e-05,-86.26810919134425,1068.6360939845908,0.0,0.35518647066560977,623.625750099709,3.849599741898661e-11,0.0,0.00043800457533466465,207.9340165222961,5.78565058063296e-09,8.307647177153205e-10,4.400612915812354e-09,8.707473391483985e-06,0.0012518838922778264,5.44646012031744,2.7766043089898353e-06,0.0003353024018163379,2202304.384585282,7639383.08118516
4.3251292262920736e-05,7.813944994764424e-05,-86.46367977267649,1075.3385119172938,0.0,0.3596181894067115,635.1058959029066,4.380684182278493e-11,0.0,0.00044502291795809414,211.7614507502138,6.9448832906138e-09,0.0,4.4040287554522205e-09,9.823106335544713e-06,0.0013459631395491235,5.546641534178087,2.931843545183048e-06,0.0003355920811902093,2201569.9570467914,7833019.52742469
4.325680970655381e-05,7.766188184817699e-05,-86.64614965197697,1082.1386893776948,0.0,0.3640531071455602,646.895665869766,4.956563472372966e-11,0.0,0.0004521291354607098,215.69209240992046,8.330232411368585e-09,3.882913385079774e-10,4.405705791987906e-09,1.1075386582501e-05,0.0014463985215666688,5.649520493310472,3.096001389281305e-06,0.0003358854206628951,2200834.951885162,8033322.0912192715
4.326232715018688e-05,7.718334531454035e-05,-86.8145588172024,1089.0375992685952,0.0,0.36848528148239734,659.0039048259808,5.5132665871069234e-11,0.0,0.00045931489680732307,219.72888873557153,9.982756949883419e-09,7.395890978634132e-10,4.4051259606551674e-09,1.2479269176782694e-05,0.0015534827911552293,5.755173912565033,3.2695538409430677e-06,0.0003361824511390322,2200099.369453729,8240544.864568787
4.326784459381995e-05,7.670392070612038e-05,-86.96789090931931,1096.0361361577707,0.0,0.37290843993987033,671.4395782814225,6.120024652715824e-11,0.0,0.0004665703452294652,223.87482713713086,1.195094647518065e-08,0.0,4.402350560351966e-09,1.4050904782644564e-05,0.001667502030521905,5.863679771314164,3.452995256530156e-06,0.00033648320088796295,2199363.2101061027,8454949.995168379
4.327336203745302e-05,7.622369414979626e-05,-87.10507049686863,1103.1351054510344,0.0,0.37731599809844063,684.2117523897491,6.801344392032626e-11,0.0,0.00047388390445826054,228.1329285226938,1.4291052171082153e-08,8.778757112224238e-10,4.3974315970340635e-09,1.5807655001297595e-05,0.0017887249749533657,5.975116939566807,3.6468382477722157e-06,0.0003367876952054741,2198626.4741961746,8676807.573342456
4.327887948108609e-05,7.574275787354128e-05,-87.22496024865612,1110.335211623884,0.0,0.381701083230824,697.3295702676999,7.68041966081556e-11,0.0,0.0004812420621706448,232.50623941226536,1.706825544131309e-08,2.3920793040236565e-10,4.390541916948543e-09,1.7768054057826798e-05,0.0019174048134360468,6.089564984131886,3.851613294655747e-06,0.0003370959560414638,2197889.16207811,8906395.446794577
4.328439692471916e-05,7.5261210557987e-05,-87.32635804284602,1117.6370452889753,0.0,0.3860565659514935,710.8022243327703,8.68303802421785e-11,0.0,0.0004886291285120381,236.99782271889163,2.035692254847894e-08,7.199229733283641e-10,4.381438103800003e-09,1.9951721461543284e-05,0.002053764480672393,6.207103918220425,4.067868217242702e-06,0.0003374080015924681,2197151.2741063526,9143998.951010397
4.328991436835223e-05,7.477915770284077e-05,-87.40799406266596,1125.0410693170456,0.0,0.39037509530410514,724.638924261306,9.853948779900981e-11,0.0,0.0004960269668537432,241.61074707873388,2.4242193892189162e-08,3.747646905403597e-10,4.370064102022561e-09,2.237924039009127e-05,0.0021980030581165684,6.327813938882647,4.296167553643375e-06,0.00033772384585862946,2196412.810635622,9389910.545891823
4.32954318119853e-05,7.42967120077353e-05,-87.46852790610988,1132.547603749537,0.0,0.39464913963196946,738.8488601521469,1.120353214056908e-10,0.0,0.000503414694600149,246.34807457823285,2.8820738235864784e-08,1.5804602181530272e-10,4.356416944254167e-09,2.507200382382155e-05,0.002350281812509727,6.451775106297216,4.537091834748703e-06,0.0003380434981627354,2195673.7720209155,9644429.34330431
4.3300949255618373e-05,7.381399376888032e-05,-87.5065457170523,1140.1568095099651,0.0,0.39887103393812884,753.44116032254,1.2743406575652626e-10,0.0,0.0005107683527479633,251.21284669617594,3.420139876072687e-08,1.1571938455658646e-09,4.340234941888537e-09,2.80519903650437e-05,0.002510719836594214,6.579066985303826,4.791236597232429e-06,0.00033836696262737743,2194934.158617506,9907860.510023078
4.3306466699251444e-05,7.333113129217369e-05,-87.52055735760565,1147.8686708284977,0.0,0.40303303177161326,768.4248431730125,1.4555703638925073e-10,0.0,0.0005180605425982147,256.2080682696476,4.050628185862417e-08,1.2897356016514235e-09,4.321412283888663e-09,3.1341455487785385e-05,0.0026793901460922687,6.709768235515872,5.059211133021416e-06,0.0003386942376065933,2194193.970780944,10180514.528288769
4.3311984142884515e-05,7.284826132206475e-05,-87.50899366193329,1155.682976262569,0.0,0.4071273625587186,783.808762554973,1.6656820772944377e-10,0.0,0.0005252600283003835,261.3366892919972,4.7871104083166405e-08,1.3124456679401661e-09,4.299981754738198e-09,3.4962540990224875e-05,0.0028563082029851128,6.843956134572334,5.34163706297835e-06,0.0003390253150690894,2193453.2088670554,10462706.294562325
4.3317501586517586e-05,7.236552948503042e-05,-87.47020381743353,1163.5992983464396,0.0,0.4111462926216626,799.60154602259,1.909147370579222e-10,0.0,0.0005323313056573567,266.6015843428866,5.6445364490665524e-08,1.1055979344795985e-09,4.2761635809721565e-09,3.893681113914157e-05,0.0030414304711783575,6.981706049442887,5.639146648846398e-06,0.0003393601799301194,2192711.873231941,10754754.03662707
4.3323019030150657e-05,7.188309074677483e-05,-87.4024529211913,1171.6169717622804,0.0,0.4150821886958974,815.811525341296,2.1894698245715213e-10,0.0,0.0005392341395480856,272.00552943597404,6.639178369016077e-08,1.1762957263490011e-09,4.249999101648556e-09,4.32847027188595e-05,0.0032346472087242837,7.123090835321402,5.952380751816461e-06,0.0003396988093287202,2191969.964231979,11056978.025934944
4.332853647378373e-05,7.14011098823049e-05,-87.30391976217065,1179.7350700082632,0.0,0.4189275818688023,832.4466585665069,2.511987920362567e-10,0.0,0.0005459230748789811,277.5511760576064,7.788560584301757e-08,1.3757996312700895e-09,4.221357753662135e-09,4.802486838576383e-05,0.0034357781319774355,7.268180163378427,6.2819863900400275e-06,0.00034004117184670925,2191227.4822238227,11369699.060716078
4.33340539174168e-05,7.091976195760913e-05,-87.17269488994246,1187.9523804901194,0.0,0.42267523065514223,849.5144430007833,2.882404230652879e-10,0.0,0.0005523469286784115,283.2410221640082,9.111340832159661e-08,1.5182300821156188e-09,4.19018234241387e-09,5.3173414355621145e-05,0.003644567608665404,7.4170397655739295,6.628613894411347e-06,0.00034038722666594095,2190484.4275644002,11693236.693010256
4.333957136104987e-05,7.043923282109715e-05,-87.00677904156888,1196.2673780058178,0.0,0.42631818175131986,867.0218183256471,3.306425191954017e-10,0.0,0.0005584482749011214,289.077379902838,1.0627100982036187e-07,1.7235871094903029e-09,4.156524890557518e-09,5.874304789552888e-05,0.003860681934611774,7.569730592403754,6.992913581901123e-06,0.00034073692266049603,2189740.8006109158,12027907.171333123
4.334508880468294e-05,6.995971960251028e-05,-86.80408200727317,1204.678196611078,0.0,0.42984982593094984,884.9750592074773,3.790426068513007e-10,0.0,0.0005641629391510917,295.06233982545865,1.2356052304427795e-07,1.8319986056454149e-09,4.1206750228330535e-09,6.474214779681488e-05,0.004083708696735889,7.726307878659559,7.375531834557555e-06,0.00034109019742059333,2188996.6017208495,12374021.069090107
4.335060624831601e-05,6.948143121662855e-05,-86.562422025541,1213.182599848036,0.0,0.4332639477173521,903.3796566910132,4.341880450510313e-10,0.0,0.0005694195271476547,301.1977313600247,1.4318612614734226e-07,2.3940919569265017e-09,4.082293155451398e-09,7.117377024867283e-05,0.00431315547496832,7.886820108731216,7.777106375420595e-06,0.000341446976205248,2188251.8312519547,12731880.567165807
4.335612369194908e-05,6.900458886863259e-05,-86.27952580558285,1221.7779493687144,0.0,0.4365547641379324,922.2401877174296,4.967522188647878e-10,0.0,0.0005741390186888766,307.4850793252208,1.6535021690794126e-07,1.8545434823617664e-09,4.042651662705198e-09,7.803459729170002e-05,0.004548454077026913,8.051307880177534,8.198260841225343e-06,0.0003418071708208436,2187506.489562259,13101776.358247185
4.336164113558215e-05,6.852942655737106e-05,-85.95302929149861,1230.4611718974666,0.0,0.4397169563894276,941.5601721730499,5.678913553491538e-10,0.0,0.000578234467607148,313.9255562822872,1.9024488938930014e-07,4.677065786201118e-09,3.998013928488454e-09,8.531387868829688e-05,0.004788956137523149,8.21980264494477,8.639598414301159e-06,0.00034217067842328997,2186760.577010068,13483984.138642292
4.336715857921522e-05,6.805619157212169e-05,-85.58047928109356,1239.228724827233,0.0,0.4427456764481328,961.341916905296,6.466073159702559e-10,0.0,0.0005816108571024096,320.51993054940533,2.1805469165036753e-07,0.0,3.962773917264711e-09,9.29923808975711e-05,0.00503396230649574,8.39232536905323,9.101694416343456e-06,0.0003425373802420714,2186014.093953957,13878760.656635905
4.3372676022848294e-05,6.758514497767105e-05,-85.15933606394879,1248.0765598587345,0.0,0.44563658055502986,981.5863463912727,7.402763842298724e-10,0.0,0.0005841651753080664,327.26850973983693,2.4891920703797653e-07,2.133397979377653e-08,3.895614669755927e-09,0.00010104151913270531,0.005282657967934069,8.568884980087953,9.585087500889717e-06,0.00034290714022521847,2185267.0407527806,14286339.277302748
4.3378193466481364e-05,6.711656208193431e-05,-84.68697712975374,1257.0000868379616,0.0,0.44838570802561806,1002.292819503234,8.258180525380626e-10,0.0,0.0005857867726677026,334.1710797315383,2.8302339317093456e-07,0.0,3.945745121060478e-09,0.00010942222522268334,0.005534340492832495,8.749476964350386,1.0090269982552638e-05,0.0003432798036053828,2184519.4177656635,14706925.055502161
4.3383710910114435e-05,6.665073287924418e-05,-84.16070231219133,1265.9941335308395,0.0,0.45098963363919153,1023.4589329303618,9.073103050583756e-10,0.0,0.0005863580994765192,341.2268390422368,3.204158304381182e-07,8.988034514355274e-10,4.040765414121358e-09,0.0001180851812522424,0.005787975130140727,8.934081299630298,1.0617676965624867e-05,0.000343655195388019,2183771.225352006,15140689.237379774
4.3389228353747506e-05,6.618796246167096e-05,-83.5777402773136,1275.0529067292473,0.0,0.453445334977828,1045.0803105016525,1.0232897851124135e-09,0.0,0.00058575591856357,348.434328661184,3.6108385942137885e-07,5.453645745043442e-09,4.05509183758712e-09,0.00012696909533247607,0.006042637772499735,9.122660788191892,1.116766938306572e-05,0.0003440331187642369,2183022.4638714828,15587763.228040824
4.339474579738058e-05,6.572857139000521e-05,-82.93525664600689,1284.1699527046342,0.0,0.4557500586108984,1067.1503795693143,1.1770909856008093e-09,0.0,0.0005838530274210826,355.79135748230146,4.050174676646709e-07,5.606375729464033e-09,3.980312312464167e-09,0.00013600101575590503,0.006297483943878263,9.315159092515923,1.1740521108509437e-05,0.00034441335345350416,2182273.1336840396,16048231.98076848
4.340026324101365e-05,6.527289601497133e-05,-82.23036396133935,1293.3381173269725,0.0,0.4579012827898772,1089.6601349005534,1.3452489676963432e-09,0.0,0.0005805206253375744,363.29492360082133,4.5217804635124177e-07,6.545071734504938e-09,3.893413675285108e-09,0.0001450979024475471,0.006551607751468301,9.511498745606188,1.2336406716894125e-05,0.00034479565398272047,2181523.2351498976,16522126.797679983
4.340578068464672e-05,6.482128873804462e-05,-81.46013366944966,1302.549505480674,0.0,0.4598966787988559,1112.5978914307775,1.514752616623984e-09,0.0,0.0005756314453778555,370.94113187676294,5.024372561406498e-07,5.7105396681199094e-09,3.846788338774942e-09,0.00015416709367947604,0.006804018815413964,9.711578944295685,1.2955381763183343e-05,0.0003451797479112193,2180772.768629552,17009417.534726165
4.341129812827979e-05,6.437411820025509e-05,-80.6216102620235,1311.7954409060726,0.0,0.461734008696719,1135.9490275701078,1.685333791614685e-09,0.0,0.0005690636529335882,378.72510833001354,5.555699912415567e-07,0.0,3.8548543456213404e-09,0.00016310649540503315,0.007053739341273539,9.915273184518334,1.3597357727611412e-05,0.00034556533401411963,2180021.734483769,17510004.233544055
4.341681557191286e-05,6.393176938652085e-05,-79.71182776127193,1321.0664279335554,0.0,0.4634109862106828,1159.695721237295,1.8732719738801094e-09,0.0,0.0005607054832113356,386.64091211475755,6.11248726020476e-07,7.76745275392629e-09,3.857967134406797e-09,0.00017180640133028998,0.0072998491262493605,10.122426890536483,1.4262081337511804e-05,0.000345952080439691,2179270.1330735893,18023708.222434036
4.342233301554593e-05,6.349464363224797e-05,-78.72782868645095,1330.3521158728838,0.0,0.46492517437610037,1183.8166813300888,2.0920944592112212e-09,0.0,0.0005504605985703918,394.68144602761765,6.690948389400778e-07,9.364212995353138e-09,3.8246302663096185e-09,0.00018015295477809713,0.0075414954064606425,10.33285521364903,1.4949111301239416e-05,0.00034633962286146117,2178517.964760324,18550262.74031991
4.3427850459179e-05,6.306315851802977e-05,-77.66668568294487,1339.6412656204022,0.0,0.466273893373265,1208.2868785138585,2.330922477400123e-09,0.0,0.0005382541168710291,402.83836673651473,7.286870440984727e-07,7.86516956068596e-09,3.781143623883935e-09,0.00018803115023281072,0.007777793760211545,10.546340645445712,1.5657796040003357e-05,0.0003467275626497437,2177765.2299055597,19089303.14366085
4.343336790281207e-05,6.263774763744354e-05,-76.52552592322647,1348.921719848559,0.0,0.46745411213767857,1233.07727948145,2.5783227581063107e-09,0.0,0.0005240390884924893,411.10199617223634,7.89538011404942e-07,8.935767465323226e-09,3.760905699958844e-09,0.00019532728246366812,0.00800788764488754,10.762630642248558,1.6387248492578166e-05,0.0003471154650921052,2177011.928871152,19640356.80509525
4.343888534644514e-05,6.221886022241422e-05,-75.30155833869986,1358.1803781537412,0.0,0.4684623446066793,1258.1545898321876,2.8374946732911554e-09,0.0,0.0005078030681842331,419.4612357947911,8.510882355654508e-07,1.129729685537691e-08,3.761856863388203e-09,0.0002019323386390499,0.008230992404354159,10.981435334227434,1.7136316754213065e-05,0.00034750285769817384,2176258.0620192327,20202832.84288763
4.3444402790078214e-05,6.180696061043305e-05,-73.99210370018884,1367.4031784932342,0.0,0.4692945685743702,1283.4810115131295,3.1154203756573047e-09,0.0,0.0004895743887757776,427.90348572576244,9.127366511545156e-07,1.2281273398751249e-08,3.767906898750317e-09,0.00020774638030564066,0.008446372495259397,11.20242541675237,1.7903556176778773e-05,0.00034788922863021414,2175503.6297122026,20776011.853097115
4.3449920233711285e-05,6.14025275379868e-05,-72.59462752176144,1376.575085922244,0.0,0.4699461633269972,1309.0140216690247,3.412019340649771e-09,0.0,0.0004694276859062378,436.4145710209497,9.738709482971336e-07,1.3472816641285164e-08,3.7756843259017915e-09,0.0002126826143829098,0.008653315339113345,11.425230232700756,1.8687206085219093e-05,0.00034827402530703894,2174748.6323127346,21359035.847917505
4.3455437677344355e-05,6.100605324489574e-05,-71.10677568518011,1385.6800898753752,0.0,0.47041185872902597,1334.7061805719059,3.7222506702905736e-09,0.0,0.0004474881034526199,444.97867763540665,1.03388280120627e-06,1.4084371028468701e-08,3.798476149910708e-09,0.00021667065555318297,0.008851148727556548,11.64943608163351,1.9485167274405716e-05,0.0003486566532351286,2173993.0701837745,21950898.64466641
4.3459496112300064e-05,6.071979434780199e-05,-69.95342446279018,1392.3248547681183,0.0,0.470632309524074,1353.6756370430915,3.956774204077669e-09,0.0,0.0004303073805332695,451.30185066106037,1.0769603799787449e-06,1.493677451331075e-08,3.8318790025181135e-09,0.0002189683983815011,0.008990489436815052,11.814983289530113,2.007983631431257e-05,0.00034893634708380185,2173436.9453407135,22391222.902103186
4.346355454725577e-05,6.0438319143152524e-05,-68.7492517083354,1398.9171674937406,0.0,0.47074637702729744,1372.6802128061015,4.197588973905216e-09,0.0,0.00041234092447396567,457.636713876762,1.1188765068254437e-06,1.578133869819557e-08,3.877637947825563e-09,0.0002207123473414322,0.009124334220731578,11.980843632422536,2.0679814189160414e-05,0.0003492142550143748,2172880.5152891306,22835183.867008124
4.346761298221149e-05,6.016183528262185e-05,-67.49357993898404,1405.4496704441415,0.0,0.4707512784701102,1391.6956937898483,4.445112430787294e-09,0.0,0.00039369254300891757,463.9751954496937,1.159416049213034e-06,1.6452247383418622e-08,3.934322297738737e-09,0.00022189675384924517,0.009252461166012,12.146805752270419,2.128387557083581e-05,0.0003494900957303898,2172323.7801737497,23282212.252160717
4.3471671417167196e-05,5.98905529866554e-05,-66.18582566754304,1411.9147427827204,0.0,0.470644052794116,1410.6963319076613,4.6975227061331656e-09,0.0,0.0003744798486315074,470.3087121682558,1.1983855097692157e-06,1.600350781590951e-08,4.008243368857926e-09,0.0002225230681642162,0.009374659661934622,12.312644862018654,2.1890678981931052e-05,0.00034976357523825157,2171766.740139381,23731687.879254032
4.3475729852122904e-05,5.962468464246034e-05,-64.82550888605707,1418.304511605256,0.0,0.4704215786361958,1429.6548532620086,4.953066956260228e-09,0.0,0.00035483262253082883,476.6281721789586,1.2356106703858979e-06,1.663999043420576e-08,4.102651798184173e-09,0.00022259992291668513,0.009490729071953337,12.478122811917212,2.249876541089143e-05,0.0003500343869717898,2171209.3953309054,24182938.842501886
4.347978828707861e-05,5.9364444358318075e-05,-63.41226269882247,1424.610865949352,0.0,0.4700805988821632,1448.542479069723,5.2121922459023605e-09,0.0,0.00033489060219339954,482.92398196881885,1.2709384088774325e-06,1.749279009942641e-08,4.215589350259823e-09,0.0002221429977455135,0.009600484108829143,12.642988281202868,2.3106557784556233e-05,0.00035030221201804877,2170651.74589329,24635241.05260564
4.348384672203433e-05,5.91100474829233e-05,-61.945842891416405,1430.825473319015,0.0,0.4696177488375738,1467.3289598251322,5.475184869414016e-09,0.0,0.00031480082769990445,489.1860577583545,1.3042414824195967e-06,1.815849543701995e-08,4.344928370896936e-09,0.00022117472571239177,0.009703749154003367,12.806977077980454,2.3712362465670945e-05,0.00035056671944165373,2170093.7919715745,25087818.1924314
4.3487905156990036e-05,5.886171009040365e-05,-60.426137337891355,1436.939798830687,0.0,0.4690295875558995,1485.9826236715041,5.7412084733901235e-09,0.0,0.00029471462677002896,495.40384163224206,1.335420998501927e-06,1.8954039114350594e-08,4.4907743042082296e-09,0.00021972376136842394,0.009800358237358501,12.96981256506686,2.4314372708290593e-05,0.0003508275667155092,2169535.533710886,25539842.13240458
4.3491963591945745e-05,5.8619648427400873e-05,-58.853175199826126,1442.9451272874553,0.0,0.4683126334835073,1504.4704402287477,6.008626338511093e-09,0.0,0.0002747842889005182,501.56632282328053,1.3644071466440683e-06,1.9593655780538425e-08,4.657176308164689e-09,0.00021782423156230856,0.0098901579084353,13.131206221537312,2.4910673352326808e-05,0.00035108440027177497,2168976.9712564233,25990433.862966064
4.349602202690145e-05,5.838407832126457e-05,-57.22713582253858,1448.8325883545474,0.0,0.46746340703954475,1522.758100873913,6.276885095545998e-09,0.0,0.00025515953101855744,507.662064481344,1.3911535987331343e-06,2.0691674052035536e-08,4.840545449295487e-09,0.00021551485964781925,0.0099730048382255,13.29085834778718,2.549924672606392e-05,0.0003513368561837344,2168418.104753469,26438664.995206792
4.350008046185717e-05,5.815521455219025e-05,-55.54835717852608,1454.5931848455361,0.0,0.4664784720241591,1540.8101160734009,6.544059304216351e-09,0.0,0.0002359839109403545,513.6792361271961,1.415645380026103e-06,2.0777153968745435e-08,5.050294531155376e-09,0.00021283795309423524,0.010048770245061567,13.448458921807006,2.6077980815045868e-05,0.0003515845609842931,2167858.934347381,26883559.870214827
4.350413889681288e-05,5.793327019297715e-05,-53.81734370442117,1460.217824020349,0.0,0.46535448642723665,1558.5899301454363,6.811604847142454e-09,0.0,0.00021739136987102405,519.6056519155452,1.4378787381799854e-06,2.2965381967492805e-08,5.266189286079558e-09,0.0002098382976335908,0.010117329983040381,13.603688602954579,2.664467927911582e-05,0.00035182713262481774,2167299.4601836014,27324098.31008558
4.3508197331768585e-05,5.7718455919165063e-05,-52.03477338520775,1465.6973519336868,0.0,0.4640882375962874,1576.0600536990626,7.071852034423714e-09,0.0,0.0001995030645659809,525.4288147927666,1.4579037915621592e-06,2.011438045213832e-08,5.54312656215757e-09,0.0002065620030782549,0.010178587395870095,13.75621989988527,2.719707429781392e-05,0.00035206418157882323,2166739.6824076464,27759219.04150132
4.35122557667243e-05,5.751097929208549e-05,-50.201503970862134,1471.0225906446565,0.0,0.4626767182723772,1593.1822138414225,7.3405586725260605e-09,0.0,0.00018242464255775962,531.1359665718243,1.4757047461322286e-06,2.981615820475848e-08,5.741436305728902e-09,0.00020305532063522876,0.01023242081468266,13.905718469792449,2.7732838563545857e-05,0.0003522953120935576,2166179.601165112,28187823.81225602
4.351631420168001e-05,5.731104401838959e-05,-48.31857814439219,1476.1843785842677,0.0,0.4611170973661843,1609.9175218551486,7.570684746939478e-09,0.0,0.00016624406310592046,536.7141438420144,1.4915045322025164e-06,6.936940508246864e-09,6.238375853031867e-09,0.00019936362591994913,0.010278819179595142,14.05184462395597,2.8249606064260057e-05,0.00035252012359232956,2165619.2166016772,28608782.219820652
4.352037263663572e-05,5.71188491906273e-05,-46.38722760768609,1481.1736129233998,0.0,0.45940697370133515,1626.226657868993,7.891665036951402e-09,0.0,0.00015103012965888028,542.1502395160105,1.504912223648972e-06,7.208497448939241e-08,5.969926334675218e-09,0.0001955301493993128,0.010317522635569053,14.194254850863702,2.874497554644809e-05,0.000352738212221564,2165058.528863094,29020937.233422212
4.3524431071591426e-05,5.6934588514253105e-05,-44.408875720522616,1485.981295902327,0.0,0.4575440679175003,1642.070071266625,8.262108448853924e-09,0.0,0.00013683164233644469,547.4310696988284,1.5162624182269252e-06,3.187253686435743e-08,5.4084173971928875e-09,0.0001915953678536623,0.010348751181042793,14.332603792640683,2.9216534029523815e-05,0.00035294917254660734,2164497.5380951976,29423111.434925787
4.352848950654714e-05,5.675844952660706e-05,-42.38513883918839,1490.5985815366378,0.0,0.4555264762706348,1657.4081964025288,8.526142380865604e-09,0.0,0.00012367744353333616,552.5434454569016,1.5260055072927831e-06,2.175043515431243e-08,5.375842162349201e-09,0.0001875968434853218,0.010372351800581285,14.46654569631058,2.9661916017967214e-05,0.0003531525993805847,2163936.2444438995,29814113.889452066
4.353254794150285e-05,5.659061281365851e-05,-40.3178260970568,1495.0168259041184,0.0,0.4533527994170302,1672.2016804570844,8.688790665350802e-09,0.0,0.00011157715155387422,557.4742489550683,1.5341977213642932e-06,2.8684241488306035e-08,5.946643541938549e-09,0.00018356780854705818,0.010388251208772665,14.595736914050521,3.007880841254308e-05,0.0003533480897395636,2163374.648055193,30192747.668572955
4.353660637645856e-05,5.6431251230858514e-05,-38.208937532150564,1499.2276381865356,0.0,0.45102206451469407,1686.4116232337426,8.842273327402447e-09,0.0,0.00010052245983730191,562.2105133088357,1.5406456757167647e-06,2.66839341613904e-08,6.627886622938151e-09,0.00017953653133332778,0.01039644897959481,14.719837730281704,3.046492434106034e-05,0.00035353524491375956,2162812.749075146,30557817.920986433
4.3540664811414266e-05,5.628052913502779e-05,-36.06066048026387,1503.222933467566,0.0,0.4485336963303551,1699.9998256225265,9.029614759979463e-09,0.0,9.04889750853756e-05,566.7395053795523,1.5452900360983705e-06,2.7311939561270845e-08,7.0989434433362e-09,0.00017552706336905927,0.01039698347915545,14.838514459670389,3.081803184391631e-05,0.00035371367263823224,2162250.547649909,30908140.4421803
4.354472324636998e-05,5.613860163448853e-05,-33.87536420270497,1506.9949868154588,0.0,0.445887593237923,1712.9290440511113,9.225578680682107e-09,0.0,8.143852287970414e-05,571.0488106337391,1.5482855855235214e-06,2.845275462573328e-08,7.455175644147168e-09,0.00017155975637153209,0.010389898683979359,14.951441802803915,3.113602710115977e-05,0.00035388298934309657,2161688.0439257063,31242550.652937975
4.354878168132569e-05,5.6005613864684104e-05,-31.655592723196285,1510.5364879422193,0.0,0.4430841703688397,1725.1632483411665,9.409189126775154e-09,0.0,7.332173613834115e-05,575.126419097048,1.5497610446826428e-06,3.171325293949624e-08,7.799387167328821e-09,0.00016765074274257245,0.010375218654039392,15.058305088108222,3.141697030568726e-05,0.000354042822461428,2161125.2380488487,31559912.87800256
4.35528401162814e-05,5.5881700296559066e-05,-29.40405584619287,1513.8405965002703,0.0,0.44012434873157436,1736.6678797272918,9.558007358586075e-09,0.0,6.608071618272261e-05,578.9608113544165,1.549829300453605e-06,2.730345476757528e-08,8.292022890968971e-09,0.00016381199911314306,0.01035301076122611,15.158802489384557,3.165907905439889e-05,0.000354192812770869,2160562.130165717,31859129.818394985
4.355689855123711e-05,5.576698408500325e-05,-27.123618381796827,1516.900998000143,0.0,0.4370095806970984,1747.4101056845682,9.695330243140873e-09,0.0,5.965164260473012e-05,582.5410434835426,1.5484521305615958e-06,3.206427667784725e-08,8.787451625794446e-09,0.00016005192147513497,0.010323343440105291,15.252647215190207,3.186072923764694e-05,0.0003543326167419817,2159998.7204227764,32139152.09908499
4.356095698619282e-05,5.5661576464644704e-05,-24.817287589066765,1519.711960849195,0.0,0.43374180973256743,1757.3590680195036,9.793969996272905e-09,0.0,5.396723795143582e-05,585.8568297631219,1.5457429601013033e-06,2.2932457080359008e-08,9.459419336792584e-09,0.000156376361037542,0.010286366252965666,15.339569723779928,3.202049736576543e-05,0.0003544619088658477,2159435.008966567,32398987.775860783
4.356501542114853e-05,5.5565576200011526e-05,-22.488198960858107,1522.2683945394197,0.0,0.43032355984265536,1766.4861208148468,9.932355507808272e-09,0.0,4.8959012993778007e-05,588.8986219787384,1.5415217772666107e-06,4.122780620549743e-08,9.803772993381572e-09,0.00015278869772664887,0.010242136893099465,15.419319765742856,3.213718520432432e-05,0.0003545803839276206,2158870.995943712,32637711.671013832
4.356907385610424e-05,5.54790690968333e-05,-20.13960033169177,1524.5659112018125,0.0,0.4267577771583119,1774.7650545750364,9.968906150555818e-09,0.0,4.455918484997113e-05,591.6576841519825,1.5361980123054566e-06,8.998033226733764e-09,1.0662651902419555e-08,0.0001492907970635592,0.010190915810550281,15.491668406545639,3.220985541473471e-05,0.00035468775919880334,2158306.681500906,32854474.44944182
4.3573132291059954e-05,5.54021275807968e-05,-17.77483454011105,1526.6008918584193,0.0,0.4230480314491379,1782.1723033756066,9.916797548318189e-09,0.0,4.0702259220264886e-05,594.1261615502845,1.5297023723827887e-06,2.3474517611503642e-08,1.190777839704369e-08,0.00014588245419757688,0.010132727984156422,15.556409688995195,3.223782410561798e-05,0.0003547837765086163,2157742.0657849284,33048511.332254484
4.35760970446577e-05,5.535200110739185e-05,-16.039079833270655,1527.9199023603526,0.0,0.4202493530067221,1787.0203977748881,9.947786286788806e-09,0.0,3.819204437347913e-05,595.7417364551648,1.523947026392551e-06,3.2224390349933355e-08,1.245286380279894e-08,0.00014344809885955256,0.010085931849881272,15.598790574248085,3.2229733927623495e-05,0.00035484660517640164,2157329.4143564906,33175503.39930079
4.357906179825545e-05,5.530702913346806e-05,-14.297873499245883,1529.096541850627,0.0,0.41737773192870264,1791.3851054631705,1.0006666821536967e-08,0.0,3.5915571979377454e-05,597.1961707745343,1.517432656400972e-06,2.3899797192228844e-08,1.281869759322506e-08,0.00014105994372853737,0.01003565817595661,15.636952653021282,3.2197464330699924e-05,0.0003549031675291081,2156916.6022879677,33289778.837750383
4.35820265518532e-05,5.526722580545956e-05,-12.552579440183791,1530.1303372879609,0.0,0.4144350390263111,1795.2602277539745,1.005960898705125e-08,0.0,3.385139239268104e-05,598.4873985775373,1.510242828408609e-06,3.2238979982924605e-08,1.3121056697076026e-08,0.0001387174008991128,0.009981953657419126,15.670841703030117,3.2141029507659916e-05,0.00035495339105863516,2156503.6296366584,33391139.867400736
4.358499130545095e-05,5.5232601212795364e-05,-10.80456810707053,1531.0211464030288,0.0,0.41142329399394006,1798.6404732896235,1.0100449723724118e-08,0.0,3.197951251222614e-05,599.6136564218097,1.5024164589994224e-06,3.154303895944918e-08,1.3425554051316769e-08,0.000136419507067575,0.009924914941413468,15.700411495523324,3.2060536889154114e-05,0.00035499721191943286,2156090.4964598874,33479420.89178348
4.358701420871252e-05,5.5211951770831876e-05,-9.611013895511771,1531.5470006222254,0.0,0.40932978359140393,1800.6605683481664,1.0118093945130667e-08,0.0,3.08031061210117e-05,600.2866804907658,1.4967144521626696e-06,2.8022736241650805e-08,1.3651334636565878e-08,0.00013487660123659334,0.00988413129309807,15.718088571300871,3.199190192860225e-05,0.0003550234083733584,2155808.516361604,33532080.53568854
4.3589037111974097e-05,5.5193717039818666e-05,-8.417268045096383,1532.006585734649,0.0,0.4072058200201121,1802.4470842995388,1.0132207604625782e-08,0.0,2.970207587172087e-05,600.88183998951,1.4907082219249846e-06,3.141775551260953e-08,1.3859504920971512e-08,0.0001333535554703233,0.009841867508889322,15.733726890776927,3.1912232216123726e-05,0.00035504658323388467,2155526.4615744576,33578556.62973429
4.359106001523567e-05,5.5177896970338876e-05,-7.223763126213929,1532.4002200063592,0.0,0.4050521386145719,1803.9990924018462,1.0141838625925203e-08,0.0,2.8671229237924416e-05,601.3988254612141,1.4844110382436532e-06,2.9421494412369984e-08,1.406551778623443e-08,0.00013185006881167072,0.009798168608059895,15.747318330871458,3.18216278732524e-05,0.0003550667234752028,2155244.332116676,33618825.534323625
4.359255721846201e-05,5.5167742553102796e-05,-6.340826932809415,1532.649357352505,0.0,0.40343945410838916,1804.9963287998685,1.014201146227552e-08,0.0,2.795058577011301e-05,601.7309751503113,1.4795715495180672e-06,2.886160240583832e-08,1.4230287288261602e-08,0.00013074969984104096,0.009764915045982907,15.756055815085855,3.17475999344776e-05,0.00035507966907807117,2155035.472705895,33644623.52258299
4.359405442168835e-05,5.515890968823857e-05,-5.4584302636501825,1532.8628773076807,0.0,0.40181122480611453,1805.8644861386995,1.014070658456191e-08,0.0,2.726383626274703e-05,602.0200960053551,1.4745725475512008e-06,3.024918729517153e-08,1.4385989974339098e-08,0.0001296596860055246,0.00973090230825715,15.763666613021167,3.16677072838699e-05,0.00035509094254049944,2154826.5724089323,33667010.82685421
4.359555162491469e-05,5.515139744023127e-05,-4.576743378818912,1533.0411157839335,0.0,0.40016777196085174,1806.6034073098974,1.0138598625280398e-08,0.0,2.6609194431519576e-05,602.2661357097714,1.4694161471555973e-06,2.9273594438614066e-08,1.4533727490235724e-08,0.00012857987558812433,0.009696152465970793,15.770149342409614,3.158201409652541e-05,0.0003551005407254684,2154617.6312331837,33685988.63337478
4.3596644090298844e-05,5.5146748668702123e-05,-3.9339464608105765,1533.1491554420093,0.0,0.39895917447099855,1807.0609656269687,1.0134450865621801e-08,0.0,2.6150801573365553e-05,602.4184585668212,1.4655585664465605e-06,2.9111657327207702e-08,1.4643058418995139e-08,0.00012779833861794533,0.009670338845629062,15.774167230756198,3.151586686509246e-05,0.0003551064855894055,2154465.1471790173,33697687.49240826
4.359773655568299e-05,5.514280184630487e-05,-3.2916804384783735,1533.2388660301483,0.0,0.39774277791134166,1807.449647972708,1.0129072995076802e-08,0.0,2.570796063329677e-05,602.5478215227108,1.4616200553172406e-06,2.9564368464661063e-08,1.4749775056806547e-08,0.00012702211112588466,0.009644145657827412,15.777583904823063,3.14467007035055e-05,0.0003551115363658157,2154312.641367006,33707577.5750619
4.3598829021067145e-05,5.513955635895931e-05,-2.6500074645555696,1533.3105358324028,0.0,0.3965187142094846,1807.7694554483094,1.0122878543706629e-08,0.0,2.5280059595350822e-05,602.6542249660448,1.457601367108824e-06,2.918071484011879e-08,1.4853634364953184e-08,0.000126251129513322,0.009617581731769458,15.780399369541218,3.1374550083642185e-05,0.00035511569244613546,2154160.113800021,33715664.61024903
4.359958400599751e-05,5.513772291971652e-05,-2.206935824249872,1533.3497204064768,0.0,0.39566837326528526,1807.950231680299,1.011767800594132e-08,0.0,2.4992763541017075e-05,602.7143454472945,1.4547782002736195e-06,2.908906729328311e-08,1.492482304527064e-08,0.0001257213493149542,0.009599010984738558,15.781993853365645,3.132296390493874e-05,0.0003551180416006732,2154054.6917863665,33720204.087706126
4.360033899092788e-05,5.513622386921196e-05,-1.764194823582656,1533.3806416819068,0.0,0.3948144786717865,1808.0981325863884,1.0111914039736571e-08,0.0,2.4712130385423022e-05,602.7635069196201,1.4519175745120782e-06,2.921066925602777e-08,1.499476079224438e-08,0.00012519402394671667,0.009580269386741834,15.783301361798909,3.126998458430668e-05,0.0003551199631379047,2153949.2593849343,33723890.251625955
4.360109397585825e-05,5.5135058951174833e-05,-1.3218018563820875,1533.403533127804,0.0,0.3939570753627983,1808.2131726305927,1.0105662327925614e-08,0.0,2.443797465287281e-05,602.8017142115726,1.4490199550350274e-06,2.9070390427370805e-08,1.506362444812506e-08,0.00012466913090148865,0.009561360543527459,15.784322018906474,3.121562788838342e-05,0.00035512145699443884,2153843.816596673,33726728.4724655
4.360157292275706e-05,5.513449304632687e-05,-1.0413443291574707,1533.414039420458,0.0,0.39341135791660037,1808.269124412408,1.0101345362781632e-08,0.0,2.426733098410557e-05,602.8202760926614,1.447162858826336e-06,2.900490222761973e-08,1.5106978442063806e-08,0.00012433739881398994,0.009549279981166009,15.784820865645433,3.118043922330206e-05,0.00035512218293858635,2153776.9204781028,33728092.79848618
4.360205186965587e-05,5.5134061430107214e-05,-0.7610360187333091,1533.4215753933267,0.0,0.3928642581025929,1808.3118643027324,1.0096793211046658e-08,0.0,2.4099175095174085e-05,602.8344337891532,1.4452911248679173e-06,2.902366447711768e-08,1.5149877163110716e-08,0.00012400662728127222,0.00953713457082816,15.78520437969439,3.114470893075978e-05,0.00035512273675517833,2153710.0201801104,33729121.89574598
4.360237951009136e-05,5.513384348494349e-05,-0.5693681651429293,1533.4251152469042,0.0,0.39248920492258893,1808.3334945832662,1.0093568500752072e-08,0.0,2.3985551743080587e-05,602.8415829182527,1.4440023355329419e-06,2.8976965731335563e-08,1.5178973263277442e-08,0.00012378090006373625,0.009528789536506616,15.785400326543591,3.111995762872973e-05,0.0003551230164642149,2153664.2522759596,33729634.966735825
4.360270715052686e-05,5.513368832636777e-05,-0.37777073566837066,1533.4274517268695,0.0,0.3921135138757081,1808.3489467650747,1.0090229413577252e-08,0.0,2.3873056756092956e-05,602.8466725791287,1.4427068130477125e-06,2.8944111586027497e-08,1.520789963849337e-08,0.0001235556145262624,0.009520415384551397,15.78554234084178,3.109495833383492e-05,0.00035512321562609873,2153618.482416144,33729995.40206438
4.360273436526434e-05,5.513367826195086e-05,-0.3618592513491251,1533.427595873208,0.0,0.3920822793403605,1808.3499524326726,1.0089946156208333e-08,0.0,2.3863762904533253e-05,602.8470027247417,1.4425989015519607e-06,2.8945595222943416e-08,1.5210294190457307e-08,0.00012353692140856166,0.009519718511245282,15.785551711535476,3.109287075740559e-05,0.00035512322854602227,2153614.6805546973,33730018.56986269
4.360276158000182e-05,5.513366863055437e-05,-0.34594824237521543,1533.4277328892122,0.0,0.3920510404308941,1808.350915490169,1.0089662307127572e-08,0.0,2.3854476728554235e-05,602.8473186662882,1.442490944443158e-06,2.8945287378598496e-08,1.5212688653334778e-08,0.00012351823130307604,0.00951902144442456,15.78556071025522,3.1090781492973547e-05,0.0003551232409102347,2153610.878679757,33730040.71095464
4.3602803081325636e-05,5.5133654776713e-05,-0.32168566619223554,1533.4279220120975,0.0,0.3920033939990002,1808.3523020809173,1.0089228181497798e-08,0.0,2.3840330461786396e-05,602.847773118704,1.4423262260619308e-06,2.8943240417778914e-08,1.5216338635593884e-08,0.00012348973548040004,0.009517958072747119,15.78557371681139,3.1087592205582386e-05,0.0003551232586952721,2153605.080955269,33730072.362955436
4.360284458264945e-05,5.5133641929772666e-05,-0.29742447792868876,1533.4280807704993,0.0,0.3919557374094735,1808.353589590022,1.0088792379424442e-08,0.0,2.382620199861147e-05,602.8481945422801,1.442161400584496e-06,2.894083867765825e-08,1.5219985902934123e-08,0.0001234612466698157,0.009516894246188547,15.785585858410608,3.1084398994197994e-05,0.00035512327518802747,2153599.283199405,33730101.32068677
4.360288608397327e-05,5.513363008967465e-05,-0.27316472033187755,1533.4282072201563,0.0,0.3919080706722363,1808.3547780229767,1.0088354852387738e-08,0.0,2.3812091313763956e-05,602.8485829388499,1.4419964680495711e-06,2.893829337359298e-08,1.5223630433529176e-08,0.0001234327648914972,0.009515829961671402,15.785597135103561,3.108120185283848e-05,0.0003551232903885223,2153593.4854121637,33730127.540975854
4.3602927585297086e-05,5.513361925635916e-05,-0.24890636707879624,1533.4283028604993,0.0,0.39186039379730536,1808.355867385404,1.0087915612459375e-08,0.0,2.3797998382388985e-05,602.8489383102898,1.441831428623237e-06,2.893527876757403e-08,1.5227272491869057e-08,0.00012340429016710215,0.009514765216433385,15.785607546942845,3.107800077460895e-05,0.00035512330429677955,2153587.6875935486,33730151.05731399
4.36029690866209e-05,5.513360942976795e-05,-0.2246493997512735,1533.4283687951774,0.0,0.39181270679423724,1808.3568576827954,1.0087474647245419e-08,0.0,2.378392317900487e-05,602.8492606584323,1.4416662823277414e-06,2.8931909092127934e-08,1.5230912015640937e-08,0.00012337582251277892,0.009513700008032895,15.785617093978686,3.107479575467465e-05,0.00035512331691282025,2153581.8897435563,33730171.89437961
4.3603010587944715e-05,5.513360060984396e-05,-0.20039383051811605,1533.428404601965,0.0,0.39176500967224903,1808.3577489205506,1.0087031917541452e-08,0.0,2.376986567642521e-05,602.849549985079,1.4415010291268111e-06,2.8928540993329506e-08,1.5234548808356806e-08,0.00012334736194213517,0.009512634334427526,15.785625776259632,3.1071586789782394e-05,0.00035512332823666614,2153576.0918621887,33730190.042881444
4.3603052089268536e-05,5.5133592796529314e-05,-0.17613967804424763,1533.428409535418,0.0,0.391717302440645,1808.3585411041684,1.0086587415527168e-08,0.0,2.375582584894851e-05,602.8498062920645,1.4413356690183247e-06,2.8925330351722e-08,1.5238182751588586e-08,0.0001233189084685288,0.009511568193520968,15.785633593835556,3.106837387596968e-05,0.0003551233382683386,2153570.293949445,33730205.486335345
4.360309359059235e-05,5.513358598976491e-05,-0.15188694782143242,1533.4283835077852,0.0,0.3916695851089164,1808.3592342392906,1.0086141165586566e-08,0.0,2.37418036736166e-05,602.8500295812718,1.441170202062253e-06,2.8922162105711503e-08,1.5241813870350383e-08,0.00012329046210517538,0.009510501582978836,15.785640546758355,3.10651570079352e-05,0.00035512334700785723,2153564.4960053274,33730218.222901456
4.3603135091916165e-05,5.513358018949132e-05,-0.12763563654090596,1533.4283268700704,0.0,0.3916218576865057,1808.3598283316132,1.0085693181290475e-08,0.0,2.3727799126724068e-05,602.8502198546013,1.4410046283404633e-06,2.8918903520551266e-08,1.5245442243652965e-08,0.00012326202286587614,0.009509434500588788,15.785646635080322,3.106193618041543e-05,0.00035512335445524363,2153558.698029834,33730228.26050867
4.360317659323998e-05,5.513357539564956e-05,-0.10338574390261246,1533.4282398226328,0.0,0.39157412018263715,1808.3603233868093,1.008524344963782e-08,0.0,2.3713812181650182e-05,602.850377113946,1.4408389479138674e-06,2.8915564525001876e-08,1.5249067906602893e-08,0.00012323359076502454,0.009508366944523,15.785651858852871,3.1058711389197366e-05,0.0003551233606105228,2153552.900022965,33730235.603732176
4.36032180945638e-05,5.5133571608180895e-05,-0.0791372753609762,1533.428122278579,0.0,0.39152637260639306,1808.3607194105512,1.008479195543233e-08,0.0,2.3699842811068695e-05,602.8505013611984,1.4406731608150334e-06,2.8912229034208056e-08,1.5252690831330573e-08,0.00012320516581605897,0.009507298913139851,15.78565621812707,3.105548263063878e-05,0.00035512336547372035,2153547.101984721,33730240.250752755
4.360328370524724e-05,5.5133567673450885e-05,-0.04080506155691302,1533.4278742033628,0.0,0.39145086650892147,1808.3611434728077,1.0084074585486857e-08,0.0,2.3677794009233705e-05,602.8506304429467,1.4404108454978384e-06,2.8906987732403493e-08,1.525841279013452e-08,0.00012316024258253287,0.009505609456365267,15.785661346267508,3.105037008588447e-05,0.00035512337052613115,2153537.935628731,33730242.09638652
4.360334931593068e-05,5.51335662536061e-05,-0.002476435200504444,1533.4275496987118,0.0,0.391375335295647,1808.3613200590646,1.0083352837552066e-08,0.0,2.3655788971883732e-05,602.8506770286891,1.4401482638125213e-06,2.8901759968220365e-08,1.5264127808303032e-08,0.0001231153372938458,0.00950391880044605,15.785664314069754,3.104524759933878e-05,0.0003551233723493436,2153528.7691943245,33730237.19942226
4.360341492661413e-05,5.5133567348410624e-05,0.03584858647920329,1533.4271486377743,0.0,0.3912997790020341,1808.3612491924412,1.008262672648265e-08,0.0,2.3633827600757194e-05,602.850641126139,1.4398854159166628e-06,2.8896512911751794e-08,1.5269835865066753e-08,0.00012307044999000094,0.009502226939046931,15.78566512174237,3.104011515551111e-05,0.00035512337094345515,2153519.6026815036,33730225.55751031
4.360348053729757e-05,5.513357095762746e-05,0.07416998955998634,1533.4266710584116,0.0,0.39122419766325445,1808.360930896299,1.0081896254183944e-08,0.0,2.3611909796854825e-05,602.8505227430902,1.4396223019704025e-06,2.8891239606535694e-08,1.527553695980356e-08,0.00012302558070936042,0.009500533866236085,15.785663769495573,3.103497273943288e-05,0.0003551233663085672,2153510.436090268,33730207.17197462
4.360357923941046e-05,5.513358112314115e-05,0.13181234391632285,1533.4258085906085,0.0,0.39111044898977954,1808.3599860256757,1.0080789143095094e-08,0.0,2.3579019373062313e-05,602.850189298644,1.4392259829470059e-06,2.8883268857959266e-08,1.5284100343222672e-08,0.00012295811516836895,0.009497984580456085,15.785657666989913,3.102721787593177e-05,0.00035512335325368937,2153496.6460858556,33730166.81416426
4.360367794152335e-05,5.513359697766943e-05,0.1894464319297128,1533.424773255951,0.0,0.39099664383290683,1808.3584813319467,1.0079672158348587e-08,0.0,2.35462269881956e-05,602.8496692374991,1.4388290626823493e-06,2.8875272031996163e-08,1.529264795242144e-08,0.00012289069060208773,0.009495432523290607,15.785646677577665,3.10194403655075e-05,0.00035512333289185936,2153482.855903987,33730111.204373494
4.360377664363624e-05,5.513361852039395e-05,0.24707220540406039,1533.4235651398183,0.0,0.3908827823087547,1808.3564168975092,1.007854530621044e-08,0.0,2.3513532308454036e-05,602.8489625871432,1.438431541658932e-06,2.8867252724160787e-08,1.5301179760349687e-08,0.00012282330710447302,0.009492877679189257,15.785630801994811,3.1011640164717485e-05,0.0003551233052234516,2153469.065544665,33730040.34622378
4.360386719067625e-05,5.513364328513504e-05,0.2999294045790983,1533.4223048789772,0.0,0.39077827889913835,1808.3540308244894,1.0077502890971573e-08,0.0,2.3483624609570685e-05,602.848150245037,1.4380663370857312e-06,2.8859867896329946e-08,1.5308992714575168e-08,0.00012276152722689884,0.009490531461287375,15.78561194145571,3.100446445016656e-05,0.00035512327341544474,2153456.414431284,33729961.93336768
4.360395773771626e-05,5.5133672835613934e-05,0.3527794311731037,1533.4208944901266,0.0,0.390673728237519,1808.3511738208354,1.0076452190784724e-08,0.0,2.345379860421186e-05,602.8471809185347,1.437700627635923e-06,2.8852454274683466e-08,1.5316792307979046e-08,0.00012269978204676053,0.009488182874715069,15.785588970025085,3.099726957085391e-05,0.00035512323545900315,2153443.7631685655,33729870.58561685
4.360399620714935e-05,5.513368683868733e-05,0.37523075583074583,1533.420243158935,0.0,0.3906292950050707,1808.3498174820304,1.0076003288750428e-08,0.0,2.3441151519636168e-05,602.8467215842002,1.4375451011125489e-06,2.8849295725319058e-08,1.5320101958581155e-08,0.00012267355977610563,0.00948718434328538,15.785577966347851,3.0994206972279994e-05,0.0003551232174720684,2153438.3881613044,33729827.71254863
4.360403467658243e-05,5.5133701705421866e-05,0.3976805772801513,1533.4195548384937,0.0,0.390584853268258,1808.3483761572209,1.0075552892524726e-08,0.0,2.342851911946381e-05,602.8462339198456,1.4373894834985615e-06,2.8846131837221726e-08,1.5323409189110785e-08,0.00012264734380762913,0.009486185378072134,15.785566220809352,3.099114089572938e-05,0.0003551231983754211,2153433.0131270895,33729782.28490339
4.3604073146015515e-05,5.5133717435759356e-05,0.4201288737400873,1533.4188285983628,0.0,0.3905404030354662,1808.346849852403,1.0075101002133443e-08,0.0,2.341590138739684e-05,602.8457179274718,1.4372337747826393e-06,2.8842962293516547e-08,1.5326713996695735e-08,0.0001226211341649904,0.00948518597543567,15.785553733465637,3.098807133027469e-05,0.0003551231781690975,2153427.6380659193,33729734.28209606
4.3604111615448605e-05,5.513373402964104e-05,0.44257564575584907,1533.4180646214274,0.0,0.3904959443151032,1808.3452385736434,1.0074647617561821e-08,0.0,2.340329830734441e-05,602.8451736091031,1.437077974949976e-06,2.883978682357605e-08,1.5330016378353978e-08,0.0001225949308723029,0.009484186131653301,15.78554050437346,3.098499826459719e-05,0.0003551231568531347,2153422.262977792,33729683.70832743
4.360415008488169e-05,5.513375148700822e-05,0.4650208989907722,1533.4172633454646,0.0,0.3904514771154375,1808.3435423270203,1.007419273878282e-08,0.0,2.339070986316409e-05,602.8446009667673,1.4369220839850317e-06,2.883660528608997e-08,1.533331633105548e-08,0.00012256873395226077,0.00948318584319345,15.785526533589483,3.0981921687763065e-05,0.00035512313442756976,2153416.8878627117,33729630.573472865
4.360418855431478e-05,5.513376980780244e-05,0.4874646380920529,1533.4164251572045,0.0,0.3904070014445592,1808.3417611186026,1.0073736365770125e-08,0.0,2.3378136038595003e-05,602.8440000024893,1.4367661018723399e-06,2.8833417642591912e-08,1.5336613851765472e-08,0.00012254254342568692,0.009482185106782936,15.785511821170026,3.0978841589423795e-05,0.00035512311089243976,2153411.5127206757,33729574.886271596
4.3604268450514244e-05,5.513381061631951e-05,0.5340726467910151,1533.4145674987278,0.0,0.3903146040079438,1808.3377903328737,1.0072783761752703e-08,0.0,2.3352068418623576e-05,602.8426613910208,1.436441855241716e-06,2.882677788237254e-08,1.5343454606121242e-08,0.000122488169485635,0.009480105258586155,15.78547889592739,3.097243331747265e-05,0.00035512305846786124,2153400.3491370473,33729451.10072387
4.360439515768803e-05,5.5133882969297554e-05,0.6079748124018399,1533.4113016353672,0.0,0.39016799646762484,1808.330741810086,1.0071259813221789e-08,0.0,2.33108566456879e-05,602.8402880573999,1.4359268266970778e-06,2.8816194523144264e-08,1.535428173892046e-08,0.00012240199506034668,0.009476802787192274,15.785420122137792,3.096223902875143e-05,0.00035512296551536545,2153382.644600565,33729232.36754266
4.360452186486182e-05,5.513396468517524e-05,0.6818606328701525,1533.407650018131,0.0,0.3900212975522886,1808.3227719979434,1.0069719653627974e-08,0.0,2.326980233462947e-05,602.8376076128659,1.4354108081867334e-06,2.880554604943635e-08,1.5365082283679945e-08,0.00012231589108580655,0.009473495277814405,15.785353306553816,3.095200592701513e-05,0.0003551228605282879,2153364.93977167,33728986.281272694
4.360464857203561e-05,5.5134055761880855e-05,0.7557301335928628,1533.4036193972947,0.0,0.3898745075200542,1808.313881116534,1.0068163282945437e-08,0.0,2.322890489183023e-05,602.8346201308376,1.4348937990697812e-06,2.8794833046902958e-08,1.537585613709954e-08,0.00012222985799050082,0.009470182656896484,15.78527845117283,3.0941733738293676e-05,0.0003551227435079739,2153347.234650368,33728712.99697897
4.36047752792094e-05,5.5134156197345827e-05,0.829583304544928,1533.3992147344861,0.0,0.3897276266170487,1808.3040693875241,1.0066590701601941e-08,0.0,2.3188163719433154e-05,602.8313256852547,1.4343757986739734e-06,2.8784056332245295e-08,1.5386603198139906e-08,0.00012214389608141462,0.009466864867760993,15.785195557989098,3.0931422227283334e-05,0.00035512261445578604,2153329.5292366613,33728412.629972614
4.3604901986383185e-05,5.5134265989500415e-05,0.9034201122517446,1533.3944398048095,0.0,0.38958065508048806,1808.293337034575,1.0065001910425103e-08,0.0,2.314757821706626e-05,602.827724350718,1.4338568063048702e-06,2.8773216490951253e-08,1.539732336765706e-08,0.00012205800557602829,0.009463541866307719,15.785104629001736,3.0921071188759556e-05,0.00035512247337310865,2153311.8235305576,33728085.269223526
4.360502869355698e-05,5.513438513626975e-05,0.9772405153190687,1533.3892979766845,0.0,0.38943359314193543,1808.2816842837285,1.0063396910527562e-08,0.0,2.3107147783507546e-05,602.8238162026197,1.4333368212555172e-06,2.8762313837936465e-08,1.540801654781625e-08,0.00012197218663589812,0.009460213616464408,15.785005666222615,3.091068043819652e-05,0.0003551223202613505,2153294.117532058,33727730.994727924
4.360515540073077e-05,5.513451363557258e-05,1.051044469479198,1533.3837924651452,0.0,0.3892864410285923,1808.2691113635256,1.0061775703265852e-08,0.0,2.3066871817216542e-05,602.8196013171836,1.4328158428139067e-06,2.875134867113248e-08,1.5418682641801177e-08,0.00012188643937977154,0.00945688008843473,15.784898671679155,3.090024980840835e-05,0.000355122155121946,2153276.411241169,33727349.88314927
4.3605355274415484e-05,5.5134735343850865e-05,1.1674326364092433,1533.374375448649,0.0,0.3890541337837111,1808.2474082228064,1.0059185393366321e-08,0.0,2.300365122369852e-05,602.8123291882007,1.431992006444485e-06,2.8733925568929743e-08,1.543545253133667e-08,0.00012175132361824217,0.009451610847051413,15.784713570861129,3.0883714639551924e-05,0.00035512187017618487,2153248.479934601,33726694.310949266
4.36055551481002e-05,5.5134980310934965e-05,1.2837795277464714,1533.3640708991686,0.0,0.3888216035622279,1808.2234168883704,1.00565547667264e-08,0.0,2.294081113450752e-05,602.8042942928541,1.4311656936742542e-06,2.871634926328418e-08,1.5452154413532117e-08,0.0001216163865113695,0.009446328352534668,15.784508497517095,3.086707937608247e-05,0.0003551215553111374,2153220.547900499,33725972.38081788
4.3605755021784914e-05,5.5135248528552914e-05,1.4000848983301013,1533.3528877250114,0.0,0.38858885120356257,1808.1971382957286,1.0053883833641683e-08,0.0,2.2878349185192605e-05,602.7954969431289,1.4303369018339978e-06,2.8698621033504087e-08,1.546878792380328e-08,0.00012148162800741537,0.009441032566269245,15.784283459862444,3.0850343599698435e-05,0.00035512121053283044,2153192.615138879,33725184.31230078
4.3605954895469635e-05,5.513553998838072e-05,1.5163484802951528,1533.3408336441942,0.0,0.3883558775317856,1808.1685733970417,1.0051172606701608e-08,0.0,2.281626301293584e-05,602.7859374565533,1.4295056283665494e-06,2.868074205696662e-08,1.5485352703561348e-08,0.00012134704790313276,0.00943572347385544,15.784038466233746,3.0833506976498035e-05,0.0003551208358474714,2153164.6816497585,33724330.29897201
4.360615476915435e-05,5.513585468203832e-05,1.6325699883939118,1533.3279154542952,0.0,0.38812268335977546,1808.137723161497,1.0048421100826374e-08,0.0,2.2754550258194935e-05,602.7756161563257,1.42867187085663e-06,2.866271343991794e-08,1.5501848399740054e-08,0.00012121264588452078,0.009430401079567,15.783773525097578,3.081656924547261e-05,0.0003551204312614527,2153136.7474331567,33723410.514447816
4.3606354642839064e-05,5.513619260108685e-05,1.7487491239577386,1533.314139234082,0.0,0.38788926949269104,1808.1045885755582,1.004562933327517e-08,0.0,2.2693208566007693e-05,602.7645333714003,1.42783562705374e-06,2.8644536238272238e-08,1.551827466437197e-08,0.0001210784215604799,0.00942506540168579,15.78348864505737,3.0799530207991086e-05,0.000355119996781353,2153108.8124890905,33722425.11687904
4.360655451652378e-05,5.513655373702651e-05,1.8648855775862454,1533.2995104804615,0.0,0.38765563673048326,1808.069170643155,1.0042797323648016e-08,0.0,2.2632235586958954e-05,602.7526894365501,1.4269968948881126e-06,2.8626211466426526e-08,1.55346311542904e-08,0.00012094437448658736,0.009419716469134793,15.78318383485844,3.078238971968773e-05,0.0003551195324139388,2153080.8768175775,33721374.25200271
4.36067543902085e-05,5.5136938081294713e-05,1.980979031028387,1533.2840342042803,0.0,0.38742178586970855,1808.0314703858471,1.0039925093875935e-08,0.0,2.257162897804545e-05,602.7400846924229,1.42615567248174e-06,2.8607740099098756e-08,1.5550917530910125e-08,0.00012081050418213413,0.00941435431902795,15.78285910339186,3.076514768409883e-05,0.0003551190381661666,2153052.9404186336,33720258.055277005
4.360706066625998e-05,5.5137572039992094e-05,2.158790431386617,1533.2586851104465,0.0,0.3870630236143356,1807.9692746401338,1.0035445858713991e-08,0.0,2.247946406528097e-05,602.7192944944137,1.4248617916134023e-06,2.8579153238158344e-08,1.5575737131753343e-08,0.00012060571009484156,0.00940611209532379,15.782322870840831,3.07385297555145e-05,0.0003551182228485313,2153010.130720795,33718421.18124064
4.360736694231146e-05,5.5138260442331567e-05,2.3364988980408845,1533.2313716558897,0.0,0.38670375396496526,1807.9017260551268,1.0030872338032123e-08,0.0,2.238814557131289e-05,602.6967199368283,1.4235620544300026e-06,2.855022759480115e-08,1.5600390133365158e-08,0.00012040132802217267,0.009397839115413883,15.781739915833834,3.071167324064046e-05,0.00035511733741254,2152967.3193149897,33716431.6222305
4.360767321836294e-05,5.5139003256616976e-05,2.514103205515143,1533.2021073030494,0.0,0.386343979778001,1807.828828549688,1.0026204641135974e-08,0.0,2.2297665171910655e-05,602.6723623264025,1.4222564569060484e-06,2.8520966264486905e-08,1.562487537417274e-08,0.00012019735606982,0.00938953557360437,15.78111027242476,3.068457828492802e-05,0.000355116381885817,2152924.5062012845,33714289.77138619
4.360797949441442e-05,5.5139800450753784e-05,2.6916021045041694,1533.170904096359,0.0,0.3859837039153601,1807.7505861444995,1.002144288980783e-08,0.0,2.2208014596847675e-05,602.646223003811,1.4209449962086814e-06,2.8491372199967763e-08,1.5649191715328275e-08,0.00011999379235583721,0.009381201676852108,15.780433975544017,3.0657245196927135e-05,0.00035511535629712655,2152881.69137974,33711995.993337825
4.360845260865249e-05,5.5141138707615976e-05,2.965580109973362,1533.1189180998126,0.0,0.3854261951218067,1807.6192270426784,1.001390271515088e-08,0.0,2.2071140467805257e-05,602.6023460834571,1.4189076142038374e-06,2.844500989572902e-08,1.5686419375031606e-08,0.00011968013923967347,0.009368268875075718,15.77929766625528,3.061455590977046e-05,0.0003551136344035363,2152815.550623372,33708154.91082766
4.3608925722890555e-05,5.514260652622425e-05,3.239298836823849,1533.0623680944263,0.0,0.38486750672969233,1807.4751394936354,1.000613897099286e-08,0.0,2.193619686492355e-05,602.5542261617791,1.4168562365683746e-06,2.839787032410225e-08,1.5723237317560987e-08,0.000119367449431781,0.0093552649380805,15.778050254455383,3.057130153515703e-05,0.0003551117455151879,2152749.405792155,33703953.31052518
4.360939883712863e-05,5.514420378277444e-05,3.5127534956978144,1533.0012863756367,0.0,0.3843076494529033,1807.3183397346438,9.998152257652229e-09,0.0,2.180315411691187e-05,602.5018686528701,1.4147908680660039e-06,2.8349962929995808e-08,1.575964162565885e-08,0.00011905571683359391,0.009342190656437996,15.776691881244961,3.052748464649844e-05,0.00035510968975350143,2152683.2568863207,33699392.30957147
4.3609871951366696e-05,5.5145930351196264e-05,3.785939258615644,1532.935702182122,0.0,0.38374663408591053,1807.1488445777031,9.989943229531392e-09,0.0,2.1671982910697007e-05,602.4452791624144,1.4127115190886261e-06,2.830129673566051e-08,1.5795628487381433e-08,0.00011874493575397917,0.00932904680449204,15.775222692760003,3.0483108174737108e-05,0.00035510746724613996,2152617.1039061053,33694472.974193186
4.361034506560477e-05,5.514778610312791e-05,4.058851270717182,1532.8656422849872,0.0,0.38318447150287804,1806.9666714104894,9.981512591682333e-09,0.0,2.1542654304697216e-05,602.3844634880039,1.410618205357936e-06,2.8251880410691857e-08,1.5831194193524725e-08,0.00011843510087386834,0.009315834137443716,15.773642840183077,3.0438175331339446e-05,0.0003551050781270479,2152550.9468517406,33689196.33278991
4.361081817984284e-05,5.514977090790217e-05,4.331484657599485,1532.7911313532275,0.0,0.38262117265391893,1806.77183819612,9.972861096777592e-09,0.0,2.141513973761274e-05,602.3194276190596,1.4085109476397862e-06,2.8201722320095412e-08,1.5866335135695643e-08,0.00011812620719446814,0.009302553392496308,15.771952479740172,3.039268955656575e-05,0.00035510252253646634,2152484.7857234627,33683563.38401983
4.3611291294080904e-05,5.5151884632540663e-05,4.60383453170487,1532.7121922729725,0.0,0.3820567485616661,1806.5643634720677,9.963989542232453e-09,0.0,2.1289411034346447e-05,602.2501777364691,1.4063897714681554e-06,2.8150830575012836e-08,1.5901047804384898e-08,0.0001178182499935743,0.009289205289624425,15.770151772690452,3.034665447385428e-05,0.0003550998006209314,2152418.6205215035,33677575.10383966
4.3612089275157215e-05,5.515574147951746e-05,5.062539152384821,1532.5690753274425,0.0,0.38110224056547326,1806.1858361371014,9.948530037976177e-09,0.0,2.1081319053110168e-05,602.1238469945125,1.4027806265182566e-06,2.8063353342103165e-08,1.5958616333145156e-08,0.00011730094147924143,0.009266540963476037,15.766865048381549,3.0267775047493846e-05,0.00035509483326575156,2152307.013342307,33666672.51843238
4.361288725623352e-05,5.51599640289333e-05,5.5203998203806615,1532.413516812701,0.0,0.3801446166925823,1805.7714961085026,9.932451187077233e-09,0.0,2.087809787807051e-05,601.985578197656,1.3991321444794558e-06,2.797384816493484e-08,1.601494107681148e-08,0.00011678626416208233,0.009243690281259612,15.763265714323945,3.0187362397255167e-05,0.0003550893939590053,2152195.394576055,33654766.35862366
4.3613685237309824e-05,5.516455159796749e-05,5.977393068418825,1532.2456038473483,0.0,0.3791839310804218,1805.3214433590215,9.915757561006744e-09,0.0,2.067961995532056e-05,601.8354046787001,1.395444528339049e-06,2.7882350638328384e-08,1.607000703285513e-08,0.0001162741991283341,0.009220656400976806,15.75935464086276,3.010543585995167e-05,0.00035508348352508153,2152083.764223868,33641861.126680166
4.3614483218386135e-05,5.516950348509496e-05,6.4334954984692825,1532.0654176860266,0.0,0.37822023831217927,1804.835782430909,9.898453995967433e-09,0.0,2.048576095547315e-05,601.6733612936998,1.3917180099694933e-06,2.7788895532951017e-08,1.6123799942018337e-08,0.00011576472836884682,0.009197442389489528,15.755132738340917,3.0022015129403476e-05,0.00035507710283886294,2151972.122286869,33627961.32824146
4.361528119946244e-05,5.517481897015358e-05,6.888683814189425,1531.873035204036,0.0,0.3772535933737934,1804.314622402282,9.880545569231325e-09,0.0,2.0296399760800302e-05,601.4994844107425,1.3879528476463942e-06,2.769351703904535e-08,1.6176306277322707e-08,0.00011525783448483011,0.009174051242613519,15.750600956785336,2.9937120113158374e-05,0.00035507025282548806,2151860.4687661827,33613071.5040445
4.3616079180538744e-05,5.518049731443816e-05,7.342934838336394,1531.668529621941,0.0,0.37628405162152395,1803.7580768497905,9.86203758326454e-09,0.0,2.011141843467112e-05,601.3138118974955,1.3841493243378446e-06,2.7596248902436844e-08,1.6227513238500822e-08,0.00011475350054380305,0.00915048589861736,15.745760285567314,2.9850770900150987e-05,0.00035506293446009444,2151748.8036629297,33597196.24466243
4.361687716161505e-05,5.5186537760804355e-05,7.79622552621944,1531.4519710303714,0.0,0.3753116687547214,1803.1662638092416,9.842935552054508e-09,0.0,1.9930702184434588e-05,601.116383108076,1.3803077462342972e-06,2.7497124506552656e-08,1.627740874736927e-08,0.00011425170999174389,0.00912674924685028,15.74061175305002,2.976298774000149e-05,0.00035505514876754544,2151637.1269782344,33580340.20075087
4.361767514269136e-05,5.519293953377841e-05,8.248532981307166,1531.2234270180866,0.0,0.3743365007885578,1802.5393057346203,9.82324518619636e-09,0.0,1.9754139321949777e-05,600.9072388693841,1.3764284411688404e-06,2.7396176958705803e-08,1.6325981441739892e-08,0.00011375244655506233,0.009102844135134337,15.735156426223144,2.967379099491778e-05,0.00035504689682212793,2151525.438713217,33562508.09553838
4.361895676435066e-05,5.520397547120548e-05,8.972860240876892,1530.8314486902684,0.0,0.3727646158811186,1801.4591303713896,9.790404508012356e-09,0.0,1.9478985225550003e-05,600.5469254169732,1.3701198938398917e-06,2.7230314420377648e-08,1.6401198190859273e-08,0.00011295583770760865,0.009064105123668387,15.725755473038303,2.952762696708519e-05,0.00035503267061200394,2151346.0341625107,33531837.742931824
4.362023838600997e-05,5.5215938009521347e-05,9.694499454359029,1530.4089874884482,0.0,0.3711859268038566,1800.2891759642016,9.75608679559205e-09,0.0,1.921383166459709e-05,600.1566845474591,1.363716474986277e-06,2.7059969857459276e-08,1.6472935179197212e-08,0.00011216564012955529,0.009024950333237261,15.715570792016354,2.9377954365452507e-05,0.00035501724953631485,2151166.5997479903,33498682.498801623
4.362152000766927e-05,5.5228823644581595e-05,10.413358660018513,1529.956301113181,0.0,0.36960066973719663,1799.030019540435,9.720318382481384e-09,0.0,1.8958264113726624e-05,599.7367086409276,1.3572198387704617e-06,2.6885278783557746e-08,1.6541156723487437e-08,0.00011138178845592012,0.008985391134880356,15.704607412832804,2.9224858666873106e-05,0.00035500063883199415,2150987.1354743093,33463063.446105707
4.362280162932858e-05,5.524262875522719e-05,11.1293472331883,1529.4736424992,0.0,0.3680090821838837,1797.6822658851459,9.683126527364574e-09,0.0,1.8711886767305695e-05,599.2871993302538,1.350631742236013e-06,2.670637658370637e-08,1.660583174572521e-08,0.0001106042178248599,0.008945438783117425,15.692870607692589,2.9068425880231712e-05,0.00035498284405205774,2150807.641346123,33425002.357366096
4.3624083250987885e-05,5.525734960506514e-05,11.842375951789059,1528.9612613631136,0.0,0.36641140277583495,1796.2465469779286,9.644539327985414e-09,0.0,1.847432185585372e-05,598.808367313354,1.3439540361433683e-06,2.652339864570488e-08,1.6666933727267016e-08,0.00010983286382756708,0.008905104432471327,15.68036588639511,2.8908742575563995e-05,0.0003549638710610241,2150628.117368089,33384521.70969471
4.362536487264719e-05,5.5272982344298884e-05,12.552357058263961,1528.4194056289994,0.0,0.36480787108537455,1794.7235214105717,9.604585639433471e-09,0.0,1.824520896288318e-05,598.3004321590374,1.337188656354381e-06,2.633648049235146e-08,1.672444065707812e-08,0.00010906766242447773,0.008864399152487197,15.667098991233042,2.8745895856556106e-05,0.00035494372603015834,2150448.563544861,33341644.696456473
4.362736609085241e-05,5.529920664018737e-05,13.654674766561124,1527.5149549341768,0.0,0.36229286608024897,1792.1723921737391,9.539536593289245e-09,0.0,1.7903547168543308e-05,597.4496480744789,1.326454165382513e-06,2.6037055150990318e-08,1.6807006460528678e-08,0.00010788497371919354,0.008800123223753406,15.644873109889081,2.8485496905624902e-05,0.0003549099416777625,2150168.135341021,33269958.052571494
4.362936730905764e-05,5.532762900116801e-05,14.749031361236625,1526.540185430067,0.0,0.35976509580637206,1789.4127978102067,9.471343327964547e-09,0.0,1.75804278937932e-05,596.5293736175685,1.3155188340420347e-06,2.5728871149111518e-08,1.6880719743148837e-08,0.00010671688977691638,0.008735011236544856,15.620827317019645,2.821793479151732e-05,0.0003548733416098366,2149887.6343977405,33192581.646978773
4.363136852726286e-05,5.535823318248941e-05,15.835115934638983,1525.4960470964531,0.0,0.3572254798329442,1786.4476125402039,9.400124262475362e-09,0.0,1.7274708031108435e-05,595.5405670084822,1.3043910153502548e-06,2.5412446867691233e-08,1.694556044952157e-08,0.00010556317119958463,0.008669104385489667,15.594986679193433,2.794354853845209e-05,0.0003548339536204012,2149607.0607327623,33109614.20896579
4.363336974546808e-05,5.539100232716616e-05,16.912627608607533,1524.383499769744,0.0,0.3546749382332456,1783.2798492696002,9.32600036618618e-09,0.0,1.698532694755443e-05,594.4842326960412,1.293079366713614e-06,2.5088300895443417e-08,1.7001533299892957e-08,0.00010442358040315514,0.008602443516382365,15.567377474478144,2.766267976590099e-05,0.0003547918071610666,2149326.4143638276,33021158.516289722
4.3635370963673304e-05,5.542591898645344e-05,17.981275807597093,1523.2035151707692,0.0,0.35211439018560103,1779.9126531668553,9.249094684872244e-09,0.0,1.671130060264925e-05,593.3614192164662,1.2815928025301584e-06,2.4756951221275045e-08,1.704866699586923e-08,0.00010329788153512978,0.008535069122622786,15.53802713634698,2.737567215106628e-05,0.00035474693328422336,2149045.695308688,32927321.223149907
4.363737218187853e-05,5.5462965140687204e-05,19.040780506120715,1521.9570787038801,0.0,0.34954475261308504,1776.3492950857442,9.16953188997973e-09,0.0,1.6451715935796537e-05,592.1732170007288,1.2699404494130277e-06,2.4418914508407867e-08,1.7087013346856075e-08,0.0001021858403139931,0.008467021341792589,15.506964196238096,2.7082870831001987e-05,0.00035469936458446444,2148764.9035850926,32828212.6782178
4.3639373400083755e-05,5.550212222052795e-05,20.090872444222253,1520.645190761639,0.0,0.3469669388741388,1772.5931648487926,9.08743785408092e-09,0.0,1.620572554160013e-05,590.9207561354847,1.2581316042898557e-06,2.4074705070202895e-08,1.7116646321646524e-08,0.00010108722392987858,0.008398339942386856,15.47421822490732,2.678462181218852e-05,0.00035464913513803603,2148484.039210804,32723946.72755536
4.364137461828898e-05,5.5543371128663e-05,21.13129330330213,1519.268867234063,0.0,0.34438185751066225,1768.6477644048502,9.002939262761915e-09,0.0,1.5972542645511146e-05,589.6052040820626,1.2461756964426026e-06,2.372483400379816e-08,1.713766103336664e-08,0.00010000180099945339,0.008329064301318663,15.439819772690829,2.6481271371705817e-05,0.0003545962804402239,2148203.1022035815,32614640.496588424
4.36433758364942e-05,5.558669226188585e-05,22.16179584571022,1517.8291394266382,0.0,0.3417904110469582,1764.5167008873239,8.916163257047394e-09,0.0,1.5751436397446068e-05,588.227763362349,1.2340822528876528e-06,2.336980825374345e-08,1.715017266092465e-08,9.892934147748324e-05,0.00825923337974792,15.403800308901827,2.617316541176456e-05,0.00035454083734094596,2147922.092581195,32500414.15667895
4.364537705469942e-05,5.563206553341593e-05,23.182144025821405,1516.3270537530439,0.0,0.3391934948346723,1760.2036796045056,8.827237096261932e-09,0.0,1.5541727488735518e-05,586.7896692220445,1.221860865856017e-06,2.3010129475634692e-08,1.7154315314501352e-08,9.786961653398862e-05,0.008188885698731952,15.366192160634345,2.5860648780398745e-05,0.00035448284397895057,2147641.0103614135,32381390.685388174
4.364737827290465e-05,5.5679470395378946e-05,24.19211307605075,1514.7636713427473,0.0,0.3365919959455413,1755.7124969875351,8.736287838216289e-09,0.0,1.5342784077493616e-05,585.2921872798078,1.2095211619661864e-06,2.2646293144959694e-08,1.7150240854564822e-08,9.682239847455243e-05,0.008118059312578276,15.327028451199157,2.5544064604221385e-05,0.00035442233971491046,2147359.8555620145,32257695.62439076
4.365069281561883e-05,5.576239780378165e-05,25.84148842151867,1512.0423517261172,0.0,0.3322754987938742,1747.8924493567072,8.581540680724688e-09,0.0,1.5035404054392723e-05,582.6848061897845,1.188848923278325e-06,2.203584517110502e-08,1.712587519958708e-08,9.511483527900742e-05,0.007999799666263869,15.258832314279765,2.5011682881887076e-05,0.00035431671454926484,2146894.0297963517,32042891.57684138
4.365400735833302e-05,5.585074273231857e-05,27.460909589526466,1509.1608023538038,0.0,0.32795275776786065,1739.6124255132784,8.422160412229496e-09,0.0,1.475352298370521e-05,579.9240988112954,1.1679221202545546e-06,2.1417498127445625e-08,1.708029110054179e-08,9.343993665948515e-05,0.007880497122543446,15.18661986896362,2.447060579802512e-05,0.00035420450352480095,2146428.0050594723,31816216.89950805
4.3657321901047205e-05,5.5944404521173406e-05,29.049561064939027,1506.1240784255153,0.0,0.3236276071072952,1730.8909983383849,8.258707767830096e-09,0.0,1.4494967714957545e-05,577.0162567167484,1.146783874642625e-06,2.0793350861973886e-08,1.701444258788921e-08,9.179668680870431e-05,0.007760314914304199,15.110553180676275,2.392233265307994e-05,0.000354085904437439,2145961.7814322263,31578277.021242987
4.366063644376139e-05,5.604327994863184e-05,30.60671243485343,1502.9373128365417,0.0,0.31930378101714496,1721.7471455529171,8.091731622653662e-09,0.0,1.4257794121536957e-05,573.9676064091365,1.1254765733199626e-06,2.016542238875279e-08,1.6929366951235873e-08,9.018407731511895e-05,0.0076394117318703035,15.03079785444086,2.336832597769589e-05,0.00035396112151970773,2145495.3589954963,31329686.798943367
4.3663950986475574e-05,5.6147263512086036e-05,32.13171742751326,1499.6057025360792,0.0,0.31498490413705066,1712.2001647289576,7.921766526093875e-09,0.0,1.4040258096667449e-05,570.7845809909949,1.1040416304733235e-06,1.9535643509117513e-08,1.682616887809191e-08,8.860110753455925e-05,0.007517941435774707,14.947522292892941,2.281000516891883e-05,0.0003538303645729448,2145028.737830204,31071067.514406998
4.366726552918976e-05,5.625624770479359e-05,33.62401262609706,1496.1344949075522,0.0,0.3106744830868374,1702.2695906365932,7.749330516017939e-09,0.0,1.3840789645700132e-05,567.4736926119906,1.0825192750381768e-06,1.890584985611296e-08,1.6706005052654307e-08,8.704678511953341e-05,0.007396052804166614,14.860896974658594,2.224874078906818e-05,0.0003536938481111075,2144561.918017299,30803043.979465876
4.3673183956096524e-05,5.6462941879185e-05,36.20583267002415,1489.6057512046525,0.0,0.30300938150824885,1683.6454850632954,7.436840590561376e-09,0.0,1.3525186825969436e-05,561.2644181516547,1.0439927209830787e-06,1.778663574483669e-08,1.6453009889484212e-08,8.433956246643102e-05,0.007177815699425377,14.698428388866533,2.124332667572802e-05,0.000353436448695685,2143727.8736791858,30303036.83662925
4.3679102383003286e-05,5.6684597879717666e-05,38.67974644752967,1482.67900710233,0.0,0.2954001334879178,1663.9737088511552,7.120736249470883e-09,0.0,1.3255668339252201e-05,554.7059294168331,1.005519212543817e-06,1.6681869576161497e-08,1.615668434376236e-08,8.171503327493252e-05,0.006959471782097593,14.526810046716195,2.0239716570728803e-05,0.00035316264909571464,2142893.1967034875,29778578.039522387
4.368502080991005e-05,5.692057268135903e-05,41.04439279553337,1475.3844745982158,0.0,0.2878635045101689,1643.3663217239728,6.803475132858126e-09,0.0,1.3026205014354855e-05,547.8355823236534,9.672897817200673e-07,1.559945302099313e-08,1.5823978819940515e-08,7.916780213445819e-05,0.006741735353569773,14.347020007256559,1.92442859443918e-05,0.0003528737311130637,2142057.887551894,29233144.09559876
4.3689225406143465e-05,5.709655851281812e-05,42.65752698914606,1469.9952696180978,0.0,0.28256186788071463,1628.2185941128728,6.57860993396893e-09,0.0,1.2884638494406786e-05,542.7854830595766,9.403740603066299e-07,1.4847811234076e-08,1.5569237363992535e-08,7.740225947266906e-05,0.00658778062509401,14.21485781718732,1.8545227119003495e-05,0.00035265999691301786,2141464.079524994,28834768.658408448
4.369343000237688e-05,5.727921020388326e-05,44.21514312320221,1464.4461896625187,0.0,0.2773096460486472,1612.6932752437222,6.3550074271345825e-09,0.0,1.2759009122191203e-05,537.6095281082588,9.137242830528468e-07,1.4112958429807947e-08,1.5301883418935464e-08,7.567124308325703e-05,0.006434679837998613,14.079397191620853,1.7855006686511094e-05,0.00035243973994955195,2140869.952835886,28428684.523374584
4.36976345986103e-05,5.746829451848261e-05,45.71736713587689,1458.7476999747041,0.0,0.2721114717736611,1596.8283537570999,6.133326547293837e-09,0.0,1.2647826604008995e-05,532.3203810886396,8.873909426716246e-07,1.3396686822681092e-08,1.502413707003766e-08,7.397297070016176e-05,0.006282633484631319,13.940969732531135,1.717526866479374e-05,0.0003522134148256019,2140275.507650432,28016023.858234204
4.3701839194843716e-05,5.766357907294468e-05,47.164471070943215,1452.9100842772814,0.0,0.2669715941483722,1580.6608368969066,5.914163792294484e-09,0.0,1.2549718583460355e-05,526.9303784261132,8.614193945826803e-07,1.2700516891392594e-08,1.4738091217328094e-08,7.230571226990332e-05,0.006131826743110177,13.799898484212866,1.650747786711161e-05,0.0003519814700973846,2139680.7441345826,27597875.85273325
4.370604379107713e-05,5.786483292483299e-05,48.55686171303083,1446.943416407329,0.0,0.26189388352518855,1564.2266273811765,5.698054435360219e-09,0.0,1.2463417079985221e-05,521.4514883102594,8.358499467263696e-07,1.2025707908965122e-08,1.4445699111681586e-08,7.066779401091455e-05,0.005982429663433064,13.656496857760951,1.5852924478273702e-05,0.00035174434663888093,2139085.6624543793,27175283.33338472
4.371024838731055e-05,5.807182710374512e-05,49.89506874827288,1440.8575355532018,0.0,0.2568818389188597,1547.5604197349742,5.485474396909637e-09,0.0,1.2387750833954218e-05,515.8952761403148,8.107180131271499e-07,1.137327219614343e-08,1.4148766754096439e-08,6.905760338211177e-05,0.005834597508911831,13.511067725372978,1.521272960134497e-05,0.0003515024762222476,2138490.262775949,26749240.112197705
4.371445298354396e-05,5.828433509997623e-05,51.17973346707788,1434.6620248113884,0.0,0.2519385974427035,1530.6956140588206,5.2768423471629145e-09,0.0,1.2321634782585673e-05,510.27287578281437,7.860542883449571e-07,1.074399121190969e-08,1.384894846346082e-08,6.747359392067407e-05,0.005688471186130263,13.363902666850343,1.45878513483993e-05,0.00035125628025213024,2137894.5452655125,26320688.997648045
4.371865757977738e-05,5.850213331427483e-05,52.41159806541309,1428.366192764474,0.0,0.24706694550235195,1513.664246197333,5.072521997457865e-09,0.0,1.2264057455737689e-05,504.5949662962617,7.618849401385217e-07,1.0138431684959785e-08,1.3547745125721709e-08,6.591428998305071e-05,0.005544177689876348,13.215281359327742,1.3979092164795538e-05,0.00035100616864349474,2137298.5100893714,25890520.41382107
4.3722862176010794e-05,5.8725001463326514e-05,53.59149517072103,1421.979057987925,0.0,0.2422693315197816,1496.4969338512456,4.872824728997283e-09,0.0,1.2214071241155858e-05,498.8717539705093,7.382318352172967e-07,9.556962055906132e-09,1.3246505288906387e-08,6.437829045871304e-05,0.005401830562314802,13.065471106237046,1.3387107651730914e-05,0.00035075253886481276,2136702.1574139246,25459571.587586857
4.372706677224421e-05,5.8952722938108006e-05,54.72033748539704,1415.5093364514705,0.0,0.23754787985049933,1479.22283785385,4.678012538681722e-09,0.0,1.2170787026201106e-05,493.1129594211233,7.151127963149179e-07,8.999771142603434e-09,1.2946428875861133e-08,6.286427108720263e-05,0.005261530461408948,12.914726498604303,1.2812415964917772e-05,0.0003504957751536559,2136105.487405653,25028626.25818841
4.373127136847763e-05,5.918508511777896e-05,55.79910776258564,1408.9654317072582,0.0,0.2329044055817031,1461.8696373362707,4.48830112673451e-09,0.0,1.213337022403832e-05,487.32780931348697,6.925418728091204e-07,8.466886562855178e-09,1.2648572817890065e-08,6.137098708449586e-05,0.005123365849836532,12.763289197527968,1.2255407209652839e-05,0.0003502362478893653,2135508.500231131,24598414.853410125
4.3735475964711045e-05,5.94218796433823e-05,56.828849318712265,1402.3554276552507,0.0,0.22834043009763028,1444.4635173756976,4.303863032951705e-09,0.0,1.2101035946158217e-05,481.5250322480278,6.705296149812552e-07,7.958189174944825e-09,1.235385806608674e-08,5.989727786886273e-05,0.004987413620360029,12.61138782574473,1.1716353072039044e-05,0.0003499743131034359,2134911.196057017,24169615.073489193
4.373968056094446e-05,5.9662902653957364e-05,57.81065710841011,1395.68708364485,0.0,0.22385719730983952,1427.0291678620013,4.124830835423052e-09,0.0,1.2073044356125377e-05,475.71285838504434,6.490833547581234e-07,7.473429452936412e-09,1.2063077676219166e-08,5.8442072184628426e-05,0.0048537395448206766,12.459237957352004,1.1195416809130188e-05,0.00034971031211644346,2134313.575050063,23742852.82771007
4.374388515717787e-05,5.990795498630232e-05,58.74566930475137,1388.9678317059963,0.0,0.21945569012630753,1409.5897924378642,3.951300357111091e-09,0.0,1.2048697797141194e-05,469.8990224273967,6.282074905149726e-07,7.01225109009954e-09,1.1776905508230998e-08,5.7004389439193084e-05,0.004722398820299325,12.30704219541438,1.0692663209841976e-05,0.00034944457129543687,2133715.6373771057,23318703.473364253
4.374808975341129e-05,6.015684233988776e-05,59.63505937165752,1382.204775737069,0.0,0.21513664663239787,1392.1671263732521,3.783333772061634e-09,0.0,1.2027339248849599e-05,464.0907695811921,6.079037622631392e-07,6.574205213624249e-09,1.1495905212037778e-08,5.558333694487129e-05,0.004593437036980852,12.154990327177368,1.0208068196440248e-05,0.00034917740192373127,2133117.3832050697,22897693.309550326
4.3752294349644706e-05,6.040937540927307e-05,60.48002866631662,1375.4046924743602,0.0,0.2109005760941326,1374.7814622145575,3.620962654532054e-09,0.0,1.2008350678620932e-05,458.29486410799205,5.88171512760436e-07,6.15874559763834e-09,1.1220539775589323e-08,5.417810979357238e-05,0.004466891187608595,12.003259547137233,9.74152810235624e-06,0.0003489091001715637,2132518.81270097,22480301.2801406
4.375649894587812e-05,6.066536998668994e-05,61.28179960073759,1368.5740340482478,0.0,0.20674777549530035,1357.451682082553,3.464191071096556e-09,0.0,1.1991151041631189e-05,452.5176000935124,5.6900795045359e-07,5.76524870114303e-09,1.095118142983452e-08,5.278799923263675e-05,0.004342789853990792,11.852014738999697,9.292868692038147e-06,0.0003486399471555141,2131919.926031911,22066960.84290677
4.376070354211154e-05,6.092464703721122e-05,62.04160935488741,1361.7189319271267,0.0,0.20267834646028993,1340.1952955757333,3.312998532719888e-09,0.0,1.1975194841628212e-05,446.7648140849479,5.504084206195202e-07,5.39307928248308e-09,1.0688120308643883e-08,5.141240235810616e-05,0.004221152803479909,11.701408807186265,8.861853797699768e-06,0.0003483702090762557,2131320.7233650815,21658061.96560841
4.3764908138344956e-05,6.118703274863542e-05,62.76070411624999,1354.845202067827,0.0,0.1986922107104048,1323.028482323774,3.1673425668011263e-09,0.0,1.1959971665815355e-05,441.0418992778821,5.323666508335755e-07,5.0415836152878265e-09,1.0431571807490747e-08,5.005081601409502e-05,0.004101991881692722,11.55158304765982,8.448193444104737e-06,0.00034810013742558795,2130721.204867763,21253953.214043453
4.376911273457837e-05,6.145235855815756e-05,63.440333826335944,1347.9583511135406,0.0,0.19478912285000155,1305.9661383072623,3.0271612223720593e-09,0.0,1.1945005964258565e-05,435.3538209578356,5.148749357825837e-07,4.7099485292615594e-09,1.0181686348454577e-08,4.870281351110477e-05,0.003985313977172036,11.40266754956818,8.051551447301898e-06,0.00034782996925398335,2130121.3707073205,20854943.900955416
4.3773317330811783e-05,6.172046115794317e-05,64.0817474193621,1341.0635834962575,0.0,0.19096868364066694,1289.0219251221274,2.892375752965937e-09,0.0,1.1929856179351026e-05,429.7051329237319,4.979243094108308e-07,4.397298844676689e-09,9.938560466036349e-09,4.7368041096542325e-05,0.0038711223338767664,11.254781624247327,7.671552458391226e-06,0.00034755992749004554,2129521.2210512133,20461306.26824655
4.37775219270452e-05,6.199118248171657e-05,64.68618854640854,1334.16580927813,0.0,0.18723035828159676,1272.208321437176,2.7628928653916117e-09,0.0,1.1914113581295717e-05,424.0999946441755,4.815048102260628e-07,4.103051333029211e-09,9.702240435770402e-09,4.604626168065383e-05,0.003759412120628705,11.10803425912028,7.307788446586446e-06,0.0003472902213026787,2128920.75606698,20073277.677843157
4.378172652327862e-05,6.226436967435313e-05,65.25489175054453,1327.2696526060754,0.0,0.18357349161600245,1255.5366759830554,2.6386066710107722e-09,0.0,1.1897401948540742e-05,418.542188923113,4.656057129990457e-07,3.826501060977321e-09,9.472725177346875e-09,4.473736607085831e-05,0.003650169543228847,10.962524581432826,6.959824775763034e-06,0.00034702104649924086,2128319.975922256,19691062.790405206
4.3785931119512034e-05,6.253987504630738e-05,65.78907906705459,1320.3794606580514,0.0,0.17999731503442823,1239.017261483619,2.519401165994233e-09,0.0,1.1879377975385832e-05,413.0351398769378,4.502156109689535e-07,3.566477750526532e-09,9.249979932930884e-09,4.344131218783744e-05,0.003543378944573509,10.818342322232635,6.627205853312834e-06,0.00034675258595282286,2127718.8807847584,19314835.714118302
4.379013571574545e-05,6.28175560145984e-05,66.28995702901402,1313.4993129702088,0.0,0.1765009538233702,1222.659328996179,2.4051522709640535e-09,0.0,1.1859731042468573e-05,407.5819310484132,4.353224705909143e-07,3.321960606831004e-09,9.033948802246361e-09,4.215808368673971e-05,0.0034390271794639397,10.67556828663773,6.309460024792603e-06,0.00034648501005185946,2127117.470822297,18944742.108669985
4.379434031197887e-05,6.309727503198834e-05,66.75871404748669,1306.6330310606268,0.0,0.17308344324676858,1206.4711621935173,2.2957268787052664e-09,0.0,1.1838181870673473e-05,402.1853235043623,4.209138090250316e-07,3.093263279501911e-09,8.82453903696802e-09,4.088773896498253e-05,0.0033370974563428123,10.534274834122032,6.006103825331038e-06,0.00034621847716716973,2126515.746202766,18580901.232370216
4.3798544908212285e-05,6.337889950590231e-05,67.19651814733825,1299.7841882221119,0.0,0.16974375253483578,1190.460131191748,2.190982563515223e-09,0.0,1.1814480909169369e-05,396.84777378440197,4.069770465417033e-07,2.8807384611107947e-09,8.621601345251865e-09,3.9630529795651304e-05,0.0032375564041793397,10.394526361608154,5.716645923801748e-06,0.00034595313413035637,2125913.7070941487,18223407.921986755
4.3802749504445695e-05,6.366230170852927e-05,67.60451503016198,1292.9561193957338,0.0,0.16648079625207313,1174.632745604935,2.0907780071312737e-09,0.0,1.1788408361231136e-05,391.5714515873144,3.93499726809498e-07,2.680656425115805e-09,8.424990629285252e-09,3.838689993957747e-05,0.0031403564353053746,10.256379764514294,5.440591021051002e-06,0.00034568911671923165,2125311.3536645174,17872334.49749046
4.3809206455227094e-05,6.41006997990195e-05,68.17560263552288,1282.5178398266544,0.0,0.1616166019691695,1150.6972173925844,1.9454160639899966e-09,0.0,1.1743330849039492e-05,383.5921565415013,3.7366749132432064e-07,2.3936721970515796e-09,8.13514754231586e-09,3.6504062149108764e-05,0.0029956058889040772,10.04746071483635,5.041615709662684e-06,0.0003452865333994851,2124385.7147280416,17345807.22828988
4.3815663406008486e-05,6.454257759032184e-05,68.68297872340676,1272.1460799517417,0.0,0.15692608607722336,1127.2252591240133,1.8099243835619391e-09,0.0,1.1691680142060997e-05,375.7674128216369,3.548406828333036e-07,2.132463138084604e-09,7.859618393003774e-09,3.465476585690338e-05,0.0028562782184327583,9.842585626036227,4.671296499326752e-06,0.00034488777676717683,2123459.3355218633,16834638.920199443
4.382212035678988e-05,6.498753604247712e-05,69.13043844528026,1261.8499677186537,0.0,0.15240461265422334,1104.2302977457393,1.6837476330899097e-09,0.0,1.1633054306024863e-05,368.1016953323425,3.3697355253908083e-07,1.9073996230291356e-09,7.597673116100865e-09,3.2841028512484474e-05,0.0027222091388515303,9.641871907028458,4.327875846534322e-06,0.00034449320270263416,2122532.2166558886,16338839.943859233
4.3828577307571276e-05,6.5435200122816e-05,69.5216211980155,1251.6375810953043,0.0,0.1480474348071971,1081.722352859175,1.566321236375933e-09,0.0,1.1567193183324256e-05,360.598343184956,3.200222804936471e-07,1.706712427570724e-09,7.348412884139769e-09,3.106549829132995e-05,0.0025931909715567183,9.445407250517146,4.0096423780668266e-06,0.00034410311920367987,2121604.3587405095,15858341.809260564
4.383503425835267e-05,6.588521777737478e-05,69.86000739034799,1241.516027069704,0.0,0.1438496127819856,1059.7084065303573,1.4571633032654981e-09,0.0,1.1493979466511134e-05,353.259682930463,3.039434228472331e-07,1.5078816777605123e-09,7.111430529311371e-09,2.9330222053246784e-05,0.0024691149933132634,9.25325272068056,3.7149445499631602e-06,0.0003437177902882444,2120675.7623866107,15393008.762619529
4.384149120913406e-05,6.63372589004235e-05,70.1489167796804,1231.4915176868178,0.0,0.13980601709009602,1038.1927468286165,1.3557882445842446e-09,0.0,1.1413424849115395e-05,346.08714307225296,2.886928802985887e-07,1.3367059952080567e-09,6.88634387858049e-09,2.763638352835962e-05,0.0023499757427524644,9.065445749370781,3.442195457190563e-06,0.0003433374397251886,2119746.4282055553,14942648.247466352
4.384794815991546e-05,6.679101430406324e-05,70.3915083245402,1221.5694425855365,0.0,0.13591157627269015,1017.1772852260721,1.2615591228005824e-09,0.0,1.1325637525589822e-05,339.0813599458761,2.7422881024359594e-07,1.2310638652819315e-09,6.6717121612981715e-09,2.5986166588551884e-05,0.00223563569998269,8.88200314382571,3.1898744475345446e-06,0.0003429622545833551,2118816.3568091956,14507020.285608552
4.385440511069685e-05,6.724619468638157e-05,70.5907816624622,1211.7544372442223,0.0,0.13216150881223018,996.6618489031299,1.1739716306375882e-09,0.0,1.1230803559685195e-05,332.2422752151348,2.605161512660815e-07,1.1083638260601429e-09,6.466529629161305e-09,2.4384111438084186e-05,0.0021256893242972007,8.702923776041283,2.956535400734833e-06,0.00034259238859035674,2117885.54880987,14085845.839972198
4.386086206147824e-05,6.770252960790523e-05,70.74957994911085,1202.0504470781889,0.0,0.1285510783527421,976.6444488672001,1.0929962933526785e-09,0.0,1.1129209233464298e-05,325.5692251453896,2.475238136244005e-07,8.72276936703926e-10,6.272527380628898e-09,2.2834278154387265e-05,0.0020198211112845785,8.528190566364092,2.7408194478499294e-06,0.0003422279652893538,2116954.0048204022,13678814.228011137
4.386731901225964e-05,6.8159766490199e-05,70.87059361906883,1192.4607886560216,0.0,0.1250750592682138,957.1215241821352,1.0183052202707273e-09,0.0,1.1021261590664847e-05,319.0610218450348,2.3521326489125925e-07,7.449708783234817e-10,6.090093871011951e-09,2.133583284233943e-05,0.0019182890127080441,8.357772132435114,2.5414543600028725e-06,0.0003418690809859629,2116021.725454097,13285589.665561497
4.387377596304103e-05,6.86176696442867e-05,70.95636478473695,1182.9882079216377,0.0,0.12172824932951569,938.0881620698318,9.489429650993811e-10,0.0,1.0907410007096224e-05,312.7160268283927,2.2354412937888136e-07,7.614061757872319e-10,5.91582529047544e-09,1.988808414555117e-05,0.0018212547414306482,8.191625382349132,2.357228426784287e-06,0.0003415158074864853,2115088.7113247486,12905817.009159986
4.3880232913822425e-05,6.90760193301986e-05,71.00929213366015,1173.6349328676056,0.0,0.11850604084235719,919.5382964625995,8.845517288583664e-10,0.0,1.078809357604172e-05,306.5322173777516,2.1248652463322291e-07,5.656225647682434e-10,5.749199857400921e-09,1.8494967570645962e-05,0.0017282791272899825,8.02969775398755,2.186995444852748e-06,0.0003411681946341053,2114154.9630466294,12539126.743585393
4.388668986460382e-05,6.953461084820367e-05,71.03163623855299,1164.4027209784567,0.0,0.11540401029372153,901.4648874895761,8.248141312900482e-10,0.0,1.0663788238468708e-05,300.50724619934743,2.0201427839413063e-07,5.519278385788264e-10,5.58987750375519e-09,1.7160552164393403e-05,0.0016389540288436677,7.8719281483388555,2.029702047505921e-06,0.00034082627265032275,2113220.4812344983,12185139.290971022
4.3893146815385215e-05,6.999325366431494e-05,71.02552518970995,1155.2929045405672,0.0,0.11241752413598556,883.8600821216467,7.676521590006397e-10,0.0,1.0535037060553438e-05,294.638494838436,1.9209360100996694e-07,1.3059012061152708e-09,5.427316065741605e-09,1.588531812438679e-05,0.001553316684572863,7.71824791952907,1.884376631121495e-06,0.0003404900542884112,2112285.266503597,11843468.738134753
4.389960376616661e-05,7.045177057305504e-05,70.99296041771795,1146.3064339556056,0.0,0.10954209868679404,866.7153566233541,7.142831504437318e-10,0.0,1.0402404034705342e-05,288.9231213078086,1.8270075003787263e-07,6.068320429105744e-10,5.268941505955757e-09,1.4669348357943797e-05,0.0014713450914806444,7.568582630102332,1.7500994470980752e-06,0.0003401595368069584,2111349.3194696507,11513726.041477839
4.3906060716948e-05,7.090999689872212e-05,70.93582256303729,1137.443916718693,0.0,0.10677351337614238,850.0216433543229,6.67592496229768e-10,0.0,1.0266437584647937e-05,283.3581023941986,1.738199057827852e-07,0.0,5.133041287724192e-09,1.3513859544158315e-05,0.0013928140929557419,7.422853289528227,1.6260119437842303e-06,0.0003398347037730062,2110412.640748864,11195521.742935803
4.39125176677294e-05,7.13677797347493e-05,70.85587733232248,1128.705652328759,0.0,0.10410763043017154,833.7694433313188,6.246548320060294e-10,0.0,1.0127678337710282e-05,277.9402711066311,1.6542039238371585e-07,8.66219287236696e-10,5.005585614407761e-09,1.2419589371134717e-05,0.0013175610375497939,7.280977077214723,1.5113297963964787e-06,0.0003395155267056918,2109475.230957923,10888468.253882933
4.391897461851079e-05,7.1824977220486e-05,70.75478132184541,1120.0916647993713,0.0,0.1015402826578242,817.948925434552,5.832101697342475e-10,0.0,9.986666154818172e-06,272.66634970743524,1.5747125709569686e-07,6.108603138589388e-10,4.87467801403312e-09,1.1385733780370736e-05,0.0012456155239040053,7.142868088092041,1.405329032968891e-06,0.0003392019665712303,2108537.0907140006,10592181.771326037
4.392543156929218e-05,7.228145785509307e-05,70.63408776096406,1111.6017331271237,0.0,0.09906739490966937,802.55001332393,5.522580952290751e-10,0.0,9.843927264490274e-06,267.5329787344489,1.499710641771722e-07,0.0,4.7904272147293395e-09,1.0410961433007158e-05,0.0011770093796281645,7.008438276128925,1.3073300563569472e-06,0.0003388939751392687,2107598.2206347445,10306283.872254496
4.393188852007358e-05,7.273709984811767e-05,70.4952520993418,1103.235418590557,0.0,0.09668532654496143,787.5624613040892,5.188545639323072e-10,0.0,9.69994636627011e-06,262.5367423966652,1.4286932235059997e-07,4.030553555086279e-09,4.683634693960354e-09,9.495917903330025e-06,0.0011114333343854468,6.87759843591933,1.2166997229709534e-06,0.00033859149621015994,2106658.6213382846,10030402.814608283
4.393834547085497e-05,7.319179050582883e-05,70.3396374390726,1094.9920886288,0.0,0.09439070602326677,772.9759209017585,4.816428776794269e-10,0.0,9.555176345454097e-06,257.6741907029243,1.3614501630485437e-07,7.436986736861887e-10,4.5448820558557265e-09,8.64158448383765e-06,0.0010485405616256578,6.750258535977454,1.1328626664874769e-06,0.0003382944667239202,2105718.2934432337,9764174.579285288
4.3944802421636364e-05,7.364542565200427e-05,70.16851976638554,1086.870939176384,0.0,0.09218002999928851,758.7799988936334,4.4712674066078366e-10,0.0,9.41006773976269e-06,252.94185865909566,1.297960791545682e-07,0.0,4.4129689032401694e-09,7.846092903036691e-06,0.0009883236053097068,6.626327780528226,1.0552969058598886e-06,0.00033800281775937173,2104777.2375686793,9507243.701229867
4.395125937241776e-05,7.409790908184303e-05,69.98309300164989,1078.871016689088,0.0,0.09004974166213615,744.9643068519333,4.18892985336687e-10,0.0,9.265048975121722e-06,248.33628284141002,1.2381030923593195e-07,5.658908352259596e-10,4.308100997491529e-09,7.10615847971368e-06,0.0009309307886170534,6.5057152857071765,9.835134939235625e-07,0.00033771647543258295,2103835.4543341924,9259263.926860265
4.3957716323199155e-05,7.454915204776839e-05,69.78447384303144,1070.9912376363184,0.0,0.08799648441463988,731.5185035586393,3.947353545814966e-10,0.0,9.120498009267421e-06,243.8540156261245,1.181625303511047e-07,0.0,4.218067746317526e-09,6.419570723891996e-06,0.0008763272167365159,6.3883307634066755,9.170537755221479e-07,0.0003374353617032935,2102892.944359822,9019898.7030145
4.3964173273980546e-05,7.499907277580823e-05,69.5737063813687,1063.2304047462037,0.0,0.086017157368013,718.4323314206678,3.7137095437304264e-10,0.0,8.976745232228941e-06,239.49163733162044,1.1282823667058072e-07,7.788423532444094e-11,4.126403565849733e-09,5.785159325586342e-06,0.0008243116911225225,6.274084811623264,8.554990104137421e-07,0.00033715939509736445,2101949.7082660953,8788821.514693445
4.397063022476194e-05,7.544759601109342e-05,69.35176648976339,1055.5872214556373,0.0,0.08410880350602948,705.6956474831758,3.48318975827129e-10,0.0,8.834091934093483e-06,235.24576650698629,1.0779064659193644e-07,3.2755369828834893e-10,4.031292708327042e-09,5.201332379363921e-06,0.0007747267442873082,6.162888991355591,7.984692966670563e-07,0.00033688849135269484,2101005.7466740143,8565716.103695894
4.397708717554334e-05,7.589465259099771e-05,69.1195660000754,1048.060305900263,0.0,0.08226853060367995,693.2984494431914,3.2691196547356124e-10,0.0,8.692815486184583e-06,231.1130685791943,1.0303682244846836e-07,0.0,3.939621187316876e-09,4.665586867287096e-06,0.0007275208292299212,6.0546559888332645,7.456135498271049e-07,0.0003366225639954002,2100061.0602050642,8350276.595259913
4.398354412632473e-05,7.634017904452811e-05,68.87795666864571,1040.6482041774877,0.0,0.08049352863830454,681.2308971901485,3.0766747730304883e-10,0.0,8.553161211473335e-06,227.09026304972912,9.85523986220282e-08,4.760405116674287e-11,3.854734474859818e-09,4.175172888849192e-06,0.0006826582901985431,5.949299888478981,6.966053008299989e-07,0.000336361524852515,2099115.6494812053,8142207.544494243
4.399000107710612e-05,7.67841172166289e-05,68.62773392813668,1033.3494019590732,0.0,0.0787811103227491,669.483330504529,2.8999111140805613e-10,0.0,8.415337792086633e-06,223.17412941235145,9.432129784380809e-08,2.589378966519465e-10,3.774384782878915e-09,3.7276247686890877e-06,0.0006400568112763609,5.846736394832354,6.51144725767127e-07,0.00033610528450712615,2098169.5151248733,7941223.908200554
4.399645802788752e-05,7.72264139160475e-05,68.36964042782556,1026.162334375177,0.0,0.0771287147952937,658.0462834499183,2.7338281832761796e-10,0.0,8.27952190080068e-06,219.3615119466955,9.032818497204448e-08,0.0,3.6959594629019558e-09,3.3206140869868447e-06,0.0005996119369447904,5.746882932449311,6.089580754505494e-07,0.00033585375270150377,2097222.6577589787,7747050.953164277
4.400291497866891e-05,7.766702058541235e-05,68.10436937209076,1019.0853949052185,0.0,0.07553388607076511,646.9104958322216,2.5774871682472045e-10,0.0,8.145864302883614e-06,215.6493235266852,8.655948435473398e-08,0.0,3.619271093221411e-09,2.9516466040705073e-06,0.0005612391948342213,5.649658700609939,5.697934264754503e-07,0.00033560683869329446,2096275.0780069153,7559424.116371146
4.40093719294503e-05,7.810589299223403e-05,67.83256766799113,1012.1169437503332,0.0,0.07399425594172325,636.0669220501842,2.4287917127720436e-10,0.0,8.01449179227104e-06,212.03454856791637,8.300254318181668e-08,9.618546067828167e-10,3.545026173535682e-09,2.6180698049861845e-06,0.0005248781128254855,5.554984749433001,5.334178295170505e-07,0.0003353644515693665,2095326.776492546,7378088.828777892
4.40158288802317e-05,7.854299093962435e-05,67.55483888976148,1005.2553154631031,0.0,0.07250754972656208,625.5067376662844,2.2893245668587216e-10,0.0,7.88550596094716e-06,208.51424522453172,7.964508671406467e-08,7.153162289429912e-10,3.4736783482748965e-09,2.317298153663237e-06,0.0004904665757137279,5.462784068532963,4.99617035781868e-07,0.00033512650052111836,2094377.7538402095,7202800.307930989
4.4022285831013094e-05,7.897827799550456e-05,67.27174603757011,998.4988220011955,0.0,0.07107159233771115,615.2213440404081,2.1635854989808553e-10,0.0,7.758984348881017e-06,205.0855469346457,7.647527932358103e-08,0.0,3.4053597840907317e-09,2.0469058468268474e-06,0.00045792565389271957,5.372981632019603,4.6819454947754177e-07,0.00033489289508642674,2093428.0106747223,7033323.298469258
4.402292282562067e-05,7.902112075636713e-05,67.24354773138157,997.8379093606034,0.0,0.07093260222413773,614.2212361312521,2.1519278021009724e-10,0.0,7.74663848903232e-06,204.75215499989082,7.617229805849447e-08,5.775822592645183e-11,3.398758387920879e-09,2.0217911921764354e-06,0.00045481311658313067,5.364249574825063,4.6521657321692624e-07,0.00033487008140235943,2093334.2770746248,7016910.253163753
4.4023559820228235e-05,7.906394554020243e-05,67.21530283686381,997.1780007963939,0.0,0.07079408367413578,613.2237130163725,2.1400911602360704e-10,0.0,7.734317244238667e-06,204.41962473879676,7.587101235667452e-08,4.284812301102853e-11,3.3921547746395114e-09,1.996946508222217e-06,0.00045171802939748313,5.3555400766027335,4.6225980556577676e-07,0.00033484730904984104,2093240.5364689468,7000551.342292824
4.402466262739048e-05,7.913804404689966e-05,67.16629466956861,996.0378917522862,0.0,0.07055538036592175,611.5028230403349,2.1195544337799988e-10,0.0,7.713044215626552e-06,203.84595587383504,7.53533974863284e-08,3.549969655378353e-11,3.3807559135809294e-09,1.9545653802178354e-06,0.00044640061437176094,5.340514750792151,4.5719051237977546e-07,0.00033480798151499266,2093078.229975929,6972357.076889091
4.402687432853271e-05,7.928648677625486e-05,67.06760121045619,993.7603936467713,0.0,0.07008085786259097,608.0746586741768,2.0777293223611324e-10,0.0,7.670604370748488e-06,202.7031571311492,7.433035268905771e-08,1.514325797994509e-10,3.3579856642264177e-09,1.871939998283276e-06,0.0004358918711534379,5.310582896129028,4.4721064778609487e-07,0.00033472948017564667,2092752.6578926046,6916295.597294808
4.402908602967494e-05,7.94347106397191e-05,66.96838129497884,991.4948568017035,0.0,0.06961187583612502,604.6770692537508,2.032097493401652e-10,0.0,7.628464302968638e-06,201.57055092445069,7.332693758189884e-08,3.3165512455895807e-10,3.3350753188106994e-09,1.7924000953083511e-06,0.00042558795257663183,5.280917885871089,4.374744044876744e-07,0.0003346514707032158,2092427.0013991673,6860870.964873086
4.403129773081717e-05,7.958271449392907e-05,66.86865399186145,989.2412016440323,0.0,0.06914835531853637,601.3097312191522,1.983739298136892e-10,0.0,7.586625307933506e-06,200.44802938780384,7.234275795361725e-08,1.1538470418193469e-09,3.3121164189656736e-09,1.7158568415751474e-06,0.0004154856779521959,5.251516896941456,4.279753008613474e-07,0.0003345739495324344,2092101.2605207716,6806074.528069296
4.40335094319594e-05,7.9730497237021e-05,66.76843792132662,986.9993492482607,0.0,0.06869021855976028,597.9723241918201,1.935006717965023e-10,0.0,7.545088399276157e-06,199.33548571597524,7.137745512267802e-08,4.0195026160844145e-09,3.2893083677355952e-09,1.6422238878613087e-06,0.0004055817045343612,5.222377134315763,4.187070303571323e-07,0.000334496913111663,2091775.4352825815,6751897.762097922
4.403710483825084e-05,7.997026259700951e-05,66.60452734632855,983.3799153730301,0.0,0.06795674895202897,592.609997754895,1.8675898473054153e-10,0.0,7.47821191412226e-06,197.54792400858935,6.984781465004686e-08,1.3720722524460573e-09,3.2533809134738342e-09,1.5285036436678004e-06,0.00038990828601941633,5.175557059887591,4.0411715553048715e-07,0.0003343727058534201,2091245.5842406861,6665127.2763784835
4.404070024454228e-05,8.020943650857171e-05,66.43944868779106,979.7911325438216,0.0,0.06723697783826793,587.324587111095,1.8142608148145124e-10,0.0,7.412139190806071e-06,195.78600309467407,6.83658219101169e-08,0.0,3.219177783716614e-09,1.4218601317208e-06,0.0003747444421179703,5.129408285579221,3.900957830882208e-07,0.0003342497551647427,2090715.510438298,6579936.827480436
4.404429565083372e-05,8.044801490423288e-05,66.2732747216222,976.2326716888157,0.0,0.06653058907638174,582.114769435035,1.7632860372773673e-10,0.0,7.3468717484666655e-06,194.04928198063502,6.69295043060462e-08,1.1300383722636715e-09,3.185738233342283e-09,1.3219319701196971e-06,0.00036007462030189687,5.083919265463091,3.7661868495962823e-07,0.00033412804603303583,2090185.2139836252,6496291.859608298
4.404789105712516e-05,8.068599397319546e-05,66.1060754337628,972.7042076705461,0.0,0.0658372735967318,576.9792438533079,1.713198064221105e-10,0.0,7.282409878286714e-06,192.33732699365055,6.553718153717936e-08,1.853481247187697e-10,3.152774741246404e-09,1.2283679905867464e-06,0.00034589078198460837,5.039078651997788,3.6366275107816043e-07,0.00033400756355795127,2089654.6949849173,6414158.638144328
4.4051486463416596e-05,8.092337015101076e-05,65.93791812735276,969.2054192248264,0.0,0.06515672917660477,571.9167313423309,1.6662707200921724e-10,0.0,7.218752757761497e-06,190.64971174379855,6.418739636964082e-08,0.0,3.12052010841904e-09,1.1408278926681124e-06,0.0003321806602861156,4.994875283811721,3.5120592723233375e-07,0.0003338882929565661,2089123.9535504724,6333504.231285739
4.405717135754715e-05,8.129746035588769e-05,65.67023727827575,963.7330771434938,0.0,0.06410602864752141,564.0580507894872,1.590494965867279e-10,0.0,7.119738300248176e-06,188.02997998743115,6.213614548043736e-08,1.5278686248748013e-10,3.0703124574965794e-09,1.0139147853531707e-06,0.0003114395966988558,4.926256619914417,3.3247726551273467e-07,0.000333702144952814,2088284.3155130656,6208916.763603485
4.4062856251677715e-05,8.16700230442346e-05,65.40056567793356,958.3328980167441,0.0,0.06308539233087158,556.3739095026948,1.511934650748719e-10,0.0,7.022718676152376e-06,185.46843280504805,6.018158948956079e-08,1.1198687857143487e-09,3.020969725318408e-09,9.000167355145726e-07,0.00029180809277197544,4.859161321377451,3.1486555745999685e-07,0.00033351893277618565,2087444.1220744213,6087823.089794999
4.406854114580827e-05,8.204104756176671e-05,65.12913179044709,953.0036700861028,0.0,0.062093731847165747,548.8595793936405,1.4334859353242507e-10,0.0,6.927676507981147e-06,182.96349399434203,5.831844650588912e-08,2.340390349374031e-09,2.9726390973281387e-09,7.979760261108156e-07,0.00027324521905302906,4.793548137227458,2.982978519436196e-07,0.00033333859993529553,2086603.3736633307,5970104.636746922
4.407422603993883e-05,8.241052451151802e-05,64.85615024680457,947.7442044594488,0.0,0.06112999861699081,541.5104630712009,1.3639759856343142e-10,0.0,6.834589937380755e-06,180.51363092575036,5.654189823073346e-08,7.958970890054945e-10,2.9259236942150343e-09,7.067111993712189e-07,0.0002557111668478486,4.72937695933164,2.8270629388548953e-07,0.00033316109078967396,2085762.070708864,5855647.279888951
4.407991093406938e-05,8.277844567459873e-05,64.58182266950834,942.5533345481916,0.0,0.06019318345942962,534.3220916598738,1.3075592428397423e-10,0.0,6.7434333204255115e-06,178.11735381263526,5.4847339616110365e-08,0.0,2.8812317313981313e-09,6.252167171486057e-07,0.00023916041502085802,4.666608795299111,2.680277601229624e-07,0.00033298635057526306,2084920.2136403788,5744341.177359263
4.4085595828199945e-05,8.314480394119197e-05,64.30633839137725,937.4299156128812,0.0,0.05928231687300905,527.2901223341148,1.252219935229494e-10,0.0,6.654177844443428e-06,175.7732148910367,5.322995600796173e-08,1.5497201764192107e-09,2.837659935470577e-09,5.525626515024035e-07,0.00022354743115762774,4.605205751464153,2.542035201005735e-07,0.0003328143254225423,2084077.8028875114,5636080.608094389
4.40912807223305e-05,8.35095932450863e-05,64.02987514212487,932.3728243795058,0.0,0.05839646559733785,520.4103357438215,1.19687451617184e-10,0.0,6.566792071166153e-06,173.47980756362045,5.168542702897053e-08,1.1605972446791655e-09,2.794968867792563e-09,4.878867460935713e-07,0.00020883508322561543,4.545131018421837,2.4117890801033465e-07,0.00033264496237076944,2083234.8388801832,5530763.815281355
4.409696561646106e-05,8.387280849996912e-05,63.75259971265771,927.3809585738042,0.0,0.05753473056354558,513.6786334010142,1.1502762732280051e-10,0.0,6.4812424336935675e-06,171.2357655252045,5.020998954508328e-08,0.0,2.7537979677208213e-09,4.3039292513426986e-07,0.0001949846961753357,4.486348839328261,2.2890303595867082e-07,0.0003324782093795431,2082391.3220485982,5428292.854531237
4.410265051059162e-05,8.423444553845385e-05,63.474668586829026,922.4532364588213,0.0,0.056696248209388164,507.09103499950197,1.1050793985682246e-10,0.0,6.397493661069023e-06,169.03976186854555,4.879969707492496e-08,7.520338244844818e-10,2.7136795877203185e-09,3.7935464089571803e-07,0.00018195272293846819,4.428824483626741,2.1732850250347685e-07,0.00033231401533747527,2081547.25282324,5328573.447002048
4.4108335404722176e-05,8.459450105476702e-05,63.196228541024375,917.588596468368,0.0,0.05588018838222788,500.64367566151475,1.0573256497050704e-10,0.0,6.315509169087107e-06,166.89050816966068,4.745086462564664e-08,1.6317804147155146e-09,2.6742427101269643e-09,3.341066829983051e-07,0.00016970207458254555,4.372524233146309,2.064111347342928e-07,0.00033215233006768076,2080702.6316348775,5231514.837907672
4.411402029885273e-05,8.495297255112174e-05,62.917417204643606,912.7859968089548,0.0,0.05508575158259148,494.3328031505164,1.0143237842364299e-10,0.0,6.235251446544939e-06,164.78675355741902,4.616031848481208e-08,0.0,2.635917859007292e-09,2.940402110050968e-07,0.00015819900190919303,4.317415355214905,1.961097896154085e-07,0.000331993104330378,2079857.4589145572,5137029.659474323
4.411970519298329e-05,8.53098582873354e-05,62.63836358346556,908.0444150102642,0.0,0.054312169160115005,488.15477506174494,9.788300220018128e-11,0.0,6.156682339151236e-06,162.72728377431432,4.492501696832869e-08,0.0,2.5989677117610354e-09,2.5860268494941207e-07,0.00014740453779358707,4.263466069807462,1.8638611045578818e-07,0.00033183628982304687,2079011.735093612,5045033.798307212
4.4128382718020736e-05,8.5851555329996e-05,62.21221575427847,900.9221636361553,0.0,0.05316990630708344,478.9726883676271,9.274583063641212e-11,0.0,6.039921649058095e-06,159.6664004273807,4.313897983941241e-08,8.425249092259227e-10,2.544319049480994e-09,2.123187560403097e-07,0.0001322126085929862,4.183283179631554,1.7257717357274045e-07,0.0003316014675430837,2077719.745338748,4909226.862370534
4.4137060243058176e-05,8.638955465938516e-05,61.78617924533063,893.9362616201871,0.0,0.052072024665217854,470.079803698119,8.736375924418011e-11,0.0,5.926868092161979e-06,156.7019249058596,4.146449825002664e-08,0.0,2.491253345485048e-09,1.7410141669203884e-07,0.00011846678997357993,4.105624812488007,1.5991478088041934e-07,0.0003313719889052226,2076426.4740878248,4778757.328033787
4.414573776809562e-05,8.69238588478889e-05,61.360611746251735,887.0833211760362,0.0,0.05101617567286114,461.4645539922068,8.072472983556678e-11,0.0,5.817384859005468e-06,153.8300011490898,3.989242634799138e-08,4.094961105043499e-09,2.4390959540163407e-09,1.426122176625431e-07,0.00010604725449725421,4.030390045848318,1.4829399408048372e-07,0.0003311476946338703,2075131.9228786435,4653365.86241552
4.415441529313306e-05,8.74544734069494e-05,60.93583634998275,880.3600496250128,0.0,0.05000014748304963,453.1158918222631,7.461315965118154e-11,0.0,5.711337137467492e-06,151.0469463359519,3.8415039061991654e-08,1.7620852065376418e-09,2.38868656448915e-09,1.1671421746014133e-07,9.485737376808452e-05,3.957482511115495,1.3762025064352348e-07,0.0003309284303937959,2073836.0932505315,4532807.562144613
4.41630928181705e-05,8.798140648424857e-05,60.5121447121764,873.7632461877992,0.0,0.04902185902180473,445.02326712447973,7.025741812310305e-11,0.0,5.608593096539576e-06,148.34924344798765,3.7025402372113894e-08,0.0,2.34099330526626e-09,9.545011153982997e-08,8.478592311564664e-05,3.8868101605520913,1.2780831380503443e-07,0.0003307140467063819,2072538.9867443363,4416851.090561439
4.417177034320794e-05,8.850466862537404e-05,60.089799544713735,867.2897994418222,0.0,0.048079356781411994,437.1766047926083,6.684397727323783e-11,0.0,5.509024506613564e-06,145.73353380628473,3.571668884245021e-08,9.868666029670794e-10,2.2955103639006752e-09,7.801850428422402e-08,7.573036866540952e-05,3.8182850886542092,1.1878131575314256e-07,0.00033050439885706794,2071240.6049024204,4305277.862720196
4.418044786824538e-05,8.902427255297745e-05,59.669036918917556,860.9366849050108,0.0,0.04717080596097828,429.5662830313236,6.379647403465341e-11,0.0,5.412507160198007e-06,143.1966098566133,3.4482639424349014e-08,0.0,2.251664731453006e-09,6.374680498571634e-08,6.760369545181743e-05,3.751823349463283,1.1046985736221357e-07,0.0003302993467954847,2069940.9492686663,4197881.2806101935
4.418912539328282e-05,8.954023294165787e-05,59.250068596408866,854.7009624421784,0.0,0.04629448237332601,422.18311279074345,6.063156322488519e-11,0.0,5.318921181139967e-06,140.73540830835339,3.331758921568508e-08,0.0,2.2091255696226176e-09,5.207383521677036e-08,6.0318422585478425e-05,3.6873447638639036,1.0281121086356837e-07,0.00033009875502786236,2068640.0213884704,4094466.017138296
4.419780291832026e-05,9.005256620393696e-05,58.83308424832072,848.5797738210662,0.0,0.04544876525866149,415.0183179778773,5.747868103733109e-11,0.0,5.228151241711501e-06,138.34700354083628,3.2216488382766875e-08,1.7710806847203761e-10,2.167898702819581e-09,4.25343145997385e-08,5.379633051790871e-05,3.624772758465273,9.574864891172457e-08,0.0003299024925026194,2067337.8228087393,3994847.3450713027
4.42064804433577e-05,9.05612903034978e-05,58.418253401384504,842.570340266109,0.0,0.04463213145203347,408.06351625407694,5.457318235684205e-11,0.0,5.140086663094164e-06,136.0286012001178,3.1174772932445215e-08,0.0,2.1280721367356174e-09,3.4743927371890216e-08,4.796431070125734e-05,3.564034193586852,8.923083690193091e-08,0.0003297104324916489,2066034.3550778937,3898850.505312976
4.421515796839514e-05,9.106642459272403e-05,58.00572713587173,836.6699601469106,0.0,0.04384315023508388,401.3107004577611,5.193226703515795e-11,0.0,5.054621413630228e-06,133.77753200526573,3.018824099005131e-08,0.0,2.089617776532041e-09,2.83854255326126e-08,4.275396202218109e-05,3.50505919938796,8.32112704194045e-08,0.00032952245246948447,2064729.6197458624,3806310.1133679864
4.422383549343258e-05,9.156798966328665e-05,57.59563964422853,830.8760067754583,0.0,0.0430804778574857,394.7522208035146,4.944412241619803e-11,0.0,4.97165404280271e-06,131.59124581431612,2.9253013423076885e-08,2.555085998892026e-10,2.0524202696401347e-09,2.31973645836211e-08,3.810316024056286e-05,3.4477810218715232,7.764778094616735e-08,0.0003293384339913993,2063423.6183640824,3717069.6030478617
4.423251301847003e-05,9.206600720509863e-05,57.18810969924685,825.1859262717683,0.0,0.04234285136094934,388.38076789806547,4.7097630299425713e-11,0.0,4.8910875790739735e-06,129.4673059622526,2.836554765359391e-08,0.0,2.016391152120748e-09,1.896484460108272e-08,3.395572473681089e-05,3.3921358760405056,7.250210579743634e-08,0.00032915826257079326,2062116.352485492,3630980.705419486
4.424581580936055e-05,9.282264069209759e-05,56.568560558224014,816.6589581377624,0.0,0.04125799413886382,378.96047357129464,4.365378298350784e-11,0.0,4.7720288874629176e-06,126.32702800305982,2.709044332713668e-08,0.0,1.9632871194236174e-09,1.3939705928316062e-08,2.8456293675256442e-05,3.309863031553284,6.534644765207333e-08,0.00032888927426254227,2060109.8404831765,3504805.1725676884
4.425911860025107e-05,9.357107586566175e-05,55.955584549130236,808.3616524648083,0.0,0.04022527031537915,369.9396072995661,4.042792335577695e-11,0.0,4.658081383479898e-06,123.31990126583686,2.5909560258876546e-08,1.2865875169374765e-10,1.9126531449622622e-09,1.0261232776481888e-08,2.3851746716653038e-05,3.23107798227366,5.89807696451604e-08,0.0003286286861588522,2058100.3659968057,3385235.177241542
4.427242139114159e-05,9.431140193708355e-05,55.349439973364674,800.2857361543811,0.0,0.03924107653339353,361.2959744502376,3.761200676894647e-11,0.0,4.548952196273494e-06,120.43852696354601,2.481373601206052e-08,0.0,1.864415943721823e-09,7.566216786773646e-09,2.0000268897712187e-05,3.1555870168268227,5.3308891453857445e-08,0.00032837613589692676,2056087.9346418702,3271834.7374245347
4.428572418203211e-05,9.504371118432289e-05,54.750331422166276,792.423282777607,0.0,0.038302129412371815,353.0088465929388,3.5178815886167853e-11,0.0,4.444368776167012e-06,117.67599509244134,2.379486796331707e-08,0.0,1.8184453594886817e-09,5.5893092733588135e-09,1.6779991529677343e-05,3.083209207379432,4.824741554100075e-08,0.0003281312796133156,2054072.5520421227,3164201.6785196485
4.429902697292263e-05,9.576809830195191e-05,54.15841666252253,784.7666974926145,0.0,0.037405433667593226,345.05885447315495,3.296015324353229e-11,0.0,4.3440773883662886e-06,115.02584875222357,2.28457637054944e-08,1.504421387139817e-10,1.7745575112415516e-09,4.137469253971837e-09,1.4088161549490548e-05,3.0137754788130824,4.372389289772686e-08,0.00032789379098216627,2052054.2238295618,3061964.6935641123
4.431232976381315e-05,9.648465981648114e-05,53.57381284858865,777.3087025700476,0.0,0.03654825225507411,337.42788914015955,3.089120899008328e-11,0.0,4.2478417049615915e-06,112.48205118455017,2.1960057358867525e-08,0.0,1.732590333907236e-09,3.069931100269574e-09,1.1838663105590273e-05,2.9471277492808543,3.967526158127678e-08,0.00032766336028878243,2050032.955644422,2964780.681177169
4.432563255470367e-05,9.719349357095113e-05,52.9966020393821,770.0423234445262,0.0,0.03572808009973498,330.09901053765543,2.8983986076951976e-11,0.0,4.1554414836934065e-06,110.03895529880893,2.113210896866358e-08,0.0,1.6924298319630495e-09,2.2832469407447744e-09,9.958151031396408e-06,2.8831181327843143,3.6046527024527463e-08,0.0003274396935395862,2048008.7531351494,2872332.332414965
4.433893534559419e-05,9.789469828682033e-05,52.42683595068669,762.9608753538836,0.0,0.03494262140000612,323.05636287811905,2.7216671253282036e-11,0.0,4.066671315871688e-06,107.69127546014556,2.0356890198014803e-08,3.170541940453738e-10,1.6539801353367868e-09,1.701710925112425e-09,8.385121069809087e-06,2.8216082017415838,3.2789648952264355e-08,0.000327222511610119,2045981.6219583915,2784325.94105111
4.435223813648471e-05,9.858837319317455e-05,51.86454003415816,756.05795061624,0.0,0.03418976858707375,316.2850963639604,2.5611758674278854e-11,0.0,3.981339460006528e-06,105.4340613936716,1.9629915028331013e-08,3.3415182654104414e-11,1.6171468703664967e-09,1.2713621665935848e-09,7.069038101039705e-06,2.7624683061813498,2.986259255599827e-08,0.00032701154943278973,2043951.5677789801,2700489.4160803547
4.436554092737523e-05,9.927461770568009e-05,51.309717050328096,749.3274064255106,0.0,0.033467583623397766,309.77129491135184,2.418123634361309e-11,0.0,3.899266772823776e-06,103.26267408888845,1.8947172578870875e-08,0.0,1.5818367957525307e-09,9.533946789691124e-10,5.966776627434887e-06,2.7055769419873625,2.7228509797823997e-08,0.0003268065552249653,2041918.596269915,2620570.477317168
4.437884371826575e-05,9.995353114533653e-05,50.76235023710881,742.7633531470356,0.0,0.03277428193746191,303.50190945958445,2.2789589765622725e-11,0.0,3.8202857207397015e-06,101.17276356706112,1.8305036247460675e-08,8.559123889718162e-10,1.547952099893113e-09,7.169673200923133e-10,5.0422702352484565e-06,2.650820169555904,2.485504267348316e-08,0.0003266072897566793,2039882.713112348,2544335.016488221
4.439214650915627e-05,0.0001006252124952919,50.2224061015456,736.3601432246883,0.0,0.03210821610035881,297.46469640521883,2.1485459875258024e-11,0.0,3.744239472999418e-06,99.16024835812743,1.770026111009607e-08,3.851020442478964e-10,1.5154132528921378e-09,5.378138142888058e-10,4.267389379383871e-06,2.5980910820926213,2.2713739658914434e-08,0.000326413525656661,2037843.9239955698,2471565.607825111
4.440544930004679e-05,0.0001012897601942758,49.68983684927213,730.1123604016544,0.0,0.03146786304383566,291.64816074928785,2.034860728568784e-11,0.0,3.670981129081849e-06,97.22129654602706,1.7129944720046314e-08,0.0,1.4841577250760616e-09,4.0654608301534343e-10,3.6162709198277207e-06,2.5472893044392793,2.077954091521226e-08,0.0003262250467556212,2035802.2346169897,2402060.152468452
4.441875209093731e-05,0.00010194727196178902,49.164582496869315,724.0148093756144,0.0,0.03085181455767012,286.0415035847516,1.9249906039535794e-11,0.0,3.60037292093684e-06,95.35230826313513,1.659143135112954e-08,9.630115280911283e-10,1.4541118382927292e-09,3.0392912764136475e-10,3.0678870074752175e-06,2.4983205343392867,1.9030335191354163e-08,0.0003260416474657531,2033757.6506821224,2335630.644251732
4.443205488182783e-05,0.00010259784464927664,48.64657272569673,718.0625061951857,0.0,0.030258763858049757,280.6345736043604,1.8227965774225737e-11,0.0,3.5322854738545145e-06,93.54989952620502,1.6082325446960042e-08,4.3905732339975645e-10,1.425208033245998e-09,2.0766238479536501e-10,2.6074743193190004e-06,2.4510961273558434,1.7446590207114725e-08,0.00032586313219503895,2031710.177904571,2272102.0463616922
4.444535767271836e-05,0.00010324157411345927,48.13572851181569,712.2506688657296,0.0,0.029687495535808947,275.4178223296231,1.738063551473668e-11,0.0,3.46659759619638e-06,91.81088730914927,1.5600483077970835e-08,0.0,1.3973945765837976e-09,1.838762467697984e-10,2.219064838362549e-06,2.4055327008168508,1.6011024782022e-08,0.0003256893147948597,2029659.822006011,2211311.2666651597
4.445866046360888e-05,0.00010387855510975643,47.631963553231614,706.5747081759255,0.0,0.029136881407230773,270.3822627405501,1.6609289509364452e-11,0.0,3.4031956137935042e-06,90.13227575203275,1.514392621120488e-08,2.436528425192806e-10,1.370612120934244e-09,2.334929059456903e-10,1.890185994049131e-06,2.36155176993879,1.4708327536877512e-08,0.000325520018039328,2027606.5887161777,2153106.222303983
4.44719632544994e-05,0.00010450888120389849,47.13518551872318,701.0302192728745,0.0,0.02860587089019023,265.5194310349738,1.5879346087253278e-11,0.0,3.3419717762694374e-06,88.51124341405156,1.4710851181786122e-08,0.0,1.3448050582920306e-09,1.6109792333010722e-10,1.6127936933633826e-06,2.319079419389064,1.35249148916555e-08,0.000325355073134635,2025550.4837728431,2097344.9867169424
4.448526604538992e-05,0.00010513264469934837,46.64529713718709,695.6129735150308,0.0,0.028093483236758098,260.82135127648075,1.5182467507854438e-11,0.0,3.2828268176512115e-06,86.94513148754892,1.4299628827493242e-08,0.0,1.319924842369973e-09,5.454527930769465e-10,1.3774985290394205e-06,2.2780459940637834,1.2448719506686597e-08,0.00032519431925696657,2023491.5129218092,2043895.009945005
4.449856883628044e-05,0.00010574993657818428,46.162197148889184,690.3189105049835,0.0,0.027598803925702697,256.2805026956823,1.436562338824266e-11,0.0,3.225679738621542e-06,85.43143289718459,1.3908783612335693e-08,1.777143841128965e-09,1.295918293215706e-09,3.661249263296976e-09,1.1734599437303803e-06,2.2383858112158017,1.1469006665054814e-08,0.0003250376031175124,2021429.6819168818,1992632.405148181
4.451187162717096e-05,0.000106360846453666,45.685781141834184,685.1441311560926,0.0,0.027120971135168065,251.88978942492898,1.364540502620686e-11,0.0,3.1704279234900644e-06,83.96778221354337,1.3536916925168858e-08,5.603243622426943e-10,1.272747569983084e-09,2.090444306808512e-09,1.0087888435447267e-06,2.200036902709912,1.0576212539232523e-08,0.0003248847785528595,2019364.9965198617,1943441.2976007164
4.452517441806148e-05,0.00010696546253314055,45.21594227655521,680.08488982097,0.0,0.02665918295991464,247.64251250274665,1.3005410194726882e-11,0.0,3.1169685351679267e-06,82.55194631565014,1.3182750428244194e-08,0.0,1.250379319790309e-09,0.0,8.687790196261545e-07,2.1629407638202043,9.76181002436215e-09,0.0003247357061396625,2017297.4625005266,1896213.2250222482
4.4538477208952e-05,0.00010756387159006238,44.75257191973383,675.137587670412,0.0,0.02621268980843002,243.53234392016702,1.2432436041650654e-11,0.0,3.0652245283001554e-06,81.18181574238184,1.284514800767229e-08,2.7026551606354304e-10,1.228775684521455e-09,3.5146309840632917e-10,7.449910193435073e-07,2.127042129030612,9.018187530352629e-09,0.00032459025283197485,2015227.0856366137,1850846.59043392
4.455177999984252e-05,0.00010815615894392936,44.295560196326115,670.2987664053217,0.0,0.02578078631956931,239.5533025805708,1.1906571397320024e-11,0.0,3.015132788175573e-06,79.85539667800495,1.2523076543103222e-08,7.007359716097268e-11,1.2078971964117683e-09,5.182746322194789e-10,6.402343683786885e-07,2.09228875954867,8.33853964330511e-09,0.0003244482916199161,2013153.8717138036,1807246.160369652
4.456508279073304e-05,0.00010874240844704823,43.844796469336096,665.5651020641202,0.0,0.025362808562158674,235.69973201220583,1.1383833558445971e-11,0.0,2.966626110517461e-06,78.57080352163129,1.221556858271729e-08,0.0,1.1877084452652142e-09,0.0,5.522561796117467e-07,2.058631252628812,7.716774529840013e-09,0.0003243097012084075,2011077.8265257096,1765322.6037435879
4.457838558162356e-05,0.0001093227024772195,43.40016975581517,660.9333990763706,0.0,0.02495813181275472,231.9662796892405,1.0875380313737052e-11,0.0,2.91963392377056e-06,77.326251994409,1.1921719388240778e-08,1.2797928128911004e-10,1.168178837155374e-09,2.8665253049818414e-10,4.76000157286958e-07,2.0260228625325265,7.147434478959635e-09,0.00032417436571479215,2008998.9558738521,1724992.0681239162
4.459168837251408e-05,0.00010989712193557391,42.961569086729256,656.4005846122268,0.0,0.024566167103703268,228.34787784099115,1.0410487477083263e-11,0.0,2.8740886263544754e-06,76.12005274201695,1.1640696149091155e-08,3.666968848714881e-11,1.1492799618390545e-09,1.8277254108411377e-10,4.112748560105527e-07,1.9944193289788554,6.625624284108053e-09,0.00032404217438422166,2006917.2655676492,1686175.7902370875
4.46049911634046e-05,0.00011046574624887341,42.52888381718916,651.9637030548329,0.0,0.024186361029290834,224.83972563116123,9.979167191359597e-12,0.0,2.829929474434209e-06,74.95060539358191,1.1371735935379457e-08,0.0,1.1309838910255078e-09,0.0,3.5600307372677157e-07,1.9637787219153542,6.146948261037566e-09,0.0003239130213217447,2004832.7614243985,1648799.7372855828
4.461829395429512e-05,0.00011102865337565526,42.102003894077605,647.6199109899018,0.0,0.023818191510043732,221.4372725972193,9.570050767223709e-12,0.0,2.7871011241580697e-06,73.81639304139578,1.1114134599901742e-08,2.2308916376657683e-11,1.113263615584476e-09,2.6712608827172558e-11,3.083061233484365e-07,1.9340612981861813,5.707455059253609e-09,0.00032378680524002224,2002745.449269261,1612794.2773463582
4.463159674518564e-05,0.00011158591981567088,41.68082008534985,643.3664723475182,0.0,0.023461165052267703,218.13620325505605,9.180278093254756e-12,0.0,2.7455502290648935e-06,72.71597710875994,1.086723697973693e-08,5.759223782411521e-12,1.0960939218854506e-09,3.061415611043431e-11,2.673226334125735e-07,1.9052293668502507,5.303589071057801e-09,0.00032366342922171,2000655.3349352442,1578093.8754616687
4.464489953607616e-05,0.00011213762062214173,41.26522417554667,639.2007536960605,0.0,0.02311481542141329,214.93242277815065,8.810045793265847e-12,0.0,2.705224911225176e-06,71.64799257597114,1.0630433273524608e-08,0.0,1.0794514276046903e-09,1.5554396462089237e-10,2.3191895304676259e-07,1.8772471640892183,4.932147531309487e-09,0.0003235428004956138,1998562.4242631854,1544636.813224335
4.465820232696668e-05,0.00011268382941641641,40.855109131760734,635.1202198193706,0.0,0.022778701375649423,211.8220436681996,8.460904295312803e-12,0.0,2.6660754003796002e-06,70.61114353692763,1.0403157661795368e-08,9.138009583488518e-12,1.0633140652912126e-09,1.2411580404193908e-10,2.0169886027425533e-07,1.8500807366676426,4.590242423745399e-09,0.0003234248302257674,1996466.7231017402,1512364.9301679046
4.467150511785721e-05,0.00011322461840465967,40.45036924352909,631.1224294592623,0.0,0.02245240531891033,208.80137334190354,8.132183421186458e-12,0.0,2.628054598689224e-06,69.60419906110374,1.0184885326898282e-08,2.6145531959950942e-12,1.0476607575235924e-09,0.0,1.7584321236692517e-07,1.8236978338968604,4.275267142957243e-09,0.00032330943331264816,1994368.2373073567,1481223.3848584401
4.468480790874773e-05,0.00011376005839624794,40.050900239881614,627.2050312499338,0.0,0.02213553205373638,205.866902564288,7.820488955036436e-12,0.0,2.59111877496666e-06,68.62598933771346,9.975128097631047e-09,0.0,1.0324714451484814e-09,7.186773946417769e-11,1.5313395664755523e-07,1.7980678063600808,3.9848669629620645e-09,0.00032319652820577126,1992266.9727442702,1451160.4341011173
4.469811069963825e-05,0.00011429021882358454,39.656599386292676,623.365759886264,0.0,0.021827706941050056,203.01529466453326,7.524003246577817e-12,0.0,2.5552264800361243e-06,67.6754020807761,9.773430609528978e-09,6.150342037963263e-12,1.0177271770911145e-09,1.3398246922448897e-10,1.3345612052714506e-07,1.7731615112891308,3.716912409535542e-09,0.0003230860367269517,1990162.9352844777,1422127.2288588446
4.471141349052877e-05,0.00011481516776308415,39.267365563960865,619.6024324600588,0.0,0.021528574581445963,200.2433754758468,7.243083206828876e-12,0.0,2.520338322641589e-06,66.75137917552642,9.579367860016163e-09,0.0,1.0034100603006252e-09,5.162559149989357e-10,1.1597229827924366e-07,1.7489512256334128,3.4694759717981847e-09,0.0003229778839035754,1988056.1308077252,1394077.625364643
4.472471628141929e-05,0.00011533497195710649,38.8830993335826,615.91294499695,0.0,0.02123779684635523,197.5481239454772,6.976564547705633e-12,0.0,2.486415383565156e-06,65.85291354819496,9.392543000574781e-09,0.0,9.895031240694875e-10,1.8208988724618243e-10,1.0190431664223647e-07,1.7254105629251788,3.2408113108413733e-09,0.0003228719978112614,1985946.565201493,1366968.010258872
4.473801907230981e-05,0.00011584969683664539,38.50370298534257,612.2952690308497,0.0,0.02095505331370301,194.92666336510482,6.723395453601663e-12,0.0,2.45342042276749e-06,64.97904624263543,9.212585363693918e-09,3.355255987839675e-12,9.759902258969677e-10,0.0,8.960246938604721e-08,1.702514398455633,3.0293349400000637e-09,0.00032276830942535277,1983834.244360974,1340757.138278124
4.476053202224375e-05,0.00011670939796780324,37.87245875960681,606.3310524672114,0.0,0.020494008959420926,190.65072841007617,6.323292193468126e-12,0.0,2.3995993378260116e-06,63.553657769058894,8.922717920082232e-09,9.866975985079526e-12,9.53976787825181e-10,0.0,7.205965872998315e-08,1.665167845997864,2.706636400230331e-09,0.00032259765489169593,1980253.2022643741,1298338.318074236
4.478304497217768e-05,0.00011755503758055138,37.254434795709074,600.5579007150553,0.0,0.020053726441716182,186.56588074586318,5.955967780484674e-12,0.0,2.3481823394195475e-06,62.19196851811387,8.64999525173738e-09,1.1917785557832968e-11,9.3297888390563e-10,0.0,5.8065575464471594e-08,1.6294902719677065,2.422972396735958e-09,0.0003224328017603277,1976664.3146335888,1258206.7900954215
4.4799222226598034e-05,0.00011815417516662833,36.81825511629955,596.5226511410616,0.0,0.019749454449239826,183.742126960219,5.710057551503558e-12,0.0,2.31264072881197e-06,61.25066655611511,8.463831373876456e-09,0.0,9.184813896637163e-10,1.5441007268339788e-10,4.9182229467715176e-08,1.6048272499929257,2.2402837974106732e-09,0.0003223177645583272,1974080.5996251446,1230691.1682399153
4.4815399481018385e-05,0.00011874630887775159,36.38851725554468,592.5786580435292,0.0,0.019454805002654695,181.00709641767034,5.477237290318127e-12,0.0,2.278216847841633e-06,60.33894061161499,8.285336852267704e-09,1.0567335164390412e-12,9.044531470978934e-10,0.0,4.231182547513031e-08,1.5809391466901614,2.0733454349771385e-09,0.00032220547598204197,1971492.8590770962,1204218.260835055
4.483157673543873e-05,0.00011933154167561201,35.96506732380426,588.7230492533291,0.0,0.01916936299671826,178.357018891759,5.257268687115065e-12,0.0,2.2448620934479478e-06,59.45553387334609,8.114078032360425e-09,3.6398774033876166e-12,8.908734262339981e-10,5.0999377265870874e-12,3.6421651442727947e-08,1.5577930330601895,1.9206461008278188e-09,0.0003220958410040185,1968901.1036836845,1178736.337754469
4.486266153702864e-05,0.00012043707080914441,35.16850542647289,581.5525231114144,0.0,0.01864530490444959,173.49038360967413,4.868008379335456e-12,0.0,2.183604653704528e-06,57.83323478903186,7.80385838107838e-09,8.943496937269808e-12,8.659678521309268e-10,0.0,2.891579569258739e-08,1.5152872207102723,1.6623567671952437e-09,0.0003218922950503782,1963909.7826914568,1132378.29836744
4.488261785859528e-05,0.00012113390191550897,34.668585444577175,577.1071694265173,0.0,0.01832482099776128,170.51352820389923,4.6393799810982505e-12,0.0,2.146134073995066e-06,56.84089625192222,7.61679985721102e-09,0.0,8.507538000272124e-10,0.0,2.3087329010518176e-08,1.4892869882823092,1.517795399405558e-09,0.00032176632721765875,1960697.6170290187,1104304.0536302433
4.4902574180161924e-05,0.00012182084329135815,34.17732533237435,572.7799973629591,0.0,0.018016075424186307,167.64521305160306,4.424995387698559e-12,0.0,2.110030084984323e-06,55.884739754946644,7.43847417711988e-09,2.3762713756818504e-12,8.361088597473809e-10,0.0,2.0355968810136947e-08,1.464234758074296,1.3876528967512992e-09,0.00032164386372988995,1957479.4095546764,1077458.6120489822
4.4922530501728566e-05,0.00012249806523959345,33.69447430989173,568.5666730110604,0.0,0.01771848385572389,164.88011208259795,4.224122009200288e-12,0.0,2.0752261742437265e-06,54.962989844444934,7.268323269161597e-09,3.877076728249661e-12,8.220041276421572e-10,0.0,1.6561428527966104e-08,1.4400840148586798,1.2703279729727671e-09,0.00032152476446885075,1954255.1805076832,1051771.6872892333
4.494248682329521e-05,0.00012316573314281976,33.21979002393664,564.4630723565439,0.0,0.017431504116564484,162.21323063461784,4.035871110097934e-12,0.0,2.0416596129898286e-06,54.07398154221388,7.105834099407217e-09,1.0415172223533573e-12,8.084125745659561e-10,5.108098123825379e-14,1.3147833164519465e-08,1.4167911325448568,1.1644131336049567e-09,0.0003214088967833249,1951024.950165167,1027177.9387297877
4.496244314486185e-05,0.00012382400762927395,32.75303834049388,560.4652694253108,0.0,0.0171546259694916,159.63988086319173,3.859060119053774e-12,0.0,2.0092708104295297e-06,53.2161521483243,6.9505343362614376e-09,6.933903970239502e-13,7.953088882552441e-10,1.1314528827227912e-13,1.1255013048211077e-08,1.3943151660430937,1.0686714231939688e-09,0.00032129613499368,1947788.7388419928,1003616.5639990865
4.498239946642849e-05,0.00012447304473468598,32.29399310359721,556.5695251304003,0.0,0.016887367760554738,157.1556592509653,3.69282344435017e-12,0.0,1.9780037444756196e-06,52.3880337438035,6.801988483087725e-09,1.8997232182407733e-12,7.82669350127157e-10,2.478173371474543e-14,9.617477048867204e-09,1.3726176562885157,9.820128865127429e-10,0.00032118635995563474,1944546.5668906418,981030.9296098913
4.5002355787995135e-05,0.00012511299605921534,31.84243588414357,552.7722763759336,0.0,0.016629278841042174,154.75642601782224,3.536452459506067e-12,0.0,1.9478061952286217e-06,51.588246326948685,6.6597944368384054e-09,1.6074666259035586e-12,7.704717233986923e-10,2.5460820749713992e-15,8.00031609343402e-09,1.3516624462920679,9.034750045984719e-10,0.0003210794586601437,1941298.4547010814,959368.2350528139
4.502231210956178e-05,0.00012574400891916828,31.398155736659824,549.0701261388277,0.0,0.016379936903718383,152.43828625209494,3.3891812250045222e-12,0.0,1.918629314424161e-06,50.815491523371875,6.5235804232597775e-09,1.094828954749334e-12,7.586951413508318e-10,4.469951525134134e-14,6.820924806980447e-09,1.3314155167794632,8.322073889146336e-10,0.0003209753238528627,1938044.4227006363,938579.2081756205
4.504226843112842e-05,0.0001263662264937943,30.96094896099588,545.4598342257751,0.0,0.016138944051639743,150.19757259998792,3.2503174261903456e-12,0.0,1.8904270444355179e-06,50.0685468154833,6.393002259508924e-09,1.5596860084317124e-12,7.473200011586902e-10,0.0,5.934214441704934e-09,1.3118448366000202,7.674576597407219e-10,0.0003208738536751051,1934784.4913538634,918617.8282249299
4.506222475269506e-05,0.0001269797879674329,30.53061886139702,541.9383084884896,0.0,0.015905925067694286,148.0308293675292,3.119303272148854e-12,0.0,1.8631558386489557e-06,49.34626024284353,6.2677409029945224e-09,1.6030933269696411e-12,7.363278698955761e-10,3.626517056904833e-14,4.963914254464605e-09,1.292920223676846,7.085587227337248e-10,0.00032077495133285057,1931518.6811624179,899441.0734738815
4.5082181074261704e-05,0.00012758482866695827,30.106975503621427,538.50259656663,0.0,0.01568052691410277,145.93479790555477,2.995578277313426e-12,0.0,1.836774608475149e-06,48.64754553021683,6.1475002483625325e-09,1.2440603532861047e-12,7.257014018218931e-10,0.0,4.19724310013461e-09,1.2746132163327797,6.549184465594473e-10,0.00032067852479326307,1928247.0126649272,881008.6911574632
4.5102137395828346e-05,0.00012818148019437956,29.689835475483026,535.1498783542404,0.0,0.015462416486816594,143.90640316173608,2.878607398198349e-12,0.0,1.811244643619077e-06,47.971377604663125,6.032005148733399e-09,1.237118901947537e-12,7.154242625192373e-10,0.0,3.6168057764318066e-09,1.256896956689197,6.060106858320024e-10,0.0003205844865030599,1924969.5064368625,863282.987880329
4.512209371739499e-05,0.00012876987055463382,29.279021653482193,531.8774588139067,0.0,0.015251279397851418,141.94274129477537,2.767935555789994e-12,0.0,1.7865294276789643e-06,47.316788466706626,5.920999636554204e-09,1.3659103050416993e-12,7.054810576718552e-10,0.0,3.0951048521627817e-09,1.239746082309596,5.613671729399055e-10,0.0003204927531246851,1921686.1830904065,846228.6379650595
4.514205003896163e-05,0.00012935012427876076,28.87436297547216,528.6827612253147,0.0,0.01504681879206564,140.0410682558788,2.66315216586011e-12,0.0,1.7625944395472793e-06,46.682863383948074,5.8142453199911575e-09,1.1750675212154103e-12,6.95857267051856e-10,0.0,2.6027375016938943e-09,1.2231366263191668,5.205705634068834e-10,0.00032040324528964236,1918397.063274329,829812.5081863615
4.516200636052827e-05,0.00012992236254263378,28.475694218528457,525.5633208592508,0.0,0.014848754283969564,138.1987892520656,2.563849608040962e-12,0.0,1.7394070120292182e-06,46.068737378639256,5.711519933004018e-09,1.1197920430245355e-12,6.865391843863239e-10,3.1343011520096015e-13,2.349446324519484e-09,1.2070459252504953,4.832485158346521e-10,0.00032031588736912897,1915102.1676738514,814003.4973547312
4.5181962682094915e-05,0.00013048670328133976,28.082855782113846,522.5167791581695,0.0,0.014656820102196011,136.41344901450105,2.4696651084427222e-12,0.0,1.7169362299558308e-06,45.47359198361454,5.612616025392318e-09,1.264364919230024e-12,6.77513862573404e-10,1.6159188886657073e-14,1.9717362813083313e-09,1.1914525348419658,4.490683618172785e-10,0.00032023060726087257,1911801.517010519,798772.3895074823
4.520191900366156e-05,0.00013104326129928284,27.695693477404234,519.5408780569378,0.0,0.014470765268902938,134.68272280253478,2.3802770110886594e-12,0.0,1.6951528316403196e-06,44.89665224347133,5.5173397758661386e-09,1.2822257797471347e-12,6.687690631780797e-10,0.0,1.6639055732762445e-09,1.1763361503134788,4.1773253131225216e-10,0.00032014733619028824,1908495.1320420709,784091.7189311602
4.52218753252282e-05,0.00013159214837613363,27.31405832388203,516.633454847034,0.0,0.014290351970576853,133.00440808062376,2.2953766366609294e-12,0.0,1.674029100208843e-06,44.33718394005793,5.42550991523809e-09,1.202283425482838e-12,6.602932095877778e-10,1.1420205699929175e-13,1.4756774667590182e-09,1.1616775343773518,3.8897453375932285e-10,0.00032006600852446703,1905183.0335623075,769935.6465398055
4.524183164679484e-05,0.00013213347336878145,26.93780635253269,513.79243728272,0.0,0.014115354628113221,131.37641681116824,2.2146741739564716e-12,0.0,1.653538757312635e-06,43.794491023277416,5.336956748799601e-09,1.1985091446109924e-12,6.520753436887019e-10,0.0,1.2499897535489699e-09,1.1474584499946847,3.6255540654777724e-10,0.00031998656159819755,1901865.2424009657,756279.8461667455
4.5261787968361484e-05,0.00013266734230943576,26.566798415590693,511.0158389202487,0.0,0.013945559547769416,129.79676831167626,2.1379094481698946e-12,0.0,1.6336568719559756e-06,43.26791323001164,5.2515212672133085e-09,1.2211187126382066e-12,6.441050859430645e-10,0.0,1.063502732531498e-09,1.1336615975508266,3.3826063231803743e-10,0.00031990893555138375,1898541.7794235798,743101.3998860045
4.528174428992813e-05,0.00013319385850000477,26.200900003043238,508.3017548107443,0.0,0.013780763970359353,128.26358262951842,2.0648427568776517e-12,0.0,1.614359780701783e-06,42.756823875584935,5.169054336604496e-09,1.191297923920989e-12,6.363725985609531e-10,2.7226979862573766e-13,9.979260675298842e-10,1.1202705572154095,3.1589742591526394e-10,0.0003198330731770433,1895212.6655313554,730378.7017481904
4.530170061149477e-05,0.00013371312260287359,25.839981065638845,505.64835745964893,0.0,0.013620775105626363,126.77507439184829,1.995247504407861e-12,0.0,1.5956250118872734e-06,42.26062780362523,5.0894159602668544e-09,1.1641788483491027e-12,6.288685514058512e-10,0.0,8.447800800642022e-10,1.1072697355196486,2.9529231744237824e-10,0.00031975891977899777,1891877.9216610356,718091.3690872631
4.532165693306141e-05,0.0001342252327282129,25.483915844639643,503.0538928662767,0.0,0.013465410468894075,125.32954709210105,1.928913568190513e-12,0.0,1.5774312145819454e-06,41.77875948145939,5.012474603984129e-09,1.2049276106918167e-12,6.215840903603618e-10,1.80387377191082e-12,1.0589977254514664e-09,1.094644314496507,2.7628907304454736e-10,0.0003196864230384735,1888537.5687847706,706220.1604983124
4.5341613254628053e-05,0.00013473028451795212,25.132582707777928,500.51667717531365,0.0,0.013314495171983128,123.9253877779518,1.8656515445956707e-12,0.0,1.5597580864265979e-06,41.310681229335735,4.93810658074424e-09,1.1901598667428923e-12,6.145108079910209e-10,0.0,6.603964067146754e-10,1.082380207397418,2.587467716862474e-10,0.0003196155328890353,1885191.6279099884,694746.9006467912
4.5361569576194696e-05,0.00013522837122654485,24.785863991495837,498.0350928449961,0.0,0.013167864727431053,122.56106210876553,1.8052806931451441e-12,0.0,1.5425863166534643e-06,40.85588157281741,4.866195485975806e-09,1.1366506941723098e-12,6.07640716334621e-10,1.907551848044753e-12,5.310699152528452e-10,1.0704640122026856,2.42538248326392e-10,0.00031954620139926026,1881840.1200792561,683654.4098716632
4.538152589776134e-05,0.0001357195837986556,24.443645850216253,495.6075858036522,0.0,0.013025361597883391,121.23510975338935,1.7476311848338242e-12,0.0,1.5258975295445265e-06,40.41387370862968,4.796631680185871e-09,1.1247567905207054e-12,6.009662216388786e-10,6.16546437806356e-12,5.107032341247208e-10,1.0588829743522,2.2754859563279384e-10,0.0003194783826626191,1878483.0663701524,672926.4401383362
4.540148221932798e-05,0.00013620401094388738,24.105818110494567,493.23266229427423,0.0,0.012886835729269458,119.94614010171543,1.6925486499375425e-12,0.0,1.5096742097774965e-06,39.984194075102906,4.729311815180413e-09,1.1337163876179925e-12,5.944801008857922e-10,0.0,4.1996206755543725e-10,1.0476249482776325,2.136738426009485e-10,0.0003194120326940727,1875120.4878951348,662547.6151207027
4.542143854089462e-05,0.00013668173920866077,23.772274131134996,490.908885957313,0.0,0.012752144542944283,118.69282826576412,1.6398899281474026e-12,0.0,1.4938996263435465e-06,39.566401019127646,4.6641383988807865e-09,1.1208146705679053e-12,5.881754799436467e-10,0.0,4.893463509122594e-10,1.0366783620468523,2.008198556930186e-10,0.00031934710933288025,1871752.405801404,652503.3747910648
4.5441394862461265e-05,0.0001371528530453596,23.44291066936643,488.63487523415915,0.0,0.012621151745212045,117.47391134810464,1.589519317082106e-12,0.0,1.478557939525493e-06,39.160073552227075,4.6010193953437976e-09,1.1017125421604458e-12,5.82045813223778e-10,7.776077283006195e-14,3.425893640600331e-10,1.0260321856718337,1.8890132099807297e-10,0.0003192835721511859,1868378.8412707765,642779.9242639618
4.546135118402791e-05,0.00013761743487885448,23.11762775197487,486.40930066759535,0.0,0.01249372804460259,116.28818495732386,1.5413099991684238e-12,0.0,1.4636340467872637e-06,38.76481018898355,4.539867855857383e-09,1.0963078422791416e-12,5.760848647272893e-10,0.0,2.7548626997805286e-10,1.0156758994872102,1.77840834540156e-10,0.0003192213823680266,1864999.8155195445,633364.1860209216
4.548130750559455e-05,0.00013807556517051394,22.79632855209373,484.23088263981,0.0,0.012369749666922914,115.1344999519649,1.495144745638847e-12,0.0,1.4491134736827984e-06,38.380227861625976,4.480601579305025e-09,1.0927950215434892e-12,5.702866903757619e-10,4.547494103092883e-13,2.7866178794395667e-10,1.0055994667658767,1.675680997650466e-10,0.00031916050276837075,1861615.3497983466,624243.7559303885
4.550126382716119e-05,0.00013852732247980352,22.478919270730003,482.09838905817685,0.0,0.01224909830105227,114.0117593959272,1.4509139658433691e-12,0.0,1.434982374312852e-06,38.005960905108,4.423142799510961e-09,1.0818201655526321e-12,5.646456215256632e-10,1.8961083086964903e-14,2.3134776078271082e-10,0.9957933068917662,1.5801921409564236e-10,0.0003191008976268564,1858225.4653920336,615406.8621595924
4.553237181516487e-05,0.00013921899448160997,21.99168423019792,478.8630457156439,0.0,0.012067396611562595,112.3208780248974,1.3855832618015553e-12,0.0,1.413700474922542e-06,37.44230350393331,4.3370077180585904e-09,1.0619271426309342e-12,5.561529095695684e-10,0.0,1.7674227226222196e-10,0.9810249323776206,1.444421632874116e-10,0.0003190104458955823,1852930.5447859126,602171.0873996618
4.556347980316855e-05,0.00013989564886368445,21.513350375429138,475.73213386728884,0.0,0.011893103590406889,110.6989106264829,1.3243455941417803e-12,0.0,1.3932859221059804e-06,36.901618661492854,4.254826474130334e-09,1.0505006899224453e-12,5.480095585000005e-10,0.0,1.696175570667929e-10,0.9668584613241514,1.3228847085429306e-10,0.00031892288447469717,1847622.5902106632,589557.5946679716
4.5594587791172225e-05,0.0001405575575845187,21.043602533734433,472.7016038050645,0.0,0.011725843478813613,109.14236545295374,1.2668770194341735e-12,0.0,1.373694796979795e-06,36.382742399259364,4.176359383935948e-09,1.0457982046043601e-12,5.401975843489631e-10,0.0,1.614328640678455e-10,0.9532633963704096,1.2138859497423935e-10,0.00031883809726585244,1842301.682779238,577529.7110797397
4.5625695779175903e-05,0.0001412049830307951,20.58214026047117,469.76762795468943,0.0,0.011565265611930558,107.64798357944306,1.2128846036248836e-12,0.0,1.354886097613301e-06,35.88458835051019,4.101385489457389e-09,1.0360937583475834e-12,5.327002232887953e-10,0.0,1.276776033882927e-10,0.9402112736548527,1.115953861583627e-10,0.0003187559750347553,1836967.9038025273,566053.4988040073
4.565680376717958e-05,0.0001418381784586945,20.12867701376471,466.9265862494251,0.0,0.0114110424482775,106.21272037534234,1.162102256773534e-12,0.0,1.3368214952184026e-06,35.406141583791616,4.029700806731824e-09,1.0226224102095669e-12,5.255018324940803e-10,0.0,1.2136817650443593e-10,0.9276755009401025,1.0278085620783953e-10,0.0003186764149328794,1831621.3347881213,555097.5150468972
4.568791175518326e-05,0.00014245738841452916,19.68293937321954,464.17505245611784,0.0,0.011262867715279228,104.83372868398189,1.1142880695804354e-12,0.0,1.319465141025878e-06,34.94645299584248,3.961116759254576e-09,1.0135225775280663e-12,5.185878003295372e-10,0.0,1.9089978343902796e-10,0.9156312107606785,9.483345026142377e-11,0.0003185993200514611,1826262.0574390546,544632.5959714192
4.571901974318693e-05,0.00014306284913390344,19.24466630339178,461.5097814778869,0.0,0.011120454622354722,103.50834353652647,1.0692223239284898e-12,0.0,1.3027834888817707e-06,34.504634215950674,3.895458776716662e-09,1.0056780856976422e-12,5.119444649061174e-10,7.406896644702774e-17,2.1332081737974577e-10,0.9040551270625693,8.76557468393708e-11,0.0003185245990083099,1820890.153652565,534631.6620137537
4.575012773119061e-05,0.00014365478891711475,18.813608466526002,458.92769767304816,0.0,0.01098353451457885,102.2340682491798,1.0267047915892225e-12,0.0,1.286745118640596e-06,34.079852971437596,3.832565043822696e-09,9.951743295910987e-13,5.05559040190807e-10,3.718916219873045e-18,5.8001256154727444e-11,0.8929254436145236,8.116250509619706e-11,0.0003184521655708784,1815505.7055188399,525069.5423977074
4.578123571919429e-05,0.00014423342848207007,18.389527583111043,456.4258841035426,0.0,0.010851855944226451,101.00856176238476,9.865524854382159e-13,0.0,1.2713205679852033e-06,33.67132886716384,3.772285380947879e-09,9.850866765236211e-13,4.994195488767987e-10,0.0,4.4635522434645776e-11,0.8822217129788162,7.52790078958807e-11,0.0003183819383127464,1810108.7953197618,515922.81672797946
4.5812343707197965e-05,0.00014479898129797917,17.972195832386618,454.00157279727057,0.0,0.010725182539045613,99.82962709252725,9.485982313817806e-13,0.0,1.25648218405014e-06,33.278329535889405,3.7144802395154227e-09,9.771842944575895e-13,4.93514761280944e-10,3.981029566716136e-17,6.321000112518598e-11,0.8719247465295947,6.993963002981824e-11,0.000318313840297316,1804699.5055276495,507169.6719561317
4.584345169520164e-05,0.0001453516539019206,17.561395287482473,451.6521354964577,0.0,0.010603292340541566,98.69520078347027,9.126891772718887e-13,0.0,1.242203993656712e-06,32.90016712192873,3.6590197977126673e-09,9.69405114906475e-13,4.878341396357608e-10,1.4962253270255586e-17,4.3866233182222954e-11,0.8620165218478477,6.508662897431664e-11,0.00031824779878461974,1799277.9188040027,498789.7725661195
4.587455968320532e-05,0.00014589164619876972,17.15691738512068,449.37507511724954,0.0,0.010485976865867806,97.60334326083245,8.786851832632999e-13,0.0,1.2284615844264529e-06,32.536195065736734,3.605783145264803e-09,9.609946782290221e-13,4.823677872410063e-10,0.0,5.423304706079823e-11,0.852480098374456,6.066911505590687e-11,0.0003181837449600504,1793844.1179982324,490764.1428848243
4.5905667671209e-05,0.00014641915174482144,16.75856242890683,447.1680178992904,0.0,0.010373039920979802,96.55223000272026,8.464575616874021e-13,0.0,1.2152319932142705e-06,32.18580516066093,3.554657548067337e-09,9.532261614173924e-13,4.771064020049428e-10,9.888316993230447e-17,6.601753133121726e-11,0.8432995405283028,5.664215722289564e-11,0.00031812161368429315,1788398.1861463971,483075.06029396027
4.593677565921268e-05,0.00014693435801611013,16.366139123410886,445.0287061035756,0.0,0.01026429674756776,95.5401434485209,8.158881066515767e-13,0.0,1.2024936029778703e-06,31.848424855727025,3.5055377840655248e-09,9.46234069981279e-13,4.720412339458824e-10,7.611768222758876e-17,0.0,0.8344598470158451,5.2966016046169034e-11,0.000318061343262683,1782940.206469939,475705.9581229192
4.5967883647216355e-05,0.0001474374466627247,15.979464137157056,442.95499117874294,0.0,0.01015957352254972,94.56546557506627,7.868681059106787e-13,0.0,1.190226048724943e-06,31.523514780893642,3.458325541990517e-09,9.391529348119764e-13,4.671640462628051e-10,0.0,0.0,0.8259468856905087,4.960549089523288e-11,0.0003180028752316858,1777470.262374404,468641.3371939013
4.599899163522003e-05,0.00014792859375012304,15.598361691666476,440.94482750754514,0.0,0.01005870626724016,93.6266710774025,7.592973859301627e-13,0.0,1.178410132090463e-06,31.21056647385299,3.412928876166459e-09,9.32119186769509e-13,4.6246707963199306e-10,0.0,7.154441013592371e-12,0.8177473343493084,4.652934881970042e-11,0.0003179461541608004,1771988.43744817,461866.68530160433
4.603009962322371e-05,0.00014840796998810086,15.222663174327048,438.9962665100947,0.0,0.009961540346151014,92.72232109850577,7.330835514324092e-13,0.0,1.1670277430554537e-06,30.909100289823595,3.3692617116061233e-09,9.255701877198016e-13,4.579430194276279e-10,2.1030033882545953e-17,2.5775920201536276e-11,0.8098486257933609,4.370983164703377e-11,0.0003178911274687898,1766494.815461176,455368.4036539724
4.606120761122739e-05,0.00014887574094801643,14.85220677461899,437.1074512107627,0.0,0.00986792969365113,91.8510574580384,7.081413157572293e-13,0.0,1.156061787396677e-06,30.618663477698725,3.3272433941960244e-09,9.193438997004433e-13,4.535849655957307e-10,2.3535558468188523e-16,4.4017884180743405e-12,0.8022388975726004,4.1122233153639415e-11,0.00031783774525323067,1760989.4803636316,449133.7397295561
4.609231559923107e-05,0.0001493320672689858,14.486837142711572,435.2766111113846,0.0,0.009777736469225733,91.01159733503782,6.843918496890623e-13,0.0,1.1454961193382542e-06,30.338828407513994,3.2867982811244214e-09,9.13187240735376e-13,4.4938640493598454e-10,0.0,2.188651079870632e-11,0.7949069453156213,3.874453162761602e-11,0.0003177859601322555,1755472.5162847396,443150.7258033873
4.6123423587234745e-05,0.00014977710485378014,14.126405068003278,433.502057491994,0.0,0.009690830287593927,90.20272836387336,6.617621972401275e-13,0.0,1.1353154797150854e-06,30.069190935678254,3.2478553675468096e-09,9.071987899752795e-13,4.453411855721531e-10,0.0,1.0870768548864072e-11,0.7878421801389751,3.655706667768282e-11,0.000317735727097424,1749944.0075314133,437408.1227427418
4.615453157523842e-05,0.00015021100505505523,13.770767176170809,431.7821789461625,0.0,0.009607087974228415,89.4233041069685,6.401847778189501e-13,0.0,1.1255054390881865e-06,29.80936889579986,3.2103479457740785e-09,9.014975306517606e-13,4.4144349341382083e-10,1.5654712901640325e-17,7.751383569403558e-12,0.7810345888625131,3.4542261858360964e-11,0.0003176870033767824,1744404.0385869816,431895.3684114012
4.61856395632421e-05,0.0001506339148524439,13.419785643800923,430.1154372810861,0.0,0.009526392953286176,88.67223987149438,6.195969335587945e-13,0.0,1.11605234519185e-06,29.559000704176075,3.1742132937994295e-09,8.960024791057995e-13,4.376878304332779e-10,0.0,1.1831554224679415e-11,0.7744746976336505,3.268438188543062e-11,0.00031763974830733064,1738852.6941099,426602.5303974565
4.621674755124578e-05,0.00015104597702101226,13.073327929417221,428.50036366158736,0.0,0.00944863484410072,87.94850884042837,5.999405047480269e-13,0.0,1.1069432742624517e-06,29.317744070076603,3.1393923903306517e-09,8.90637721853846e-13,4.3406899459883483e-10,3.758261584672955e-17,4.008314761411101e-12,0.7681535381225929,3.0969319450868666e-11,0.00031759392321619584,1733290.0589324627,421520.26257063734
4.624785553924946e-05,0.00015144733029158093,12.731266520091195,426.93555499544823,0.0,0.009373709141436908,87.25113849117137,5.811614496276498e-13,0.0,1.0981659858963257e-06,29.085274801885046,3.1058296537101934e-09,8.854430235285445e-13,4.3058206132064395e-10,1.931809184076251e-17,4.779817148593015e-12,0.7620626161763726,2.9384410077144666e-11,0.0003175494913098217,1727716.2180594974,416639.76513374434
4.6278963527253135e-05,0.00015183810950339133,12.39347869228982,425.41967058316845,0.0,0.009301516765261317,86.57920727745656,5.632095092629382e-13,0.0,1.0897088812968211e-06,28.861285701009077,3.073472702458827e-09,8.804596072719616e-13,4.2722236627935464e-10,2.1191563653177904e-16,0.0,0.7561938829313926,2.7918269464204045e-11,0.0003175064175705495,1722131.256667071,411952.7478905636
4.631007151525681e-05,0.00015221844574956145,12.059846286810627,423.9514289284374,0.0,0.009231963903796138,85.93184155258695,5.460379026136492e-13,0.0,1.0815609644155296e-06,28.645485536237757,3.04227213530925e-09,8.75622755156691e-13,4.239854895199018e-10,0.0,4.593760637514029e-11,0.7505397077665413,2.6560651465201366e-11,0.00031746466865999466,1716535.2601011905,407451.3963604097
4.634117950326049e-05,0.0001525884665157129,11.730255494426721,422.52960488658596,0.0,0.009164961266833214,85.30821271414699,5.296030417399256e-13,0.0,1.0737118064048661e-06,28.437598091927534,3.0121813292259916e-09,8.708897766139149e-13,4.2086724070630866e-10,1.5220649152674296e-15,0.0,0.7450928538041554,2.5302320069735407e-11,0.00031742421282881475,1710928.3138764924,403128.340667573
4.637228749126417e-05,0.0001529482958121796,11.404596657944982,421.15302665602024,0.0,0.009100424907883879,84.70753455208224,5.138642742365035e-13,0.0,1.0661515113680356e-06,28.2373612839813,2.983156252975865e-09,8.663374054740392e-13,4.178636454370794e-10,0.0,3.0776485012734365e-10,0.7398464536405607,2.4134946543641998e-11,0.00031738501983211907,1705310.5036749393,398976.62651567085
4.640339547926785e-05,0.0001532980543001123,11.082764077627964,419.8205736576645,0.0,0.009038273774603338,84.12906078381367,4.987836605485473e-13,0.0,1.0588706865627226e-06,28.044526338175633,2.9551552963242105e-09,8.619624033525626e-13,4.1497093254249623e-10,0.0,1.393112855854502e-11,0.7347939900016132,2.3050998094533107e-11,0.00031734706085064115,1699681.915344514,394989.6890385115
4.6434503467271525e-05,0.00015363785941179692,10.764655832573505,418.53117351076304,0.0,0.008978432563691177,83.57208276149294,4.843257613978791e-13,0.0,1.0518604131386984e-06,27.85885702587138,2.9281391117206293e-09,8.577023592832028e-13,4.121855222753327e-10,7.071284964372475e-16,0.0,0.7299292726161347,2.204366844698907e-11,0.0003173103084166603,1694042.6348979003,391161.32766752277
4.64656114552752e-05,0.0001539678254655624,10.450173613589914,417.2838002723716,0.0,0.008920828616652792,83.03592733771188,4.704574409067265e-13,0.0,1.0451122186994138e-06,27.680128952545395,2.9020704682086733e-09,8.535505333314142e-13,4.095040153274319e-10,0.0,1.3954853892049347e-11,0.7252464224495735,2.1106794619377775e-11,0.00031727473634454516,1688392.7485111733,387485.68387874885
4.649671944327888e-05,0.00015428806377559156,10.139222561643324,416.07747204976334,0.0,0.00886539311629339,82.51995487726202,4.571476930078189e-13,0.0,1.0386180524329312e-06,27.50812889500798,2.8769141167810303e-09,8.495361731749032e-13,4.0692318260812873e-10,0.0,0.0,0.720739852928112,2.023478575312501e-11,0.0003172403196657386,1682732.3425224847,383957.21991443995
4.652782743128255e-05,0.0001545986827568646,9.831711114641111,414.91124903012326,0.0,0.008812060807988562,82.0235574037322,4.4436748462265887e-13,0.0,1.0323702620598035e-06,27.342654183568865,2.852636665829686e-09,8.45655781974739e-13,4.0443995572332184e-10,4.226619458967178e-15,1.1020899297852673e-11,0.7164042538301644,1.942256989833171e-11,0.0003172070345677807,1677061.5034307376,380570.6993204746
4.655893541928623e-05,0.00015489978802545973,9.527550862986562,413.78423166188804,0.0,0.008760769560636813,81.54615687069132,4.320896085969163e-13,0.0,1.0263615721754857e-06,27.183512125733877,2.829206465720566e-09,8.418852626329169e-13,4.020514181006001e-10,1.609780959097647e-14,9.820364770191986e-12,0.7122345764397816,1.8665540500492217e-11,0.0003171748583370437,1671380.3178942646,377321.1689306542
4.659004340728991e-05,0.0001551914824944733,9.226656413550728,412.6955588734592,0.0,0.008711460302918224,81.08720354800364,4.2028854779359274e-13,0.0,1.0205850638057267e-06,27.030519468281074,2.8065935017854787e-09,8.382200473772544e-13,3.997547967111094e-10,1.6191747546785606e-17,2.2005496890747606e-12,0.708226019342731,1.795950749650847e-11,0.0003171437693049079,1665688.8727295133,374203.9420864059
4.664018719185636e-05,0.00015564211488904784,8.748303596671692,411.01934313964404,0.0,0.008636008401245397,80.38492267975141,4.0220972949585356e-13,0.0,1.0117459704614279e-06,26.796413272737126,2.771791830762212e-09,8.325359504782882e-13,3.962396726870591e-10,0.0,3.2216397529585696e-12,0.7020922082691642,1.6919254305043373e-11,0.00031709589272788395,1656493.3052634685,369446.56634915824
4.669033097642282e-05,0.00015606896130803573,8.277892305450056,409.4373676740528,0.0,0.008565340610877019,79.72717000397613,3.8521558806241115e-13,0.0,1.003467320857022e-06,26.577150605209052,2.7389285711104683e-09,8.271280447455071e-13,3.9294621426867806e-10,3.2792543797054613e-16,8.489658987064068e-14,0.6963473121230013,1.59875392336978e-11,0.00031705070615727814,1647271.6712920805,365004.2058028903
4.6740474760989273e-05,0.00015647241205096431,7.815109339018806,407.9465939063565,0.0,0.00849925322693686,79.1120496865288,3.692223477170962e-13,0.0,9.957252533073398e-07,26.372099487035214,2.707901044913483e-09,8.21984330971944e-13,3.898648652343159e-10,0.0,2.450258621932764e-11,0.6909747724378428,1.5152135336010134e-11,0.0003170081340238551,1638024.3369664887,360861.0090511592
4.679061854555573e-05,0.00015685284212832088,7.359657778775627,406.5441924752905,0.0,0.008437558050737702,78.53781082225989,3.5415401556364773e-13,0.0,9.884977304158917e-07,26.180676251815783,2.6786146089731196e-09,8.170780038129566e-13,3.8698680171884847e-10,5.905015012072298e-16,2.8148252838471208e-11,0.6859592966447356,1.4402473765221566e-11,0.00031696810624108667,1628751.6694582808,357002.4528479356
4.6840762330122184e-05,0.00015721061204262323,6.911255951244725,405.2275311475707,0.0,0.008380081282442376,78.0028360667432,3.3994154598861175e-13,0.0,9.81764396046574e-07,26.002341755783743,2.650981933522175e-09,8.123901295406671e-13,3.843038741418371e-10,0.0,0.0,0.6812867586653691,1.3729400356671362e-11,0.0003169305578176987,1619454.0369449165,353415.229064275
4.689090611468864e-05,0.00015754606852894313,6.469636461109759,403.994163858558,0.0,0.008326662482098563,77.50563137667017,3.2652210129751146e-13,0.0,9.755064458374566e-07,25.836597957752534,2.6249223551305398e-09,8.079163014601349e-13,3.818085548279565e-10,0.0,8.688787990068378e-12,0.6769441092394887,1.3124972742175117e-11,0.00031689542849827737,1610131.8085951067,350087.14370320615
4.6941049899255094e-05,0.00015785954525384194,6.034545291128658,402.8418210621454,0.0,0.008277153365568115,77.04481674518308,3.138383992880331e-13,0.0,9.697065105444718e-07,25.682984830727868,2.600361296190443e-09,8.0364946391794e-13,3.7949389073529895e-10,2.9169058456476093e-15,3.3042346578682936e-11,0.672919295214328,1.2582289796140634e-11,0.0003168626624322922,1600785.3545541572,347007.02685599256
4.699119368382155e-05,0.00015815136346753532,5.605740976131664,401.7684015203497,0.0,0.00823141689567476,76.61911783825164,3.018381403451216e-13,0.0,9.643485511098e-07,25.541077573883424,2.577229745255377e-09,7.995757115744226e-13,3.7735346081400347e-10,2.3689001013839297e-15,0.0,0.6692011865054838,1.2095348171838005e-11,0.0003168322078750504,1591415.045929271,344164.6526284793
4.7041337468388004e-05,0.00015842183261217813,5.182993852404179,400.77196545582416,0.0,0.008189326759273138,76.22735843827603,2.9047350337632445e-13,0.0,9.59417763406701e-07,25.410484093626554,2.555463790941509e-09,7.956846222687642e-13,3.7538133750681185e-10,0.0,0.0,0.6657795098091547,1.1658922437353707e-11,0.0003168040169180367,1582021.254774813,341550.6679721804
4.709148125295446e-05,0.00015867125089397344,4.766085367099045,399.85072926611855,0.0,0.008150766405874268,75.86845360514096,2.797007000254551e-13,0.0,9.549004920095298e-07,25.290842723827126,2.535004202212401e-09,7.919700024762066e-13,3.7357205192115734e-10,0.0,0.0,0.6626447890962709,1.1268462458335318e-11,0.00031677804524300203,1572604.354077538,339156.5296872407
4.7141625037520915e-05,0.00015889990582416754,4.354807436721679,399.0030617910819,0.0,0.00811562843917679,75.54140347856027,2.6947957845868926e-13,0.0,9.507841523397716e-07,25.18182015982143,2.5157960493346076e-09,7.884235674408304e-13,3.719205622764595e-10,2.5022405772446343e-16,0.0,0.6597882914236926,1.0920007304438413e-11,0.0003167542518960577,1563164.71774178,336974.44881880906
4.719176882208737e-05,0.00015910807473014298,3.9489618562247224,398.2274824805183,0.0,0.008083813943944695,75.24528765934731,2.5977327058552734e-13,0.0,9.470571600311375e-07,25.083109585401644,2.497788361165039e-09,7.850356154337032e-13,3.7042222530523304e-10,2.5495506804405694e-15,0.0,0.6572019779287397,1.0610113284628904e-11,0.0003167325990806655,1553702.7205746071,334997.3420870755
4.7241912606653825e-05,0.00015929602523739728,3.54835975895543,397.52266191844274,0.0,0.008055231976378398,74.97926011487138,2.5054787840558706e-13,0.0,9.437088667692032e-07,24.994428974543442,2.4809338149997553e-09,7.817984569971234e-13,3.690727703263001e-10,1.5173847769229264e-14,0.0,0.65487845929492,1.0335792867338584e-11,0.00031671305196901274,1544218.7382709398,333218.7901660223
4.7256410251100374e-05,0.00015934663490503278,3.4334884334850195,397.3318983061909,0.0,0.008047558676833102,74.90784090354944,2.479657393808311e-13,0.0,9.428099656343601e-07,24.97062129214482,2.47626936794504e-09,7.808899096544018e-13,3.687097929194855e-10,1.5932195323825906e-14,3.9483890671362543e-13,0.6542546747612366,1.0262733514524866e-11,0.000316707788267164,1541472.6718703038,332740.7356929169
4.727090789554692e-05,0.00015939558225131712,3.319036097978534,397.1469243505908,0.0,0.008040146673702843,74.83885378069924,2.45420461622429e-13,0.0,9.419416753973285e-07,24.94762434944327,2.4716966067885106e-09,7.799931917475608e-13,3.683588412767535e-10,0.0,1.2841983169114614e-12,0.6536521323946584,1.0192373237303509e-11,0.00031670269715716314,1538724.8082918911,332278.6603743066
4.727240585716332e-05,0.00015940054519996173,3.307234085369399,397.1281410252659,0.0,0.00803939565032616,74.83186365738587,2.451595451654455e-13,0.0,9.418536958496129e-07,24.94529418319367,2.4712293149213863e-09,7.799012026653591e-13,3.683232613416956e-10,2.4859575466088963e-15,2.7886793431857463e-13,0.6535910797634473,1.0185254941678024e-11,0.0003167021809299374,1538440.7846333445,332231.8224137841
4.7273903818779706e-05,0.00015940549047295863,3.295436496862011,397.1094192172799,0.0,0.008038647398545855,74.82489929539945,2.4489901400779327e-13,0.0,9.417660405404342e-07,24.942972604514235,2.470762990206351e-09,7.798093382249669e-13,3.682878087640221e-10,0.0,3.2468507531302943e-12,0.6535302521310118,1.0178164826685697e-11,0.0003167016665368782,1538156.7418956487,332185.1535567128
4.727653589486451e-05,0.00015941413704269775,3.274717594685203,397.0766707253043,0.0,0.008037339342772511,74.81272452291954,2.444421643617797e-13,0.0,9.416128056163813e-07,24.93891412905419,2.4699459480703478e-09,7.796482243180781e-13,3.6822582306266457e-10,0.0,1.2008912757006541e-11,0.6534239161003527,1.0165774743565376e-11,0.00031670076713466433,1537657.6027515745,332103.5596295957
4.727831293414982e-05,0.00015941994392154344,3.2607369806956044,397.0546622533324,0.0,0.008036461023991803,74.80454964985493,2.441343928159848e-13,0.0,9.415099144892739e-07,24.93618902500999,2.4693960079333165e-09,7.795396665125344e-13,3.6818419550719054e-10,1.0087511702847686e-14,6.515965656533055e-12,0.6533525157176465,1.015745812641832e-11,0.00031670016310441024,1537320.5769987782,332048.7615554281
4.727951438512045e-05,0.00015942385586077004,3.251288237686426,397.03982521297934,0.0,0.008035869387466121,74.79904312759324,2.4392661432487566e-13,0.0,9.414406079386627e-07,24.9343534190053,2.4690249629810117e-09,7.794663716809308e-13,3.681561525074662e-10,1.307398467734392e-14,0.0,0.6533044210594496,1.0151856935741414e-11,0.00031669975618156364,1537092.6997077195,332011.8420154136
4.728071583609108e-05,0.00015942775644949413,3.2418423221760055,397.0250224292582,0.0,0.00803527954139141,74.79355312062056,2.4371908139034895e-13,0.0,9.413715092542461e-07,24.93252331839261,2.468654536930593e-09,7.793931597103876e-13,3.681281911487435e-10,0.0,1.0830376549614678e-11,0.6532564706317584,1.0146272817587179e-11,0.00031669935043629184,1536864.8101738514,331975.0264586396
4.728191728706171e-05,0.0001594316456911112,3.232399232264547,397.0102544098366,0.0,0.008034691474435635,74.78807961940234,2.4351179362466176e-13,0.0,9.413026183131391e-07,24.930698719993565,2.468284729237175e-09,7.793200318725838e-13,3.681003113828457e-10,0.0,2.2908808875170244e-11,0.65320866436159,1.0140705569822401e-11,0.00031669894586820567,1536636.9084023703,331938.3152533514
4.7283118738032333e-05,0.00015943552358901482,3.2229589657565048,396.9955213213886,0.0,0.008034105185604278,74.78262261442345,2.4330475064112167e-13,0.0,9.412339349937078e-07,24.928879620636284,2.4679155393559992e-09,7.792469890572748e-13,3.680725131616857e-10,0.0,3.7120104648419566e-11,0.6531610021657215,1.0135155117759642e-11,0.0003166985424769161,1536408.9943984696,331901.7084821787
4.728432018900296e-05,0.00015943939014659595,3.2135215201202554,396.9808229507243,0.0,0.008033520661457683,74.777182096189,2.430979520545245e-13,0.0,9.411654591778736e-07,24.927066017155628,2.4675469667433876e-09,7.791740318879816e-13,3.6804479643727704e-10,0.0,4.493578109703967e-11,0.6531134839736653,1.0129621405758902e-11,0.00031669814026203487,1536181.0681673428,331865.20590959454
4.7286332242484915e-05,0.0001594458400287725,3.1977230704260986,396.956285516124,0.0,0.008032545682480848,74.76810783306274,2.427521756010415e-13,0.0,9.410512480772424e-07,24.92404110032212,2.4669311042057297e-09,7.790520447827985e-13,3.679985620099017e-10,0.0,1.0391481838915224e-11,0.6530342282307603,1.012039141974504e-11,0.0003166974693119425,1535799.3358602058,331804.30873718625
4.7288344295966864e-05,0.00015945225813156642,3.181932514201717,396.93184513922546,0.0,0.008031575680340282,74.75907973730745,2.424070817012021e-13,0.0,9.409376180620492e-07,24.92103157343878,2.466316968785256e-09,7.789303021293816e-13,3.6795255578777865e-10,9.089738888910072e-14,0.0,0.6529553757029826,1.0111207783038515e-11,0.0003166968016582785,1535417.569299887,331743.70311260875
4.729035634944881e-05,0.00015945864447084831,3.1661498402647696,396.9075015584857,0.0,0.008030610639359803,74.75009776471892,2.420626685580566e-13,0.0,9.408245685648557e-07,24.918037421770055,2.46570455794891e-09,7.78808806814895e-13,3.679067775475015e-10,0.0,0.0,0.6528769260147408,1.0102070270370055e-11,0.0003166961372992361,1535035.7685107905,331683.3885523905
4.729236840293077e-05,0.0001594649990624667,3.1503750376437694,396.8832547246031,0.0,0.008029650546912454,74.74116187125392,2.417189343798242e-13,0.0,9.407120990198406e-07,24.9150586306341,2.465093869170715e-09,7.786875614133681e-13,3.6786122706646637e-10,0.0,0.0,0.652798878789276,1.0092978738892769e-11,0.0003166954762330148,1534653.9335173238,331623.3647519608
4.729438045641272e-05,0.0001594713219222482,3.13460809545876,396.8591046701177,0.0,0.008028695405001318,74.73227201302959,2.413758773807277e-13,0.0,9.406002089159567e-07,24.91209518540249,2.464484899932043e-09,7.785665680417696e-13,3.6781590412286816e-10,6.775820027543685e-13,0.0,0.652721233637585,1.0083933070431847e-11,0.00031669481845782,1534272.0643439,331563.6314763903
4.7296392509894666e-05,0.00015947761306599735,3.1188490028073974,396.83505138229,0.0,0.00802774521635041,74.72342814632322,2.4103349578097345e-13,0.0,9.404888977629634e-07,24.90914707150022,2.463877647721588e-09,7.784458284460134e-13,3.6777080849570087e-10,2.198119429871801e-12,4.2645346476172195e-12,0.6526439901706483,1.0074933143406606e-11,0.0003166941639718632,1533890.16101493,331504.18845390505
4.7298404563376614e-05,0.00015948387250949692,3.103097748720306,396.8110947996826,0.0,0.008026799932904527,74.71463022757166,2.406917878088232e-13,0.0,9.403781647690524e-07,24.90621427440546,2.463272110036903e-09,7.783253437156321e-13,3.677259399647611e-10,0.0,0.0,0.6525671480429522,1.0065978798363009e-11,0.0003166935127733638,1533508.2235548287,331445.0353729321
4.730388376769678e-05,0.0001595007575866945,3.060243738614269,396.74634616560667,0.0,0.008024250882412983,74.69090440771501,2.3976465284103627e-13,0.0,9.400795464715403e-07,24.898305243018225,2.4616317875896116e-09,7.779985447041479e-13,3.6760490393179347e-10,2.7043189045011035e-14,1.6775784476242425e-12,0.6523599236300879,1.0041824715511819e-11,0.00031669175608752085,1532467.9623750648,331285.41761305416
4.7309362972016935e-05,0.00015951740801654264,3.0174475570500077,396.6823125740198,0.0,0.008021738505688417,74.66751813530256,2.388424647256422e-13,0.0,9.397852038999027e-07,24.89050940019104,2.4600041110189088e-09,7.776736676899228e-13,3.6748554596584245e-10,5.65117466008027e-14,2.5236578323147377e-12,0.6521556647080615,1.0018005549547759e-11,0.000316690023731895,1531427.4487611088,331127.94112801866
4.73148421763371e-05,0.00015953382411529397,2.974708984529041,396.6189921469099,0.0,0.008019262477207719,74.6444705484897,2.37925188299005e-13,0.0,9.394951235801593e-07,24.882826458626923,2.4583890306036816e-09,7.773507186656363e-13,3.6736786170926185e-10,2.892537094951832e-16,9.361404058545634e-13,0.6519543639427706,9.99451846527071e-12,0.0003166883156712058,1530386.6832062453,330972.5992160425
4.7320321380657256e-05,0.00015955000619800237,2.9320278030438893,396.5563832390618,0.0,0.008016822595842694,74.62176079407814,2.370127887073239e-13,0.0,9.392092935338988e-07,24.87525613391118,2.4567864970322764e-09,7.770296966288492e-13,3.6725184684762163e-10,0.0,5.947254345848871e-13,0.6517560139715206,9.971360824925513e-12,0.0003166866318705001,1529345.6662038895,330819.3854292676
4.732580058497741e-05,0.00015956595457853123,2.8894037961510537,396.4944844420849,0.0,0.008014418823746223,74.59938802745879,2.3610523139118617e-13,0.0,9.38927703801765e-07,24.867798144492323,2.455196461387699e-09,7.767105990972174e-13,3.671374971093582e-10,0.0,5.409305776705536e-13,0.6515606073731579,9.948530281649896e-12,0.0003166849722951459,1528304.3982475658,330668.29357640626
4.7335501193895664e-05,0.0001595936180678474,2.814080053832093,396.38663325828503,0.0,0.008010251441191387,74.5606022345512,2.34510224566581e-13,0.0,9.384395334373288e-07,24.854868852462943,2.452411898032216e-09,7.76150366316506e-13,3.6693911824928333e-10,0.0,6.344903911234308e-13,0.6512218474397432,9.908905146050121e-12,0.0003166820934205797,1526460.2806557822,330405.9792613489
4.734520180281391e-05,0.0001596205517321633,2.738933660957385,396.2809952958416,0.0,0.00800619673543898,74.52286552645828,2.3293010055072205e-13,0.0,9.379645667918447e-07,24.842289274152677,2.4496660907323047e-09,7.755961352317365e-13,3.6674592227905187e-10,0.0,6.136856998444839e-13,0.6508922503730658,9.870285345069414e-12,0.00031667929018428117,1524615.380746081,330150.2629757352
4.735490241173215e-05,0.00015964675728615088,2.6639634405393045,396.1775625880638,0.0,0.008002254361949217,74.48617341095256,2.313646742914175e-13,0.0,9.375027488965683e-07,24.83005791207195,2.4469587769127435e-09,7.750478801337915e-13,3.6655788646590023e-10,0.0,5.95630063286827e-13,0.6505717768233826,9.832658511146989e-12,0.00031667656240160137,1522769.7012599735,329901.1115576047
4.7364603020650404e-05,0.00015967223643311535,2.589168225552306,396.0763270797001,0.0,0.007998423836419504,74.45052147733787,2.2981376353556026e-13,0.0,9.370540241095424e-07,24.818173295909737,2.4442896977105125e-09,7.745055708598434e-13,3.6637498848367097e-10,0.0,5.952830273775942e-13,0.6502603882757624,9.796012378574767e-12,0.00031667390989105184,1520923.244940134,329658.49232351815
4.737430362956865e-05,0.00015969699086509654,2.5145468590752706,395.97728075052714,0.0,0.007994704626546117,74.41590539557426,2.2827718879156625e-13,0.0,9.366183371628817e-07,24.806633982241845,2.4416585979409605e-09,7.739691711658529e-13,3.6619720640846855e-10,5.812439059617823e-19,5.929610597920898e-13,0.6499580469665108,9.760334928171584e-12,0.0003166713324742663,1519076.0145303903,329422.3731654166
4.7390515528282056e-05,0.0001597367480221668,2.3902227060393604,395.81661726440757,0.0,0.007988736179093575,74.36035471183857,2.2574074568686032e-13,0.0,9.359191622416271e-07,24.788116093112393,2.437345528025675e-09,7.730858058155866e-13,3.659114532885977e-10,0.0,5.832304133399647e-13,0.6494728601274752,9.702840588265788e-12,0.0003166671921737024,1515987.1568061076,329042.1884231295
4.740672742699547e-05,0.00015977449351376849,2.266375631021303,395.66201043471176,0.0,0.007983075182311205,74.3076659808103,2.2324304262358852e-13,0.0,9.352560083732527e-07,24.770552239453796,2.433136682003504e-09,7.722186420465964e-13,3.6563983093288283e-10,8.892181364831713e-20,5.756555396230371e-13,0.6490126699674696,9.647967323925333e-12,0.0003166632603245039,1512896.1575416133,328679.9281905657
4.742293932570888e-05,0.00015981023503751842,2.143000416577856,395.51342516121747,0.0,0.007977719615417801,74.25782045145866,2.207832904685018e-13,0.0,9.346286394838276e-07,24.753936170586734,2.4290309346740217e-09,7.71367494064509e-13,3.6538224428596307e-10,2.1475585745915926e-19,5.687150342625355e-13,0.6485773127175969,9.595665446044755e-12,0.0003166595361493585,1509803.0295657162,328335.45442089305
4.7439151224422285e-05,0.00015984398020451676,2.0200919235217323,395.370827196922,0.0,0.007972667541847256,74.21079997144865,2.18360719909286e-13,0.0,9.340368272611046e-07,24.738261835407883,2.425027187643561e-09,7.7053218146003e-13,3.651386012752537e-10,2.6839665739366785e-19,5.619921222515732e-13,0.6481666298216168,9.54588769923681e-12,0.00031665601889472504,1506707.785716056,328008.6337979392
4.745536312313569e-05,0.00015987573654100486,1.8976450892005408,395.2341830997007,0.0,0.007967917084281755,74.16658697649166,2.1597458083080647e-13,0.0,9.334803507491023e-07,24.723523378839886,2.421124368677942e-09,7.697125287552118e-13,3.6490881275680207e-10,3.016095233487464e-19,5.55614805018353e-13,0.6477804678626107,9.498589092946394e-12,0.00031665270783033417,1503610.4388390554,327699.3376181115
4.7471575021849106e-05,0.00015990551149084063,1.7756549250926945,395.1034602049705,0.0,0.007963466421237523,74.12516447885514,2.1362414162616374e-13,0.0,9.329589961787941e-07,24.709715138001094,2.417321431013938e-09,7.68908364245406e-13,3.6469279245692694e-10,0.0,5.49559186679555e-13,0.6474186784644238,9.453726831575956e-12,0.00031664960224846546,1500511.0017898658,327407.44168743916
4.74977146476342e-05,0.0001599493655154433,1.5799106472374906,394.90507615313913,0.0,0.00795691723072876,74.06421152202573,2.099077421768011e-13,0.0,9.321918260664136e-07,24.68939639441446,2.4113974529005946e-09,7.676439441232466e-13,3.643732734553183e-10,1.0891879122986271e-18,5.405348312847005e-13,0.64688630753402,9.38642099330212e-12,0.00031664502592613646,1495509.184153217,326973.14082020946
4.752385427341929e-05,0.00015998811798550636,1.3853206207596755,394.72187344702195,0.0,0.007951135794316765,74.01040485199172,2.062794065855845e-13,0.0,9.315146010284528e-07,24.671459874359474,2.4057263409986137e-09,7.664186620899135e-13,3.6408899759633864e-10,1.4754059625385994e-18,5.323092170349746e-13,0.6464163531867547,9.325184695562594e-12,0.00031664097927475095,1490502.0200140234,326583.28796778433
4.754999389920439e-05,0.00016002179884283887,1.191865064852477,394.55372714872414,0.0,0.007946115430737545,73.96368229436851,2.0273634645910545e-13,0.0,9.309265385122498e-07,24.655884851928086,2.400304099756244e-09,7.652318491232007e-13,3.6383964817204024e-10,9.15333818713723e-19,5.248570603875173e-13,0.6460082723842652,9.269872074852665e-12,0.00031663745967154745,1485489.5633991654,326237.4329181531
4.757613352498948e-05,0.00016005043748666545,0.999524682711956,394.4005174800244,0.0,0.007941849848462221,73.92398529828594,1.99275883527292e-13,0.0,9.30426901576516e-07,24.642651809115264,2.3951268887371737e-09,7.640828575678761e-13,3.6362492648108736e-10,2.593387497177622e-19,5.181567750370461e-13,0.6456615537360767,9.22035018516697e-12,0.00031663446464122224,1480471.8683926319,325935.1537428685
4.760227315077457e-05,0.00016007406280317202,0.8082806345122823,394.2621295433746,0.0,0.007938333133859724,73.89125882628078,1.9589544300481982e-13,0.0,9.300149975054273e-07,24.631742399114522,2.390191015971851e-09,7.629710597261438e-13,3.634445512691912e-10,1.3596771417296603e-18,5.121740589861522e-13,0.6453757165379135,9.17649820758981e-12,0.0003166319918477629,1475448.9891349298,325676.05583694036
4.762841277655967e-05,0.00016009270319777486,0.6181145079724527,394.1384530171781,0.0,0.007935559739102125,73.86545124468711,1.9259254695821144e-13,0.0,9.296901764254406e-07,24.623139409779412,2.3854929313591486e-09,7.618958467477864e-13,3.632982581722506e-10,8.088617888175835e-19,5.068850186343171e-13,0.6451503098146155,9.138207055735847e-12,0.0003166300390855856,1470420.9798225053,325459.77095793124
4.765455240234476e-05,0.00016010638660942977,0.42900830498626447,394.0293820222607,0.0,0.007933524473314737,73.84651424291681,1.8936480967320163e-13,0.0,9.294518302873388e-07,24.61682673671558,2.3810292216096544e-09,7.608566282337301e-13,3.6318579930483206e-10,1.998695505411513e-18,5.022534093508448e-13,0.6449849116152684,9.105378951848272e-12,0.00031662860427559495,1465387.8947071573,325285.9565513559
4.768069202812985e-05,0.00016011514051569625,0.24094443667448812,393.9348150778812,0.0,0.007932222495683405,73.83440276930055,1.8620993412032274e-13,0.0,9.292993920587261e-07,24.612789361893274,2.3767966060591e-09,7.598528318236597e-13,3.6310694293185676e-10,0.0,4.982808667521503e-13,0.644879128452829,9.077926982358233e-12,0.00031662768546381455,1460349.788095452,325154.2952389494
4.7722982018338413e-05,0.00016011893292303272,-0.06115111162171217,393.81228794728617,0.0,0.007931657581501978,73.82915660398763,1.8125449715303606e-13,0.0,9.292333624191028e-07,24.61104054599293,2.3704302434592837e-09,7.583024401351444e-13,3.630499779966316e-10,0.0,4.931662761685367e-13,0.644833307771609,9.044707442851156e-12,0.0003166272870364977,1452188.3930671485,325029.81423824327
4.777256738233238e-05,0.00016010718672116643,-0.4120379102288418,393.7161328492738,0.0,0.007933401894832673,73.84540713951496,1.756677793066849e-13,0.0,9.294378959615773e-07,24.61645768183412,2.3637085575316886e-09,7.565977975376758e-13,3.6309338274767556e-10,0.0,4.891874883735239e-13,0.6449752420278998,9.023072987282609e-12,0.0003166285244992725,1442602.8414148823,325021.93813902966
4.782215274632635e-05,0.00016007812847375105,-0.759441852177525,393.67071338491394,0.0,0.007937721500293399,73.88562889340984,1.703096097414799e-13,0.0,9.299441376219018e-07,24.62986565292714,2.3577707683162653e-09,7.550120676931702e-13,3.632546413350489e-10,0.0,4.873289699248445e-13,0.6453265439749467,9.019834454140646e-12,0.0003166315924614853,1433000.1051584957,325161.685963678
4.787173811032031e-05,0.00016003192823503274,-1.1034674523219645,393.67550510136255,0.0,0.00794459667798854,73.94963835699849,1.6516742337993203e-13,0.0,9.307497777099167e-07,24.651203286428085,2.3525993061046654e-09,7.535419812787183e-13,3.6353278504639246e-10,0.0,4.875108925484768e-13,0.645885610824569,9.03479796766743e-12,0.00031663648235769954,1423380.5571361315,325447.8469437467
4.792132347431428e-05,0.00015996875101570337,-1.4442147123157099,393.7300328108718,0.0,0.007954011660571044,74.03728881155807,1.602294843439613e-13,0.0,9.318529695844166e-07,24.680421673468665,2.3481779504446024e-09,7.521844439085087e-13,3.6392702650481947e-10,0.0,4.897403869418236e-13,0.6466511611166667,9.067886296662718e-12,0.00031664318701557113,1413744.5708386656,325879.4932680056
4.7970908838308244e-05,0.00015988875700344093,-1.781779286576937,393.83386894586795,0.0,0.007965954522876642,74.14846930123672,1.554848213278496e-13,0.0,9.332523167262248e-07,24.71748382677779,2.3444917530492013e-09,7.509365252022499e-13,3.6443675433868953e-10,4.0595417788094633e-19,4.940355960913895e-13,0.6476222257485584,9.119136311521206e-12,0.00031665170060812977,1404092.5203952196,326455.9722781299
4.8020494202302214e-05,0.0001597921017452771,-2.116252606408131,393.98663230439047,0.0,0.007980417090155286,74.28310378004605,1.5092317334490607e-13,0.0,9.349468620009482e-07,24.762364396330483,2.341526969903207e-09,7.497954483963389e-13,3.650615287284451e-10,0.0,5.004130435513518e-13,0.6487981405247821,9.188697560226987e-12,0.00031666201861792746,1394424.7805586155,327176.90025417064
4.807007956629618e-05,0.00015967893633983928,-2.447722003877966,394.18798677859166,0.0,0.007997394857189706,74.44115035983157,1.4653493811256355e-13,0.0,9.369360781931483e-07,24.815049418657864,2.3392709969776738e-09,7.487585801812852e-13,3.6580107744660897e-10,8.886325590700091e-19,5.089478180314275e-13,0.6501785395888147,9.276832072161189e-12,0.00031667413780079126,1384741.7266908418,328042.15710577194
4.8152742824699194e-05,0.0001594539723495707,-2.993857939046398,394.630912335195,0.0,0.00803128909712317,74.7566686733039,1.3958068942878805e-13,0.0,9.409072754163684e-07,24.92022783773119,2.3370550120276088e-09,7.47254963477166e-13,3.6728890989399824e-10,3.830316767445095e-19,5.281936418149553e-13,0.6529343169378728,9.466124290305586e-12,0.0003166983409087268,1368566.182296501,329805.9746897987
4.817223607497875e-05,0.00015939436753070423,-3.121502118297794,394.7547970893425,0.0,0.008040301623875389,74.8405648153818,1.3800314825746823e-13,0.0,9.419632145246109e-07,24.94819472021248,2.3368096026262048e-09,7.469403899335885e-13,3.6768623602577797e-10,3.8095112188549744e-20,5.336966749457961e-13,0.6536670765849839,9.51869087886805e-12,0.0003167047766312584,1364745.8837050984,330280.62912098033
4.819172932525831e-05,0.0001593322786773992,-3.248719658170187,394.8860732634089,0.0,0.008049704116707844,74.92809088165522,1.3644841500914526e-13,0.0,9.4306484082225e-07,24.97737164240695,2.3366687647036246e-09,7.466407984990015e-13,3.6810132537852344e-10,5.149783680326863e-19,5.395975528912259e-13,0.6544315404548203,9.57436136713279e-12,0.0003167114903363366,1360923.3964530532,330777.77624895924
4.8194070771358595e-05,0.00015932465411797208,-3.2639719974639196,394.9023383083587,0.0,0.008050859762144973,74.93884855805284,1.3626317951511939e-13,0.0,9.432002397922573e-07,24.980957727108688,2.336658856817607e-09,7.466058144222209e-13,3.6815238001973805e-10,0.0,5.403237467974149e-13,0.6545254993779115,9.58125903247651e-12,0.0003167123154616064,1360464.1094394745,330839.0069235891
4.819641221745889e-05,0.00015931699385313616,-3.279218254910186,394.91870760466446,0.0,0.008052021042497061,74.9496586860227,1.3607826568461514e-13,0.0,9.43336298931675e-07,24.98456129660681,2.3366504489913777e-09,7.465710448556788e-13,3.68203691268572e-10,0.0,5.410609716676887e-13,0.654619916419751,9.588202031845039e-12,0.00031671314459875174,1360004.7912190347,330900.5610792715
4.8198753663559175e-05,0.00015930929789711667,-3.2944584443686713,394.9351740469712,0.0,0.008053187958783197,74.96052127505617,1.3589367273715296e-13,0.0,9.434730183599637e-07,24.988182354065266,2.336643540331833e-09,7.465364921746625e-13,3.682552591643785e-10,0.0,5.418101195532834e-13,0.6547147916632375,9.595189716015435e-12,0.00031671397774792883,1359545.4418314993,330962.432858387
4.820035828921484e-05,0.00015930400314739384,-3.3048992616691955,394.9465111975622,0.0,0.008053990917983507,74.96799585920739,1.3576735351943691e-13,0.0,9.435670954596973e-07,24.990674015915545,2.336639671024368e-09,7.465129407282832e-13,3.682907475927924e-10,1.5069760410588251e-18,5.42326450400764e-13,0.6547800756382756,9.600003610248747e-12,0.000316714551033639,1359230.6253142683,331005.01487898384
4.8201962914870494e-05,0.00015929869164634764,-3.315337237891165,394.95789092757275,0.0,0.008054796524956186,74.9754950896687,1.3564118439077693e-13,0.0,9.436614827644316e-07,24.993173893643725,2.3366365051209404e-09,7.464894959771081e-13,3.68326356588976e-10,0.0,5.428397092668693e-13,0.6548455748773417,9.604837476950275e-12,0.00031671512620373607,1358915.7941907258,331047.7435999045
4.820356754052615e-05,0.00015929336339853476,-3.3257723749057724,394.9693139414987,0.0,0.008055604780044301,74.98301896963501,1.3551516510187008e-13,0.0,9.437561803143782e-07,24.995681988314843,2.336634042345201e-09,7.464661598079082e-13,3.6836208616634244e-10,0.0,5.433558498278474e-13,0.6549112894083411,9.609691162798259e-12,0.0003167157032582664,1358600.9484736752,331090.61964743986
4.8205172166181814e-05,0.00015928801840850928,-3.336204675055885,394.9807803904071,0.0,0.008056415683594487,74.99056750233451,1.3538929540391998e-13,0.0,9.438511881501681e-07,24.998198301005008,2.3366322824202455e-09,7.464429335499639e-13,3.683979363384531e-10,5.265922176414174e-19,5.438809731769006e-13,0.6549772192594686,9.614564694998229e-12,0.00031671628219727936,1358286.0881759145,331133.6431833928
4.820677679183747e-05,0.00015928265668082174,-3.3466341410753064,394.99228997254806,0.0,0.008057229235957081,74.99814069102997,1.3526357504863674e-13,0.0,9.439465063128675e-07,25.000722832801873,2.336631225069829e-09,7.464198183333009e-13,3.684339071190352e-10,5.581389522023303e-19,5.444057962947617e-13,0.655043364459222,9.619458096191617e-12,0.00031671686302082585,1357971.2133102478,331176.81398938515
4.8208381417493126e-05,0.00015927727822001792,-3.3570607756056123,395.00384249259037,0.0,0.008058045437486318,75.00573853902051,1.3513800378823664e-13,0.0,9.44042134844e-07,25.0032555848052,2.336630870019472e-09,7.463968153645558e-13,3.684699985219999e-10,0.0,5.449266246136365e-13,0.6551097250364161,9.624371316474707e-12,0.0003167174457289568,1357656.323889479,331220.13193659345
4.820998604314879e-05,0.000159271883030639,-3.367484581047122,395.015438029815,0.0,0.008058864288540343,75.01336104964123,1.3501258137545158e-13,0.0,9.441380737855422e-07,25.005796558126757,2.336631216996281e-09,7.463739258607938e-13,3.6850621056143847e-10,2.264063138265812e-18,5.454629948071999e-13,0.6551763010201802,9.629304304494517e-12,0.00031671803032172496,1357341.419926409,331263.5971271386
4.8211590668804446e-05,0.00015926647111722252,-3.3779055597418695,395.0270767239782,0.0,0.008059685789480988,75.02100822626214,1.3488730756351647e-13,0.0,9.442343231799097e-07,25.008345753889934,2.336632265728088e-09,7.463511508401093e-13,3.6854254325160976e-10,5.877025640129061e-19,5.459888974505375e-13,0.6552430924399484,9.634257077018263e-12,0.00031671861679918417,1357026.5014338428,331307.2097142235
4.82131952944601e-05,0.00015926104248430243,-3.3883237141252653,395.03875860078153,0.0,0.008060509940673866,75.02868007228773,1.3476218210616056e-13,0.0,9.443308830699522e-07,25.010903173229625,2.336634015943183e-09,7.463284910854562e-13,3.685789966069366e-10,3.387718323536113e-18,5.465342712519753e-13,0.6553100993254558,9.639229693090334e-12,0.00031671920516138834,1356711.5684245867,331350.9697554578
4.821576719106251e-05,0.00015925230659900253,-3.4050160637893057,395.0575724320254,0.0,0.008061836420596092,75.04102798576406,1.3456193965573266e-13,0.0,9.444862971858732e-07,25.015019365424337,2.336638283728142e-09,7.462924141746264e-13,3.686376758344971e-10,2.1974402621714458e-18,5.473872738679995e-13,0.6554179475828121,9.647241291982021e-12,0.0003167201521207896,1356206.7630386562,331421.41610600415
4.8218339087664914e-05,0.0001592435277920165,-3.4217011742847165,395.076497170511,0.0,0.00806316971143598,75.05343929747585,1.343620766837537e-13,0.0,9.446425092488131e-07,25.019156691499127,2.3366443518002656e-09,7.462566377153699e-13,3.68696665146148e-10,2.8370118138975693e-18,5.482523828934599e-13,0.655526349568475,9.655304050780051e-12,0.0003167211039224316,1355701.920445362,331492.2414825639
4.8220910984267326e-05,0.00015923470608194987,-3.4383790558105733,395.09553265604103,0.0,0.008064509814759521,75.06591402200682,1.341625921842258e-13,0.0,9.447995194423265e-07,25.023315156315498,2.3366522190565734e-09,7.462211638260769e-13,3.6875596460402884e-10,4.404108199272591e-18,5.491330230710205e-13,0.6556353054098203,9.663418034348196e-12,0.0003167220605665578,1355197.0406974363,331563.44590238226
4.822348288086973e-05,0.00015922584148738193,-3.455049718457956,395.1146788250105,0.0,0.008065856732157659,75.07845217417326,1.339634851544165e-13,0.0,9.449573279528952e-07,25.027494764812477,2.3366618844008194e-09,7.461859943207834e-13,3.688155742714139e-10,8.039711380368552e-19,5.500034159607675e-13,0.6557448152362555,9.671583331202146e-12,0.00031672302205341875,1354692.123847619,331635.02946537867
4.822605477747214e-05,0.000159216934026866,-3.4717131721554084,395.13393577156745,0.0,0.00806721046524635,75.09105376902349,1.3376475459485284e-13,0.0,9.451159349699211e-07,25.031695522006434,2.336673346743383e-09,7.46151130730473e-13,3.688754942127083e-10,1.4262688510209737e-18,5.508914082182735e-13,0.6558548791792144,9.67980005657511e-12,0.00031672398838327375,1354187.1699486487,331706.99240566243
4.8228626674074544e-05,0.0001592079837189298,-3.4883694267828593,395.15330361438964,0.0,0.008068571015666343,75.10371882183746,1.3356639950930337e-13,0.0,9.452753406857214e-07,25.03591743299097,2.3366866050007546e-09,7.461165742423508e-13,3.689357244934422e-10,0.0,5.517674008336789e-13,0.6559654973721543,9.688068335362314e-12,0.00031672495955639067,1353682.1790532707,331779.3349795513
4.823119857067695e-05,0.0001591989905820758,-3.505018492261057,395.1727823936238,0.0,0.00806993838508335,75.11644734812624,1.333684189047525e-13,0.0,9.454355452955235e-07,25.040160502936715,2.3367016580952735e-09,7.46082325708545e-13,3.6899626518026564e-10,5.315890572281574e-18,5.526951919320223e-13,0.6560766699505506,9.696388289956435e-12,0.000316725935573044,1353177.1512142334,331852.05737885716
4.8235512395818254e-05,0.0001591838103401125,-3.532927744970134,395.2057031885098,0.0,0.008072247180132329,75.13793938162058,1.3303718544840447e-13,0.0,9.457060497327039e-07,25.047324898823977,2.3367309335586624e-09,7.460255740184386e-13,3.690985068162523e-10,0.0,5.541979943056661e-13,0.6562643841229808,9.710459654423101e-12,0.0003167275835153038,1352329.9885593457,331974.8875094312
4.823982622095956e-05,0.00015916850974599333,-3.5608168468440327,395.2389362225328,0.0,0.008074575172055107,75.15961010600616,1.3270699809057067e-13,0.0,9.45978803220869e-07,25.054548861540493,2.3367652504321846e-09,7.459696924822998e-13,3.692016222398192e-10,0.0,5.557331973035994e-13,0.6564536590045358,9.72467728915681e-12,0.00031672924508612785,1351482.7223677398,332098.78753802396
4.824414004610086e-05,0.00015915308888654533,-3.588685844419185,395.2724814393075,0.0,0.00807692236918251,75.18145959886206,1.3237785220584152e-13,0.0,9.462538067364511e-07,25.061832416947347,2.336804603747835e-09,7.459146821845194e-13,3.693056117867868e-10,5.31012446051249e-21,5.572973052126482e-13,0.6566444952728012,9.739041718292472e-12,0.00031673092028695486,1350635.3528883941,332223.7581917665
4.824845387124217e-05,0.00015913754784839523,-3.616534783979713,395.3063388409974,0.0,0.008079288780042116,75.2034879395989,1.320497431937497e-13,0.0,9.465310612789336e-07,25.069175591516153,2.33684898858696e-09,7.45860543587236e-13,3.6941047580187986e-10,0.0,5.588749052188373e-13,0.6568368936213594,9.753553469516132e-12,0.00031673260911928346,1349787.880370318,332349.8002590786
4.825276769638347e-05,0.00015912188671797042,-3.644363711488638,395.3405085660533,0.0,0.008081674413358166,75.225695209458,1.3172266647861898e-13,0.0,9.468105678708415e-07,25.076578412328814,2.3368984000800036e-09,7.45807276638429e-13,3.6951621463872135e-10,2.478416330992552e-19,5.60471720829906e-13,0.6570308547597826,9.768213103201554e-12,0.00031673431158467467,1348940.3050625548,332476.91465525946
4.8259337794086844e-05,0.00015909780375824147,-3.6867097376572113,395.39315054284276,0.0,0.008085344764323849,75.25986158258604,1.3122649099684622e-13,0.0,9.472405949102654e-07,25.087967814974718,2.336983302412597e-09,7.457278226263682e-13,3.6967894001097704e-10,7.438568730976626e-21,5.629388544451139e-13,0.6573292682374313,9.790825642444557e-12,0.0003167369306928145,1347649.2230352145,332672.57643643324
4.826590789179021e-05,0.00015907344273268764,-3.7290096102312766,395.4465176757057,0.0,0.00808905975739626,75.29444349972975,1.3073268354125596e-13,0.0,9.476758520969654e-07,25.099495739731367,2.337079836726978e-09,7.45650385437806e-13,3.6984369680876716e-10,2.980155103137171e-21,5.654508539495281e-13,0.6576313111297214,9.813784624118381e-12,0.00031673958143437695,1346357.904031735,332870.7309997814
4.827247798949358e-05,0.00015904880394401727,-3.7712634889830907,395.50061031224647,0.0,0.008092819426022939,75.32944127234946,1.3024122827259195e-13,0.0,9.481163433510622e-07,25.111162290424446,2.3371879864597863e-09,7.455749602470366e-13,3.7001048640008755e-10,3.5639516012060616e-21,5.680080200887561e-13,0.6579369861569873,9.837092133592125e-12,0.00031674226381567944,1345066.3489323435,333071.3816220321
4.8279048087196954e-05,0.00015902388769389232,-3.813471532636159,395.55542875353655,0.0,0.008096623804707525,75.36485522173649,1.2975210948060344e-13,0.0,9.485620727164145e-07,25.122967574156817,2.337307735303443e-09,7.455015416186254e-13,3.701793102006573e-10,1.9312527929657613e-21,5.706104831527125e-13,0.6582462961254286,9.860750263275803e-12,0.00031674497784335944,1343774.5586174368,333274.5316059693
4.8295497519865316e-05,0.00015896029035381533,-3.9189470347767794,395.6958619753096,0.0,0.008106345094949593,75.45534805213985,1.2853765738135612e-13,0.0,9.497010394954638e-07,25.15313347084992,2.3376583174991658e-09,7.453264867081899e-13,3.7061092314242853e-10,4.950792820481586e-21,5.773287619113243e-13,0.6590366720931166,9.921534651794531e-12,0.0003167519117537417,1340539.3011180698,333794.13906448823
4.831194695253368e-05,0.00015889496033982936,-4.024138653020809,395.8408510529294,0.0,0.00811634745955588,75.54845722313532,1.2733751286860407e-13,0.0,9.508729362316325e-07,25.184171527910056,2.3380812628557477e-09,7.451638775321687e-13,3.71055320946358e-10,1.7244042150543134e-20,5.843433591519665e-13,0.6598498995145458,9.984564700003395e-12,0.000316759044199406,1337302.5885327028,334329.4891820789
4.832839638520204e-05,0.00015882790230182332,-4.129048789688141,395.9904003272732,0.0,0.008126631527055849,75.64418858723224,1.261514397006252e-13,0.0,9.520778365861597e-07,25.216083696278435,2.338576336147558e-09,7.450136171338599e-13,3.715125297608307e-10,2.196639380310522e-20,5.916628105577885e-13,0.6606860295062822,1.004987614271944e-11,0.0003167663753108083,1334064.434691445,334880.63886627846
4.8344845817870404e-05,0.0001587591208504939,-4.233679804909211,396.1445142748489,0.0,0.008137197967413294,75.74254838265927,1.2497920637866128e-13,0.0,9.53315819075046e-07,25.24887205547623,2.3391433117910908e-09,7.448756094670957e-13,3.7198257760373873e-10,8.57931348467513e-21,5.992960195294279e-13,0.6615451165538128,1.0117506220266792e-11,0.0003167739052308453,1330824.8534305636,335447.64772091195
4.8361295250538766e-05,0.00015868862055808827,-4.33803401687822,396.30319748461625,0.0,0.008148047492018308,75.84354323329116,1.2382058603177883e-13,0.0,9.545869670681332e-07,25.282538813580242,2.339781973695002e-09,7.44749760788351e-13,3.724654943610074e-10,2.848106319606365e-21,6.072525618522888e-13,0.662427218510907,1.0187493646144737e-11,0.0003167816341147879,1327583.8585924208,336030.578034707
4.8391813902739074e-05,0.0001585532839577147,-4.5309170561854435,396.6097209638989,0.0,0.00816892903205417,76.03792276883094,1.217062995807444e-13,0.0,9.57033479489032e-07,25.347335471655803,2.34115606376341e-09,7.44548170398642e-13,3.7339564601258106e-10,4.684911952208389e-21,6.229049809066203e-13,0.6641249542632428,1.0323723279831676e-11,0.0003167965011017518,1321567.1399434023,337154.4836275185
4.842233255493938e-05,0.00015841207506790055,-4.722869267771773,396.9320180906287,0.0,0.008190792794509722,76.24144522226428,1.1963672843476057e-13,0.0,9.59595067101211e-07,25.41517993270018,2.342774966024645e-09,7.443875584513623e-13,3.743704247130541e-10,5.419552165272434e-21,6.397728205587155e-13,0.6659025454311548,1.0468477583380916e-11,0.0003168120547178137,1315545.6917254631,338333.8569486358
4.845285120713969e-05,0.00015826502208529105,-4.913904323630248,397.27011958943115,0.0,0.008213644457851842,76.45416346465592,1.1761054271434433e-13,0.0,9.622723953539046e-07,25.48608982134784,2.344637549959212e-09,7.442673898594364e-13,3.753900724375366e-10,5.169218351579416e-21,6.579302221329411e-13,0.6677604537972874,1.0622046745204188e-11,0.000316828296288779,1309519.602501305,339569.16857707134
4.848336985933999e-05,0.00015811215279683182,-5.104035409935954,397.6240574169408,0.0,0.008237490194298853,76.67613496362718,1.156264605536704e-13,0.0,9.650661875498302e-07,25.56008429450103,2.3467427883535147e-09,7.441871554824408e-13,3.764548533510997e-10,4.765848181374661e-21,6.774580539674875e-13,0.6696991812911981,1.078474120104577e-11,0.0003168452272833085,1303488.9609018867,340860.9215808494
4.85138885115403e-05,0.00015795349459528428,-5.293275229093599,397.9938651217434,0.0,0.008262336671639189,76.9074218003339,1.136832460449745e-13,0.0,9.679772250588766e-07,25.63718404698948,2.3490897544395517e-09,7.441463701512006e-13,3.775650538651592e-10,4.713010156906627e-21,6.984444595629865e-13,0.6717192701376464,1.0956892706938638e-11,0.0003168628493118192,1297453.8556251226,342209.6521443381
4.8544407163740605e-05,0.00015778907449349964,-5.481636000796461,398.37957813210426,0.0,0.008288191055721946,77.14809069270011,1.1177970737305167e-13,0.0,9.710063476105258e-07,25.717411319315236,2.351677619210738e-09,7.441445707458624e-13,3.78720982724176e-10,4.794660363172067e-21,7.209856044927827e-13,0.6738213030595177,1.1138855528979014e-11,0.00031688116412557644,1291414.3754345807,343615.93018227705
4.857492581594091e-05,0.0001576189191386824,-5.6691294624755555,398.7812339582119,0.0,0.008315061013427823,77.39821302312588,1.0991469504150214e-13,0.0,9.741544536425916e-07,25.800789906889225,2.354505648808761e-09,7.441813146997784e-13,3.799229711133904e-10,4.806127547536254e-21,7.451862889724045e-13,0.6760059035198283,1.1331007637606984e-11,0.00031690017361585005,1285370.6091581741,345080.3599207808
4.860544446814122e-05,0.00015744305482701798,-5.855766869212284,399.1988723524987,0.0,0.008342954716059763,77.65786487010605,1.0808710015922933e-13,0.0,9.77422500699181e-07,25.88734517057135,2.3575732019458216e-09,7.442561788443797e-13,3.811713727846128e-10,5.00792596798991e-21,7.711606694333053e-13,0.6782737359978875,1.1533752015976143e-11,0.0003169198798131073,1279322.6456868558,346603.58047995716
4.863596312034152e-05,0.0001572615075185027,-6.04155899303009,399.6325354571371,0.0,0.008371880843177127,77.9271270439813,1.0629585279669544e-13,0.0,9.808115058806681e-07,25.977104048588135,2.3608797273701e-09,7.443687583408652e-13,3.824665642011673e-10,5.3881842709949015e-21,7.990332458376253e-13,0.6806255063015516,1.1747518064966935e-11,0.00031694028488625807,1273270.5739733079,348186.2664844812
4.866648177254183e-05,0.000157074302851789,-6.2265161214921445,400.0822679428228,0.0,0.008401848586902492,78.20608512709278,1.04539920423431e-13,0.0,9.8432254634909e-07,26.070095069918345,2.364424761384126e-09,7.445186656096226e-13,3.8380894470333234e-10,5.495264782133796e-21,8.289398072263951e-13,0.6830619619179392,1.1972763097655168e-11,0.0003169613911419682,1267214.4830306363,349829.1287074475
4.872436495257175e-05,0.000156703790862561,-6.575055801367036,400.97956594343157,0.0,0.00846158322843648,78.76213149788931,1.0130301241379063e-13,0.0,9.913210935444606e-07,26.255453813968767,2.371802336105758e-09,7.44904211520763e-13,3.864861220485114e-10,5.7452688216488175e-21,8.917880589360396e-13,0.6879185421179267,1.2433268361836017e-11,0.0003170033572580946,1255717.4796208167,353113.0614872129
4.878224813260166e-05,0.00015631318873452694,-6.920688656973649,401.9351932305966,0.0,0.008525171619170015,79.3540507704962,9.81831178093509e-14,0.0,9.98771146602394e-07,26.452770834118937,2.3800348162479845e-09,7.454203233718319e-13,3.8933770193255423e-10,6.335181716055792e-21,9.636435708037535e-13,0.6930884408353787,1.2940480759615531e-11,0.00031704787264014026,1244206.9466721502,356621.6581253177
4.884013131263158e-05,0.0001559026630528314,-7.263470278506094,402.94953811385346,0.0,0.008592692110030829,79.98257242362563,9.517418852385525e-14,0.0,1.0066818869353621e-06,26.662289302995468,2.389121441528183e-09,7.460647932422273e-13,3.923671045085734e-10,6.347354707127462e-21,1.0458620375044208e-12,0.6985780294307105,1.3498490089040419e-11,0.00031709495706589146,1232683.4931856443,360360.8974510612
4.889801449266149e-05,0.00015547237736806337,-7.603449698574615,404.0230286997229,0.0,0.00866423013078598,80.6484918459242,9.227056209195013e-14,0.0,1.0150633255157354e-06,26.88427436438269,2.3990624080505185e-09,7.46835571779082e-13,3.9557806366331584e-10,7.109478424166865e-21,1.1400464118506191e-12,0.704394254930137,1.4111891466276535e-11,0.00031714463205897856,1221147.7288459095,364337.2824530136
4.895589767269141e-05,0.00015502249262663666,-7.9406692182694965,405.1561347493992,0.0,0.008739878370659645,81.35267201999177,8.946693261914716e-14,0.0,1.0239263240712819e-06,27.11901369459233,2.409858807036144e-09,7.477307482014929e-13,3.989746342162677e-10,1.0628654109990969e-20,1.2480921306207197e-12,0.7105446547341054,1.478584588144258e-11,0.0003171969208790765,1209600.2639888949,368557.8620441699
4.901378085272132e-05,0.00015455316754912947,-8.275164205412759,406.3493687992121,0.0,0.008819736990578298,82.09604550101653,8.675832749530374e-14,0.0,1.0332826199887908e-06,27.36681816204395,2.4215125684732292e-09,7.487485343282873e-13,4.025612005126588e-10,1.0458696144942794e-20,1.3722520266339486e-12,0.7170373738989487,1.5526149450931918e-11,0.00031725184851584645,1198041.7095696128,373030.25473538984
4.907166403275124e-05,0.00015406455900271825,-8.60696285882238,407.60328698224004,0.0,0.008903913860279783,82.87961662724113,8.414008722592201e-14,0.0,1.0431448541355747e-06,27.628022564126454,2.4340264051561967e-09,7.498872519953358e-13,4.06342486066833e-10,7.175735925037547e-22,1.5152032072964847e-12,0.7238811844433756,1.633931321497213e-11,0.00031730944168446195,1186472.677129793,377762.6743913046
4.9129547212781154e-05,0.0001535568224175627,-8.936085926592618,408.9184899275539,0.0,0.0089925248122891,83.70446388802796,8.160784564502566e-14,0.0,1.0535266006645595e-06,27.902986416595546,2.4474037519849936e-09,7.511453158291177e-13,4.1032356385066045e-10,2.174283656581113e-21,1.6801246941218589e-12,0.7310855060314557,1.7232653460660138e-11,0.0003173697288202946,1174893.778765546,382763.95815777767
4.918743039281107e-05,0.0001530301122433255,-9.262546375308048,410.2956236807173,0.0,0.009085693913496356,84.57174245645064,7.915751080034019e-14,0.0,1.0644423988901412e-06,28.192094797816118,2.461648700135582e-09,7.525212224448862e-13,4.1450986725053244e-10,4.501447320697966e-20,1.8708160776841147e-12,0.7386604280925956,1.8214395746981004e-11,0.0003174327400727223,1163305.627094962,388043.5966376449
4.9245313572840986e-05,0.0001524845824209236,-9.586349011830148,411.7353804449048,0.0,0.009183553758914026,85.48268692904713,7.678524790692876e-14,0.0,1.0759077877714305e-06,28.49575926206224,2.4767659276982887e-09,7.540135234743775e-13,4.189072019045954e-10,7.47944527813409e-20,2.091856807722808e-12,0.7466167337508898,1.9293793425057105e-11,0.00031749850729858496,1151708.8352257174,393611.76642279635
4.9303196752870905e-05,0.00015192038686381352,-9.907490056531117,413.2384990995855,0.0,0.00928624578914563,86.43861428709137,7.448746468551295e-14,0.0,1.0879393431835862e-06,28.814418826660617,2.4927606266517943e-09,7.556208358314785e-13,4.235217584806462e-10,0.0,2.3487362911759933e-12,0.7549659256892439,2.0481263392332196e-11,0.0003175670640549189,1140104.016722615,399479.3651092594
4.936107993290082e-05,0.00015133767996217392,-10.225956662858444,414.80576558612876,0.0,0.009393920629696162,87.44092706215359,7.226079838638422e-14,0.0,1.100554717760376e-06,29.148541027233886,2.509638424181867e-09,7.573417620395325e-13,4.283601262862948e-10,0.0,2.647941540492166e-12,0.7637202537977814,2.1788541813946887e-11,0.0003176384455898574,1128491.785575138,405658.0489097509
4.9418963112930737e-05,0.00015073661712197383,-10.541726377403903,416.4380132192385,0.0,0.009506738450234534,88.49111668855608,7.010210391870228e-14,0.0,1.1137726830890506e-06,29.49862303524576,2.5274052963401735e-09,7.591750434565418e-13,4.3342930760065055e-10,4.544749576971243e-19,2.997230091979421e-12,0.7728927444546158,2.3228862477866427e-11,0.00031771268883061884,1116872.756164957,412160.2729596742
4.947684629296065e-05,0.00015011735534101067,-10.854766535912141,418.1361228975155,0.0,0.00962486934349833,89.59076704004181,6.80084431384727e-14,0.0,1.1276131742237596e-06,29.86519283695369,2.5460674728699426e-09,7.611190647303804e-13,4.3873673269312155e-10,1.028208939653253e-18,3.4063165575707185e-12,0.7824972314155633,2.4817161335424085e-11,0.00031778983236780214,1105247.5432334282,418999.3344064491
4.953472947299057e-05,0.00014948005382078394,-11.165033591065113,419.90102316009904,0.0,0.009748493724009741,90.74155815246151,6.597707546700156e-14,0.0,1.142097336540234e-06,30.24881047437097,2.5656313322614774e-09,7.631732627118733e-13,4.442902755169725e-10,0.0,3.887460377927941e-12,0.7925483883285622,2.6570311379511076e-11,0.00031786991643521735,1093616.7618490614,426189.4183718675
4.959261265302048e-05,0.0001488248746169736,-11.47247236689698,421.73369006286583,0.0,0.00987780274589199,91.9452701261584,6.400545008760013e-14,0.0,1.1572475748521853e-06,30.650069346131353,2.586103285632747e-09,7.653335765895202e-13,4.500982700204937e-10,0.0,4.454773247288801e-12,0.803061762817596,2.8507392480686193e-11,0.0003179529828842196,1081981.027374988,433745.6468692012
4.96504958330504e-05,0.00014815198333487884,-11.777015233540732,423.63514686660784,0.0,0.010012998738110129,93.20378719279267,6.209119891994358e-14,0.0,1.1730876045974087e-06,31.069597563169634,2.6074896475470968e-09,7.676076571324266e-13,4.561695269695358e-10,8.774101119694295e-18,5.122787572941459e-12,0.8140538120028522,3.065000154764077e-11,0.00031803907515125967,1070340.9554363962,441684.13073805365
4.970837901308031e-05,0.0001474615498761001,-12.078581195448146,425.6064635186376,0.0,0.010154295655076697,94.51910192780592,6.023213254493444e-14,0.0,1.1896425048569054e-06,31.50805935295161,2.629796491731999e-09,7.699605779668852e-13,4.6251335115459537e-10,2.5592215129606832e-17,5.908975483519851e-12,0.8255419392929169,3.302260927256107e-11,0.0003181282382172264,1058697.1618879633,450022.0246354393
4.976626219311023e-05,0.00014675374924133093,-12.377074885967982,427.6487558892297,0.0,0.010301919540374562,95.8933195880486,5.842623093101866e-14,0.0,1.2069387729492456e-06,31.966156505427158,2.6530294896470332e-09,7.725195315396476e-13,4.691395588448792e-10,1.7536197597712615e-17,6.8442672955597336e-12,0.8375445322701464,3.56529707175536e-11,0.00031822051855704406,1047050.2627812653,458777.58509352274
4.9824145373140144e-05,0.00014602876239401137,-12.672385460709899,429.7631847150369,0.0,0.01045610900081815,97.32866254939363,5.6671660390852777e-14,0.0,1.2250043802832806e-06,32.44462985231376,2.677193729699622e-09,7.747563491168334e-13,4.760584953250111e-10,0.0,7.980789654806493e-12,0.8500810014493355,3.857259814261233e-11,0.0003183159640778097,1035400.8743321924,467970.2316194268
4.988202855317006e-05,0.0001452867771907516,-12.964385380947032,431.9509541980236,0.0,0.01061711568714541,98.82747481094934,5.496672547166852e-14,0.0,1.2438688290496319e-06,32.94426076858092,2.7022935146163985e-09,7.768151857350095e-13,4.832810523049023e-10,6.14680491256846e-17,9.3467794936301e-12,0.8631718196181198,4.1817305530640246e-11,0.00031841462404337854,1023749.6128883396,477620.6107627112
4.9939911733199975e-05,0.0001445279893854639,-13.252929079726577,434.21331021798716,0.0,0.010785204776701904,100.39222652298818,5.330987542137725e-14,0.0,1.2635632092103728e-06,33.46587268184015,2.7283321341412363e-09,7.803967566667509e-13,4.908186849409045e-10,2.0358991177672005e-16,1.0910392753046156e-11,0.876838561384501,4.54278373383749e-11,0.0003185165489835954,1012097.0948963998,487750.66303017014
4.9997794913229895e-05,0.00014375260371457527,-13.537851499128516,436.551538085748,0.0,0.010960655452489672,102.02551848569688,5.1699826114005834e-14,0.0,1.2841202551207003e-06,34.010332572008224,2.7553116100210137e-09,7.856146095956947e-13,4.986834281526428e-10,9.101873274381852e-17,1.2716443942129906e-11,0.8911039424693603,4.9450591442960756e-11,0.00031862179058514406,1000443.9368695421,498383.6924292086
4.999850646983535e-05,0.0001437429695290378,-13.541330758299331,436.5807594280634,0.0,0.010962859278231186,102.04603424372849,5.168032418105355e-14,0.0,1.2843784718933534e-06,34.017171525249594,2.7556491259058776e-09,7.855771378382788e-13,4.987821966494609e-10,6.325102036936898e-17,1.2782543405641139e-11,0.8912831297262152,4.9502821329728684e-11,0.0003186231051732385,1000300.6834558365,498517.63529222197
4.999921802644081e-05,0.00014373333286801584,-13.544809442021744,436.6099924377519,0.0,0.010965064261265575,102.06656077626856,5.166083352072691e-14,0.0,1.2846368242768156e-06,34.02401407018662,2.7559867840638737e-09,7.854097958449336e-13,4.988810165032988e-10,0.0,1.2930892259520218e-11,0.8914624110889231,4.955512153000299e-11,0.0003186244202705913,1000157.4300397255,498651.657930647
5.0002739848195634e-05,0.00014368559964720058,-13.56234817229251,436.7548536385826,0.0,0.010975994911989343,102.16831594993748,5.15645151583346e-14,0.0,1.2859175418843808e-06,34.05793428282042,2.757660133955283e-09,7.831023476029386e-13,4.993708837944379e-10,3.669311662514187e-16,1.3001624380901638e-11,0.8923511538015938,4.981501943287135e-11,0.0003186309392748744,1000000.0,499316.18119428045
5.000532029568327e-05,0.00014365058570765026,-13.575551067538518,436.86117953445546,0.0,0.010984022151310717,102.2430428420808,5.1494011749415784e-14,0.0,1.2868580743712707e-06,34.08284458447407,2.7588884848217173e-09,7.824463361094174e-13,4.997306243066562e-10,1.6534828586409994e-15,1.1961151172053083e-11,0.8930038280445611,5.0006553342281984e-11,0.00031863572650884966,1000000.0,499804.34122133045
5.000723072248712e-05,0.00014362464129379402,-13.585316000814412,436.93999998916274,0.0,0.010989975175943321,102.29846052684967,5.1441837543093843e-14,0.0,1.2875555760520677e-06,34.10131813803589,2.759799154072863e-09,7.830124197936424e-13,4.999974046711202e-10,4.1407269145914056e-17,1.3040577771208581e-11,0.8934878531963812,5.01489628860772e-11,0.0003186392751570533,1000000.0,500166.44308977306
5.0009141149290974e-05,0.00014359867822861917,-13.5950349143843,437.01890757593975,0.0,0.010995936785666982,102.35395815151345,5.13897154399595e-14,0.0,1.2882540838773618e-06,34.11981833966003,2.7607108975060264e-09,7.83551809317375e-13,5.002645662172353e-10,0.0,1.343386899929738e-11,0.8939725765541553,5.029189297482785e-11,0.0003186428273030957,1000000.0,500529.1363368114
5.001105157609482e-05,0.00014357269660273243,-13.60475465636654,437.09790207163945,0.0,0.011001906972947005,102.40953564495393,5.133765794970191e-14,0.0,1.2889535969521153e-06,34.13834516563913,2.7616237103830512e-09,7.836918553664903e-13,5.005321085686404e-10,3.7398109130439687e-17,1.3260045490556646e-11,0.8944579974966106,5.043534583687365e-11,0.00031864638327912053,1000000.0,500892.420738692
5.001296200289867e-05,0.0001435466964207119,-13.61450161701581,437.17698353862676,0.0,0.011007885750769391,102.46519311997343,5.1285655435012324e-14,0.0,1.2896541166962248e-06,34.156898653575986,2.7625375929241493e-09,7.836923751191001e-13,5.008000322478551e-10,0.0,1.339704092673274e-11,0.894944117008099,5.057932346349056e-11,0.0003186499432803316,1000000.0,501256.2973017302
5.001487242970252e-05,0.00014352067761550901,-13.62426140455139,437.2561522776437,0.0,0.011013873147438265,102.5209308430983,5.123369802250544e-14,0.0,1.2903556464642882e-06,34.175478892317486,2.76345254948568e-09,7.838353374203165e-13,5.010683385286286e-10,1.6635353393978776e-18,1.3525881824034432e-11,0.8954309374168138,5.072382810051586e-11,0.00031865350721462963,1000000.0,501620.76806166884
5.001678285650637e-05,0.00014349464014743488,-13.634014163544117,437.33540849855336,0.0,0.011019869185222894,102.57674902285596,5.118178711028798e-14,0.0,1.291058188880843e-06,34.194085951376515,2.7643685828478442e-09,7.840894652199944e-13,5.013370284011051e-10,0.0,1.3524286418265085e-11,0.8959184605441827,5.0868862235251856e-11,0.00031865707494612013,1000000.0,501985.8346672653
5.0018693283310224e-05,0.00014346858403737294,-13.643758691253966,437.414752210629,0.0,0.011025873872846507,102.63264773828665,5.112992847211738e-14,0.0,1.2917617449406758e-06,34.21271985710121,2.765285692291239e-09,7.842930506000378e-13,5.016061022224541e-10,0.0,1.3634841479735987e-11,0.8964066870803109,5.101442825220754e-11,0.0003186606464663616,1000000.0,502351.4979025556
5.002060371011407e-05,0.00014344250931756918,-13.653504481165097,437.4941833856148,0.0,0.01103188721606056,102.68862704415808,5.107812347872553e-14,0.0,1.2924663153331154e-06,34.231380627748464,2.7662038764368245e-09,7.844016070713181e-13,5.01875560231137e-10,4.432222451583478e-18,1.3735843343222152e-11,0.8968956175036682,5.116052829437261e-11,0.0003186642218433426,1000000.0,502717.7583899848
5.002251413691792e-05,0.0001434164159881997,-13.663256160840621,437.5737021012474,0.0,0.0110379092280915,102.7446870642228,5.102636938532865e-14,0.0,1.2931719016157684e-06,34.25006830457134,2.7671231357585323e-09,7.84487381025439e-13,5.021454030026925e-10,0.0,1.3769488579919839e-11,0.8973852528951833,5.130716445396526e-11,0.00031866780111411923,1000000.0,503084.6172135011
5.002538844742511e-05,0.00014337712248397436,-13.677940659197318,437.69350625668693,0.0,0.011046985944874379,102.82918391982803,5.094859682441392e-14,0.0,1.2942354014534536e-06,34.27823543559003,2.7685082250055022e-09,7.846387021453095e-13,5.025521182900027e-10,1.5584276158001273e-19,1.3880228757068909e-11,0.8981232592484496,5.152879918086164e-11,0.00031867319362362576,1000000.0,503637.70049304416
5.002826275793229e-05,0.00014333778677155876,-13.692632875125897,437.81350929481806,0.0,0.011056082379901378,102.9138643680801,5.0870936866405835e-14,0.0,1.2953012120368085e-06,34.306463767443375,2.769895755603231e-09,7.848106797525783e-13,5.029597086991064e-10,5.429609938766579e-19,1.4011375215841867e-11,0.8988628691233601,5.175166044398283e-11,0.00031867859493708086,1000000.0,504192.14557171555
5.003113706843947e-05,0.00014329840881062295,-13.707321380974815,437.933711619135,0.0,0.011065198588283892,102.99872892264001,5.079339058920969e-14,0.0,1.2963693398308803e-06,34.33475347136091,2.7712857315384704e-09,7.849769752278025e-13,5.033681766393892e-10,9.429446742615415e-20,1.4128465925145575e-11,0.8996040870063302,5.197575629783668e-11,0.0003186840049882719,1000000.0,504747.9567706798
5.0034011378946656e-05,0.0001432589886102975,-13.72200353945438,438.0541134693041,0.0,0.011074334613901615,103.08377799213618,5.071595796684242e-14,0.0,1.297439789978772e-06,34.3631046835594,2.7726781539289017e-09,7.851359976650959e-13,5.037775240064068e-10,3.0142212092144715e-19,1.4249238939223771e-11,0.9003469164663548,5.2201094588704464e-11,0.0003186894237680677,1000000.0,505305.13771227404
5.0036885689453846e-05,0.00014321952620350057,-13.736685075936599,438.1747150070663,0.0,0.01108349049523028,103.16901193506418,5.063863839706761e-14,0.0,1.2985125669926157e-06,34.391517523543804,2.7740730225052545e-09,7.852978593749057e-13,5.041877524502242e-10,2.818960033348532e-19,1.437349004435872e-11,0.9010913606345803,5.2427682979263306e-11,0.00031869485132499505,1000000.0,505863.69168787525
5.003975999996103e-05,0.00014318002160162066,-13.751370971331736,438.29551646636827,0.0,0.011092666275848028,103.25443115754906,5.0561431663224326e-14,0.0,1.2995876759840156e-06,34.41999212669638,2.775470338241773e-09,7.854634342034089e-13,5.045988638531925e-10,0.0,1.4486868992240956e-11,0.901837423058169,5.2655529214813706e-11,0.00031870028770525366,1000000.0,506423.62231192196
5.004263431046821e-05,0.00014314047478755258,-13.766061210582516,438.41651817604844,0.0,0.011101862006129913,103.34003612868874,5.048433794574107e-14,0.0,1.3006651228571596e-06,34.44852864939149,2.776870103765451e-09,7.85625710823359e-13,5.050108604049059e-10,4.305535833172388e-19,1.460706328493744e-11,0.9025851078342643,5.2884641264281175e-11,0.0003187057329226738,1000000.0,506984.93362439104
5.0045508620975394e-05,0.00014310088574111948,-13.780753654029247,438.537720476102,0.0,0.011111077737314679,103.42582732577887,5.0407357320402034e-14,0.0,1.3017449136194104e-06,34.47712725073623,2.778272321880732e-09,7.857812590015361e-13,5.054237443344944e-10,4.723997518387312e-19,1.4735071437244602e-11,0.9033344191316263,5.3115027230156244e-11,0.0003187111869760611,1000000.0,507547.6297249989
5.0048382931482584e-05,0.00014306125445593946,-13.795447555050757,438.6591236620985,0.0,0.01112031351757442,103.51180519774414,5.0330489584693024e-14,0.0,1.3028270539210518e-06,34.505788080380206,2.779676994586972e-09,7.859331357696204e-13,5.058375177319151e-10,0.0,1.4853424835142602e-11,0.9040853608712383,5.334669521853502e-11,0.00031871664987246934,1000000.0,508111.71452877665
5.0053058539430075e-05,0.00014299669644834986,-13.81935226566496,438.85703875347525,0.0,0.011135380212089189,103.65206438165524,5.020569049459008e-14,0.0,1.3045923932123942e-06,34.552543652297494,2.7819672084263814e-09,7.861768228490864e-13,5.065125037979183e-10,3.2396641424954454e-19,1.5056657912466436e-11,0.9053104025377914,5.372630683257883e-11,0.00031872555522140185,1000000.0,509032.2817186528
5.005773414737757e-05,0.0001429320266503638,-13.843261223882967,439.0554873973317,0.0,0.011150500290476142,103.79282061871604,5.0081189125747994e-14,0.0,1.3063639885462385e-06,34.599464917493535,2.7842639299370458e-09,7.864196850582569e-13,5.071898578695668e-10,4.502587714315846e-19,1.52647810323825e-11,0.9065397855301347,5.410936761060145e-11,0.00031873448405670573,1000000.0,509956.550639673
5.0062409755325064e-05,0.00014286724505402937,-13.867178309840465,439.25447081171075,0.0,0.011165673958196863,103.93407582308231,4.995698490804644e-14,0.0,1.3081418640146622e-06,34.646552514054505,2.786567166528641e-09,7.86664972934491e-13,5.078695888450966e-10,3.793301877342613e-19,1.5472118268720428e-11,0.9077735265667546,5.4495913131001083e-11,0.0003187434364581126,1000000.0,510884.53809665545
5.0067085363272556e-05,0.00014280235162729383,-13.891105418592636,439.4539903006002,0.0,0.01118090142745554,104.07583197158101,4.983307743070038e-14,0.0,1.3099260444985337e-06,34.69380710095808,2.788876926995267e-09,7.869133088551315e-13,5.085517059252706e-10,4.172224852234312e-19,1.5685005380775698e-11,0.9090116429135041,5.488597955000756e-11,0.0003187524124945472,1000000.0,511816.26134757156
5.0071760971220054e-05,0.00014273734631629176,-13.915040956512364,439.6540472453165,0.0,0.01119618291669944,104.21809109923788,4.970946647057292e-14,0.0,1.3117165556112167e-06,34.74122935658258,2.7911932213883664e-09,7.871623418907357e-13,5.092362185914512e-10,3.7394503399034545e-19,1.59027725501994e-11,0.9102541523445585,5.527960362849198e-11,0.0003187614122127858,1000000.0,512751.73807300464
5.0081270478322266e-05,0.0001426047896074213,-13.963748922034453,440.0625977333323,0.0,0.01122743080691027,104.50898566142241,4.945897318070408e-14,0.0,1.31537783172519e-06,34.83819941758429,2.795924424369839e-09,7.876699633373581e-13,5.106358477432565e-10,3.1738302583571904e-19,1.6350633460225083e-11,0.9127948626869475,5.609130824615646e-11,0.0003187797896345118,1000000.0,514666.0151072651
5.0090779985424484e-05,0.00014247176957946168,-14.012486847855195,440.4733883446905,0.0,0.011258904885339188,104.80198627218576,4.920970246555016e-14,0.0,1.3190656151239305e-06,34.93587153246943,2.8006827708044518e-09,7.88176591695389e-13,5.120455048079645e-10,2.454143985711891e-19,1.6812826344205208e-11,0.9153539675270136,5.6918200937468355e-11,0.00031879826569545166,1000000.0,516596.0407579793
5.0100289492526696e-05,0.0001423382859476964,-14.06124638209937,440.8864303423267,0.0,0.011290606994266416,105.09711009467554,4.8961651737213595e-14,0.0,1.3227801218272887e-06,35.03425142259419,2.8054683345380336e-09,7.886813212690291e-13,5.134652696109748e-10,2.764876499691476e-19,1.7291915288467218e-11,0.917931616769877,5.7760606672717355e-11,0.00031881684080969783,1000000.0,518541.96534215956
5.0109798999628915e-05,0.00014220433850749647,-14.110026015309131,441.3017348146066,0.0,0.011322538976738896,105.39437429959042,4.871481819917371e-14,0.0,1.3265215679501725e-06,35.13334481183191,2.8102811842389282e-09,7.891876223406929e-13,5.1489522194645e-10,4.0106483731690586e-19,1.7787014527629406e-11,0.9205279603866122,5.861885750857325e-11,0.000318835515433338,1000000.0,520503.93981392484
5.0119308506731127e-05,0.00014206992707732963,-14.158828469194994,441.719312866739,0.0,0.011354702690126036,105.69379619133844,4.8469199137755814e-14,0.0,1.3302901712904042e-06,35.2331574686281,2.815121386704766e-09,7.896982889057403e-13,5.163354421925472e-10,4.387719702350593e-19,1.8297490065915092e-11,0.9231431495161286,5.949329319297576e-11,0.00031885429005363745,1000000.0,522482.11662148783
5.0128818013833345e-05,0.00014193505144887298,-14.207655800446458,442.1391757895411,0.0,0.011387100018270032,105.99539332113673,4.8224792127858036e-14,0.0,1.3340861527522078e-06,35.33369524370238,2.8199890097929445e-09,7.90212990281543e-13,5.177860118626377e-10,3.9989515043798836e-19,1.8824225856060895e-11,0.9257773374529963,6.038426176695107e-11,0.00031887316516057555,1000000.0,524476.6504799483
5.013832752093556e-05,0.0001417997113864867,-14.256508068145038,442.56133505673995,0.0,0.011419732871984643,106.29918349167578,4.7981594962326204e-14,0.0,1.3379097364049079e-06,35.434964071603304,2.824884122443944e-09,7.907305624421814e-13,5.192470136266355e-10,4.810716648559043e-19,1.9368562777168763e-11,0.9284306796881843,6.129211990656897e-11,0.00031889214123700477,1000000.0,526487.6984078187
5.015936458136143e-05,0.00014149865895966078,-14.364667047478052,443.5034583256523,0.0,0.011492770208882987,106.97911422385839,4.7447879177226374e-14,0.0,1.3464675249148128e-06,35.66161981945252,2.835811167461467e-09,7.918849063737237e-13,5.225165450975241e-10,5.460283518559977e-19,2.0636119114186853e-11,0.9343692817346253,6.336234045401573e-11,0.0003189344815383967,1000000.0,530996.0367274269
5.0180401641787304e-05,0.0001411953300297654,-14.472939215932227,444.457003092881,0.0,0.011566990925003321,107.6700638922386,4.692005356266504e-14,0.0,1.3551640006697346e-06,35.89194874322465,2.8468738014099634e-09,7.930512877645058e-13,5.258384592020661e-10,7.1813407450598495e-19,2.1998085550980422e-11,0.9404041245790536,6.552112636298858e-11,0.00031897732360969256,1000000.0,535587.7277516689
5.020143870221317e-05,0.00014088972224548,-14.58131365427296,445.4220979807162,0.0,0.01164241676637724,108.37223511528276,4.6398100804358606e-14,0.0,1.3640017138786158e-06,36.1260183860321,2.858072726396785e-09,7.942296527090386e-13,5.292136952427987e-10,8.809321308093298e-19,2.3462053206389112e-11,0.9465369779170009,6.77728084256476e-11,0.00031902067276069914,1000000.0,540264.571683197
5.0222475762639044e-05,0.00014058183350846036,-14.689782856290007,446.398873154569,0.0,0.011719069945516318,109.08583486561908,4.5882006714309543e-14,0.0,1.3729832695529764e-06,36.36389774245228,2.8694086117572953e-09,7.954210710652045e-13,5.326432118444871e-10,7.532598756783611e-19,2.5035511446692612e-11,0.9527696494738009,7.01219516957325e-11,0.0003190645343816332,1000000.0,545028.4144322989
5.024351282306492e-05,0.00014027166191369958,-14.798341783360543,447.3874605681135,0.0,0.011796973168672007,109.81107472457033,4.5371760512212925e-14,0.0,1.3821113307105176e-06,36.605657343376386,2.8808820956583766e-09,7.966257664563717e-13,5.36127988112667e-10,7.5169694029606795e-19,2.6728442086822958e-11,0.9591039872277066,7.257336966325111e-11,0.0003191089139465146,1000000.0,549881.1499536491
5.026454988349079e-05,0.00013995920566763572,-14.906984880952502,448.3879942826545,0.0,0.011876149669908787,110.54817120017803,4.4867355083592194e-14,0.0,1.3913886223778397e-06,36.851369362023156,2.8924937881438286e-09,7.978431619551691e-13,5.396690250992284e-10,1.2121242248433234e-18,2.8551362538009895e-11,0.9655418821875572,7.513213950185173e-11,0.0003191538170049047,1000000.0,554824.7230432505
5.028558694391666e-05,0.00013964446308077627,-15.015705046674153,449.40061051808715,0.0,0.011956623227557186,111.29734588127113,4.436878710457513e-14,0.0,1.4008179335295836e-06,37.10110766529784,2.9042442695983435e-09,7.990730811020351e-13,5.432673464627138e-10,1.4191160892436868e-18,3.051348024568018e-11,0.9720852697384342,7.780361850620346e-11,0.0003191992491763489,1000000.0,559861.1310313394
5.0318761611517906e-05,0.00013914347639192143,-15.187289793823274,451.0223549736906,0.0,0.012086221655208312,112.50385926419159,4.3594427696684646e-14,0.0,1.4160034308015304e-06,37.50330038835558,2.923057656699509e-09,8.010377360175761e-13,5.490607046125867e-10,6.99221263039165e-19,3.391925793017513e-11,0.9826231120419807,8.225925956048023e-11,0.0003192719829410135,1000000.0,567996.9779192079
5.0351936279119155e-05,0.0001386367950735667,-15.3590119987629,452.6750434458908,0.0,0.0122192045118217,113.74188971388898,4.28346106817164e-14,0.0,1.4315856101934846e-06,37.91599936429748,2.9422194730594174e-09,8.030332170787806e-13,5.550033474028473e-10,4.554722181419435e-19,3.775480845306297e-11,0.9934362284358906,8.703312254471962e-11,0.00031934606935528505,1000000.0,576377.1258891909
5.0385110946720404e-05,0.00013812441513858848,-15.530834790441224,454.3592410111736,0.0,0.012355673590880465,115.01238600685566,4.2089385872999734e-14,0.0,1.4475764132517191e-06,38.33952086891648,2.9617313933764798e-09,8.050592282152565e-13,5.610996416521086e-10,1.924008609108606e-18,4.207957915410656e-11,1.004532905654906,9.215111612994016e-11,0.0003194215315347485,1000000.0,585010.2499769679
5.0418285614321653e-05,0.00013760633389244293,-15.702718804209749,456.07552533080093,0.0,0.01249573437208336,116.31633135850056,4.1358831846656486e-14,0.0,1.4639882149788729e-06,38.77419265825863,2.9815947900937033e-09,8.071150907189105e-13,5.673541053101598e-10,2.6548503530516187e-18,4.6958487631915825e-11,1.0159217312276099,9.764148389119856e-11,0.0003194983930389471,1000000.0,593905.3944698176
5.04514602819229e-05,0.00013708255001265013,-15.87462158648129,457.8244868064845,0.0,0.01263949615910236,117.65474471952187,4.0643058143880987e-14,0.0,1.4808338401502787e-06,39.22035440077027,3.0018106994210553e-09,8.092005049678466e-13,5.737714125662458e-10,0.0,5.246766361941331e-11,1.0276116047991033,1.0353502984417535e-10,0.00031957667787148753,1000000.0,603071.9899362857
5.0484634949524145e-05,0.00013655306364036,-16.046497043464857,459.6067286556461,0.0,0.012787072219541,119.02868209413846,3.994220775400927e-14,0.0,1.498126579905375e-06,39.67835811673179,3.0223797843385006e-09,8.113144241096785e-13,5.803563989832592e-10,0.0,5.870151913584317e-11,1.039611749644589,1.0986536949771273e-10,0.00031965641047725904,1000000.0,612519.8708478038
5.0517809617125394e-05,0.00013601787650114849,-16.2182951715078,461.4228668895078,0.0,0.012938579921964156,120.4392378330471,3.925645975794046e-14,0.0,1.5158802080209932e-06,40.1485686092663,3.043302292919781e-09,8.134574528143152e-13,5.871140664066546e-10,1.056624635322978e-17,6.57691525504043e-11,1.0519317239622241,1.1666920678288896e-10,0.0003197376157376148,1000000.0,622259.293546362
5.055098428472664e-05,0.00013547699204286402,-16.389961898202696,463.2735302338788,0.0,0.013094140872729828,121.88754592688848,3.85860324693066e-14,0.0,1.5341089971909962e-06,40.63136389551762,3.064578012442529e-09,8.156277703692456e-13,5.940495877624107e-10,1.4105609741907097e-17,7.377528526585347e-11,1.0645814321704252,1.239866386715924e-10,0.00031982031896398723,1000000.0,632300.954759561
5.058415895232789e-05,0.0001349304155786943,-16.56143887616122,465.1593600238379,0.0,0.013253881055664874,123.37478132825102,3.7931186666930894e-14,0.0,1.5528277356650641e-06,41.12713564734163,3.0862062198235206e-09,8.178250675848216e-13,6.01168311873812e-10,0.0,8.28403427202728e-11,1.0775711364543905,1.318614935929532e-10,0.0003199045458901693,1000000.0,642656.0108735716
5.063581172246178e-05,0.0001340680865854785,-16.827899666746294,468.1671361848458,0.0,0.013511224378117926,125.77077479749525,3.69433539457583e-14,0.0,1.5829843435273854e-06,41.92584301906025,3.120579638886882e-09,8.212970569545267e-13,6.126299216458875e-10,0.0,9.950354059667317e-11,1.0984980499564065,1.45346810789672e-10,0.0003200387816728006,1000000.0,659430.2490920251
5.068746449259566e-05,0.00013319201565582906,-17.093484945833673,471.2642788628807,0.0,0.013779532104068053,128.26890756746317,3.599546326349593e-14,0.0,1.6144265033190655e-06,42.7585986513871,3.1557963265425817e-09,8.248266108291689e-13,6.245708871019914e-10,8.02122172545198e-17,1.199852797084956e-10,1.1203170611498692,1.6050423904895274e-10,0.00032017687534995466,1000000.0,677038.9446226405
5.0739117262729546e-05,0.0001323022553388528,-17.357901616884195,474.45338414211517,0.0,0.014059348284715063,130.8742564543748,3.5089264638437555e-14,0.0,1.647218113091424e-06,43.6270949070523,3.1918441138238487e-09,8.284119118238636e-13,6.370141150283091e-10,6.25305456526129e-17,1.450216543501714e-10,1.1430725115911513,1.7756794845595148e-10,0.00032031892973865883,1000000.0,695531.6034802042
5.0790770032863435e-05,0.00013139887424284125,-17.62082130436694,477.73711389269215,0.0,0.014351247001354836,133.5921800325286,3.422690274293855e-14,0.0,1.6814266171488203e-06,44.53311807314942,3.228705930718643e-09,8.320500734154095e-13,6.499836836599245e-10,0.0,1.7557778432050035e-10,1.1668112037464933,1.9680800286263103e-10,0.00032046504968122406,1000000.0,714961.0782085522
5.084242280299732e-05,0.00013048195903711372,-17.881876476183916,481.11819068538085,0.0,0.014655833602305678,136.42833057563024,3.341098010212282e-14,0.0,1.7171231563374801e-06,45.4785523417843,3.266359055913779e-09,8.357277041547143e-13,6.635048764604214e-10,3.4618256614867744e-16,2.1363864781456114e-10,1.1915825052881017,2.1853618129865166e-10,0.00032061534180229784,1000000.0,735383.7808303657
5.0894075573131206e-05,0.00012955161650620128,-18.140656475782738,484.59939136500014,0.0,0.014973745922278297,139.38866592081126,3.2644629651563666e-14,0.0,1.7543827173537527e-06,46.46538376495131,3.3047742896273004e-09,8.394266938989639e-13,6.776042128920753e-10,1.0922687925112065e-15,2.617816820736419e-10,1.2174384527161985,2.4311281895183075e-10,0.0003207699142171058,1000000.0,756859.9049934387
5.094572834326509e-05,0.0001286079758105113,-18.39670313992048,488.18353894239357,0.0,0.015305655409186545,142.47946058687677,3.1931600016514404e-14,0.0,1.7932842726642824e-06,47.49570396080384,3.3439150274378975e-09,8.432087311085111e-13,6.923094721723526e-10,5.907163661028634e-16,3.215150317287603e-10,1.244433848468596,2.709548137223296e-10,0.00032092887617413097,1000000.0,779453.6534278822
5.099738111339898e-05,0.00012765119106871337,-18.649505794603314,491.8734923118953,0.0,0.01565226808185189,145.70731545187587,3.127636339989875e-14,0.0,1.8339109023012895e-06,48.571713339670964,3.383736216297824e-09,8.471649092267349e-13,7.076497059532922e-10,0.0,3.918401153665684e-10,1.2726263454469193,3.02544920814794e-10,0.0003210923376112183,1000000.0,803233.466068632
5.104903388353286e-05,0.0001266814442526235,-18.898495689003845,495.67213350881724,0.0,0.01601432527881167,149.07916557228396,3.0684243122276326e-14,0.0,1.8763498922906565e-06,49.69572371057526,3.4241831860151773e-09,8.511807708216554e-13,7.236552375184535e-10,4.997561586522083e-15,4.758051140844856e-10,1.3020765153033593,3.384426915036152e-10,0.0003212604086161223,1000000.0,828272.2456122066
5.110068665366675e-05,0.00012569894835923133,-19.1430399528426,499.5823520927604,0.0,0.016392604148514567,152.60228573564422,3.0161551548123055e-14,0.0,1.9206928044436727e-06,50.870160132192936,3.4651903533160246e-09,8.546489769636878e-13,7.40357645201893e-10,1.733202517153322e-14,5.922004244599142e-10,1.332847896925955,3.792971312356027e-10,0.000321433198778,1000000.0,854647.576716663
5.115233942380063e-05,0.00012470395087797254,-19.38243504757477,503.60702620457107,0.0,0.01678791777537919,156.28429306217697,2.971573778828346e-14,0.0,1.967035508904191e-06,52.09756178007982,3.5066797907087182e-09,8.56198693063282e-13,7.577897261859351e-10,1.6443846365452158e-14,7.646784894728209e-10,1.365007019171666,4.2586148134113315e-10,0.0003216108164133956,1000000.0,882441.9329244827
5.120399219393452e-05,0.0001236967376093703,-19.615899617900332,507.74899976483516,0.0,0.0172011148110351,160.1331456844895,2.935556468796971e-14,0.0,2.015478167472229e-06,53.38058150652218,3.548559649353394e-09,8.522548453637145e-13,7.759854352868376e-10,0.0,9.676847684434999e-10,1.3986233893881073,4.790104138612509e-10,0.0003217933676464606,1000000.0,911742.8629128181
5.124226641637532e-05,0.0001229427141178843,-19.78456194523256,510.8954685839047,0.0,0.01751934458490241,163.09760467015394,2.91495694182482e-14,0.0,2.052789614805718e-06,54.36878752938892,3.5797813629527317e-09,8.62283025191997e-13,7.899814509889668e-10,3.3407676346126635e-16,1.0807971879032656e-09,1.424515352610824,5.232332690358686e-10,0.000321931879509749,1000000.0,934480.8398894037
5.1280540638816115e-05,0.00012218231268223728,-19.949108304033004,514.1089729788349,0.0,0.01784824922213083,166.16170843402384,2.900149876265636e-14,0.0,2.0913552138826258e-06,55.390210257095916,3.6111089214312554e-09,8.692284101673339e-13,8.044305458045842e-10,7.223976059199234e-16,1.2705109542934521e-09,1.4512776258790312,5.720964128451529e-10,0.0003220731971117715,1000000.0,958136.4955426421
5.131881486125691e-05,0.00012141569871792075,-20.109122637529115,517.3905765713565,0.0,0.018188209392997836,169.32903859600958,2.8916948303344766e-14,0.0,2.1312200429368092e-06,56.446043626383485,3.6424867298064497e-09,8.691185976298416e-13,8.193475508999969e-10,0.0,1.5069355559529341e-09,1.4789414915318382,6.261255416283088e-10,0.0003222173590371156,1000000.0,982751.0906024193
5.135708908369772e-05,0.00012064305416653918,-20.26415640789925,520.7412970165094,0.0,0.018539614542934017,172.60326389584552,2.890167723868755e-14,0.0,2.172430276469649e-06,57.53751061539457,3.673852978029711e-09,8.723548751089219e-13,8.347474961771345e-10,2.5240919189507263e-15,1.765388187042026e-09,1.5075389928162586,6.859080896775709e-10,0.0003223644018057606,1000000.0,1008367.5136001635
5.1395363306138515e-05,0.00011986457878327301,-20.413726352514832,524.1620952769598,0.0,0.01890286206237169,175.98813259120863,2.8962806714110374e-14,0.0,2.215033089607779e-06,58.66586070956338,3.705139139015199e-09,8.763161916404984e-13,8.506455536982595e-10,1.741866147448019e-15,2.101765639395693e-09,1.5371028674156864,7.521003541360468e-10,0.0003225143594580035,1000000.0,1035030.2678242574
5.143363752857931e-05,0.0001190804915230015,-20.55731211475449,527.6538634658236,0.0,0.019278356031296826,179.4874627511827,2.91083632092555e-14,0.0,2.2590765356965256e-06,59.832366665912616,3.736269444342708e-09,8.848139600925426e-13,8.670569693633414e-10,0.0,2.5424117475890637e-09,1.5676664627814028,8.254353174337339e-10,0.0003226672630857681,1000000.0,1062785.439804573
5.147191175102011e-05,0.00011829103201139006,-20.69435378787549,531.2174112976478,0.0,0.019666505677837696,183.10513019779592,2.934792085963785e-14,0.0,2.3046093949828326e-06,61.038320493330275,3.76716034037349e-09,8.717675114566703e-13,8.83996981648639e-10,1.1168769927968281e-14,2.957096991392161e-09,1.5992636309389812,9.06731217554618e-10,0.0003228231403125234,1000000.0,1091680.6464373076
5.1510185973460915e-05,0.00011749646210303173,-20.82424938194239,534.8534509871137,0.0,0.020067723934565705,186.84505374919544,2.968980356691193e-14,0.0,2.3516809890313485e-06,62.28502853334099,3.797719928066884e-09,9.119314284752377e-13,9.014807256995001e-10,2.4703318473625566e-14,3.3367153129972294e-09,1.6319285993217911,9.96900974522087e-10,0.0003229820147173586,1000000.0,1121764.9566260464
5.154846019590171e-05,0.00011669706753808588,-20.946352209781736,538.5625803823003,0.0,0.020482425715684743,190.71117733084952,3.0150405770041246e-14,0.0,2.4003409533973613e-06,63.57380549682789,3.827847391578929e-09,7.712436737737329e-13,9.195231206420768e-10,0.0,4.144869316578316e-09,1.6656958141765434,1.0969624160406656e-09,0.0003231439051942784,1000000.0,1153088.7823324557
5.158673441834251e-05,0.00011589315970446425,-21.059968203415895,542.3452642274657,0.0,0.020911024707429948,194.70744848821892,3.0724648612065536e-14,0.0,2.450638965619279e-06,64.90596730117538,3.857432421417717e-09,1.3131379112643699e-12,9.381387378900368e-10,0.0,5.590495247241268e-09,1.7005997536138744,1.2080492140486336e-09,0.0003233088252391786,1000000.0,1185703.7335477597
5.162500864078331e-05,0.00011508507750530067,-21.164353192979195,546.2018133982244,0.0,0.021353928863505605,198.83779281686844,3.146374495152952e-14,0.0,2.5026244307621898e-06,66.2828225464799,3.886354648260212e-09,1.759121054527093e-12,9.573416482418491e-10,8.250217104933267e-14,6.090978603350422e-09,1.7366747058190657,1.3314224694709981e-09,0.0003234767821594944,1000000.0,1219662.4310587754
5.166328286322411e-05,0.00011427318932965251,-21.258710171719414,550.1323613955606,0.0,0.02181154161744161,203.10608378439835,3.239874165724383e-14,0.0,2.5563460987623946e-06,67.70566245561444,3.914483088330086e-09,1.0382945764997233e-12,9.771452452631912e-10,1.54567966613163e-14,6.9562234440347155e-09,1.7739545007855304,1.4684836434067135e-09,0.0003236477762018149,1000000.0,1255018.2689060776
5.170155708566491e-05,0.00011345789512607023,-21.342186586341164,554.1368391356054,0.0,0.022284253967914096,207.51610735779028,3.347481865018955e-14,0.0,2.611851612872966e-06,69.17574908266748,3.941675608669407e-09,7.75593456806314e-13,9.975620423554483e-10,0.0,8.524019162398902e-09,1.8124722052224094,1.6207873873439521e-09,0.00032382179959098285,1000000.0,1291825.121302515
5.173983130810571e-05,0.00011263962857863889,-21.413871703597266,558.2149468637335,0.0,0.022772439592827275,212.07152079465968,3.4724940896008124e-14,0.0,2.669186993431888e-06,70.69430157590648,3.967778442365751e-09,6.117400610037192e-13,1.0186034407835568e-09,1.0281182073211571e-13,1.0013197703190977e-08,1.8522597627874864,1.790054819260369e-09,0.0003239988354740018,1000000.0,1330136.983165642
5.177810553054651e-05,0.0001118188593823614,-21.47279410221067,562.3661231458037,0.0,0.023276451827159324,216.77580491656997,3.617672329917421e-14,0.0,2.728396038137426e-06,72.2624802679695,3.9926257659011125e-09,1.3941222633253395e-12,1.0402794657256325e-09,0.0,1.1972156398554217e-08,1.8933475747799884,1.978187546500471e-09,0.00032417885676257565,1000000.0,1370007.534817939
5.181637975298731e-05,0.00011099609561137059,-21.517919355570996,566.5895113139986,0.0,0.023796615636076303,221.63220915067484,3.7920338524476634e-14,0.0,2.7895196294862e-06,73.88136835536588,4.016039365814101e-09,1.6143475733195893e-12,1.0625984674400529e-09,0.0,1.4541945985521578e-08,1.9357640218686674,2.187281101718844e-09,0.00032436182486890496,1000000.0,1411489.621599529
5.185465397542811e-05,0.00011017188617057751,-21.548147990256727,570.8839228501154,0.0,0.024333219743381714,226.6436885992758,4.001729009600602e-14,0.0,2.8525949486808285e-06,75.55195092046228,4.037828416675898e-09,0.0,1.0855667847339606e-09,9.375911608155575e-13,1.67862624581817e-08,1.9795349151179211,2.419637571712538e-09,0.0003245476883300385,1000000.0,1454634.6362595775
5.1892928197868905e-05,0.00010934682331851241,-21.562313813023987,575.2477974804824,0.0,0.024886510951159,231.81283238077287,4.234263228659931e-14,0.0,2.9176545696684207e-06,77.27509104376587,4.057789368132418e-09,0.0,1.109188367895286e-09,1.841244466912334e-12,1.918393297068222e-08,2.0246828675926274,2.677777586182161e-09,0.0003247363813167871,1000000.0,1499491.7917526793
5.193120242030971e-05,0.00010852154524550654,-21.559182712478506,579.6791602254702,0.0,0.025456686604630716,237.14178248910136,4.4817779676736565e-14,0.0,2.9847254027884797e-06,79.05150275553736,4.075706001834183e-09,1.0778155790849977e-11,1.1334643585486398e-09,0.0,2.5298364685116352e-08,2.0712265839989854,2.964450427465245e-09,0.00032492782202446675,1000000.0,1546107.272545968
5.196947664275051e-05,0.00010769673868639158,-21.53745208459929,584.1755762947153,0.0,0.026043872525019263,242.63214245267866,4.8045337661740667e-14,0.0,3.05382758416762e-06,80.8817205870417,4.091349768169072e-09,2.407779528822269e-11,1.1583926248125154e-09,0.0,3.0161151906669863e-08,2.119180074557734,3.2826390215627017e-09,0.0003251219109449838,1000000.0,1594523.2539781618
5.2007750865191304e-05,0.00010687314154124534,-21.495751018353843,588.7341011813659,0.0,0.02664812631525731,248.28487514185818,5.2922546943706184e-14,0.0,3.1249732077744452e-06,82.76606550443367,4.10448044389281e-09,0.0,1.1839672502112197e-09,1.105942397757688e-12,3.5270844212566414e-08,2.168551747499691,3.635564028896977e-09,0.000325318529021893,1000000.0,1644776.7698894562
5.20460250876321e-05,0.00010605154547190466,-21.43264139945563,593.3512292673887,0.0,0.02726941986181996,254.10018918172392,5.404102055057124e-14,0.0,3.198164843387424e-06,84.7046070440918,4.114846286967347e-09,2.1711140406831284e-10,1.210177973461891e-09,0.0,4.354588674833754e-08,2.2193434212633223,4.026681172086828e-09,0.0003255175356930488,1000000.0,1696898.4243437783
5.2084299310072906e-05,0.000105232798435178,-21.34662014436622,598.0228402124611,0.0,0.02790761583167952,260.07741358666,6.915654746745326e-14,0.0,3.2733939812554816e-06,86.69712152218955,4.122186856790149e-09,3.877345695752679e-11,1.2370095876941663e-09,1.6505755672011706e-13,5.1249894304175505e-08,2.271549240099663,4.459668858111695e-09,0.00032571876682958785,1000000.0,1750910.9342023365
5.2122573532513704e-05,0.00010441780710581582,-21.236122770117383,602.7441417201449,0.0,0.028562466989483056,266.2148604690591,7.755783201226691e-14,0.0,3.350639302560688e-06,88.74304626766926,4.126233140841463e-09,0.0,1.2644412888068701e-09,4.2215951273332124e-13,6.079444845290936e-08,2.325154458064494,4.938410092219972e-09,0.00032592203258437305,1000000.0,1806827.4885137721
5.21608477549545e-05,0.0001036075391337565,-21.09952852553245,607.509612411263,0.0,0.02923358998531925,272.5096759690143,8.197140880518612e-14,0.0,3.429864787577238e-06,90.8414299299134,4.126709316732095e-09,1.5994363083052684e-11,1.2924459858969734e-09,3.6490639963890623e-13,7.295976161075645e-08,2.3801341481928575,5.466961155020177e-09,0.0003261271151686718,1000000.0,1864649.927727329
5.21991219773953e-05,0.0001028030251709726,-20.935167340114006,612.3129433661136,0.0,0.029920447884291074,278.9576799615783,8.824475565022089e-14,0.0,3.5110177001382694e-06,92.99087904465799,4.123335655250497e-09,0.0,1.3209895802136287e-09,6.943501102456992e-13,8.68589442546713e-08,2.436451801439152,6.049504966933099e-09,0.00032633376658261487,1000000.0,1924366.7354193644
5.2237396199836104e-05,0.00010200536059349544,-20.74132884837415,617.1469798381689,0.0,0.030622334895605837,285.5531955892384,9.527877466330277e-14,0.0,3.594026441625212e-06,95.18950120824611,4.115831623583517e-09,1.3770324563353121e-11,1.3500302139603894e-09,8.656946075538659e-13,1.0344756580520535e-07,2.494057833842159,6.690289638942754e-09,0.000326541706332579,1000000.0,1985950.8484786802
5.22756704222769e-05,0.00010121570683409752,-20.516273755621548,622.003664934251,0.0,0.0313383542075057,292.28887028291956,1.0324949222209366e-13,0.0,3.6787982891909766e-06,97.43484541476175,4.103919827987797e-09,2.327218743950223e-11,1.3795175153677256e-09,6.623246179210552e-13,1.2344223722434966e-07,2.5528880259651157,7.393546467574092e-09,0.0003267506191774498,1000000.0,2049357.2997827255
5.23139446447177e-05,0.00010043529223086799,-20.258247813412694,626.8739863519052,0.0,0.03206739657523288,299.1554906711939,1.1276938940216138e-13,0.0,3.765217071755938e-06,99.72384035568993,4.087330151722252e-09,0.0,1.4093918487435559e-09,1.3139325774077159e-12,1.4620365251727096e-07,2.6128619072929844,8.163384192565048e-09,0.00032696015295563546,1000000.0,2114520.714135474
5.2342269509294325e-05,9.986445395734253e-05,-20.04503546871881,630.48119987911,0.0,0.03261453200841131,304.3149091407938,1.196262715545101e-13,0.0,3.8301492997254754e-06,101.44373767935623,4.071888179339821e-09,3.100089352802971e-13,1.4317090133198711e-09,1.898367569331644e-12,1.6550339267618626e-07,2.657924878418889,8.778254688801145e-09,0.0003271153898954715,1000000.0,2163825.15260566
5.237059437387096e-05,9.929993256444335e-05,-19.81210192586438,634.0859906267556,0.0,0.03316744189004646,309.5345766228181,1.264168005518277e-13,0.0,3.895838933074214e-06,103.18371896880497,4.053642495056604e-09,1.3639954396389286e-11,1.4541682623478728e-09,1.3599335874128903e-12,1.8786128027123184e-07,2.703514065970248,9.433139073864304e-09,0.0003272705807119609,1000000.0,2213999.17634741
5.2398919238447584e-05,9.874229646145133e-05,-19.558755236918852,637.6836111393285,0.0,0.033725414513750614,314.8084378705739,1.3482715518777303e-13,0.0,3.9622096227236045e-06,104.94176569009917,4.032500048738842e-09,0.0,1.4767342955338935e-09,1.95437383488844e-12,2.1207164177188214e-07,2.749576583685944,1.0129302634038594e-08,0.00032742554000747315,1000000.0,2264989.707367476
5.2427244103024216e-05,9.819213344677574e-05,-19.284320460107615,641.2689871892094,0.0,0.034287656120030145,320.1296880843779,1.438688110856284e-13,0.0,4.029175588789049e-06,106.71560944434012,4.008375481700045e-09,0.0,1.4993683526602175e-09,4.521937417800613e-12,2.384766984333385e-07,2.7960529969131835,1.0867804066034141e-08,0.00032758006951672913,1000000.0,2316734.76810995
5.245556896760084e-05,9.7650050138083e-05,-18.988145822102403,644.8367144629661,0.0,0.03485328789882554,325.49073713505675,1.5208515357375491e-13,0.0,4.096641128299247e-06,108.50272004160169,3.981192033188732e-09,4.896032350531193e-11,1.5220281095138875e-09,3.608066111563752e-12,2.694916532389695e-07,2.8428770096908935,1.164944736541891e-08,0.0003277339578944002,1000000.0,2369162.9122392633
5.2483893832177475e-05,9.711667120568241e-05,-18.669609506857164,648.3810583272202,0.0,0.03542133677313608,330.88317763932514,1.6302875726012725e-13,0.0,4.164500202402266e-06,110.30029485893905,3.9508836059865545e-09,2.33211622077302e-11,1.544667618148339e-09,0.0,3.0363291550836055e-07,2.889975192254599,1.24747251346111e-08,0.00032788698059397147,1000000.0,2422192.691567046
5.25122186967541e-05,9.659263841612037e-05,-18.328126928124778,651.8959561222571,0.0,0.03599073566981056,336.2977577605986,1.7780106968171881e-13,0.0,4.232636196330542e-06,112.10524977348959,3.91739672028555e-09,0.0,1.5672372784685114e-09,6.716034906503429e-12,3.381890299899587e-07,2.9372667403922996,1.3343761481886479e-08,0.00032803889984791944,1000000.0,2475732.169087449
5.2540543561330734e-05,9.607860947417895e-05,-17.963158442243376,655.3750224700528,0.0,0.036560331287359304,341.7243598686767,1.875364243970662e-13,0.0,4.300921631107968e-06,113.91421204868095,3.880689239064886e-09,1.894449389733121e-10,1.5896837862048337e-09,1.783549790697165e-11,3.782198294111607e-07,2.9846632794553614,1.4256258631271269e-08,0.00032818946476292725,1000000.0,2529678.4943836583
5.256886842590736e-05,9.55752566399691e-05,-17.574217523366976,658.8115594746317,0.0,0.03712887024779271,347.15198640146343,2.0406308912018212e-13,0.0,4.369217778254405e-06,115.72351562170942,3.84073468577177e-09,1.1823747345687052e-10,1.6119502269553607e-09,6.3725415176829985e-12,4.2431224008973953e-07,3.0320687551498477,1.5211430358298045e-08,0.0003283384115469836,1000000.0,2583917.565575548
5.2597193290483985e-05,9.508326510309093e-05,-17.16087938071149,662.1985706643904,0.0,0.0376949970373303,352.56875431073,2.444218985548706e-13,0.0,4.437374635599818e-06,117.52919925201041,3.797528048568454e-09,0.0,1.633976260531541e-09,0.0,4.7007862445293146e-07,3.079379386783944,1.6207934513164956e-08,0.0003284854638851382,1000000.0,2638323.79212577
5.262551815506062e-05,9.460333110558718e-05,-16.722789906119512,665.5287785387635,0.0,0.038257275873963145,357.9618994257679,3.0205198350106227e-13,0.0,4.505231506088214e-06,119.32700797572271,3.751078283882621e-09,0.0,1.6556980649459456e-09,3.227993407935283e-11,5.212867775100363e-07,3.126483684072006,1.7243824994942203e-08,0.0003286303334788392,1000000.0,2692759.9765261514
5.264589087308394e-05,9.426598753464013e-05,-16.39223255232303,667.8847030950196,0.0,0.0386584649895449,361.8187192531164,3.258179198629607e-13,0.0,4.553756454666496e-06,120.61268142858874,3.7156731231942288e-09,3.184062599912846e-11,1.6710958623258922e-09,1.8381392399934538e-11,5.637380768706761e-07,3.1601695436718855,1.801180932938307e-08,0.0003287330141914919,1000000.0,2731848.909210304
5.266626359110727e-05,9.393551086929645e-05,-16.048653032403305,670.2044711356481,0.0,0.03905627265624413,365.65094383339107,3.30980022018717e-13,0.0,4.601970137414078e-06,121.89015590204949,3.6786126862651312e-09,4.794038070895391e-12,1.6862756517675122e-09,9.862685301540696e-12,6.05608769322146e-07,3.1936405813435034,1.8797631960252624e-08,0.00032883429612925704,1000000.0,2770817.6005589203
5.268663630913059e-05,9.361216693198656e-05,-15.692003004837103,672.4851502561638,0.0,0.03945008067791304,369.45301556839087,3.3046930196728773e-13,0.0,4.649802443035016e-06,123.15757876024225,3.6399191546018247e-09,0.0,1.7012108768213978e-09,1.604631934140629e-11,6.48793081602865e-07,3.226848255117004,1.959989206481539e-08,0.0003289340619047709,1000000.0,2809604.057858629
5.270700902715392e-05,9.329622226350294e-05,-15.322261491867794,674.723760404432,0.0,0.03983925018553298,373.21916968205636,3.3621967739559934e-13,0.0,4.697180770423964e-06,124.41302830459132,3.599620650391552e-09,3.884596549676789e-12,1.7158743214324266e-09,1.7095985879564924e-11,6.950977611250378e-07,3.2597422136043708,2.041698398265239e-08,0.0003290321917909163,1000000.0,2848143.3987990147
5.272738174517724e-05,9.298794354542949e-05,-14.93943660216668,676.9172820916083,0.0,0.04022312065539141,376.94344603230525,3.4704845321989175e-13,0.0,4.744030048323836e-06,125.65451771122876,3.5577495954220747e-09,0.0,1.7302381559032812e-09,1.7507680943793987e-11,7.430977978452775e-07,3.292270401452464,2.124708724454754e-08,0.0003291285639876894,1000000.0,2886367.976296586
5.274775446320057e-05,9.26875969822961e-05,-14.543567201653824,679.0626652745674,0.0,0.04060101576305125,380.6197031926166,3.565384018319076e-13,0.0,4.790272870388281e-06,126.87999972523549,3.5143431416762675e-09,3.370970118857679e-13,1.7442740563214405e-09,2.1094036715811272e-11,7.924745128702717e-07,3.3243791784967223,2.2088165007821494e-08,0.000329223054922996,1000000.0,2924207.5341928834
5.276812718122389e-05,9.23954476562113e-05,-14.134724498065598,681.1568391605055,0.0,0.04097224497592631,384.24163472915416,3.6344506229951695e-13,0.0,4.8358297279331104e-06,128.08737208680483,3.46944423182347e-09,1.6509118271667105e-12,1.7579533378526043e-09,2.2965056861538546e-11,8.438768604599505e-07,3.3560134627370175,2.2937965809498756e-08,0.00032931553957973067,1000000.0,2961589.3950532046
5.278849989924722e-05,9.211175885561005e-05,-13.713013521156142,683.1967227893466,0.0,0.041336103974771825,387.8027877073675,3.7054630369407225e-13,0.0,4.880619287616158e-06,129.27448370049436,3.4231019150808183e-09,2.0014449954054246e-13,1.7712470648135898e-09,2.4672671727320643e-11,8.96931433290144e-07,3.38711689390542,2.379402334322499e-08,0.0003294058918489018,1000000.0,2998438.680440071
5.280887261727055e-05,9.183679137452233e-05,-13.27857448502543,685.1792363282515,0.0,0.041691878102436165,391.2965835079946,3.795168500044248e-13,0.0,4.9245586831177185e-06,130.43914157427346,3.375370954314825e-09,0.0,1.7841261529672304e-09,3.035802248951426e-11,9.509535204938363e-07,3.41763201425978,2.4653660200451208e-08,0.0003294939849121876,1000000.0,3034678.5645964197
5.2829245335293874e-05,9.1570802782607e-05,-12.831584011658205,687.1013131990712,0.0,0.04203884681432558,394.7163409664583,3.898000299545718e-13,0.0,4.967563751070204e-06,131.57911853312555,3.326311352284054e-09,0.0,1.7965614912144919e-09,3.266293667385992e-11,1.006479013713829e-06,3.4475004690859348,2.5513998696909617e-08,0.0003295796916546014,1000000.0,3070230.5626109736
5.28496180533172e-05,9.13140466709334e-05,-12.372256190791596,688.9599131621023,0.0,0.042376284710246306,398.05530176476157,4.0006385091592513e-13,0.0,5.009549325570083e-06,132.69216168353975,3.2759881390536276e-09,2.438096894670634e-13,1.8085240813588686e-09,3.236763036631581e-11,1.063222418006545e-06,3.4766632305805234,2.6371970298893082e-08,0.00032966288510471526,1000000.0,3105014.853343793
5.2869990771340524e-05,9.106677187906937e-05,-11.900843452343215,690.7520360562526,0.0,0.04270346497645258,401.30665796649004,4.1000111043889574e-13,0.0,5.050429647304426e-06,133.7760015924015,3.2244713256638668e-09,8.574998915221854e-13,1.819985188210928e-09,3.6515449040702466e-11,1.1203461926738098e-06,3.505060838188891,2.7224329138348818e-08,0.00032974343889943943,1000000.0,3138950.635057638
5.289036348936385e-05,9.08292217074018e-05,-11.41763722961084,692.4747362071781,0.0,0.04301966421700235,404.4635815744818,4.201819402265321e-13,0.0,5.090118745458871e-06,134.8283621401301,3.17183574577303e-09,7.358970167204764e-13,1.830916489377621e-09,4.030748920939365e-11,1.1778371642275985e-06,3.532633655405184,2.8067672501541756e-08,0.0003298212277710061,1000000.0,3171956.5127091766
5.2910736207387174e-05,9.06016331181137e-05,-10.92296839355195,694.1251376263006,0.0,0.043324165334854316,407.51925596570135,4.3092906148660305e-13,0.0,5.1285307943374255e-06,135.84697099957577,3.11816069783321e-09,4.966801238118442e-13,1.841290225324844e-09,4.139312069987159e-11,1.2356276897659442e-06,3.559322145129964,2.889846241982777e-08,0.00032989612805415277,1000000.0,3203950.9159472464
5.29311089254105e-05,9.038423592929327e-05,-10.417207439678613,695.7004498894389,0.0,0.04361626085289248,410.46690901183,4.420375870690762e-13,0.0,5.16558054584901e-06,136.82957067684603,3.0635295021625606e-09,8.354061204591336e-13,1.8510793547227569e-09,4.576723130940433e-11,1.293098120426575e-06,3.585067159423807,2.9713049527692005e-08,0.00032996801821070474,1000000.0,3234852.545242735
5.2951481643433824e-05,9.017725200776851e-05,-9.900764408792535,697.1979846456784,0.0,0.043895257429751235,413.29984764596077,4.532405020319994e-13,0.0,5.201183796168953e-06,137.77393003418769,3.008029076105939e-09,6.800917361280457e-13,1.8602577157456001e-09,5.435331057288002e-11,1.3497529853269647e-06,3.609810240779639,3.0507702575494065e-08,0.0003300367793678363,1000000.0,3264580.8431990757
5.297185436145715e-05,8.998089446658915e-05,-9.374088526276607,698.6151727880081,0.0,0.04416048045620312,416.0114935981874,4.643860620375047e-13,0.0,5.2352577521230634e-06,138.6778562025231,2.9517494981143406e-09,1.7400920950413159e-12,1.8688001874285964e-09,5.2701939610317797e-11,1.4058148695081276e-06,3.6334939336701018,3.127864211447304e-08,0.0003301022958654747,1000000.0,3293056.487905135
5.2992227079480474e-05,8.979536687300648e-05,-8.837667545459402,699.9495823962752,0.0,0.04441127679418971,418.59541999226093,4.757430374520208e-13,0.0,5.267721473014362e-06,139.53920678100948,2.894783598983986e-09,0.0,1.876682851694482e-09,4.320433119694828e-11,1.460882431019309e-06,3.656062105516555,3.202207360678602e-08,0.00033016445580871253,1000000.0,3320201.905082708
5.30125997975038e-05,8.96208624728957e-05,-8.292026785488348,701.1989374358403,0.0,0.04464701818777728,421.0453884650717,4.869025617222759e-13,0.0,5.298496596936597e-06,140.35590221083473,2.8372263702366496e-09,5.87708670620265e-12,1.883883142354532e-09,6.156095697837531e-11,1.5134038221499827e-06,3.6774602713421296,3.273422321680388e-08,0.00033022315162054163,1000000.0,3345941.7947385204
5.3032972515527124e-05,8.94575634378766e-05,-7.737727855418623,702.3611372706,0.0,0.04486710779309694,423.3553864398942,4.988594272212999e-13,0.0,5.327507805723981e-06,141.12593820031452,2.779174683844164e-09,0.0,1.8903800126061083e-09,9.489020221673926e-11,1.563453183557561e-06,3.6976359167460733,3.3411381919325654e-08,0.0003302782805897746,1000000.0,3370203.6679121265
5.305334523355045e-05,8.930564014164561e-05,-7.175367059606641,703.4342774732855,0.0,0.04507098395676993,425.5196641588314,5.107710843225091e-13,0.0,5.354682687727439e-06,141.84739806968966,2.7207263176640975e-09,0.0,1.896154060708753e-09,6.752341073797804e-11,1.6123631481416548e-06,3.716538821543946,3.404994827818015e-08,0.0003303297454085865,1000000.0,3392918.390708211
5.3073717951573774e-05,8.916525047210937e-05,-6.605573480832254,704.4166724441825,0.0,0.04525811973772316,427.5327710607686,5.217524301412092e-13,0.0,5.379952459002354e-06,142.51846487772394,2.6619793632068704e-09,9.88198858057283e-12,1.9011876626715647e-09,4.873671571172877e-11,1.658308138365251e-06,3.734121381811329,3.464646329371251e-08,0.00033037745469447036,1000000.0,3414020.7327116495
5.3094090669597105e-05,8.903653918585165e-05,-6.02900674424331,705.3068801382561,0.0,0.04542802954170044,429.38959107961193,5.326310790554862e-13,0.0,5.4032531279766064e-06,143.13743318835031,2.603032191310897e-09,0.0,1.905465126752572e-09,9.420579364067519e-11,1.6999988322793163e-06,3.7503389147418087,3.5197657935609586e-08,0.0003304213234904637,1000000.0,3433449.9157288065
5.311446338762043e-05,8.891963731143216e-05,-5.44635445957618,706.103730431546,0.0,0.04558027431925085,431.0853764316244,5.430673913117656e-13,0.0,5.42452530163688e-06,143.70272033365313,2.5439826919963445e-09,0.0,1.908972802978309e-09,8.391820188887828e-11,1.7387285590027697e-06,3.7651499516939615,3.57005029803286e-08,0.0003304612737378839,1000000.0,3451150.1645482695
5.312957514921706e-05,8.884062188067368e-05,-5.010652335310491,706.6339745032552,0.0,0.045681558780672184,432.23664045780816,5.504364845488137e-13,0.0,5.4389612837644246e-06,144.0864918810352,2.5001727651192764e-09,9.772137399124917e-12,1.9110705055483287e-09,5.147503169045928e-11,1.7653692756808452e-06,3.775205114690065,3.6040626269444355e-08,0.0003304883340350872,1000000.0,3463132.8337086523
5.31446869108137e-05,8.876821113700865e-05,-4.572292379348033,707.1121380873279,0.0,0.04577276273945329,433.29527689304916,5.582922595902869e-13,0.0,5.452230664620129e-06,144.43938588551538,2.456398533375674e-09,0.0,1.912734348383002e-09,9.646855441913729e-11,1.7890704894423214e-06,3.7844512587960075,3.6351614478484746e-08,0.00033051317308961425,1000000.0,3474118.120235296
5.3159798672410336e-05,8.87024429523011e-05,-4.13157924385247,707.5381080890818,0.0,0.04585375967913261,434.2597989375794,5.655522190708501e-13,0.0,5.464314964041218e-06,144.76090672598733,2.4126982112541016e-09,0.0,1.9139610989751727e-09,1.017547251303311e-10,1.8105935628489847e-06,3.792875397546767,3.6632566991370335e-08,0.0003305357671951199,1000000.0,3484089.6759132505
5.317491043400697e-05,8.864335055392969e-05,-3.6888225864951942,707.9119051116561,0.0,0.04592443884987047,435.1288615957444,5.71872232951146e-13,0.0,5.4751970698816495e-06,145.0506060520745,2.369109076337211e-09,1.517143807048088e-11,1.914748217931416e-09,4.036303798582644e-11,1.8301929942120819e-06,3.800465783475538,3.6882703044075255e-08,0.00033055609514399167,1000000.0,3493033.2928180266
5.318605888073919e-05,8.860405211943344e-05,-3.3610598642314375,708.1543209231227,0.0,0.04596991120701772,435.70810259495806,5.770532805206212e-13,0.0,5.4824456855816175e-06,145.24369395962123,2.337044660860538e-09,1.1159650410573677e-12,1.915046010012507e-09,7.287121869294371e-11,1.8427329675590744e-06,3.805524862830659,3.704709678394374e-08,0.00033056962815175014,1000000.0,3498965.3390952223
5.31972073274714e-05,8.856841238764057e-05,-3.0324827242113486,708.3685673947726,0.0,0.04600968385579131,436.2343060634601,5.818906105349507e-13,0.0,5.489026703580813e-06,145.41910174075568,2.30507518967654e-09,0.0,1.9151030518519485e-09,1.0972655248872747e-10,1.8538105977780946e-06,3.8101207070453866,3.719414923280764e-08,0.00033058191102621956,1000000.0,3504327.4917133506
5.320835577420362e-05,8.853643972733657e-05,-2.7032188949891487,708.5548435479662,0.0,0.04604372989324595,436.70708909801533,5.86002976061321e-13,0.0,5.494935256047191e-06,145.5767017565455,2.2732145808758465e-09,1.8591695593019142e-11,1.914919067188074e-09,6.219237550393331e-11,1.8637974080310873e-06,3.8142499715479277,3.732369638733511e-08,0.0003305929379752822,1000000.0,3509116.6459344383
5.321950422093583e-05,8.85081410804494e-05,-2.3733964846771816,708.713426544217,0.0,0.04607202711515235,437.1261151548084,5.910051239040209e-13,0.0,5.500167000049397e-06,145.71638182206044,2.2414765570978943e-09,0.0,1.91449400074281e-09,5.925838095938312e-11,1.8723392533521174e-06,3.8179097173081744,3.7435624982854645e-08,0.0003306027039993818,1000000.0,3513330.5762647544
5.3227601608627225e-05,8.848989365176568e-05,-2.133561294906872,708.8114560142184,0.0,0.046088965968392584,437.3965949649423,5.943453545722403e-13,0.0,5.503540658006566e-06,145.80654458005606,2.2185089983970957e-09,0.0,1.9140342064029317e-09,1.0922423423040273e-10,1.877483139338359e-06,3.8202720645360864,3.750584096332012e-08,0.00033060900435639404,1000000.0,3516029.876346667
5.323569899631862e-05,8.847358901527086e-05,-1.8935480663273818,708.8952554087838,0.0,0.04610285816874803,437.638466395151,5.968362264184374e-13,0.0,5.506554267281957e-06,145.88717070385147,2.1956180803360823e-09,2.466469620222632e-11,1.9134474325187143e-09,8.038933795593668e-11,1.8820697124238934e-06,3.8223845432182957,3.7566731200868244e-08,0.00033061463593814136,1000000.0,3518424.9331669197
5.3243796384010006e-05,8.845922841498776e-05,-1.6534056192828734,708.9650542555883,0.0,0.04611370026177114,437.85164740998925,6.006233474570333e-13,0.0,5.509206703946116e-06,145.95823284774707,2.1728087379018144e-09,0.0,1.9127338694669664e-09,5.192865974569433e-11,1.8859931973404685e-06,3.824246437029231,3.761831705541313e-08,0.00033061959762228997,1000000.0,3520516.006118882
5.32518937717014e-05,8.844681270071833e-05,-1.4131824517142904,709.021140705301,0.0,0.04612149017058997,438.0360692823832,6.040329732848291e-13,0.0,5.511497220433387e-06,146.01970810235989,2.1500858222146764e-09,0.0,1.911893768016103e-09,1.0662267623939505e-10,1.8890159215935425e-06,3.8258571457781296,3.766064454180533e-08,0.0003306238885091027,1000000.0,3522303.788363965
5.325754128868433e-05,8.843930489019272e-05,-1.2456167789931363,709.052332615819,0.0,0.04612511611330367,438.1476404010269,6.057518521214922e-13,0.0,5.512880209427979e-06,146.0568990788785,2.1342913150438855e-09,2.280487544619756e-11,1.911233089451243e-09,1.0857004715890264e-10,1.8907559757311773e-06,3.826831583985042,3.768472449924766e-08,0.00033062648374175725,1000000.0,3523371.773549665
5.3263188805667255e-05,8.84327434166209e-05,-1.0780512842091126,709.0771875673582,0.0,0.046127257164687324,438.24517985840725,6.087975732917108e-13,0.0,5.51408657879684e-06,146.08941258762215,2.1185426112519323e-09,0.0,1.9105111180043274e-09,6.701111566206483e-11,1.8922631520490087e-06,3.827683468326306,3.770437435314724e-08,0.00033062875217353127,1000000.0,3524293.4300865815
5.3265112377856037e-05,8.843072459736931e-05,-1.020980518700048,709.0842396110156,0.0,0.04612764748564006,438.275196534893,6.096645779391489e-13,0.0,5.514457103885959e-06,146.0994182113377,2.1131892545105964e-09,0.0,1.910251240968992e-09,7.43305118313955e-11,1.8926517683437832e-06,3.827945625076485,3.771006408944224e-08,0.00033062945017917837,1000000.0,3524574.083805366
5.326606314949516e-05,8.842976728764734e-05,-0.9927728022547931,709.0874646090231,0.0,0.046127776830762524,438.2894312152397,6.099491581543963e-13,0.0,5.51463267802982e-06,146.10416312626393,2.110545265594491e-09,2.3287968988779616e-12,1.9101201712382296e-09,8.112896290830903e-11,1.8928255493866285e-06,3.828069946308336,3.7712689336222646e-08,0.00033062978117826767,1000000.0,3524706.581716602
5.326616927542964e-05,8.842966209577623e-05,-0.9896242756888999,709.0878136099756,0.0,0.04612778865879928,438.2909954005283,6.100061292237972e-13,0.0,5.514651965091706e-06,146.104684523323,2.1102502262122414e-09,1.493456020307802e-12,1.9101054337039752e-09,8.151814284132507e-11,1.8928458705607177e-06,3.8280836074021356,3.7712974709396704e-08,0.0003306298175497569,1000000.0,3524721.114453226
5.326627540136412e-05,8.842955723804475e-05,-0.9864757625425643,709.0881595395459,0.0,0.04612779996283396,438.2925546248685,6.100400163753049e-13,0.0,5.514671189717088e-06,146.10520426664502,2.1099552031259943e-09,1.3672847070232282e-12,1.9100906745695126e-09,8.18006207660363e-11,1.8928656262109018e-06,3.8280972251656733,3.771325853765134e-08,0.0003306298538057884,1000000.0,3524735.591277628
5.326644235211894e-05,8.842939295862715e-05,-0.9815227448895613,709.0886973218408,0.0,0.04612781668505014,438.29499745930644,6.100823309321159e-13,0.0,5.514701306368831e-06,146.10601854756425,2.1094911251161596e-09,1.5103673484641446e-12,1.910067412740589e-09,8.216706835472716e-11,1.8928963220146066e-06,3.828118560090756,3.7713701887973924e-08,0.00033062991060785294,1000000.0,3524758.2511742753
5.326660930287376e-05,8.842922950611666e-05,-0.9765697625625043,709.0892272370917,0.0,0.046127832110417245,438.2974280162601,6.101358832898884e-13,0.0,5.514731268560933e-06,146.1068287357728,2.109027089518928e-09,1.3073001861826337e-12,1.9100440975468104e-09,8.25298986486834e-11,1.8929270720066457e-06,3.8281397877834595,3.771414134828856e-08,0.00033062996712418524,1000000.0,3524780.7713656295
5.3266776253628584e-05,8.842906688050727e-05,-0.9716168156379016,709.0897493597552,0.0,0.04612784623895229,438.2998462955463,6.101958187328957e-13,0.0,5.514761076288383e-06,146.1076348312096,2.108563096254009e-09,9.018150211411746e-13,1.910020728987924e-09,8.287666044135754e-11,1.8929577364344226e-06,3.828160908242038,3.7714576878923904e-08,0.0003306300233547844,1000000.0,3524803.152221857
5.3266943204383406e-05,8.842890508179307e-05,-0.9666639044418304,709.0902637153347,0.0,0.046127859070687026,438.30225229698203,6.102500511407066e-13,0.0,5.5147907295342566e-06,146.1084368338135,2.108099145019461e-09,6.666019167900562e-13,1.909997307054402e-09,8.316432886397148e-11,1.892988030184221e-06,3.8281819214644814,3.771500844571657e-08,0.0003306300792996494,1000000.0,3524825.393868151
5.3267266274480875e-05,8.842859432980876e-05,-0.9570795187377946,709.0912371723033,0.0,0.04612788021909968,438.30687333490624,6.103140126985143e-13,0.0,5.5148476734280334e-06,146.10997718328704,2.107201461403967e-09,1.4551314252917311e-12,1.909951831152247e-09,8.348958490485474e-11,1.8930450751350756e-06,3.828222280068154,3.771583220284699e-08,0.00033063018674833224,1000000.0,3524868.0396875734
5.326758934457834e-05,8.84282866742303e-05,-0.9474952702278822,709.0921818595581,0.0,0.04612789651203149,438.31144839403447,6.103391615454869e-13,0.0,5.514904038736297e-06,146.11150220568598,2.106303934705344e-09,3.420125747574397e-12,1.909906155376787e-09,8.356769914780297e-11,1.8931005149406187e-06,3.828262237086974,3.771664078194474e-08,0.00033063029312701745,1000000.0,3524910.1657615374
5.3267912414675806e-05,8.842798211501297e-05,-0.9379111646156423,709.0930973102833,0.0,0.04612790794961214,438.31597747310786,6.103989020652767e-13,0.0,5.514959825463712e-06,146.1130119005914,2.105406567257528e-09,4.3302675490978405e-12,1.9098602798411493e-09,8.365236671351965e-11,1.8931559749776407e-06,3.828301792512566,3.771743399874914e-08,0.0003306303984356994,1000000.0,3524951.7697369694
5.3268235484773275e-05,8.842768065211026e-05,-0.9283272077653137,709.0939830278918,0.0,0.0461279145317712,438.32046057091543,6.105251393989901e-13,0.0,5.515015033635169e-06,146.11450626760006,2.1045093605802786e-09,3.2173462432802106e-12,1.909814204634788e-09,8.390552180122147e-11,1.893211796117287e-06,3.8283409463358207,3.7718211674070174e-08,0.0003306305026743735,1000000.0,3524992.8491121703
5.3268558554870744e-05,8.842738228547351e-05,-0.9187434026748408,709.0948390763845,0.0,0.04612791625853144,438.3248976862991,6.106715102953767e-13,0.0,5.515069663247953e-06,146.11598530632548,2.103612314013258e-09,1.4884941756441966e-12,1.909767929759605e-09,8.423280522146061e-11,1.8932665200843044e-06,3.828379698545355,3.771897362364318e-08,0.00033063060584303584,1000000.0,3525033.4041914875
5.326888162496821e-05,8.842708701505286e-05,-0.9091597507851307,709.0956658229497,0.0,0.04612791313022295,438.3292888181386,6.10785430860521e-13,0.0,5.515123714270738e-06,146.1174490163938,2.1027154263782472e-09,7.394168373811169e-13,1.9097214551877194e-09,8.447895065801661e-11,1.8933189141513344e-06,3.828418049129549,3.771971968280023e-08,0.00033063070794168287,1000000.0,3525073.436797105
5.3269204695065674e-05,8.842679484079822e-05,-0.8995762544607214,709.0964634530224,0.0,0.04612790514731081,438.33363396533457,6.108691400356528e-13,0.0,5.515177186668154e-06,146.1188973974386,2.1018186977741265e-09,9.022389230404395e-13,1.9096747809363634e-09,8.461721606827418e-11,1.8933692952771899e-06,3.8284559980786406,3.7720449721736304e-08,0.0003306308089703111,1000000.0,3525112.947841902
5.326952776516314e-05,8.8426505762659e-05,-0.8899929173915184,709.0972318930195,0.0,0.0461278923101649,438.33793312681365,6.109498175760356e-13,0.0,5.515230080421459e-06,146.1203304491024,2.100922129056906e-09,1.153577273653566e-12,1.9096279070550316e-09,8.472514971201299e-11,1.8934184396542432e-06,3.828493545384056,3.772116362973495e-08,0.0003306309089289187,1000000.0,3525151.93694274
5.326985083526061e-05,8.842621978058334e-05,-0.8804097434545135,709.0979710332405,0.0,0.0461278746189209,438.3421863015413,6.110442718281268e-13,0.0,5.515282395521349e-06,146.12174817104057,2.1000257210511367e-09,9.820736385546952e-13,1.9095808335991072e-09,8.484393210107095e-11,1.8934666475532512e-06,3.828530691037452,3.7721861304510056e-08,0.00033063100781750436,1000000.0,3525190.403536105
5.327017390535808e-05,8.842593689451792e-05,-0.870826735985592,709.0986808699028,0.0,0.04612785207368554,438.3463934885241,6.111454989831633e-13,0.0,5.5153341319544255e-06,146.12315056292198,2.099129474013284e-09,5.981382408724121e-13,1.909533560603761e-09,8.494298693519198e-11,1.8935136032278873e-06,3.8285674350300813,3.77225426511137e-08,0.00033063110563606626,1000000.0,3525228.347589018
5.327066318951345e-05,8.842551436329521e-05,-0.8563137588168297,709.0997001250508,0.0,0.046127808687545645,438.35267763544243,6.112955360629994e-13,0.0,5.515411384054734e-06,146.1252452712979,2.0977724299541636e-09,1.0303614428469716e-13,1.9094615865820624e-09,8.505550626722872e-11,1.8935817966647716e-06,3.828622318370996,3.7723543255762774e-08,0.0003306312517432091,1000000.0,3525284.8183044153
5.3271152473668815e-05,8.842509893294474e-05,-0.8418011821651921,709.1006522519741,0.0,0.046127754169748555,438.35885629680786,6.114333825284205e-13,0.0,5.515487308826051e-06,146.1273048159684,2.096415756012129e-09,0.0,1.9093891550410276e-09,8.514104980073829e-11,1.893646353210451e-06,3.8286762803914187,3.772450594501114e-08,0.00033063139539608345,1000000.0,3525340.0908345003
5.3271641757824175e-05,8.842469060326775e-05,-0.8272890170492205,709.1015373475992,0.0,0.04612768852148058,438.36492946962494,6.115622056431424e-13,0.0,5.515561906220038e-06,146.1293291959352,2.0950594530529618e-09,1.6784191271608815e-13,1.909316266082324e-09,8.519559940903268e-11,1.893707557704345e-06,3.828729321065096,3.772543050092907e-08,0.00033063153659469344,1000000.0,3525394.1656206623
5.327213104197954e-05,8.842428937406007e-05,-0.8127772748371133,709.1023554399698,0.0,0.04612761174373673,438.3708971510796,6.116896302771393e-13,0.0,5.515635176193742e-06,146.1313184102606,2.0937035222234916e-09,3.40716245199026e-13,1.909242919824253e-09,8.521317256594902e-11,1.8937656305395981e-06,3.828781440367703,3.7726316744132286e-08,0.00033063167533904604,1000000.0,3525447.04276153
5.327262032613491e-05,8.8423895245112e-05,-0.7982659672873968,709.1031064808573,0.0,0.04612752383739784,438.37675933854274,6.11819452932296e-13,0.0,5.515707118716387e-06,146.13327245806835,2.0923479647358577e-09,4.0609821063701587e-13,1.9091691163933186e-09,8.520987497250149e-11,1.8938205017308178e-06,3.828832638276573,3.772716452158743e-08,0.00033063181162915214,1000000.0,3525498.7219759943
5.327385034831293e-05,8.84229357951248e-05,-0.76178766848021,709.1046984933429,0.0,0.04612725370115812,438.3910304520307,6.121575301258256e-13,0.0,5.515882113216642e-06,146.13802945080667,2.088941854699991e-09,0.0,1.9089815618333864e-09,8.511240227347888e-11,1.8939441680807772e-06,3.8289572760163053,3.772912504331677e-08,0.00033063214341187176,1000000.0,3525623.3487239745
5.327508037049096e-05,8.842202121242642e-05,-0.7253123720641913,709.1058667916085,0.0,0.0461269132578139,438.4046348156722,6.124890904275407e-13,0.0,5.5160487179069756e-06,146.14256418188452,2.085538126313987e-09,0.0,1.9087911206486324e-09,8.50005342718591e-11,1.8940460662585939e-06,3.829076090304864,3.7730840066577105e-08,0.0003306324596846479,1000000.0,3525740.404228378
5.327631039266898e-05,8.842115149321026e-05,-0.688840262921736,709.1066109794698,0.0,0.04612650252499067,438.4175724032767,6.128106609846386e-13,0.0,5.516206932632634e-06,146.14687664257463,2.082136796143054e-09,2.8574970499124457e-13,1.9085977947845823e-09,8.502347631924503e-11,1.8941253015362665e-06,3.8291890809141482,3.773230849277704e-08,0.00033063276044793127,1000000.0,3525849.88604561
5.3277540414847006e-05,8.84203266334433e-05,-0.6523715243937583,709.1069309553191,0.0,0.04612602152153837,438.4298431960855,6.131295285612343e-13,0.0,5.516356757314263e-06,146.15096682662735,2.078737880518488e-09,4.926555072151803e-13,1.908401586201185e-09,8.513439184006157e-11,1.894182129728325e-06,3.8292962476806514,3.773352959028056e-08,0.00033063304570230006,1000000.0,3525951.7932879026
5.327877043702503e-05,8.841954662886749e-05,-0.6159063384033173,709.1068268844646,0.0,0.04612547026729556,438.44144718275163,6.134497333093043e-13,0.0,5.516498191891021e-06,146.1548347302637,2.075341395312386e-09,5.091554253446148e-13,1.908202496868479e-09,8.521624066454896e-11,1.894217050427786e-06,3.829397590505212,3.773450287579607e-08,0.0003306333154484598,1000000.0,3526046.126484918
5.3281145153718784e-05,8.841816760687408e-05,-0.5455163129182842,709.1054265487868,0.0,0.04612420733822458,438.46196378897645,6.140597085653487e-13,0.0,5.516747514320402e-06,146.1616733884511,2.0687909760568346e-09,3.8233082468136544e-13,1.9078099870819074e-09,8.529774688914853e-11,1.894222045592379e-06,3.8295767700361765,3.773567971598527e-08,0.00033063379235908063,1000000.0,3526206.8223879538
5.328351987041254e-05,8.841695572342267e-05,-0.4751415199542385,709.1024464665536,0.0,0.04612268279375795,438.4799950304701,6.146538309771467e-13,0.0,5.516965565228609e-06,146.16768354814891,2.062249787772307e-09,3.736673306130196e-13,1.907406762066912e-09,8.529534564191272e-11,1.8941446794399368e-06,3.8297342421791707,3.773593054968407e-08,0.0003306342114761331,1000000.0,3526339.2899702247
5.328589458710629e-05,8.841591094078374e-05,-0.4047832695841843,709.0978872841603,0.0,0.04612089680016648,438.4955410596001,6.152394030818821e-13,0.0,5.517152346926178e-06,146.17286526017395,2.0557179429960146e-09,4.644025255667269e-13,1.906992837030169e-09,8.523836135802671e-11,1.8939851368613377e-06,3.8298700082658566,3.7735255220378146e-08,0.0003306345728088256,1000000.0,3526443.5328919212
5.328826930380005e-05,8.841503321811676e-05,-0.3344428724284711,709.0917493611075,0.0,0.04611884953419577,438.5086021314698,6.158219847042232e-13,0.0,5.517307863144815e-06,146.17721860959026,2.049195553763783e-09,4.989764651754262e-13,1.9065682276347483e-09,8.518194924787094e-11,1.893743237404925e-06,3.8299840705254615,3.7733653828441796e-08,0.0003306348763681808,1000000.0,3526519.554503847
5.32906440204938e-05,8.841432251147016e-05,-0.26412163871939315,709.084032941015,0.0,0.04611654118335969,438.519178603901,6.163986096059126e-13,0.0,5.517432118996526e-06,146.18074371570304,2.042682731239221e-09,4.802749823639718e-13,1.906132949983069e-09,8.514745873446139e-11,1.893418648466128e-06,3.8300764320840446,3.773112654277364e-08,0.0003306351221670334,1000000.0,3526567.358703106
5.3293018737187555e-05,8.841377877378264e-05,-0.1938208771429555,709.0747383643675,0.0,0.046113971946140864,438.5272709373881,6.169651030967989e-13,0.0,5.5175251208845275e-06,146.18344073204344,2.0361795855495825e-09,4.706298899877344e-13,1.9056870206029967e-09,8.511874839489789e-11,1.8930113268859386e-06,3.8301470969640885,3.772767367917046e-08,0.0003306353102200271,1000000.0,3526586.9509977316
5.329670664050809e-05,8.84132652330646e-05,-0.084688384121907,709.057176656041,0.0,0.04610946527468642,438.53491507835565,6.178239309421117e-13,0.0,5.517607612815984e-06,146.185988028046,2.0260997261424214e-09,4.75857275254739e-13,1.9049734224212906e-09,8.505818270879063e-11,1.892215182927194e-06,3.8302138394187546,3.772047780953534e-08,0.0003306354878289565,1000000.0,3526561.4686120916
5.330039454382862e-05,8.841315405806685e-05,0.024386696698437307,709.0358121209208,0.0,0.04610433074845043,438.53657203952247,6.186594966531216e-13,0.0,5.517614781025549e-06,146.1865394928621,2.0160438720166387e-09,4.71665295015524e-13,1.9042342412627313e-09,8.49748378005094e-11,1.891220588293116e-06,3.8302282893445203,3.771105340841593e-08,0.00033063552627873416,1000000.0,3526467.9983287193
5.3304082447149155e-05,8.841344502805868e-05,0.13339948768904297,709.0106471672652,0.0,0.046098569263672125,438.5322450147494,6.194721707455656e-13,0.0,5.517546667747213e-06,146.1850961912613,2.0060124217356675e-09,4.660017996912452e-13,1.9034695451036732e-09,8.48786239894102e-11,1.8900278855294785e-06,3.830190474639069,3.769940348569424e-08,0.00033063542565010215,1000000.0,3526306.5825620703
5.3313184660105935e-05,8.841588275109358e-05,0.4021592853977096,708.9322897739197,0.0,0.04608167212402386,438.495980107622,6.213963015671957e-13,0.0,5.517056693225158e-06,146.17300507352218,1.9813604681650058e-09,3.728642486971386e-13,1.901473431203061e-09,8.46185580405173e-11,1.886239521113813e-06,3.829873679363544,3.766114875827571e-08,0.0003306345826516906,1000000.0,3525617.73058746
5.331884524033251e-05,8.841863167556124e-05,0.5690600159703031,708.8719132238698,0.0,0.04606924782555858,438.45508708142967,6.225114706318667e-13,0.0,5.516521273839718e-06,146.15937199476056,1.966108372502277e-09,4.745641911013431e-13,1.900154391519634e-09,8.436017206655592e-11,1.883279244609847e-06,3.8295164823603822,3.763056017288993e-08,0.00033063363213335477,1000000.0,3524981.175939097
5.332450582055909e-05,8.842232478623922e-05,0.7357568959026588,708.8026203055377,0.0,0.04605535919622976,438.4001549371059,6.235610887557595e-13,0.0,5.515809260023006e-06,146.1410589660308,1.9509182699341813e-09,4.855173185733574e-13,1.8987761277995844e-09,8.407658821447164e-11,1.8798591010687433e-06,3.8290366665543494,3.7594780779870086e-08,0.00033063235527976587,1000000.0,3524185.3215275095
5.333016640078566e-05,8.842696088004165e-05,0.9022325624359085,708.7244261763052,0.0,0.04604001085266142,438.3312086021338,6.245496680620521e-13,0.0,5.514920972605681e-06,146.1180742972627,1.93579147334552e-09,4.45238136433362e-13,1.8973389401928326e-09,8.37938242254156e-11,1.8759825567682218e-06,3.828434449670495,3.755383303280753e-08,0.0003306307526190827,1000000.0,3523230.499618209
5.333212463146862e-05,8.842878399884496e-05,0.9597687872700338,708.6953063486606,0.0,0.046034362277063125,438.3040995966349,6.248783865891306e-13,0.0,5.514572703516195e-06,146.10903702102473,1.9305734560540006e-09,4.642000523111452e-13,1.896828095696723e-09,8.36837355966363e-11,1.874535769780246e-06,3.828197665656253,3.753846870876069e-08,0.00033063012244609384,1000000.0,3522863.245295943
5.3333109650976564e-05,8.8429743639024e-05,0.9886993597409234,708.6802569188709,0.0,0.046031455211280436,438.28983101813225,6.250415780462622e-13,0.0,5.514389565628198e-06,146.10428034386533,1.927951653317593e-09,4.574077988332004e-13,1.896568485837661e-09,8.36267086632636e-11,1.8737875460754468e-06,3.828073036818549,3.7530507837158024e-08,0.00033062979075457324,1000000.0,3522671.341237048
5.333322056295026e-05,8.842985347824678e-05,0.9919564386077627,708.6785455350898,0.0,0.0460311251245051,438.28819789254334,6.250598139436739e-13,0.0,5.5143686112097735e-06,146.10373591367573,1.9276565652128152e-09,4.574260512710833e-13,1.896539143204267e-09,8.362023245036892e-11,1.8737024387462501e-06,3.8280587723011057,3.7529601719257254e-08,0.00033062975279020423,1000000.0,3522649.432620774
5.333333147492395e-05,8.842996367871322e-05,0.9952134199777816,708.6768302833502,0.0,0.04603079448028815,438.286559403756,6.250780276535756e-13,0.0,5.514347589336185e-06,146.10318969566046,1.9273615021656092e-09,4.574189036415147e-13,1.896509778135799e-09,8.361374336055187e-11,1.8736171576056455e-06,3.828044460941057,3.752869362962575e-08,0.0003306297147011063,1000000.0,3522627.4608962764
5.333344238689765e-05,8.843007424041233e-05,0.998470300514523,708.675110540266,0.0,0.04603046327867005,438.28491555201396,6.250962190152062e-13,0.0,5.514326500010561e-06,146.1026416899008,1.927066464185978e-09,4.573977298310932e-13,1.896480390634821e-09,8.360724126081916e-11,1.873531701093199e-06,3.8280301027405343,3.752778356004898e-08,0.00033062967648728447,1000000.0,3522605.422946473
5.333355329887134e-05,8.843018516333287e-05,1.001727079379612,708.6733861693526,0.0,0.046030131519691764,438.28326633756495,6.251143877331368e-13,0.0,5.51430534323608e-06,146.10209189647927,1.9267714512842624e-09,4.573727350398258e-13,1.896450980703957e-09,8.360072603590445e-11,1.8734460668024946e-06,3.828015697701702,3.752687149774163e-08,0.0003306296381487439,1000000.0,3522583.3180909716
5.3333664210845036e-05,8.843029644746356e-05,1.004983757034526,708.6716572873207,0.0,0.046029799203394416,438.2816117606576,6.251325337259645e-13,0.0,5.514284119015935e-06,146.1015403154788,1.9264764634708777e-09,4.573449365209375e-13,1.8964215483458464e-09,8.359419752984371e-11,1.8733602522455412e-06,3.828001245826733,3.752595742935038e-08,0.0003306295996854897,1000000.0,3522561.146916468
5.333377512281873e-05,8.843040809279317e-05,1.0082403337062986,708.669923965041,0.0,0.04602946632981921,438.2799518215397,6.251506570596615e-13,0.0,5.5142628273533125e-06,146.100986946982,1.926181500756109e-09,4.573114538727442e-13,1.896392093563109e-09,8.358765557464258e-11,1.8732742553823274e-06,3.827986747117797,3.7525041343818525e-08,0.00033062956109752715,1000000.0,3522538.9097802504
5.333394916482302e-05,8.843058401364119e-05,1.0133503190643007,708.6671951790081,0.0,0.04602894286455335,438.27733625260043,6.251790503286129e-13,0.0,5.514229280739547e-06,146.1001150034584,1.9257186987135793e-09,4.57246881579415e-13,1.896345828204095e-09,8.357736256318018e-11,1.8731389381082802e-06,3.827963901481415,3.752359974147354e-08,0.0003306295002942951,1000000.0,3522503.882908202
5.333412320682731e-05,8.84307608238195e-05,1.0184600548841667,708.664455455834,0.0,0.04602841802733126,438.27470748154707,6.252073876185489e-13,0.0,5.514195568078381e-06,146.09923865900154,1.9252559585373584e-09,4.571733130122622e-13,1.8962995076441253e-09,8.356703563823553e-11,1.8730031611474503e-06,3.827940940536742,3.7522153113222864e-08,0.0003306294391840189,1000000.0,3522468.6936130864
5.33342972488316e-05,8.843093852328473e-05,1.0235695393272126,708.6617045401374,0.0,0.046027891818313585,438.27206550934176,6.252356687709062e-13,0.0,5.514161689382164e-06,146.09835791393223,1.9247932802668456e-09,4.570979415784099e-13,1.896253131893301e-09,8.355667434725992e-11,1.8728669183729276e-06,3.8279178642921874,3.7520701425245774e-08,0.00033062937776671844,1000000.0,3522433.340627129
5.3334471290835894e-05,8.843111711199304e-05,1.0286787713321743,708.6589423284518,0.0,0.04602736423766219,438.2694103369545,6.252638937514448e-13,0.0,5.514127644663352e-06,146.09747276857382,1.9243306639417933e-09,4.570225024755731e-13,1.896206700961807e-09,8.354627818806753e-11,1.872730203097423e-06,3.82789467275623,3.751924464049772e-08,0.0003306293160424139,1000000.0,3522397.8234428647
5.3334645332840186e-05,8.843129658990042e-05,1.0337877509838287,708.6561689407517,0.0,0.04602683528553985,438.2667419653601,6.252920625788327e-13,0.0,5.514093433934464e-06,146.09658322325123,1.923868109602138e-09,4.56944666324636e-13,1.8961602148598744e-09,8.35358466560846e-11,1.8725930085253598e-06,3.827871365937392,3.7517782721119953e-08,0.00033062925401112554,1000000.0,3522362.1426710226
5.333492317001984e-05,8.843158494751816e-05,1.0419431003464472,708.6517185113871,0.0,0.04602598803509927,438.2624548785667,6.253369142685395e-13,0.0,5.5140384766012065e-06,146.09515405316657,1.9231298256498894e-09,4.568158348755852e-13,1.8960858910650628e-09,8.351911960267179e-11,1.8723729863360255e-06,3.827833920505702,3.751543822087052e-08,0.00033062915434947145,1000000.0,3522304.8441690104
5.333520100719949e-05,8.843187557090558e-05,1.0500978048342917,708.6472399377433,0.0,0.04602513729064581,438.2581341609954,6.253816225905619e-13,0.0,5.513983096286042e-06,146.09371367224065,1.9223916999249513e-09,4.566821347324085e-13,1.896011426739812e-09,8.350229978229738e-11,1.8721517075183453e-06,3.8277961813402706,3.751308043519373e-08,0.00033062905390562517,1000000.0,3522247.130530735
5.333547884437914e-05,8.84321684598833e-05,1.0582518629947748,708.6427333551187,0.0,0.04602428305285035,438.2537798166404,6.254261873830589e-13,0.0,5.513927293040243e-06,146.09226208180493,1.9216537325875485e-09,4.565449971852719e-13,1.8959368219256284e-09,8.348538588753819e-11,1.8719291547938462e-06,3.8277581484760046,3.751070926334797e-08,0.00033062895267966955,1000000.0,3522189.002475676
5.33357566815588e-05,8.843246361427145e-05,1.066405272672178,708.6381987614793,0.0,0.046023425322387235,438.2493918495134,6.254706085189463e-13,0.0,5.5138710669152984e-06,146.0907992831968,1.920915923797492e-09,4.564062421663677e-13,1.8958620766640574e-09,8.346837676937466e-11,1.8717053132143016e-06,3.827719821947956,3.7508324616721504e-08,0.00033062885067168773,1000000.0,3522130.460036289
5.3336034518738446e-05,8.84327610338896e-05,1.074558031526614,708.6336361188692,0.0,0.04602256409993422,438.24497026364486,6.255148859027895e-13,0.0,5.5138144179629305e-06,146.0893252777598,1.9201782737143758e-09,4.562670701545001e-13,1.895787190996719e-09,8.345127138496397e-11,1.8714801692995413e-06,3.8276812017913433,3.750592641438598e-08,0.00033062874788176327,1000000.0,3522071.5030655074
5.333657699478672e-05,8.843334827311485e-05,1.090474378961013,708.624646824534,0.0,0.046020872503723075,438.23624024766195,6.25600922659161e-13,0.0,5.513702592549644e-06,146.0864149906104,1.9187384727588437e-09,4.559946134317602e-13,1.8956405724701926e-09,8.341759232204846e-11,1.8710367789659631e-06,3.827604949869617,3.750120459248759e-08,0.0003306285449312945,1000000.0,3521955.195612114
5.3337119470834993e-05,8.843394414589795e-05,1.106388222294174,708.615550820133,0.0,0.046019167602909125,438.22738211474086,6.256864104535999e-13,0.0,5.513589155804108e-06,146.0834619955988,1.9172992786246626e-09,4.557220696245123e-13,1.8954934191533136e-09,8.338353689923626e-11,1.8705883027164273e-06,3.827527578965254,3.74964303461112e-08,0.00033062833900082054,1000000.0,3521837.3094504
5.333766194688326e-05,8.843454865087696e-05,1.1222995465549301,708.6063482955147,0.0,0.04601744940263596,438.21839589549677,6.257713486536788e-13,0.0,5.513474108119089e-06,146.080466302931,1.9158606924928374e-09,4.554496581098027e-13,1.8953457313582457e-09,8.334910032713328e-11,1.8701346787389671e-06,3.827449089345722,3.749160328141258e-08,0.0003306281300909746,1000000.0,3521717.8458565073
5.3338204422931534e-05,8.843516178668162e-05,1.1382083369433005,708.5970394711658,0.0,0.046015717908087096,438.2092816208163,6.258557366130166e-13,0.0,5.513357449890767e-06,146.07742792290335,1.9144227155405872e-09,4.551772723980016e-13,1.89519750939811e-09,8.33142789819587e-11,1.869675860144493e-06,3.8273694812808428,3.7486723088006946e-08,0.0003306279182023948,1000000.0,3521596.806262985
5.333930657634178e-05,8.84364340754185e-05,1.17052250258031,708.5778001204676,0.0,0.04601215909351766,438.1903698154536,6.260254910319141e-13,0.0,5.51311547588035e-06,146.07112339488452,1.9115030459666405e-09,4.5462386995924834e-13,1.894894721717261e-09,8.324233817316487e-11,1.8687275583197814e-06,3.8272042974385996,3.747664349108626e-08,0.0003306274785353313,1000000.0,3521346.0409532096
5.334114730682816e-05,8.843863834522258e-05,1.224467297489816,708.5446959831486,0.0,0.04600609324947574,438.1576071994331,6.263039159897418e-13,0.0,5.51269653950342e-06,146.06020151231354,1.9066324863042375e-09,4.53700066795773e-13,1.8943841231153404e-09,8.31185968063907e-11,1.8670952933178115e-06,3.8269181350818813,3.745931531569564e-08,0.0003306267168427241,1000000.0,3520912.7692953334
5.3344146097946454e-05,8.84424419598862e-05,1.3122853323091044,708.4881766106356,0.0,0.04599588432328351,438.10108067095854,6.267438222356343e-13,0.0,5.511974396972051e-06,146.04135763536937,1.8987129317070472e-09,4.521973889845478e-13,1.8935391755284962e-09,8.290738237704502e-11,1.8643060278644353e-06,3.8264244098927804,3.742975870135012e-08,0.00033062540261290436,1000000.0,3520168.2762587913
5.3346059775382825e-05,8.844500683667668e-05,1.3682832199668924,708.450444298197,0.0,0.04598915812450278,438.0629687658871,6.270156404486068e-13,0.0,5.511487912455918e-06,146.02865254644897,1.893669009211499e-09,4.512388013568773e-13,1.8929914979938485e-09,8.276633716122677e-11,1.8624413427085922e-06,3.82609152601988,3.7410033717495745e-08,0.0003306245164797847,1000000.0,3519668.235268248
5.334797345281919e-05,8.844767884296696e-05,1.4242467036966044,708.4114236221784,0.0,0.04598226753165316,438.0232696504702,6.272804844160411e-13,0.0,5.510981467189573e-06,146.01541836003148,1.8886328885933307e-09,4.5028149220213624e-13,1.8924372348673375e-09,8.262048456317713e-11,1.8605113879182997e-06,3.8257447793407957,3.738963985478688e-08,0.00033062359340860887,1000000.0,3519148.8226111056
5.3349887130255554e-05,8.845045791198419e-05,1.480175128222498,708.3711210491928,0.0,0.04597521279486016,437.9819848929008,6.275383263048499e-13,0.0,5.51045508122549e-06,146.00165559888947,1.8836046186069566e-09,4.4932556559164563e-13,1.891876400642758e-09,8.246989811374035e-11,1.8585169620575807e-06,3.825384183551882,3.736858187154286e-08,0.00033062263343146687,1000000.0,3518610.087514141
5.335180080769192e-05,8.845334397583875e-05,1.5360678389858855,708.3295428448677,0.0,0.04596799416767836,437.93911610039453,6.27789139279851e-13,0.0,5.509908775104797e-06,145.98736479880355,1.87858424749964e-09,4.483706187457703e-13,1.8913090099541292e-09,8.231462966614937e-11,1.856458591189357e-06,3.8250097526905886,3.7346863066984e-08,0.0003306216365811298,1000000.0,3518052.0786496336
5.3353714485128284e-05,8.845633696555715e-05,1.591924182340354,708.2866951220808,0.0,0.04596061190717397,437.89466491862345,6.280328973200187e-13,0.0,5.509342569850338e-06,145.97254650837394,1.873571823023257e-09,4.474165570788706e-13,1.8907350775738532e-09,8.215471971165244e-11,1.854336660361237e-06,3.8246215011303897,3.732448587729674e-08,0.0003306206028910282,1000000.0,3517474.844370882
5.335701966063924e-05,8.846175786776723e-05,1.6883079607014275,708.2097186945609,0.0,0.04594747716046264,437.81417014723326,6.284372111569684e-13,0.0,5.508317857657343e-06,145.94571272975364,1.864933551825448e-09,4.457711559469873e-13,1.8897284576450375e-09,8.1867743026343e-11,1.8505235090288664e-06,3.8239184337347876,3.728429556678617e-08,0.00033061873091124984,1000000.0,3516432.746022753
5.336032483615019e-05,8.846749714812863e-05,1.7845779509217632,708.1290015343751,0.0,0.04593385644931532,437.7289691500347,6.288202789796234e-13,0.0,5.507233965560304e-06,145.9173101282524,1.8563193655217843e-09,4.441289498084439e-13,1.8887024463642243e-09,8.15673144127065e-11,1.8465246622133717e-06,3.8231742618323583,3.7242165514417184e-08,0.0003306167493226087,1000000.0,3515333.681540863
5.336363001166115e-05,8.847355442513383e-05,1.8807308042175492,708.0445706825549,0.0,0.04591975117926809,437.63907126074315,6.291819812768049e-13,0.0,5.506091012581333e-06,145.88734181534252,1.8477294990213635e-09,4.4248989906673283e-13,1.8876571228841138e-09,8.125369242888369e-11,1.8423426735235613e-06,3.8223890669441616,3.719811176723179e-08,0.0003306146583132175,1000000.0,3514177.8874659934
5.336890919328355e-05,8.848388800755125e-05,2.0340593926377917,707.9020738746852,0.0,0.045896220089183586,437.4857639742169,6.297151129603541e-13,0.0,5.504143237910847e-06,145.83623546645427,1.8340603763977107e-09,4.3987845774050253e-13,1.885947625837116e-09,8.072604491643494e-11,1.8352895147673378e-06,3.8210500377362484,3.712379739708774e-08,0.000330611091978947,1000000.0,3512214.708409296
5.3374188374905946e-05,8.849503019842572e-05,2.1870670860628505,707.7502651269498,0.0,0.04587146252047654,437.3205402289169,6.301930214665212e-13,0.0,5.502045630958356e-06,145.7811567603497,1.820454798672437e-09,4.3727522332647135e-13,1.884189399622905e-09,8.016645203228e-11,1.827785832364154e-06,3.8196069293380224,3.704468157002492e-08,0.0003306072478192458,1000000.0,3510108.334015
5.3379467556528343e-05,8.850697926807056e-05,2.3397404247298206,707.5892353269579,0.0,0.045845484732658634,437.14344371840826,6.30615317590569e-13,0.0,5.4997987476108455e-06,145.72212026259197,1.8069136507934348e-09,4.3468040700559213e-13,1.882382786819517e-09,7.957594352079201e-11,1.819841478316903e-06,3.8180601233716156,3.696082718150448e-08,0.00033060312670616174,1000000.0,3507859.695307948
5.338474673815074e-05,8.85197334160192e-05,2.4920660418799385,707.4190702592679,0.0,0.04581829319910544,436.9545204152937,6.309816501636009e-13,0.0,5.4974031722961e-06,145.65914129845905,1.7934377888714804e-09,4.320941686319423e-13,1.880528138014717e-09,7.895554930562525e-11,1.811466223162885e-06,3.816410021364509,3.6872296638631835e-08,0.00033059872955414006,1000000.0,3505469.7233052473
5.339002591977314e-05,8.85332907715232e-05,2.6440306711923585,707.2398516231152,0.0,0.045789894604331596,436.7538185470171,6.312917050340494e-13,0.0,5.494859517676741e-06,145.59223594487776,1.7800280405273126e-09,4.295166564963919e-13,1.8786258116724148e-09,7.830630824999625e-11,1.8026698760424822e-06,3.814657044538085,3.677915279047511e-08,0.00033059405731958747,1000000.0,3502939.353751402
5.3395305101395536e-05,8.854764939408068e-05,2.795621152580289,707.0516577048948,0.0,0.04576029584091785,436.54138857046013,6.315452043882885e-13,0.0,5.492168424328596e-06,145.52142102195552,1.7666852051669623e-09,4.2694802859115226e-13,1.8766761739886073e-09,7.76292664603076e-11,1.7934622783579144e-06,3.812801633585748,3.668145899552472e-08,0.0003305891110004336,1000000.0,3500269.530115631
5.3400584283017934e-05,8.85628072740045e-05,2.946824437521202,706.8545639431046,0.0,0.045729504006268254,436.317283145211,6.317419061389676e-13,0.0,5.489330560402347e-06,145.44671408406947,1.7534100542554417e-09,4.2438844207055126e-13,1.874679598740796e-09,7.692547460532208e-11,1.7838532853660339e-06,3.8108442484394742,3.6579278977721736e-08,0.0003305838916356664,1000000.0,3497461.2060380196
5.340586346464033e-05,8.857876233302583e-05,3.097627594207961,706.6486434414247,0.0,0.04569752639927068,436.0815571055946,6.318816032619882e-13,0.0,5.4863466212696e-06,145.3681334105425,1.7402033315973346e-09,4.2183804825910584e-13,1.8726364671320226e-09,7.619598880589646e-11,1.7738527890431036e-06,3.8087853680254873,3.6472676928605484e-08,0.00033057840030484645,1000000.0,3494515.347502572
5.341114264626273e-05,8.859551242492529e-05,3.2480178124020536,706.433967409023,0.0,0.04566437051683353,435.8342674315981,6.319641231290994e-13,0.0,5.483217329155084e-06,145.28569799595115,1.7270657536148444e-09,4.1929699665582316e-13,1.870547167629612e-09,7.544187178245863e-11,1.7634707473206465e-06,3.8066254900102945,3.636171772586719e-08,0.000330572638127604,1000000.0,3491432.9346338008
5.341642182788513e-05,8.861305533618747e-05,3.3979824079065954,706.2106055168668,0.0,0.04563004405028149,435.5754732187797,6.319893268938135e-13,0.0,5.4799434327559894e-06,145.19942754009477,1.7139980096164784e-09,4.167654352481325e-13,1.8684120957988154e-09,7.466419276899798e-11,1.7527171952432528e-06,3.80436513053785,3.6246467057060916e-08,0.0003305666062631225,1000000.0,3488214.963061927
5.3421701009507525e-05,8.863138878667705e-05,3.547508826698962,705.9786261834759,0.0,0.045594554881629105,435.30523564720556,6.319571089258254e-13,0.0,5.4765257068491334e-06,145.10934243764055,1.7010007620583617e-09,4.1424350895322504e-13,1.8662316541319303e-09,7.386402646655892e-11,1.7416022442330762e-06,3.802004823958248,3.612699144107454e-08,0.00033056030590960963,1000000.0,3484862.444924588
5.342698019112992e-05,8.865051043033598e-05,3.6965846488046408,705.7380968105876,0.0,0.045557911079756916,435.0236179494498,6.318673962627053e-13,0.0,5.47296495188638e-06,145.01546376745594,1.688074646803336e-09,4.117313597977068e-13,1.864006251873585e-09,7.304245188348434e-11,1.7301360811541391e-06,3.799545122548223,3.6003358234014117e-08,0.00033055373830375486,1000000.0,3481376.4096076638
5.34349289847742e-05,8.86807831415244e-05,3.9201690987982274,705.3599528696435,0.0,0.045500577145582324,434.5782669617271,6.316237783643353e-13,0.0,5.467335588972784e-06,144.86700388731677,1.6687474864531552e-09,4.0796760041677817e-13,1.860571598449453e-09,7.176742011002701e-11,1.7122317549793949e-06,3.7956553465492995,3.5809513153953686e-08,0.00033054334822479653,1000000.0,3475877.980798285
5.3442877778418474e-05,8.871282877198224e-05,4.1426628760669635,704.962800732549,0.0,0.045440673230052075,434.10749577533045,6.312497245735548e-13,0.0,5.4613867681386536e-06,144.71007017951,1.649584934783232e-09,4.042267862896037e-13,1.8570374059721477e-09,7.045001110420048e-11,1.693589837051554e-06,3.7915435487223768,3.5606633937311394e-08,0.0003305323596685621,1000000.0,3470082.887544295
5.345082657206275e-05,8.874663849003718e-05,4.364025411439581,704.5468627203363,0.0,0.045378229150910485,433.6115455283227,6.307453883455156e-13,0.0,5.455121537999328e-06,144.5447430283526,1.6305888291233927e-09,4.0050936627971246e-13,1.8534051524530368e-09,6.909392925520093e-11,1.674246028374503e-06,3.7872118351793964,3.53949616799275e-08,0.00033052077733293023,1000000.0,3463994.8772819526
5.3458775365707026e-05,8.878220314476253e-05,4.584216911475609,704.1123598055142,0.0,0.04531327558149915,433.09066701525035,6.301110770209846e-13,0.0,5.448543067858408e-06,144.3711060371318,1.6117608770715404e-09,3.968157739217704e-13,1.8496763458732557e-09,6.770286959979484e-11,1.6542363376115186e-06,3.782662396372161,3.517474185454463e-08,0.0003305086060985106,1000000.0,3457617.7934542876
5.34667241593513e-05,8.881951327248067e-05,4.803198381646195,703.659512326186,0.0,0.04524584401733554,432.54512039710795,6.29347247536022e-13,0.0,5.441654644049754e-06,144.18924593142117,1.5931026587503744e-09,3.9314642706586243e-13,1.8458525226923623e-09,6.628050767037556e-11,1.6335970323117254e-06,3.777897504559167,3.4946224140948743e-08,0.00033049585102367843,1000000.0,3450955.575230672
5.347467295299557e-05,8.885855910288733e-05,5.020931645371986,703.1885404287992,0.0,0.045175966743091454,431.97517491171067,6.284545024154635e-13,0.0,5.434459666287259e-06,143.9992524625326,1.5746156288602411e-09,3.8950172738420796e-13,1.841935246376572e-09,6.483048801846078e-11,1.6123645778484311e-06,3.772919511276018,3.47096621876909e-08,0.0003304825173399187,1000000.0,3444012.255859155
5.348262174663985e-05,8.889933056534738e-05,5.237379361924278,702.6996644279762,0.0,0.045103676799085064,431.3811085768214,6.274335856618652e-13,0.0,5.426961643925409e-06,143.80121830855325,1.5563011188157215e-09,3.858820601094385e-13,1.8379261059128383e-09,6.335641334857751e-11,1.590575570239431e-06,3.7677308447425526,3.446531332910286e-08,0.0003304686104470493,1000000.0,3436791.96052865
5.3494597959918146e-05,8.896399539050617e-05,5.560986887896854,701.9297675697253,0.0,0.044990278386331704,430.44113204975383,6.256553477576395e-13,0.0,5.415100344286848e-06,143.4878739091293,1.529035604833138e-09,3.8047649327587966e-13,1.8317157458102068e-09,6.10978603798119e-11,1.5567766429203846e-06,3.7595209491225057,3.408303189924404e-08,0.0003304465872373547,1000000.0,3425399.650711109
5.351515218249051e-05,8.908394579405867e-05,6.109037705761751,700.5170567671573,0.0,0.04478341438818496,428.7047342830219,6.219406506135773e-13,0.0,5.39319624643286e-06,142.90904019310437,1.4831704347677198e-09,3.713369468622512e-13,1.8205959184160822e-09,5.714709990562218e-11,1.4963794852802654e-06,3.7443550006017574,3.338973654728346e-08,0.0003304058436198934,1000000.0,3404447.262523847
5.352820025918659e-05,8.916589826625491e-05,6.451910638973813,699.5618229907504,0.0,0.04464430418280848,427.523759308938,6.191565505403277e-13,0.0,5.378302886902134e-06,142.51535869461318,1.4546695495493859e-09,3.656274608120006e-13,1.8132455940051861e-09,5.461211340106112e-11,1.456712552925348e-06,3.7340402003517457,3.292701553407348e-08,0.00033037808738963485,1000000.0,3390257.998250529
5.3541248335882675e-05,8.925229810352038e-05,6.7907043531727265,698.5624090918042,0.0,0.04449933848170736,426.28338761086474,6.160496334908796e-13,0.0,5.362663541293901e-06,142.10187731257363,1.4266494987748093e-09,3.599912173680741e-13,1.805678052092185e-09,5.2072593917780476e-11,1.4162045407495541e-06,3.723206624644908,3.244817313656985e-08,0.0003303488953705057,1000000.0,3375403.1580455895
5.3554296412578756e-05,8.93430912067372e-05,7.1252858963501655,697.5198293557327,0.0,0.04434868468576814,424.98510988277906,6.126274941552186e-13,0.0,5.346296986516722e-06,141.66909297284596,1.3991121806307074e-09,3.5442930855054977e-13,1.7979009832009648e-09,4.954140327534514e-11,1.3750104790865206e-06,3.711867293269325,3.195442325113984e-08,0.000330318296579119,1000000.0,3359903.7590008522
5.356734448927484e-05,8.943822178702228e-05,7.455529246338009,696.4351082537771,0.0,0.044192513302145305,423.63045840975394,6.088984387562805e-13,0.0,5.32922251716295e-06,141.21751646550734,1.3720587715290692e-09,3.489427003839941e-13,1.789922160077988e-09,4.703051667916826e-11,1.3332816149076062e-06,3.7000355892728973,3.144698214935206e-08,0.0003302863208850622,1000000.0,3343781.244646849
5.3580392565970926e-05,8.953763245508743e-05,7.7813153867863845,695.3092804004536,0.0,0.04403099753423857,422.2210030656245,6.048714270674776e-13,0.0,5.31145989533214e-06,140.74767111067231,1.3454897587576591e-09,3.435322340129357e-13,1.7817494203297666e-09,4.4550967761422914e-11,1.2911646942899551e-06,3.6877252240072536,3.092706399472665e-08,0.0003302529989445503,1000000.0,3327057.4341479116
5.359344064266701e-05,8.964126431397174e-05,8.102532355099774,694.1433898266007,0.0,0.04386431287430387,420.75834727594344,6.005560135769369e-13,0.0,5.29302930005514e-06,140.26009141274352,1.3194049734861548e-09,3.3819862744477474e-13,1.773390649278523e-09,4.211280186249709e-11,1.248801303718746e-06,3.6749502018684645,3.039587645789786e-08,0.00033021836213196907,1000000.0,3309754.4682613397
5.360648871936309e-05,8.974905705251715e-05,8.41907526765214,692.9384889842519,0.0,0.0436926367031831,419.2441239971855,5.959622885433644e-13,0.0,5.2739512769487494e-06,139.75532172007988,1.2938036239649188e-09,3.329424779124803e-13,1.7648537632321751e-09,3.972505892738107e-11,1.2063272650220933e-06,3.661724785179641,2.985461646375363e-08,0.00033018244247126475,1000000.0,3291894.754613708
5.361953679605917e-05,8.98609490378459e-05,8.730846326768917,691.6956377870233,0.0,0.04351614790028475,417.6799917489608,5.911008195205688e-13,0.0,5.254246688554609e-06,139.2339149023362,1.2686843287962986e-09,3.2776426489808903e-13,1.7561466933022838e-09,3.7395742878576406e-11,1.1638721145154929e-06,3.6480634595364645,2.930446609805364e-08,0.0003301452725684706,1000000.0,3273500.914139959
5.3642101347839306e-05,9.006393733863945e-05,9.258480396932221,689.4598958471214,0.0,0.04320010965893316,414.8622311785338,5.820942491314531e-13,0.0,5.218754200233306e-06,138.29460872887645,1.2263762144037195e-09,3.1899431725632063e-13,1.7407108423894135e-09,3.35254401611432e-11,1.0908538158531168e-06,3.623452792997121,2.8335489914598743e-08,0.00033007814006551076,1000000.0,3240498.090985082
5.3664665899619435e-05,9.027866343152782e-05,9.771156192795925,687.1194010065676,0.0,0.042871152671191334,411.909051221882,5.723792342067273e-13,0.0,5.181561913168367e-06,137.3101606072099,1.1854900479518034e-09,3.1045960104029725e-13,1.7248306104376618e-09,2.987940215405302e-11,1.0188400395201686e-06,3.597659362295845,2.734924669762435e-08,0.000330007542153206,1000000.0,3206084.54520008
5.3687230451399564e-05,9.050478563987636e-05,10.268516206973754,684.6797327489935,0.0,0.04253021351897237,408.82935902848016,5.620173952597982e-13,0.0,5.1427817878110055e-06,136.28353974313592,1.146008017259088e-09,3.0216031152574434e-13,1.708546501054253e-09,2.647818237650741e-11,9.483476870460188e-07,3.570760963009229,2.6351341012581465e-08,0.00032993365615349,1000000.0,3170378.9321518447
5.37097950031797e-05,9.074195490972686e-05,10.750263740231476,682.1464801050778,0.0,0.04217822497604133,405.63210820310644,5.510719173722082e-13,0.0,5.10252634165995e-06,135.21773082693215,1.1079086190302904e-09,2.940957957594595e-13,1.6918984541628198e-09,2.333455277556148e-11,8.79824080778371e-07,3.5428357964919277,2.534708734436238e-08,0.0003298566614363887,1000000.0,3133499.3610319835
5.373235955495983e-05,9.098981616225497e-05,11.216161127411024,679.5252216017177,0.0,0.041816111307368155,402.3262467369461,5.396067802583696e-13,0.0,5.060907999014286e-06,134.11571667627237,1.0711671257042347e-09,2.862646306549133e-13,1.6749256622147712e-09,2.0454169284397067e-11,8.13646808711576e-07,3.5139620151042923,2.4341475072680842e-08,0.00032977673849463295,1000000.0,3095562.7015150464
5.3754924106739956e-05,9.124800960281648e-05,11.666027690220925,676.82150586466,0.0,0.04144478396480657,398.9206684234717,5.276860437990141e-13,0.0,5.01803848440363e-06,132.98046204080268,1.0357560340095182e-09,2.7866469994890224e-13,1.6576664053971726e-09,1.7836579651449632e-11,7.501232844997827e-07,3.4842172978768797,2.3339141191400465e-08,0.0003296940680646381,1000000.0,3056683.9473751495
5.377748865852009e-05,9.15161719811055e-05,12.09973743303493,674.040833091996,0.0,0.04106513769859679,395.4241680244938,5.153731953708035e-13,0.0,4.974028262943347e-06,131.8148986568432,1.0016454913677797e-09,2.7129328254322133e-13,1.6401579061085741e-09,1.5475991364576805e-11,6.894960383820027e-07,3.453678458923736,2.2344350414440552e-08,0.00032960883029920814,1000000.0,3016975.640656262
5.380005321030022e-05,9.179393779656352e-05,12.517216463848825,671.1886373772371,0.0,0.04067804708829438,391.8454003894174,5.027305646449203e-13,0.0,4.92898603012653e-06,130.62191161989477,9.688036946700027e-10,2.641471275796534e-13,1.6224362028706938e-09,1.3362939341355396e-11,6.31945979455609e-07,3.4224210903854906,2.136098294316831e-08,0.00032952120399843755,1000000.0,2976547.3578658826
5.3822617762080356e-05,9.208094044301025e-05,12.918440181846508,668.2702700212701,0.0,0.040284363493604196,388.1928436681996,4.898188079473968e-13,0.0,4.883018252790939e-06,129.40432712178333,9.371972595628787e-10,2.57222523191442e-13,1.6045360434424373e-09,1.1485346885337496e-11,5.775933535139568e-07,3.39051924112959,2.0392528197349556e-08,0.00032943136590206064,1000000.0,2935505.2594307247
5.3845182313860484e-05,9.23768132876867e-05,13.303430307880369,665.2909841408942,0.0,0.03988491242516363,384.4747666823918,4.766964625271678e-13,0.0,4.836228761994601e-06,128.16490157390146,9.067915610599857e-10,2.5051537569091567e-13,1.5864907964811396e-09,9.82755403434157e-12,5.26505513977983e-07,3.35804513176083,1.9442084676656303e-08,0.00032933949004480833,1000000.0,2893951.703344965
5.386774686564061e-05,9.268119068184816e-05,13.672251818576822,662.255920769483,0.0,0.0394804913178722,380.69920044011684,4.634195702804699e-13,0.0,4.788718397547001e-06,126.90631211182759,8.775510461342826e-10,2.440212823668082e-13,1.568332380878207e-09,8.370866691178214e-12,4.78707605133514e-07,3.3250689058224165,1.8512365479667907e-08,0.00032924574717546027,1000000.0,2851984.9223921704
5.389031141742075e-05,9.29937089014294e-05,14.025009817284912,659.170096464728,0.0,0.03907186767647974,376.8739137173993,4.500413694246301e-13,0.0,4.740584703279355e-06,125.63114845546086,8.494395180939635e-10,2.377355773426812e-13,1.5500912118079401e-09,7.099203094638928e-12,4.3418234700593323e-07,3.291658416523748,1.760570832843647e-08,0.0003291503042397435,1000000.0,2809698.7627003533
5.391287596920088e-05,9.331400701683944e-05,14.361846368411868,656.0383923835255,0.0,0.03865977758008872,373.00639258290414,4.366120513312337e-13,0.0,4.691921671616509e-06,124.34190608368529,8.224203926992395e-10,2.3165336875302746e-13,1.5317961624371064e-09,6.000434259435522e-12,3.928651831130472e-07,3.2578790479148,1.672408956037201e-08,0.00032905332392666657,1000000.0,2767182.480574304
5.393544052098101e-05,9.36417276912978e-05,14.682937326677616,652.8655447926,0.0,0.038244924597081585,369.10382370661586,4.2317857869558853e-13,0.0,4.642819535059978e-06,123.040980670406,7.964569268952311e-10,2.2576969698780512e-13,1.5134745401538381e-09,5.043530296505524e-12,3.5470248300327614e-07,3.223793569046657,1.5869140890512548e-08,0.00032895496427641036,1000000.0,2724520.5941512403
5.395800507276114e-05,9.397651790784885e-05,14.988489199051896,649.6561370586047,0.0,0.03782797872536343,365.17308125854737,4.09784559854343e-13,0.0,4.5933646038501225e-06,121.73066371731207,7.715124218421105e-10,2.2007912389700212e-13,1.495152076064167e-09,4.30193232338248e-12,3.1943014849242303e-07,3.1894620197669004,1.5042169380759787e-08,0.00032885537834831575,1000000.0,2681792.7863719445
5.398056962454127e-05,9.431802962611593e-05,15.278736068906763,646.4145930101677,0.0,0.03740957708517589,361.2207171734105,3.964701804927422e-13,0.0,4.543639137077438e-06,120.41313930868947,7.475503998508399e-10,2.145779514068353e-13,1.4768529263862954e-09,3.0937948248518747e-12,2.8773394619405616e-07,3.1549416245330644,1.4244180321681108e-08,0.00032875471394628003,1000000.0,2639073.8548451597
5.4003134176321405e-05,9.466592037054463e-05,15.553936602214838,643.1451718607533,0.0,0.036990320244178865,357.2529545366136,3.8327216972248095e-13,0.0,4.493721250527684e-06,119.09048190668973,7.245347589915785e-10,2.092580289136081e-13,1.4585996847276663e-09,0.0,2.579588043289252e-07,3.1202867379388226,1.3475896129222689e-08,0.0003286531133982599,1000000.0,2596433.705213704
5.4025698728101534e-05,9.501985375228009e-05,15.814371156051436,639.8519640541158,0.0,0.03657077690522023,353.2756838349939,3.7022381859394655e-13,0.0,4.4436849315581905e-06,117.7646551015776,7.024299153382568e-10,2.0411581919214576e-13,1.4404134036533925e-09,2.1655960755169194e-12,2.3074944974391826e-07,3.085548807314738,1.2737784807439013e-08,0.00032855071338684666,1000000.0,2553937.3812822048
5.404826327988167e-05,9.537949992710316e-05,16.060339003013617,636.5388886218578,0.0,0.03615148146259314,349.29446181046745,3.573550374795634e-13,0.0,4.393599978946591e-06,116.43751122965875,6.812009095088663e-10,1.9914659998768071e-13,1.4223136244509675e-09,2.349888130519086e-12,2.063898606761742e-07,3.0507763654038653,1.2030082314382077e-08,0.0003284476448271736,1000000.0,2511645.1301392224
5.40708278316618e-05,9.574453599214173e-05,16.29215568369448,633.2096915755012,0.0,0.03573293383898545,345.31451265336574,3.4469243868273233e-13,0.0,4.343531985119536e-06,115.11079177112252,6.608134982317129e-10,1.943443097143159e-13,1.4043184140252911e-09,1.193642271084102e-12,1.8421820892396305e-07,3.0160150413503746,1.1352814119942968e-08,0.000328344032788625,1000000.0,2469612.4963188297
5.4093392383441926e-05,9.611464632438294e-05,16.510150499281536,629.8679452447532,0.0,0.03531560147392744,341.34073127421937,3.3225944255134206e-13,0.0,4.293542403995794e-06,113.78612844072313,6.412342363827856e-10,1.897039000848828e-13,1.3864444077498866e-09,1.866071831426403e-12,1.6410197838220487e-07,2.981307587805727,1.0705820249387458e-08,0.00032823999645672223,1000000.0,2427890.440802855
5.411595693522206e-05,9.648952286425732e-05,16.714664152009266,626.5170486354506,0.0,0.03489991965675185,337.37768839863486,3.2007640766243087e-13,0.0,4.243688629930028e-06,112.46504488618938,6.224305436176671e-10,1.8522045945785749e-13,1.368706857165361e-09,1.385944911946285e-12,1.4608221321342083e-07,2.9466939257916867,1.0088778446627922e-08,0.0003281356491313945,1000000.0,2386525.4814669425
5.413852148700219e-05,9.686886534768669e-05,16.906046536192378,623.1602286418411,0.0,0.03448629182039441,333.42963723965545,3.0816077978418185e-13,0.0,4.194024075547884e-06,111.14895891248558,6.043707542136366e-10,1.8088870193568382e-13,1.3511196815803523e-09,0.0,1.2980382921038242e-07,2.9122112035386025,9.501224487503682e-09,0.0003280310982578441,1000000.0,2345559.8508801633
5.4161086038782326e-05,9.725238149001674e-05,17.084654681428585,619.8005419456309,0.0,0.03407509138762385,329.5005215144873,2.9652725315929713e-13,0.0,4.1445982656967626e-06,109.83918515421327,5.870241534975141e-10,1.7670380273721892e-13,1.3336955226897587e-09,0.0,1.1541042925872776e-07,2.8778938656134136,8.942572873309448e-09,0.0003279264454863557,1000000.0,2305031.6676533422
5.4183650590562454e-05,9.763978712525482e-05,17.250850847846813,616.4408777297385,0.0,0.033666660750527266,325.5939845865617,2.8518793846087806e-13,0.0,4.095456970667621e-06,108.53693812312845,5.703610054850834e-10,1.726605244265836e-13,1.3164458014854355e-09,0.0,1.0154727311951651e-07,2.843773734765904,8.412135345239546e-09,0.00032782178675767025,1000000.0,2264975.1188989384
5.420621514234258e-05,9.803080630404409e-05,17.40500077406901,613.0839605302708,0.0,0.03326131938126338,321.7133795285428,2.7415253997761217e-13,0.0,4.046642327679113e-06,107.24333556268094,5.543525700531e-10,1.687560171198685e-13,1.2993807764476593e-09,5.23689095429013e-12,9.223278631934736e-08,2.8098800929404737,7.909141766471674e-09,0.0003277172124105644,1000000.0,2225420.648719112
5.422877969412272e-05,9.842517135377097e-05,17.547472072860725,609.7323547643628,0.0,0.032859348306549394,317.8617799179811,2.6342852932739495e-13,0.0,3.99819293369467e-06,105.95940204672152,5.389711125928742e-10,1.6498203130326523e-13,1.2825096029785904e-09,1.4448736104196462e-12,8.045705109753749e-08,2.776239791997136,7.432748806987415e-09,0.00032761280730840645,1000000.0,2186395.155883986
5.425134424590285e-05,9.882262290409505e-05,17.67863276894627,606.3884677686574,0.0,0.032461013605882647,314.0419911933122,2.530213236682651e-13,0.0,3.950144013720366e-06,104.68607276504288,5.241899067493724e-10,1.6133616881929552e-13,1.2658403927910347e-09,1.6919791428072475e-12,7.033608770475538e-08,2.7428773306947556,6.982062924623506e-09,0.00032750865098175083,1000000.0,2147922.187313899
5.427390879768298e-05,9.922290988113033e-05,17.798849981990887,603.0545549922136,0.0,0.03206655300442939,310.2565624142183,2.4293446429083856e-13,0.0,3.902527590925899e-06,103.42419744371814,5.099832303481962e-10,1.578146462140625e-13,1.2493802730079553e-09,3.9857461281254186e-12,6.247769383887236e-08,2.7098149720819773,6.556151629769149e-09,0.00032740481778430463,1000000.0,2110022.138568725
5.429647334946311e-05,9.962578947336537e-05,17.90848873842578,599.7327247346825,0.0,0.03167617815508511,306.50779828660933,2.331697884160418e-13,0.0,3.855372622408983e-06,102.17454435362654,4.963263557311541e-10,1.5441204608059583e-13,1.2331354447627981e-09,4.064678158110998e-12,5.5042735800486584e-08,2.6770728474497596,6.154051609941306e-09,0.0003273013770596972,1000000.0,2072712.4504422136
5.431903790124324e-05,0.0001000310270722264,18.007910909223334,596.4249429311413,0.0,0.03129008040440784,302.79777132837813,2.2372759365708023e-13,0.0,3.8087051338896624e-06,100.93780436589873,4.831955358575964e-10,1.5112432660223063e-13,1.2171112408211334e-09,2.0016252675903704e-12,4.833932673807008e-08,2.6446690579881236,5.7747820909920135e-09,0.0003271983933166777,1000000.0,2036007.8022277125
5.4341602453023375e-05,0.00010043839619005586,18.097474269893947,593.1330384474371,0.0,0.03090842977743463,299.1283340668344,2.1460679764732636e-13,0.0,3.762548368520033e-06,99.71459501792928,4.705679868078467e-10,1.4794769403472625e-13,1.201312181804629e-09,0.0,4.261368944464633e-08,2.6126197835358047,5.417355316167837e-09,0.00032709592641062807,1000000.0,1999920.3021290088
5.4364167004803504e-05,0.0001008476783581567,18.17753167371071,589.8587084132537,0.0,0.03053137567255955,295.50113117260537,2.0580509145792862e-13,0.0,3.716923002665062e-06,98.50546455821409,4.5842186881580427e-10,1.4487798475687732e-13,1.185742030797892e-09,3.9728330040190364e-13,3.750234930484838e-08,2.5809393890970718,5.080782888371675e-09,0.0003269940317295129,1000000.0,1964459.672276252
5.438673155658364e-05,0.000101258663007389,18.248430330269038,586.6035235540279,0.0,0.03015904904095803,291.9176114481076,1.9731908432689394e-13,0.0,3.671847200827924e-06,97.31089594270686,4.4673626054315495e-10,1.4191137746050824e-13,1.1704038461806958e-09,-1.2502959116241608e-27,3.3074609821916655e-08,2.549640528537166,4.764082872092493e-09,0.000326892760382569,1000000.0,1929633.4275267515
5.440929610836377e-05,0.00010167114733362114,18.310511182449098,583.3689336501233,0.0,0.029791562842231372,288.37903960119297,1.8914443912608913e-13,0.0,3.627336336782574e-06,96.13131075955957,4.354911233694193e-10,1.3904422678148097e-13,1.1553000325473398e-09,-4.940560197583975e-27,2.9359174124797994e-08,2.5187342479980765,4.466286469591933e-09,0.0003267921593902111,1000000.0,1895447.047926945
5.4431860660143896e-05,0.00010208493615016461,18.364108374727415,580.1562729629069,0.0,0.029429013189286854,284.88650774597374,1.8127599879794395e-13,0.0,3.583404650278547e-06,94.96707306291225,4.246673132247523e-10,1.3627262597819836e-13,1.1404323895681535e-09,7.497592962019433e-14,2.553238263491075e-08,2.4882300867269005,4.186442825335202e-09,0.0003266922718738154,1000000.0,1861904.1438986207
5.446646297408421e-05,0.00010272158019658127,18.4305646282935,575.2750848952724,0.0,0.028882822117332573,279.62229304859636,1.6979111503850952e-13,0.0,3.517187344100082e-06,93.21224381857152,4.088459799348708e-10,1.3220061211126932e-13,1.1180945891430047e-09,9.375346573828632e-14,2.0883100021943634e-08,2.4422518507961146,3.790064099690142e-09,0.0003265405712857005,1000000.0,1811720.5625086348
5.4501065288024524e-05,0.0001033602084325327,18.478981504963365,570.452257150577,0.0,0.02834865565236607,274.4711741395196,1.589886430064626e-13,0.0,3.4523924001080536e-06,91.49511517388486,3.9391018271484225e-10,1.2833359689914505e-13,1.0963171238581077e-09,0.0,1.713791766814387e-08,2.3972614066226985,3.4304948960461215e-09,0.0003263907664644771,1000000.0,1763054.0879722806
5.453566760196483e-05,0.00010400021581231701,18.510458182496794,565.6911960333018,0.0,0.027826670448607708,269.43508615091207,1.4884241110015721e-13,0.0,3.3890448692563063e-06,89.81633219899511,3.7980180748631637e-10,1.2466000353731677e-13,1.0750996846235475e-09,0.0,1.3970804368421494e-08,2.3532756557838206,3.1046663838115178e-09,0.00032624296570194243,1000000.0,1715897.1390767645
5.4570269915905146e-05,0.00010464103453455542,18.52604778373926,560.9948152861209,0.0,0.027316959982618745,264.5153005310938,1.3932450902503988e-13,0.0,3.327161275585268e-06,88.176318725523,3.664667339415042e-10,1.211690691063536e-13,1.05443979676501e-09,0.0,1.1436303405374784e-08,2.3103057028650937,2.8096848952506057e-09,0.0003260972608309827,1000000.0,1670235.7547109984
5.460487222984545e-05,0.00010528213241665709,18.526756578542273,556.3655771591331,0.0,0.026819561031450122,259.7125015293356,1.3040590271581641e-13,0.0,3.266749877760012e-06,86.57530284273241,3.5385457523865756e-10,1.178505928861123e-13,1.0343331164478134e-09,0.0,9.457245094586853e-09,2.268357524199227,2.542839573417849e-09,0.0003259537286473705,1000000.0,1626050.5758681751
5.463947454378577e-05,0.00010592301126950812,18.51354362022318,551.8055314929154,0.0,0.026334460579516116,255.02685675150505,1.2205695565355393e-13,0.0,3.2078121652015904e-06,85.01334041720942,3.419184555553641e-10,1.1469475934392038e-13,1.0147736994895387e-09,1.9767101322159933e-13,7.594608808925703e-09,2.2274325841583833,2.301605118014549e-09,0.0003258124322608986,1000000.0,1583317.7286473226
5.467407685772608e-05,0.00010656320527543259,18.48732080339461,547.3163527005287,0.0,0.025861603169690207,250.45808196552235,1.142478648448337e-13,0.0,3.150344343316977e-06,83.49033669571934,3.3061479614445537e-10,1.1169242735150953e-13,9.957542440641603e-10,7.055933112177885e-13,5.77856246914821e-09,2.1875284002452045,2.083640791272408e-09,0.00032567342237241857,1000000.0,1542009.6139639323
5.470867917166639e-05,0.00010720227936761575,18.448953377568497,542.899374601953,0.0,0.025400897347122607,246.00550041740436,1.0694901892261649e-13,0.0,3.094338036543164e-06,82.0060660781774,3.1990309255558186e-10,1.0883514993521947e-13,9.77266308909144e-10,1.225467774754209e-12,5.0352558531729355e-09,2.148639060447725,1.886786429661576e-09,0.0003255367384726509,1000000.0,1502095.6103860037
5.47432814856067e-05,0.00010783982762562878,18.39926083897171,538.5556233079354,0.0,0.024952217361930134,241.66809683648265,1.0013128672695868e-13,0.0,3.03978059615323e-06,80.56019012025453,3.0974569457627347e-10,1.061146122783507e-13,9.59300508642286e-10,1.2582245914129751e-14,4.206530344222035e-09,2.110755698313008,1.7090554078160293e-09,0.0003254024099605555,1000000.0,1463542.6965461953
5.4777883799547016e-05,0.0001084754717074789,18.339018075053676,534.2858474450268,0.0,0.024515411230566043,237.44456630870567,9.376624552229518e-14,0.0,2.9866555753854203e-06,79.15227382526093,3.001076028858032e-10,1.0352316141036175e-13,9.418466876366858e-10,0.0,3.3885191605645985e-09,2.0738669164101045,1.5486271431333276e-09,0.0003252704571819623,1000000.0,1426315.9969915901
5.481248611348732e-05,0.00010910885932936393,18.268956681841725,530.0905464728924,0.0,0.02409030399254306,233.3333582899855,8.782635758336212e-14,0.0,2.934943391145951e-06,77.78180031596929,2.9095628316480323e-10,1.0105365455599224e-13,9.248940740649406e-10,5.238592141647053e-13,2.8975928989757856e-09,2.037959171757713,1.4038382188594864e-09,0.0003251408923908525,1000000.0,1390379.2597109028
5.484708842742764e-05,0.00010973966279502408,18.189766421477454,525.969996899274,0.0,0.02367670062990295,229.33271610204227,8.228510235815492e-14,0.0,2.884621920804908e-06,76.44818400053124,2.8226149148226065e-10,9.869925760384717e-14,9.084314158618409e-10,0.0,2.3090394493957338e-09,2.003017121710714,1.2731723945137087e-09,0.00032501372063605867,1000000.0,1355695.2710657166
5.4881690741367945e-05,0.0001103675775756911,18.10209679977988,521.9242763225623,0.0,0.02327439068498146,225.44071225313874,7.711707051596841e-14,0.0,2.835666946453149e-06,75.15078234662342,2.739951079315183e-10,9.645357135141122e-14,8.924471002438826e-10,0.0,1.6581489457649868e-09,1.9690239312485291,1.1552507933688867e-09,0.0003248889405762023,1000000.0,1322226.2139262324
5.491629305530826e-05,0.00011099232094459661,18.006558730289157,517.9532855801538,0.0,0.022883151524587215,221.65527989760963,7.229802599174368e-14,0.0,2.788052498324694e-06,73.8889063684637,2.6613097985646474e-10,9.431064064010221e-14,8.769292582719231e-10,2.649786586970322e-12,1.7042095659711684e-09,1.935961547501246,1.0488220906407927e-09,0.00032476654522604225,1000000.0,1289933.9752025895
5.495089536924857e-05,0.0001116136306702508,17.903726238538876,514.0567692652487,0.0,0.022502748316252482,217.97424073605168,6.78049417424446e-14,0.0,2.741751162083266e-06,72.66182992732205,2.586447767159639e-10,9.226476794034349e-14,8.618658559199116e-10,0.0,1.260489280276038e-09,1.9038109461210364,9.527523624410505e-10,0.0003246465226379534,1000000.0,1258780.408458331
5.498549768318888e-05,0.00011223126377007236,17.7941381818193,510.2343340251511,0.0,0.02213294029061023,214.39532966021397,6.361601382970131e-14,0.0,2.6967344136334923e-06,71.46879794688023,2.5151385601529084e-10,9.031064551413914e-14,8.472447729489531e-10,0.0,1.0192458020627073e-09,1.872552342678514,8.660158612887394e-10,0.0003245288565225983,1000000.0,1228727.554921724
5.5020099997129194e-05,0.00011284499532377028,17.67829996889138,506.4854656867207,0.0,0.021773480134736792,210.916216441581,5.971065804612586e-14,0.0,2.6529729501180537e-06,70.30903364310907,2.447171388020112e-10,8.844329691348323e-14,8.330538708731827e-10,1.2782415670974632e-14,8.655069653581931e-10,1.8421653847878168,7.876858775211931e-10,0.00032441352681282585,1000000.0,1199737.8298734098
5.50547023110695e-05,0.0001134546173455274,17.55668526342437,502.8095446060622,0.0,0.02142411665349682,207.53452474443665,5.6069492596979456e-14,0.0,2.61043689981045e-06,69.18174486226253,2.3823499359681313e-10,8.665801707367745e-14,8.192810512041173e-10,0.0,6.928584115969067e-10,1.8126293173479828,7.169260235699312e-10,0.00032430051017470746,1000000.0,1171774.1769179609
5.5089304625009815e-05,0.00011405993771438078,17.42973765888614,499.2058596387304,0.0,0.021084596546063653,204.24784872190637,5.267430986297979e-14,0.0,2.569096004647254e-06,68.08612961315856,2.320491287869342e-10,8.495038955162465e-14,8.059143050339328e-10,5.13839184005164e-13,5.968010800071653e-10,1.7839231273098013,6.529822253794377e-10,0.00032418978046951113,1000000.0,1144800.194701364
5.512390693895013e-05,0.00011466077916199286,17.29787231249007,495.67362083041326,0.0,0.020754665432988425,201.05376743482597,4.9508039895548986e-14,0.0,2.5289198020691955e-06,67.02138087370038,2.26142493181789e-10,8.331627000665845e-14,7.929417549251666e-10,7.891263263711907e-14,5.138552935720944e-10,1.756025669973522,5.951751842191249e-10,0.0003240813091703525,1000000.0,1118780.2395243903
5.5158509252890436e-05,0.00011525697831632356,17.16147752940395,492.211970849738,0.0,0.020434069203329908,197.9498573175414,4.6554707827545286e-14,0.0,2.4898777969299782e-06,65.98669074634341,2.2049918425189018e-10,8.175175397812417e-14,7.803516899928513e-10,0.0,3.506874260372397e-10,1.7289157777290247,5.428933520320479e-10,0.0003239750657371465,1000000.0,1093679.5068048018
5.519311156683075e-05,0.0001158483847992252,17.02091629322598,488.81999527930344,0.0,0.020122555362837767,194.93370289819111,4.379938697644685e-14,0.0,2.4519396156508525e-06,64.981254031695,2.1510436337978605e-10,8.025317237130343e-14,7.681325949817211e-10,2.509748002259068e-12,2.924954212993536e-10,1.7025723533764625,4.955865120690955e-10,0.00032387101795329417,1000000.0,1069464.0942541587
5.5227713880771064e-05,0.00011643486037589899,16.87652773827208,485.4967319252415,0.0,0.019819873573026506,192.00290596305618,4.122814915236465e-14,0.0,2.415075102580868e-06,64.00427128344508,2.099441773875314e-10,7.881708060029936e-14,7.562731740692362e-10,4.107463832609e-12,4.800688430000724e-10,1.6769744505018886,4.5275985153020726e-10,0.00032376913222732567,1000000.0,1046101.0494243756
5.526231619471137e-05,0.00011701627815414528,16.72862855735547,482.24117921421157,0.0,0.01952577578661409,189.15509333730233,3.882801343856387e-14,0.0,2.3792543790759243e-06,63.05495140207086,2.0500568601196525e-10,7.744022782349417e-14,7.447623700571919e-10,0.0,4.10863345996781e-10,1.6521013420392157,4.139684960422273e-10,0.0003236693738625382,1000000.0,1023558.4037981498
5.5296918508651686e-05,0.00011759252183128753,16.57751434734651,479.0523035628823,0.0,0.019240018173642907,186.38792343857264,3.6586894361054956e-14,0.0,2.344447976784669e-06,62.132513819472365,2.0027679525193838e-10,7.611955692037731e-14,7.335893795188367e-10,0.0,1.8074004007827541e-10,1.6279325762394543,3.7881262869519133e-10,0.0003235717072974571,1000000.0,1001805.1949785233
5.533152082259199e-05,0.00011816348498662093,16.423460894078634,475.9290460794859,0.0,0.018962361289526684,183.69909174506006,3.4493550227580443e-14,0.0,2.310626941758552e-06,61.236190321750634,1.9574619581296653e-10,7.485220237868864e-14,7.227436644166524e-10,7.071258798842133e-15,1.575814540363493e-10,1.6044480247708137,3.4693300625314586e-10,0.0003234760963197494,1000000.0,980811.4793187082
5.536612313653231e-05,0.00011872907041717489,16.266725390996257,472.87032859844794,0.0,0.018692569648963517,181.08633530615484,3.253753231963582e-14,0.0,2.277762831253095e-06,60.365226552828474,1.9140330607243573e-10,7.363545973015595e-14,7.122149606740837e-10,0.0,1.358582289837312e-10,1.5816279229656405,3.1800681634693164e-10,0.00032338250425605286,1000000.0,960548.3363521128
5.540072545047262e-05,0.00011928918951452631,16.107547592626183,469.8750589317081,0.0,0.018430412796192636,178.54743641125177,3.07091353891888e-14,0.0,2.2458277412598052e-06,59.51888323744393,1.872382195475271e-10,7.246677914763895e-14,7.019932841150436e-10,6.647504413125015e-13,7.90472255155038e-11,1.5594529011306255,2.9174401601268276e-10,0.0003232908941399833,1000000.0,940987.8659914779
5.543532776441293e-05,0.000119843761680464,15.946150907657358,466.9421355789969,0.0,0.018175665599399985,176.0802255203353,2.899934978618829e-14,0.0,2.214794363860694e-06,58.69643715805759,1.8324165653053403e-10,7.134376439837365e-14,6.920689341296011e-10,2.5468008447878464e-14,1.259205955575519e-10,1.537904010129625,2.678840209204477e-10,0.0003232012288603918,1000000.0,922103.180041402
5.546993007835324e-05,0.00012039271377940624,15.782743431554396,464.07045194241533,0.0,0.01792810802242414,173.68258354889443,2.7399815484766273e-14,0.0,2.184636036565745e-06,57.89718191652631,1.794049194415357e-10,7.026415716060671e-14,6.824324953915942e-10,0.0,1.251180043151776e-10,1.5169627417931084,2.461926681567438e-10,0.0003231134712917921,1000000.0,903868.3890082388
5.5504532392293556e-05,0.00012093597962552816,15.617518919893316,461.2588999905641,0.0,0.01768752558084773,171.35244358988882,2.590277818200216e-14,0.0,2.155326775562999e-06,57.12042850811804,1.7571985157977553e-10,6.922582622899393e-14,6.730748379165324e-10,3.184798738401026e-12,0.0,1.4966110436577524,2.2645950874914105e-10,0.00032302758440870945,1000000.0,886258.5848802851
5.5539134706233863e-05,0.00012147349950265454,15.450657708901938,458.5063734495404,0.0,0.017453709912803626,169.08779214639134,2.4501047555179944e-14,0.0,2.1268412637340404e-06,56.365505732411016,1.7217879900408064e-10,6.822676700295428e-14,6.63987115707197e-10,3.955949113735499e-12,6.089530499078021e-11,1.4768313292556872,2.0849539564019704e-10,0.0003229435313855181,1000000.0,869249.820705378
5.557373702017418e-05,0.00012200521971499013,15.282327577718783,455.8117707553118,0.0,0.017226457775099305,166.88666994065616,2.3187957784523106e-14,0.0,2.099154849220753e-06,55.63176046299447,1.6877457533873342e-10,6.726508783581376e-14,6.551607642188784e-10,3.0873183346651616e-12,2.0649880504058982e-11,1.457606486263874,1.9213025640420274e-10,0.00032286127568327815,1000000.0,852819.0879838137
5.5608339334114485e-05,0.00012253109216680687,15.112684559307771,453.173997455746,0.0,0.017005572044873782,164.74717235812332,2.1957330319494687e-14,0.0,2.0722435474725003e-06,54.9185577954753,1.6550042929138523e-10,6.633900293592019e-14,6.465874968341632e-10,0.0,6.634576760192965e-11,1.4389198793994555,1.7721114216007323e-10,0.00032278078112487837,1000000.0,836944.291775985
5.56429416480548e-05,0.0001230510739693311,14.941873703246438,450.5919684452063,0.0,0.016790860997197867,162.667449578038,2.0803438875262448e-14,0.0,2.0460841001564526e-06,54.2252810910182,1.6235001469415307e-10,6.54468275594211e-14,6.382593005180068e-10,0.0,3.365053061942152e-11,1.420755352316204,1.6360046164261003e-10,0.0003227020119596905,1000000.0,821604.224661513
5.567754396199511e-05,0.0001235651270731985,14.770029791718274,448.06460977973603,0.0,0.016582138895903997,160.6457064362377,1.9720976604959178e-14,0.0,2.0206539479443103e-06,53.551331930603986,1.5931736274187277e-10,6.458697247136993e-14,6.30168430799705e-10,1.38490072102108e-13,2.1836576391393864e-11,1.4030972257632683,1.5117439429359318e-10,0.00032262493291883797,1000000.0,806778.5394326323
5.571214627593542e-05,0.0001240732179249191,14.597278011044407,445.59086032387347,0.0,0.01637922559599795,158.68020206035564,1.8705025390843757e-14,0.0,1.995931195900662e-06,52.89612999342299,1.5639685629702421e-10,6.375793667172538e-14,6.223074062126695e-10,0.0,4.028012090266553e-11,1.385930294749575,1.398214693915208e-10,0.00032254950926207066,1000000.0,792447.7212784528
5.5746748589875734e-05,0.00012457531714583315,14.423734579825949,443.16967313852484,0.0,0.016181946459440787,156.769249313073,1.7751027184430187e-14,0.0,1.9718946148764863e-06,52.259112871281616,1.5358320617867593e-10,6.295830153281342e-14,6.146690023067569e-10,7.893284918008691e-13,6.193912018939398e-12,1.3692398237050518,1.294412926599574e-10,0.0003224757068171584,1000000.0,778593.0595384728
5.578135090381604e-05,0.00012507139923211748,14.24950733803587,440.80001662919466,0.0,0.015990132514333892,154.91121407476345,1.6854757298661244e-14,0.0,1.948523644939559e-06,51.63973582947031,1.508714291994941e-10,6.218672706756465e-14,6.072462453293057e-10,5.775105494745125e-13,0.0,1.353011539976376,1.1994340925404397e-10,0.00032240349201260494,1000000.0,765196.6192683913
5.5815953217756355e-05,0.00012556144227451242,14.074696298924756,438.4808755540594,0.0,0.01580362012142826,153.10451439292225,1.601229955847497e-14,0.0,1.925798389156468e-06,51.03747152322438,1.4825682783172418e-10,6.144194670354694e-14,6.000324056590453e-10,1.011355102297311e-12,0.0,1.3372316266445485,1.1124628078016225e-10,0.0003223328319044231,1000000.0,752241.2129595495
5.585055553169667e-05,0.00012604542769652216,13.899394165157124,436.21125183035997,0.0,0.015622250992015363,151.3476195223486,1.522002321244829e-14,0.0,1.903699596641303e-06,50.45180967776737,1.4573497137146218e-10,6.072276231116265e-14,5.930209910654554e-10,1.5014099580227112e-12,0.0,1.3218867140108952,1.0327637081677393e-10,0.0003222636941976386,1000000.0,739710.372440425
5.5885157845636977e-05,0.00012652334000989854,13.723686811468456,433.99016520374965,0.0,0.015445872087092784,149.63904887708483,1.4474561506101113e-14,0.0,1.88220863797619e-06,49.882256738938686,1.4330167847227576e-10,6.002804055750495e-14,5.862057398558821e-10,0.0,4.109390228148998e-11,1.3069638704278157,9.596732783603342e-11,0.0003221960472631213,1000000.0,727588.3211822516
5.591976015957729e-05,0.00012699516658626795,13.547653735259212,431.8166538131844,0.0,0.015274335297067445,147.977370912495,1.3772791822602482e-14,0.0,1.8613075111382422e-06,49.32833550053327,1.4095300099420592e-10,5.935670863622493e-14,5.795806139648861e-10,2.392039799512477e-12,0.0,1.2924505927543166,8.92592501656354e-11,0.0003221298601502891,1000000.0,715859.947147842
5.5954362473517605e-05,0.00012746089744385255,13.371368479118777,429.68977456338797,0.0,0.015107497735454873,146.36120195339038,1.3111817282539086e-14,0.0,1.840978781724419e-06,48.78958471365601,1.3868520892882528e-10,5.870775135613383e-14,5.731397920289739e-10,0.0,6.903693141558926e-11,1.2783347956524564,8.309803396560014e-11,0.0003220651025961536,1000000.0,704510.776104929
5.598896478745791e-05,0.00012792052504829928,13.194899024278033,427.60860350729854,0.0,0.014945221055321846,144.78920498199966,1.2488949718223956e-14,0.0,1.821205503884348e-06,48.26555868269052,1.3649477639326297e-10,5.808020678265357e-14,5.668776624869316e-10,0.0,2.5375253210777405e-10,1.2646048015360032,7.743478157763604e-11,0.0003220017450311689,1000000.0,693526.9457875516
5.604347931220916e-05,0.00012863225539201198,12.916655064668664,424.42035448712363,0.0,0.014698492406978857,142.39909525597412,1.1578986973996851e-14,0.0,1.7911416889672402e-06,47.468814327844115,1.3319278512091791e-10,5.713278945195874e-14,5.57361450151554e-10,0.0,6.415106636411376e-12,1.2437293212932106,6.941737851738694e-11,0.00032190469846528287,1000000.0,676931.6590963511
5.6097993836960395e-05,0.00012932881426274282,12.638329849191507,421.33987737299054,0.0,0.014462256225528002,140.11060100669812,1.0748591876296507e-14,0.0,1.7623563745670072e-06,46.70594354683303,1.3006243328875357e-10,5.623294766558123e-14,5.482552289263916e-10,0.0,8.88613908082494e-12,1.223741361267236,6.237519622941168e-11,0.0003218109459175826,1000000.0,661161.2779654402
5.6152508361711634e-05,0.0001300102026431781,12.360118173881073,418.3638534191659,0.0,0.014236039741259037,137.9191518689398,9.989858849300617e-15,0.0,1.7347918747834738e-06,45.97542280589655,1.2709256761883696e-10,5.537762107357425e-14,5.395399721541104e-10,8.289247078199098e-13,7.229825299268774e-12,1.2046010038030825,5.617795437580523e-11,0.00032172038226328765,1000000.0,646169.9234842171
5.620702288646288e-05,0.00013067643145989768,12.082190774833196,415.4890839792764,0.0,0.014019395926195746,135.82042496578418,9.29574244585044e-15,0.0,1.7083935219385592e-06,45.27581107164845,1.2427293922641797e-10,5.456398822616265e-14,5.311977357046907e-10,1.9983110100538308e-13,0.0,1.1862704926431484,5.0714053325747337e-11,0.00032163290660223434,1000000.0,631914.7385066012
5.626153741121412e-05,0.00013132752036332427,11.80469676307451,412.71248919338575,0.0,0.013811902554875867,133.8103327318233,8.659958334550862e-15,0.0,1.6831098805108846e-06,44.60574575192871,1.2159411963305665e-10,5.3789452040460563e-14,5.232115978652948e-10,0.0,8.965298941601796e-12,1.1687141265240466,4.588775092985932e-11,0.00032154842218611816,1000000.0,618355.6840419059
5.6316051935965356e-05,0.00013196349660776904,11.527765849066816,410.0311064193265,0.0,0.013613160686014328,131.88501109266087,8.07689566186684e-15,0.0,1.6588925054496599e-06,43.9639387554334,1.1904742467119788e-10,5.3051619343462046e-14,5.155656020154822e-10,6.1015250980253124e-12,0.0,1.1518981561410018,4.161677770535452e-11,0.0003214668363354681,1000000.0,605455.3489000589
5.63705664607166e-05,0.0001325843940338906,11.251510364569931,407.4420882883542,0.0,0.013422793235245437,130.04080801919417,7.541539658996754e-15,0.0,1.6356955679365148e-06,43.34917267627718,1.1662484602149682e-10,5.234827950836826e-14,5.082447020249917e-10,2.0910952383393912e-11,0.0,1.1357906842323775,3.7830332601842414e-11,0.0003213880603466433,1000000.0,593178.7716206644
5.642508098546784e-05,0.0001331902521654172,10.976027061547269,404.94270032753747,0.0,0.013240443743483264,128.27427243888818,7.049403618861638e-15,0.0,1.6134755866501052e-06,42.76029709755946,1.1431899028138779e-10,5.167738941728047e-14,5.012347102067021e-10,3.25383123286298e-15,1.2578037460501202e-12,1.120361568732333,3.4467388769752755e-11,0.00032131200938715433,1000000.0,581493.2737114332
5.6479595510219085e-05,0.0001337811154100598,10.701398711833244,402.5303181649839,0.0,0.01306577557448325,126.5821435451911,6.596469137394369e-15,0.0,1.5921914634564945e-06,42.196225027651415,1.1212302432719332e-10,5.103706094332281e-14,4.945222478463659e-10,1.7831071945011177e-13,1.0451854958325204e-12,1.1055823293129439,3.14752594693536e-11,0.0003212386023819527,1000000.0,570368.3036610887
5.653411003497032e-05,0.00013435703234273799,10.427695543109746,400.2024246278991,0.0,0.012898470517332637,124.96134056789609,6.179133451581066e-15,0.0,1.5718044556140513e-06,41.65592949013969,1.1003062620281764e-10,5.0425546349542885e-14,4.88094698404122e-10,5.60614631739242e-13,8.770488082516221e-13,1.0914260582437199,2.88083864044599e-11,0.0003211677618955763,1000000.0,559775.2917310103
5.658862455972156e-05,0.0001349180550571018,10.154976536429018,397.95660670516617,0.0,0.012738228013530747,123.40895303221413,5.79416293428539e-15,0.0,1.5522780032472344e-06,41.13844027668261,1.0803594083268066e-10,4.984122624198675e-14,4.81940163378764e-10,8.619753167245814e-13,6.820051995007593e-13,1.077867335159905,2.6427312523761066e-11,0.0003210994140130914,1000000.0,549687.5149031685
5.664313908447281e-05,0.00013546423858182266,9.883290595710191,395.7905524810347,0.0,0.012584764169970394,121.9222314980305,5.43865204940096e-15,0.0,1.533577541638065e-06,40.64284085993585,1.0613354004599723e-10,4.9282599899011357e-14,4.760474207191697e-10,8.140403323411484e-13,5.677344116964273e-13,1.0648821461557834,2.429781017618232e-11,0.0003210334882204102,1000000.0,540079.9714289781
5.6697653609224045e-05,0.00013599564035940732,9.612677596136626,393.7020480108163,0.0,0.012437810827349538,120.49857876468052,5.109987164697834e-15,0.0,1.5156703849836692e-06,40.168265461659296,1.043183865043735e-10,4.874827541592705e-14,4.704058856554738e-10,0.0,5.035250021732651e-13,1.0524478069816638,2.2390140800304322e-11,0.0003209699172842283,1000000.0,530929.2642529325
5.6752168133975284e-05,0.00013651231978127455,9.343169324426864,391.6889741613613,0.0,0.012297114687912879,119.13554153547447,4.805814631136376e-15,0.0,1.4985256586978766e-06,39.7138962740816,1.0258580113445344e-10,4.8236960335551367e-14,4.6500557385667656e-10,0.0,2.988853825129339e-13,1.0405428902659273,2.0678425195548604e-11,0.000320908637132587,1000000.0,522213.49274556193
5.680668265872653e-05,0.00013701433777123077,9.074790323966035,389.74930347760727,0.0,0.0121624364973829,117.83080253799926,4.5240125791220375e-15,0.0,1.4821142189248292e-06,39.27896083319823,1.0093143366991616e-10,4.7747453704619935e-14,4.5983706683230384e-10,0.0,3.511225914414037e-13,1.0291471567005144,1.914010708173557e-11,0.00032084958673734746,1000000.0,513912.1522803016
5.686119718347777e-05,0.000137501756411497,8.807558655146321,387.88109711532996,0.0,0.01203355028657739,116.58217308894383,4.262665967596282e-15,0.0,1.466408546430925e-06,38.8627295402518,9.935123595538405e-11,4.727863903671955e-14,4.548914794780167e-10,0.0,2.9619419954476655e-13,1.0182414900897518,1.7755495671746534e-11,0.0003207927079993775,1000000.0,506006.04116356187
5.691571170822901e-05,0.0001379746386076989,8.541486579686994,386.08250184335907,0.0,0.011910242644467318,115.38758608558787,4.020044501793692e-15,0.0,1.4513826431824482e-06,38.46451332544085,9.784143772761122e-11,4.682947750133551e-14,4.5016042964956894e-10,2.4659560873520214e-14,2.4271558043816613e-13,1.0078078361317242,1.650737501594135e-11,0.00032073794563672927,1000000.0,498477.1743866475
5.697022623298025e-05,0.00013843304778969883,8.276581176683283,384.351747109083,0.0,0.011792312033021165,114.24508940500696,3.794583083612268e-15,0.0,1.4370119502170608e-06,38.08366144754126,9.639852462928113e-11,4.639900171466255e-14,4.456360096511159e-10,0.0,2.473419598199044e-13,0.9978291447687472,1.538066985884943e-11,0.0003206852470759784,1000000.0,491308.70368989615
5.702474075773149e-05,0.00013887704764467212,8.01284489693676,382.68714218444063,0.0,0.011679568146422402,113.15283969362162,3.584864489136857e-15,0.0,1.423273277961767e-06,37.71955942364889,9.50192182295488e-11,4.598631026701952e-14,4.413107595332702e-10,9.174210510809602e-14,2.611984189756021e-13,0.9882893159473823,1.4362159479901261e-11,0.000320634562347015,1000000.0,484484.8435023185
5.7079255282482734e-05,0.00013930670187879,7.7502760611784804,381.0870734209003,0.0,0.011571831306815217,112.1090965302546,3.3896040011997523e-15,0.0,1.4101447350423447e-06,37.37162708343151,9.370045784424845e-11,4.5590562726343645e-14,4.3717764210204695e-10,0.0,1.8580637175413464e-13,0.9791731486393523,1.3440232283980115e-11,0.00032058584398156776,1000000.0,477990.8023676051
5.713376980723397e-05,0.0001397220740045011,7.488869309832194,379.5500015978956,0.0,0.011468931903950918,111.11221694492828,3.2076357615136e-15,0.0,1.3976056586807923e-06,37.039316741966886,9.243938397246895e-11,4.5210974908738694e-14,4.332300195405741e-10,7.522879087156915e-13,2.158530657231467e-13,0.9704662929636554,1.2604675046630058e-11,0.0003205390469156034,1000000.0,471812.71943623235
5.718828433198521e-05,0.00014012322715097503,7.2286160060818885,378.07445941878814,0.0,0.011370709851255685,110.16065027510513,3.0379006405232915e-15,0.0,1.3856365439118689e-06,36.72211148506771,9.123332319087189e-11,4.4846814533151604e-14,4.2946163154744023e-10,0.0,1.1144878538839744e-13,0.9621552052660012,1.1846491639174358e-11,0.00032049412839567387,1000000.0,465937.60571685137
5.7242798856736456e-05,0.00014051022389556324,6.969504601458309,376.6590490820482,0.0,0.01127701410523491,109.25293334138316,2.8794354470157263e-15,0.0,1.374218985340803e-06,36.419523561096995,9.007977436432321e-11,4.44973975169765e-14,4.2586657489958533e-10,2.309915657115248e-13,1.1093985489807253e-13,0.9542271059736308,1.1157746971457925e-11,0.00032045104788915274,1000000.0,460353.28964818513
5.7297313381487695e-05,0.00014088312611421178,6.711520964272795,375.3024399926815,0.0,0.011187702179050855,108.38768592553828,2.7313633208076173e-15,0.0,1.363335621344141e-06,36.13109287357108,8.897639604607352e-11,4.4162084336201e-14,4.2243928435346804e-10,0.0,9.661464516390103e-14,0.9466699401106635,1.0531432322374438e-11,0.00032040976699838496,1000000.0,455048.36675322993
5.735182790623894e-05,0.00014124199484889292,6.454648676108858,374.0033665867216,0.0,0.011102639718878943,107.56360653456672,2.5928851694543854e-15,0.0,1.3529700818109032e-06,35.85638556910077,8.792099495244829e-11,4.384027665956954e-14,4.191745148032835e-10,0.0,8.502880800521844e-14,0.9394723402937061,9.961349099800442e-12,0.00032037024937871754,1000000.0,450012.1530464827
5.740634243099018e-05,0.00014158689019034518,6.198869298882227,372.7606262940219,0.0,0.011021700087758724,106.77946843495016,2.4632720274771265e-15,0.0,1.3431069371838273e-06,35.59499271541156,8.691151540946665e-11,4.353141438318265e-14,4.160673246193224e-10,3.1499437752434684e-14,7.747487438895587e-14,0.9326235920977967,9.442008328987613e-12,0.0003203324606603819,1000000.0,445234.64195209637
5.746085695574142e-05,0.0001419178711746397,5.944162615946495,371.5730776313361,0.0,0.01094476398383182,106.03411594193122,2.3418582322330645e-15,0.0,1.3337316508333797e-06,35.34652906437151,8.594602968026858e-11,4.3234972893579474e-14,4.131130600936098e-10,0.0,6.65461025247399e-14,0.9261136016456106,8.968543603970386e-12,0.0003202963683741432,1000000.0,440706.46447059955
5.751537148049266e-05,0.00014223499569226668,5.690506850439298,370.4396384203007,0.0,0.010871719082583471,105.32646094927478,2.2280353234782438e-15,0.0,1.3248305359252093e-06,35.11063189518533,8.502272909178661e-11,4.2950460479482616e-14,4.1030734092417425e-10,2.8863327987734327e-14,6.063374115407112e-14,0.9199328652977196,8.536635627555146e-12,0.00032026194188061285,1000000.0,436418.85235531343
5.75698860052439e-05,0.00014253832040854634,5.4378788623464285,369.3592841505377,0.0,0.010802459700669127,104.65547968580195,2.1212465844517907e-15,0.0,1.3163907148646497e-06,34.886959933183235,8.413991588716287e-11,4.2677415953295597e-14,4.076460466737588e-10,0.0,4.497739268278202e-14,0.9140724413245193,8.142446720719979e-12,0.00032022915230313993,1000000.0,432363.6041089612
5.762440052999514e-05,0.00014282790069428055,5.186254327382547,368.33104647575027,0.0,0.010736886485260354,104.02020968575852,2.0209821521711294e-15,0.0,1.3084000819079683e-06,34.6751923398916,8.329599573760807e-11,4.2415406500381475e-14,4.0512530414296515e-10,2.730075795680481e-13,7.563850668993783e-14,0.9085239234439587,7.782563885338671e-12,0.0003201979724641714,1000000.0,428533.0535894635
5.7678915054746384e-05,0.00014310379056563287,4.935607897037747,367.35401190147786,0.0,0.010674906116038876,103.4197469609055,1.9267746330325946e-15,0.0,1.3008472655139253e-06,34.475027770347836,8.248947085419166e-11,4.2164025657169187e-14,4.0274147560209764e-10,0.0,0.0,0.9032794161253792,7.453949307885674e-12,0.00032016837682501793,1000000.0,424920.04111328325
5.773342957949762e-05,0.00014336604263245412,4.685913349247777,366.4273205301943,0.0,0.01061643104813949,102.85324336266181,1.8381951675283054e-15,0.0,1.2937215997814062e-06,34.2861834937692,8.171893364548978e-11,4.192289145695036e-14,4.00491147828601e-10,1.952838229766321e-12,3.321017503036377e-13,0.8983315115419722,7.153897224292924e-12,0.00032014034142880814,1000000.0,421517.8867328768
5.778794410424887e-05,0.00014361470805419378,4.437143715995322,365.55016516793813,0.0,0.01056137922789564,102.31990412370334,1.7548498951603412e-15,0.0,1.2870130868891245e-06,34.108394574043544,8.09830608736685e-11,4.1691644619045025e-14,3.983711219020737e-10,0.0,3.528334367712514e-14,0.8936732681151978,6.879996339472027e-12,0.0003201138438467325,1000000.0,418320.36589037126
5.7842458629000106e-05,0.0001438498365026867,4.189271406910829,364.7217904702765,0.0,0.010509673900330769,101.81898556895291,1.6763767752038703e-15,0.0,1.2807123708018442e-06,33.94141310668656,8.02806082642803e-11,4.1469947013230714e-14,3.9637840371141815e-10,0.0,3.3070558914290835e-14,0.8892981904986841,6.630097088126872e-12,0.00032008886312723543,1000000.0,415321.6869323004
5.79278437196579e-05,0.00014419102230352527,3.802769722801042,363.5206951035128,0.0,0.010435244754660246,101.0979200769039,1.562470942194168e-15,0.0,1.2716425725851823e-06,33.70104554037622,7.924476392627506e-11,4.114114299549735e-14,3.9350648270001286e-10,5.391605524130617e-14,3.0163473150995033e-14,0.8830003253770268,6.2824145101822196e-12,0.0003200527386489665,1000000.0,411011.8180839041
5.8013228810315694e-05,0.00014449929376405534,3.4182904627558366,362.4351038597341,0.0,0.010368598944862245,100.4522595631425,1.4585555062446452e-15,0.0,1.2635212416218233e-06,33.48581426378284,7.82838963247118e-11,4.0833853160636896e-14,3.909302326914171e-10,0.0,2.638607748277137e-14,0.877361055608417,5.9826057313359515e-12,0.00032002021967255707,1000000.0,407157.92466031184
5.8071493199306895e-05,0.0001446908432336644,3.1570363438875724,361.7595112426485,0.0,0.01032747310191931,100.05383527856095,1.3928546872606202e-15,0.0,1.2585097309293716e-06,33.35299931603179,7.766930863633516e-11,4.063597928940361e-14,3.893374425580542e-10,0.0,2.756296506607374e-14,0.8738811741924486,5.802740703581594e-12,0.00032000006793220064,1000000.0,404781.2944403654
5.812975758829809e-05,0.00014486719594352312,2.896636398959855,361.1360956232568,0.0,0.010289802052661405,99.68888114499701,1.3310403878872208e-15,0.0,1.253919219448036e-06,33.231341660966656,7.708675607481185e-11,4.044733011084622e-14,3.8787570036067105e-10,2.543667193820073e-14,2.6283986426457437e-14,0.8706936247479332,5.641236049922681e-12,0.00031998154966894745,1000000.0,402604.5490731762
5.814827329043717e-05,0.0001449200645713232,2.814057587269502,360.94881964155195,0.0,0.010278544375041472,99.57981774060903,1.3121666815931992e-15,0.0,1.2525473844356636e-06,33.19498531694552,7.690816603490654e-11,4.038926384731385e-14,3.874382372292077e-10,3.4316961266100786e-14,2.9011348746299806e-14,0.8697410530077155,5.593546766477403e-12,0.0003199760042717262,1000000.0,401953.96018663864
5.816678899257625e-05,0.00014497140495081402,2.7315602808242514,360.76674359521087,0.0,0.010267627826679874,99.4740591883032,1.2936503320280675e-15,0.0,1.2512171192621397e-06,33.15973064712784,7.673267391848782e-11,4.033209072933536e-14,3.8701370372956763e-10,1.1438088440495223e-12,1.749680213839893e-13,0.868817346206922,5.547545501865943e-12,0.00031997062179397366,1000000.0,401322.99743816204
5.816912171310609e-05,0.00014497776480140866,2.721172492938044,360.74417263200127,0.0,0.010266276599024913,99.46096864847095,1.291342478873151e-15,0.0,1.2510524622371789e-06,33.15536690869284,7.671078251177711e-11,4.032495061587932e-14,3.869611320797088e-10,0.0,8.393318399526788e-15,0.8687030119972629,5.541867885106904e-12,0.0003199699552097648,1000000.0,401244.89075581235
5.8171454433635927e-05,0.0001449841004216794,2.7107859748770684,360.72168114431815,0.0,0.010264930757205186,99.44793026584136,1.2890401571341229e-15,0.0,1.2508884611956417e-06,33.15102055688915,7.668893971817109e-11,4.0317824543848135e-14,3.869087644423681e-10,0.0,8.2268617134625e-15,0.8685891333331661,5.536216296016844e-12,0.0003199692912034663,1000000.0,401167.09026720567
5.817378715416577e-05,0.00014499041181458098,2.7004007197970017,360.69926516812114,0.0,0.010263590296476588,99.43494400768851,1.286743351338529e-15,0.0,1.2507251158034481e-06,33.14669158080756,7.666714547647738e-11,4.031071258568213e-14,3.86856600684815e-10,1.530720533230183e-13,4.824422425648497e-14,0.8684757099295458,5.530590255926466e-12,0.0003199686297742105,1000000.0,401089.5913435376
5.817611987469561e-05,0.000144996698983055,2.69001672395849,360.67692354251176,0.0,0.01026225521189402,99.4220098414291,1.284452046051946e-15,0.0,1.250562425652281e-06,33.14237996958643,7.664539972587098e-11,4.030361485766891e-14,3.868046406749378e-10,0.0,0.0,0.8683627415026712,5.524989220737429e-12,0.00031996797092114014,1000000.0,401012.3924853712
5.817845259522545e-05,0.00014500296193003536,2.6796339856106335,360.65465684369343,0.0,0.010260925501428143,99.40912773461126,1.282166225885089e-15,0.0,1.2504003903221923e-06,33.1380857124079,7.662370240574666e-11,4.029653147195066e-14,3.867528842811601e-10,1.3121114321571055e-13,3.2232259344276174e-14,0.8682502277683599,5.5194128621401876e-12,0.00031996731464340345,1000000.0,400935.49413180846
5.818078531575529e-05,0.00014500920065845275,2.6692525029024394,360.63246554034527,0.0,0.010259601160875964,99.39629765490513,1.279885875501007e-15,0.0,1.2502390094010973e-06,33.13380879849479,7.66020534555866e-11,4.0289462503627167e-14,3.867013313723716e-10,2.469044942470395e-14,3.082895422375452e-14,0.8681381684447287,5.51386111480798e-12,0.00031996666094015057,1000000.0,400858.89660251676
5.8183118036285134e-05,0.00014501541517123414,2.658872273225755,360.6103494112139,0.0,0.010258282188514566,99.38351957010372,1.2776109796164587e-15,0.0,1.250078282501358e-06,33.12954921711089,7.658045281498072e-11,4.0282408000914664e-14,3.8664998181793435e-10,3.9674639987029975e-13,9.866663732172662e-14,0.8680265632496257,5.508333973813223e-12,0.0003199660098105332,1000000.0,400782.5994485584
5.818545075681498e-05,0.00014502160547129998,2.64849329371952,360.58830807893736,0.0,0.01025696857698709,99.37079344812848,1.2753415229999572e-15,0.0,1.2499182091901438e-06,33.12530695756279,7.655890042368159e-11,4.02753680099608e-14,3.865988354877247e-10,0.0,0.0,0.8679154119050401,5.50283132992457e-12,0.00031996536125370866,1000000.0,400706.60204791895
5.818778347734481e-05,0.00014502777156156347,2.638115561940436,360.5663414618301,0.0,0.010255660327995521,99.35811925703065,1.2730774904676973e-15,0.0,1.2497587890968294e-06,33.121082009200364,7.65373962216813e-11,4.026834258267449e-14,3.865478922521449e-10,7.490381499386274e-13,1.2931732836957878e-13,0.8678047141292096,5.497353023958379e-12,0.0003199647152688386,1000000.0,400630.9041091813
5.8190116197874656e-05,0.00014503391344493187,2.6277390755719416,360.5444496891322,0.0,0.01025435743085832,99.34549696498844,1.2708188668861041e-15,0.0,1.2496000217692857e-06,33.116874361415796,7.65159401491063e-11,4.026133176164339e-14,3.8649715198210236e-10,0.0,0.0,0.8676944696481965,5.4918989682868036e-12,0.00031996407185509013,1000000.0,400555.50557680114
5.81924489184045e-05,0.0001450400311243076,2.6173638324121424,360.52263281776186,0.0,0.010253059893085292,99.33292654030454,1.2685656371708525e-15,0.0,1.2494419068938339e-06,33.11268400364278,7.649453214627002e-11,4.025433557533378e-14,3.8644661454898966e-10,1.7390515584843443e-12,2.7681466752268205e-13,0.867584678179368,5.4864691508909495e-12,0.0003199634310116303,1000000.0,400480.40631542506
5.819478163893434e-05,0.00014504612460258798,2.6069898298316247,360.50089078179104,0.0,0.01025176769440818,99.32040795140661,1.2663177862925547e-15,0.0,1.249284443953034e-06,33.10851092535663,7.647317215354159e-11,4.0247354038343476e-14,3.8639627982469076e-10,0.0,0.0,0.8674753394560614,5.481063540505786e-12,0.0003199627927376329,1000000.0,400405.60605353175
5.819711435946418e-05,0.0001450521938826646,2.5966170655726395,360.47922347619885,0.0,0.010250480855387354,99.30794116684822,1.2640752992682113e-15,0.0,1.249127632729245e-06,33.10435511607471,7.645186011157027e-11,4.0240387168040733e-14,3.863461476815888e-10,3.91221348762568e-12,5.088344268616612e-13,0.8673664531909268,5.475682055701156e-12,0.00031996215703227105,1000000.0,400331.10447700496
5.819944707999402e-05,0.0001450582389674227,2.586245536820845,360.457630875408,0.0,0.010249199334392835,99.29552615531018,1.2618381611705072e-15,0.0,1.248971472546136e-06,33.10021656535671,7.64305959610193e-11,4.023343497387811e-14,3.862962179925759e-10,0.0,0.0,0.8672580191307494,5.4703245991868426e-12,0.0003199615238947301,1000000.0,400256.9013609145
5.8203235351891545e-05,0.00014506800446960092,2.5694050959619186,360.4227241419983,0.0,0.010247129592106696,99.27547475791735,1.2582164707034821e-15,0.0,1.2487192598171084e-06,33.09353242134097,7.639616547138614e-11,4.022217611495571e-14,3.8621556462408346e-10,3.106632151026355e-13,8.314076494721268e-14,0.8670828880288445,5.461675279451731e-12,0.0003199605011663,1000000.0,400137.03286699153
5.820702362378907e-05,0.00014507770618175776,2.5525678988734097,360.3880141585599,0.0,0.010245073967403541,99.25555968554255,1.2546087841490803e-15,0.0,1.248468762946134e-06,33.086893721342655,7.636186087744229e-11,4.021095605382679e-14,3.8613544431119383e-10,4.066943106951726e-13,1.6495922412113783e-13,0.8669089475803601,5.4530889536818156e-12,0.00031995948520429024,1000000.0,400017.94985172106
5.821081189568659e-05,0.0001450873441161593,2.53573393394682,360.35350090889165,0.0,0.010243032410171252,99.23578080615299,1.2510150383889372e-15,0.0,1.248219979300203e-06,33.080300421348575,7.632768192765436e-11,4.019977480143345e-14,3.8605585651782984e-10,7.372614541370886e-13,9.133288629918477e-14,0.8667361966513893,5.444565389233954e-12,0.0003199584760052691,1000000.0,399899.6514697827
5.821460016758412e-05,0.0001450969182850279,2.5189031892838485,360.3191843409534,0.0,0.01024100486188111,99.2161379885935,1.2474351706592821e-15,0.0,1.2479729060774986e-06,33.0737524776381,7.629362837157852e-11,4.0188632317008794e-14,3.859768007113924e-10,0.0,0.0,0.8665646341198917,5.4361042990476965e-12,0.0003199574735658344,1000000.0,399782.1368415427
5.821838843948164e-05,0.00014510642870054375,2.5020756549633774,360.28506426768115,0.0,0.010238991324744979,99.19663110258155,1.2438691185242481e-15,0.0,1.2477275420063548e-06,33.06724984678145,7.625969996038571e-11,4.0177528545099354e-14,3.8589827636273157e-10,2.9605623972248553e-12,1.8391777528478946e-13,0.8663942588398417,5.427705396561172e-12,0.0003199564778825838,1000000.0,399665.40494283073
5.82252457360086e-05,0.00014512348175994825,2.47162361867759,360.2238015256389,0.0,0.010235382086589888,99.16166624536879,1.2374490083354804e-15,0.0,1.2472877398421212e-06,33.05559429297996,7.619860232907012e-11,4.01575274285047e-14,3.8575748641960787e-10,0.0,2.141590759758824e-14,0.8660888719975823,5.412659538403604e-12,0.00031995469273069557,1000000.0,399456.09170889657
5.823210303253556e-05,0.00014514032603647555,2.4411820037936542,360.163181336974,0.0,0.010231818608611543,99.12714559771932,1.2310735975437526e-15,0.0,1.2468535215351462e-06,33.0440868166732,7.613791247446443e-11,4.013765258435081e-14,3.8561843304153163e-10,1.506615914097379e-12,0.0,0.865787364978312,5.39781511847158e-12,0.0003199529296853563,1000000.0,399249.3343301743
5.823896032906253e-05,0.00014515696160139307,2.41075075365077,360.10320267642965,0.0,0.010228300911729686,99.09306840845055,1.2247425240537412e-15,0.0,1.2464248812885477e-06,33.03272716745404,7.607762894767712e-11,4.0117903785502903e-14,3.8548111317522695e-10,0.0,1.8982533610367096e-14,0.8654897311691275,5.383170713577834e-12,0.00031995118872700875,1000000.0,399045.1269665186
5.824581762558949e-05,0.0001451733885255777,2.3803298115333638,360.04386453047096,0.0,0.010224829030162703,99.05943393551686,1.2184554292095652e-15,0.0,1.2460018133693084e-06,33.021515097961206,7.60177503107014e-11,4.0098280904377135e-14,3.8534552380351223e-10,0.0,0.0,0.8651959640310913,5.3687248427699185e-12,0.00031994946983637085,1000000.0,398843.46385074203
5.8252674922116456e-05,0.00014518960687950444,2.3499191151210534,359.98516615053245,0.0,0.010221402860986366,99.02624144600075,1.2122119578327816e-15,0.0,1.2455843079425835e-06,33.010450363876224,7.595827513517523e-11,4.007878375481938e-14,3.8521166194528934e-10,0.0,2.4404974966129436e-14,0.8649060571770321,5.3544760113007745e-12,0.00031994777299450755,1000000.0,398644.33956944826
5.8259532218643416e-05,0.00014520561673321482,2.319518599216971,359.92710692724324,0.0,0.010218022245744158,98.99349021614495,1.206011758217579e-15,0.0,1.2451723531124237e-06,32.99953272393424,7.589920200333188e-11,4.0059411982428363e-14,3.8507952465569e-10,0.0,2.7522275945814466e-14,0.8646200043295011,5.340422792391388e-12,0.00031994609818279684,1000000.0,398447.74892301706
5.826638951517038e-05,0.00014522141815630232,2.289128200485676,359.8696861736894,0.0,0.010214687071480428,98.96117953135065,1.1998544820706334e-15,0.0,1.2447659384684137e-06,32.98876193992336,7.584052950920753e-11,4.004016511493751e-14,3.849491090260596e-10,0.0,8.267167650503653e-14,0.8643377992675746,5.326563808775596e-12,0.00031994444538286943,1000000.0,398253.68668477476
5.8273246811697344e-05,0.0001452370112179288,2.2587478584913776,359.81290308519186,0.0,0.010211397286059474,98.92930868611228,1.1937397844401572e-15,0.0,1.2443650558617676e-06,32.97813777666292,7.578225625855609e-11,4.00210427041786e-14,3.8482041218367383e-10,0.0,3.0627949404715616e-14,0.8640594358185754,5.3128976842801744e-12,0.00031994281457659295,1000000.0,398062.14755614806
5.828452785100861e-05,0.00014526221043015573,2.2087904299251093,359.72087379971356,0.0,0.010206083775434315,98.87783263740697,1.183772144235293e-15,0.0,1.2437175711388456e-06,32.96097820836884,7.5687255081451e-11,3.998985391233686e-14,3.8461242329752605e-10,-7.112471536631321e-35,0.0,0.8636098383917471,5.290831361724446e-12,0.00031994017951902427,1000000.0,397752.5197136937
5.8295808890319875e-05,0.00014528684622197233,2.1588597811274552,359.6305648440483,0.0,0.010200892626722335,98.82754204199756,1.1739173132197875e-15,0.0,1.2430849974047345e-06,32.9442138115629,7.559332458049059e-11,3.9958999333520815e-14,3.844090660540791e-10,-5.781959189551177e-35,0.0,0.8631705948442426,5.269277374542777e-12,0.00031993760385903895,1000000.0,397449.68361913884
5.830708992963114e-05,0.00014531091889395347,2.1089556407723755,359.5419728728203,0.0,0.010195823562672677,98.77843391745449,1.16417381294998e-15,0.0,1.2424672983190321e-06,32.92784359205059,7.550045873717759e-11,3.99284774531954e-14,3.842103282897675e-10,-2.708218713706666e-35,0.0,0.8627416791112379,5.24822996755136e-12,0.0003199350875207308,1000000.0,397153.61697059346
5.831837096894241e-05,0.00014533442874360342,2.0590777360106776,359.45509467205676,0.0,0.010190876277978872,98.73050534660287,1.1545401881493842e-15,0.0,1.2418644370363743e-06,32.91186657739013,7.540865161012182e-11,3.9898286695687545e-14,3.8401619809861443e-10,1.70373155694085e-18,4.8534606036674875e-14,0.8623230657159608,5.227683539367284e-12,0.0003199326304301889,1000000.0,396864.29803229065
5.832965200825368e-05,0.0001453573760653471,2.0092257935508466,359.3699271127136,0.0,0.010186050460189819,98.68375347719471,1.1450150062824618e-15,0.0,1.2412763770022383e-06,32.8962818167831,7.531789733444935e-11,3.986842544531628e-14,3.838266638308646e-10,0.0,0.0,0.8619147297560389,5.207632619399262e-12,0.00031993023251547623,1000000.0,396581.70558015537
5.83476797481254e-05,0.00014539288014625275,1.9296127832284156,359.2373679770882,0.0,0.010178589960328914,98.6114771638399,1.1300148420817999e-15,0.0,1.2403672625292e-06,32.8721884691695,7.517503811201446e-11,3.982138555773348e-14,3.835332898310523e-10,0.0,0.0,0.8612834604975488,5.176605526877596e-12,0.00031992652318272495,1000000.0,396144.01892172004
5.836570748799712e-05,0.00014542694956755912,1.8500642701890906,359.1091571493138,0.0,0.010171437764682795,98.5421877585466,1.1152823844387628e-15,0.0,1.2394957182216364e-06,32.84909080895042,7.503482965852415e-11,3.9775176752131535e-14,3.8325157865240936e-10,8.231253203530795e-20,1.3894614175341796e-14,0.8606782792236314,5.146809296291116e-12,0.00031992296451888657,1000000.0,395723.3750202953
5.838373522786885e-05,0.00014545958548202014,1.7705791474992787,358.9852825654022,0.0,0.010164592773395082,98.47587464022561,1.1008121336435009e-15,0.0,1.2386616103499838e-06,32.82698529558011,7.489724922628944e-11,3.972979286506574e-14,3.8298148677031215e-10,0.0,7.690429012057892e-16,0.8600990931703651,5.118223854729656e-12,0.00031991955626124415,1000000.0,395319.6945729516
5.841083810242685e-05,0.00014550595516952842,1.6511982063750021,358.8071839904571,0.0,0.01015487782422404,98.38175806966878,1.0795392508724193e-15,0.0,1.2374777813731578e-06,32.79561148657137,7.469530762229234e-11,3.966310204140607e-14,3.8259720466558857e-10,4.396993031785242e-20,1.3277138136280605e-14,0.8592770687175622,5.07748506607607e-12,0.0003199147147806143,1000000.0,394744.55707058025
5.8478234353744837e-05,0.00014560725118146104,1.3549217483072677,358.40643802111026,0.0,0.010133698066078556,98.17657429634363,1.0290439955887907e-15,0.0,1.234896909372609e-06,32.7272133662488,7.421820274166549e-11,3.950516069100895e-14,3.8175419828310914e-10,0.0,4.024878404251085e-14,0.8574849711769978,4.9874677466694436e-12,0.0003199041418196042,1000000.0,393478.27876014257
5.854563060506281e-05,0.000145688606225896,1.059435555566631,358.0653566155747,0.0,0.010116730090303923,98.01219561743704,9.817759836811386e-16,0.0,1.2328292932716813e-06,32.67241764590123,7.377599410278756e-11,3.935825831373327e-14,3.810703178424026e-10,2.147247704762719e-18,0.0,0.8560492698603329,4.9128990463424e-12,0.00031989565213201126,1000000.0,392443.1470446212
5.8613026856380797e-05,0.0001457500716521,0.7646830791970984,357.7834616409022,0.0,0.010103935372754632,97.88824738744194,9.375027870191627e-16,0.0,1.2312702264166733e-06,32.63109943724859,7.336769182980442e-11,3.9222133626040365e-14,3.8054399828862333e-10,4.729109359947761e-18,1.1452944151720576e-14,0.8549666924945295,4.853090894559425e-12,0.0003198892374946467,1000000.0,391636.3290961816
5.868042310769877e-05,0.00014579169502152182,0.4706084874500686,357.56033941632813,0.0,0.010095283075192073,97.80443035943814,8.960121851756623e-16,0.0,1.230215946827464e-06,32.60315898616998,7.299238402247219e-11,3.9096547687139906e-14,3.801739702125542e-10,2.1274095855493023e-18,3.747317997765205e-14,0.8542346253964989,4.807492795565719e-12,0.00031988489199124783,1000000.0,391055.53602190583
5.874781935901676e-05,0.0001458135201622838,0.17715677416861833,357.3956395064667,0.0,0.010090749898597293,97.76051928824202,8.57110166501059e-16,0.0,1.2296636195299389e-06,32.588521207062826,7.264923212235455e-11,3.8981283021957506e-14,3.799592538158095e-10,1.8213553713254815e-18,9.506000179237466e-15,0.8538511012740606,4.775683457599324e-12,0.0003198826119657101,1000000.0,390699.0103796784
5.881521561033473e-05,0.00014581558722690503,-0.1157261423954664,357.28907364078185,0.0,0.01009032006228136,97.75636182265616,8.206192988564425e-16,0.0,1.2296113262030245e-06,32.58713531357373,7.233746681215668e-11,3.887614307857451e-14,3.7989915404781757e-10,0.0,6.351683869628603e-14,0.8538147895020317,4.757364139965122e-12,0.00031988239598800574,1000000.0,390565.5162239546
5.888261186165271e-05,0.00014579793275663913,-0.4080933222549919,357.2404148946743,0.0,0.010093985257580807,97.79187767165907,7.863772807406894e-16,0.0,1.2300580562446521e-06,32.598974540647376,7.205638426123151e-11,3.8780951351290817e-14,3.7999325682295425e-10,0.0,0.0,0.8541249888192713,4.752353923579601e-12,0.0003198842448252506,1000000.0,390654.3317209914
5.895000811297069e-05,0.0001457605897534882,-0.6999967033253616,357.24949706374383,0.0,0.010101744578920064,97.8670580358459,7.542356062238489e-16,0.0,1.2310036991766787e-06,32.62403595499693,7.180534264288301e-11,3.869555050455703e-14,3.8024142627086226e-10,0.0,2.0157413178814011e-13,0.8547816223675245,4.7605866194356304e-12,0.0003198881614158231,1000000.0,390965.2441874867
5.901740436428867e-05,0.00014570358775963275,-0.9914869961270576,357.31621417468494,0.0,0.010113604469260724,97.98196529974894,7.240583498552905e-16,0.0,1.232449039994205e-06,32.662340352538955,7.158375891445823e-11,3.8619801702879334e-14,3.806438030019846e-10,0.0,0.0,0.8557852350170579,4.782109538938967e-12,0.000319894150847232,1000000.0,391498.54744841583
5.908480061560665e-05,0.00014562695294410496,-1.2826135719711098,357.44052008375024,0.0,0.010129578711024882,98.13673298208846,6.957210844762469e-16,0.0,1.2343957582255342e-06,32.71393224180948,7.139110586243878e-11,3.855358401490347e-14,3.8120080337658516e-10,-4.0085211229312285e-34,5.943777336219936e-13,0.8571369929322092,4.817083839199771e-12,0.0003199022203387126,1000000.0,392255.041433884
5.915219686692463e-05,0.0001455307081969835,-1.5734243456672155,357.62242822452595,0.0,0.010149688441999571,98.33156594165206,6.691099259499503e-16,0.0,1.2368464306063335e-06,32.77887991259401,7.122690938685646e-11,3.8496793838628376e-14,3.8191311976467644e-10,0.0,0.0,0.8588386853757756,4.865786521498074e-12,0.0003199123792287319,1000000.0,393236.0340687065
5.9219593118242613e-05,0.00014541487323174187,-1.8639656485115446,357.86201142800564,0.0,0.01017396221843044,98.56674083730229,6.441206877348888e-16,0.0,1.2398045369777175e-06,32.85727558927126,7.109074600892591e-11,3.8449344568947646e-14,3.827817217853241e-10,6.436587817940512e-48,1.6182449955755287e-12,0.8608927287127806,4.928614143485297e-12,0.00031992463896706017,1000000.0,394443.34536888124
5.928698936956059e-05,0.00014527946469639546,-2.1542820941161334,358.1594019578089,0.0,0.01020243606972838,98.84260684205663,6.206581306950099e-16,0.0,1.2432744693489827e-06,32.94923566885211,7.098224055521548e-11,3.8411166291131025e-14,3.8380785851942495e-10,1.2883515169712134e-18,0.0,0.8633021726668847,5.00608828217233e-12,0.0003199390131110442,1000000.0,395879.313916634
5.935438562087857e-05,0.00014512449629424615,-2.444416428809216,358.5147915282352,0.0,0.010235153630419417,99.15958661231444,5.986352980168035e-16,0.0,1.2472615440204202e-06,33.054901044071954,7.090106403154594e-11,3.838220563703345e-14,3.8499306169481466e-10,0.0,3.8871409836970615e-12,0.8660707087535691,5.098862869847268e-12,0.0003199555173259197,1000000.0,397546.80548644357
5.938073524291304e-05,0.0001450585928827345,-2.5578083895560257,358.6695596732325,0.0,0.010249109844104659,99.29479937732391,5.903992100144287e-16,0.0,1.2489622941653138e-06,33.099974291297684,7.08766947348644e-11,3.837338082110057e-14,3.855000718396563e-10,0.0,2.514936077763606e-14,0.8672516718806091,5.13946230292879e-12,0.0003199625528774738,1000000.0,398262.41061370017
5.94070848649475e-05,0.00014498970189361833,-2.6711811076710643,358.83324852715987,0.0,0.010263725884061608,99.43640462804494,5.823665659451292e-16,0.0,1.2507434510804788e-06,33.147178477041614,7.08564435527462e-11,3.836595757568994e-14,3.8603179152878355e-10,2.128903497343931e-21,1.1250413431172627e-14,0.8684884676752808,5.182574329315354e-12,0.0003199699178639567,1000000.0,399014.1455792738
5.940969511728185e-05,0.0001449827147803029,-2.6824111020501564,358.84995024242534,0.0,0.010265209835466377,99.45078165731059,5.815817449445466e-16,0.0,1.250924290032239e-06,33.151971067404325,7.085466105382543e-11,3.836529846336308e-14,3.8608581479989604e-10,5.33692258539479e-21,0.0,0.8686140382261518,5.186984012549762e-12,0.0003199706654349365,1000000.0,399090.5899470743
5.941230536961619e-05,0.0001449756983540816,-2.6936409323124915,358.86673970315024,0.0,0.010266700300546466,99.46522179146639,5.807988743060018e-16,0.0,1.251105922737833e-06,33.1567846938158,7.08529188131309e-11,3.8364653092422213e-14,3.8614008192815027e-10,0.0,7.960005313088352e-14,0.868740159941967,5.19141897848528e-12,0.0003199714162516976,1000000.0,399167.3914447773
5.941749849442486e-05,0.00014496165192944598,-2.7159823197908355,358.90040353075074,0.0,0.010269684981018096,99.49413839335811,5.792471288914951e-16,0.0,1.2514696451646184e-06,33.16642405845707,7.084957227554961e-11,3.8363409981099806e-14,3.8624877265611126e-10,0.0,2.18464168322894e-14,0.8689927207152903,5.200317791856298e-12,0.00031997291966678627,1000000.0,399321.2518399757
5.9420677468653215e-05,0.00014495299615377823,-2.7296583082016275,358.9211784670218,0.0,0.010271524795879177,99.51196314468297,5.783010147957438e-16,0.0,1.251693850686177e-06,33.1723659488045,7.084760224922278e-11,3.836267588609785e-14,3.8631578471347814e-10,0.0,2.397996098723517e-14,0.8691484040488493,5.205814660377223e-12,0.000319973846328943,1000000.0,399416.13204601244
5.942288711448976e-05,0.00014494695407342155,-2.7391641049143183,358.9356893539508,0.0,0.010272809321361584,99.52440806315587,5.776450783051265e-16,0.0,1.251850386919762e-06,33.176514469005504,7.084626805128531e-11,3.8362177737681086e-14,3.86362577088821e-10,2.0165427005710464e-22,1.605876371063357e-14,0.8692570993320866,5.209657236773599e-12,0.0003199744932749802,1000000.0,399482.3875945242
5.942509676032631e-05,0.0001449408909887344,-2.7486697996075597,358.950256771037,0.0,0.010274098527691924,99.53689833046818,5.769905248623429e-16,0.0,1.2520074935658038e-06,33.180678106266285,7.084496265613395e-11,3.836168962526925e-14,3.8640954468402037e-10,0.0,2.2794339767214213e-14,0.8693661906970483,5.213517346021228e-12,0.0003199751425513223,1000000.0,399548.89277591964
5.942730640616286e-05,0.00014493480689993952,-2.758175393451622,358.9648809599883,0.0,0.010275392417084438,99.54943396831814,5.763373520293706e-16,0.0,1.2521651708972304e-06,33.184856867819974,7.084368605650761e-11,3.8361211644212716e-14,3.864566875792627e-10,1.4115756455453208e-22,1.880113134098906e-14,0.8694756783332747,5.217394815009778e-12,0.0003199757941587,1000000.0,399615.6479939219
5.942951605199941e-05,0.00014492870180725858,-2.7676808873884737,358.97956234566897,0.0,0.010276690991803918,99.56201499849034,5.756855573750352e-16,0.0,1.2523234191880553e-06,33.18905076092847,7.08424382451405e-11,3.8360743865294735e-14,3.865040058550515e-10,0.0,2.0106189222093145e-14,0.8695855624310181,5.2212896551060555e-12,0.00031997644809784743,1000000.0,399682.65385747835
5.943172569783596e-05,0.0001449225757109116,-2.7771862828358396,358.9943009324455,0.0,0.01027799425410125,99.5746414428571,5.750351384785944e-16,0.0,1.2524822387133955e-06,33.19325979288291,7.084121921476865e-11,3.8360286339365966e-14,3.865514995922148e-10,1.7144025590430097e-23,2.003677372704699e-14,0.8696958431813205,5.2252019368909025e-12,0.000319977104369502,1000000.0,399749.9105066448
5.94339353436725e-05,0.00014491642861111492,-2.786691581458691,359.0090965123159,0.0,0.010279302206245249,99.58731332338257,5.743860929283716e-16,0.0,1.2526416297495236e-06,33.197483971005084,7.084002895818666e-11,3.8359839113924134e-14,3.8659916887193504e-10,0.0,2.0574773328233218e-14,0.8698065207760177,5.2291316778485125e-12,0.00031997776297440364,1000000.0,399817.41784480395
5.943614498950905e-05,0.00014491026050808062,-2.796196784766112,359.02394901598865,0.0,0.010280614850510548,99.60003066212425,5.737384183192177e-16,0.0,1.2528015925738855e-06,33.20172330264784,7.083886746827004e-11,3.835940223888784e-14,3.8664701377575924e-10,3.187220836708685e-23,1.9846554314972928e-14,0.8699175954077637,5.2330788582191876e-12,0.00031997842391329374,1000000.0,399885.1759307594
5.94383546353456e-05,0.00014490407140201736,-2.8057018940713587,359.038858542163,0.0,0.010281932189185564,99.61279348123102,5.730921122523181e-16,0.0,1.2529621274650773e-06,33.205977795194535,7.083773473795095e-11,3.8358975759944295e-14,3.866950343855871e-10,7.681251423429425e-24,2.018516787800904e-14,0.8700290672700068,5.2370434908407136e-12,0.00031997908718691586,1000000.0,399953.18501154496
5.944056428118215e-05,0.0001448978612931313,-2.815206910680767,359.0538251898786,0.0,0.010283254224564147,99.62560180294162,5.72447172336823e-16,0.0,1.253123234702825e-06,33.21024745605847,7.083663076019266e-11,3.8358559712686566e-14,3.867432307836579e-10,1.9881082836646896e-23,2.0064681435305197e-14,0.8701409365569849,5.24102563302967e-12,0.0003199797527960162,1000000.0,400021.44533518504
5.9442773927018694e-05,0.00014489163018162592,-2.8247118359937584,359.0688489729787,0.0,0.01028458095895165,99.63845564958498,5.718035961908179e-16,0.0,1.2532849145679894e-06,33.214532292682996,7.083555552799127e-11,3.835815412467768e-14,3.867916030525521e-10,1.1736133981733136e-23,2.020509331807461e-14,0.8702532034637198,5.245025342778445e-12,0.00031998042074134377,1000000.0,400089.95705509424
5.9444983572855244e-05,0.0001448853780677016,-2.834216671450129,359.08392986870723,0.0,0.010285912394661636,99.65135504358123,5.711613814407399e-16,0.0,1.2534471673425779e-06,33.21883231254186,7.083450903439146e-11,3.835775902067191e-14,3.868401512751993e-10,1.7158650327156606e-23,2.0161413515843704e-14,0.870365868186032,5.2490426519043026e-12,0.00031998109102364993,1000000.0,400158.7202843427
5.944848289848179e-05,0.00014487543388426685,-2.849268909712316,359.10792974888625,0.0,0.010288030558603438,99.67187652224462,5.701471116272823e-16,0.0,1.2537052931780065e-06,33.225673158384076,7.083291052241548e-11,3.835715481468405e-14,3.86917395280284e-10,1.519463232758025e-23,2.0239416520322043e-14,0.8705451050320208,5.255440781964478e-12,0.0003199821573051643,1000000.0,400268.13272292644
5.945198222410833e-05,0.0001448654370285293,-2.8643209316068803,359.1320729926925,0.0,0.01029016052845674,99.69251237894474,5.691362408710092e-16,0.0,1.2539648576975957e-06,33.23255213220579,7.083138404170126e-11,3.8356577039181444e-14,3.8699508111471047e-10,1.3482235394963804e-23,2.0306692280462976e-14,0.870725340868331,5.2618832514654406e-12,0.0003199832294526604,1000000.0,400378.17698653426
5.946074270826342e-05,0.0001448401791354141,-2.902002422081112,359.1931442488473,0.0,0.01029554469650067,99.74467598374397,5.666203935232441e-16,0.0,1.2546209884905447e-06,33.249940897648216,7.082787824345461e-11,3.835524686211507e-14,3.87191505704666e-10,1.5194442344932316e-23,2.042860783310038e-14,0.8711809435153461,5.278207404050691e-12,0.00031998593929498766,1000000.0,400656.4454030866
5.946950319241851e-05,0.0001448145911396802,-2.9396826764576507,359.25511568790216,0.0,0.01030100306372737,99.7975584452069,5.641256464531841e-16,0.0,1.2552861612965002e-06,33.26756929434253,7.082482331238908e-11,3.835408334222563e-14,3.873907068336242e-10,1.5561886214528038e-23,2.0553684410428537e-14,0.8716428247353293,5.294812832807328e-12,0.00031998868596855334,1000000.0,400938.6879627773
5.947826367657359e-05,0.00014478867305177764,-2.977361779556157,359.3179886316756,0.0,0.010306535780601334,99.85116122114651,5.616518567698305e-16,0.0,1.2559603944523095e-06,33.285437808251444,7.082221884615581e-11,3.8353086847971864e-14,3.8759268990146546e-10,1.6149289826868692e-23,2.0664848182155037e-14,0.8721109972609792,5.311701785870832e-12,0.00031999146952174987,1000000.0,401224.91515377734
5.9487024160728676e-05,0.00014476242488142013,-3.0150398155541476,359.38176431636646,0.0,0.010312142999935926,99.9054857921315,5.591988834359404e-16,0.0,1.2566437065810482e-06,33.303546932923346,7.082006445355601e-11,3.835225754378132e-14,3.8779746039495915e-10,1.579208647378891e-23,2.079783229337558e-14,0.8725854740237448,5.328876891542284e-12,0.00031999429000356607,1000000.0,401515.13751153613
5.949578464488376e-05,0.00014473584663759163,-3.0527168679723653,359.44644390212807,0.0,0.010317824876901407,99.96053366156467,5.567665872549944e-16,0.0,1.257336116593005e-06,33.32189716951832,7.08183597545002e-11,3.8351595495536835e-14,3.880050238880473e-10,1.552900156449653e-23,2.0936458509612495e-14,0.8730662681545113,5.346340791852799e-12,0.0003199971474635875,1000000.0,401809.3656299111
5.951498584051745e-05,0.00014467643802533838,-3.1352942501772216,359.5913760176617,0.0,0.010330540310174439,100.08372487798833,5.515071472269798e-16,0.0,1.258885655794367e-06,33.36296302712745,7.08161945905937e-11,3.835072966164384e-14,3.88469758142418e-10,1.576917623039585e-23,2.124144596036478e-14,0.8741422337537086,5.385640520774722e-12,0.00032000354002508576,1000000.0,402468.31833478884
5.953418703615114e-05,0.0001446154438633205,-3.21786816284388,359.74066890197463,0.0,0.01034361685565119,100.21041462482532,5.463449660333959e-16,0.0,1.2604792006495699e-06,33.40519512171394,7.081618428873543e-11,3.8350667498328604e-14,3.8894799830575184e-10,1.5935139905211732e-23,2.1560925309458703e-14,0.8752487559013655,5.426367014938994e-12,0.0003200101110091154,1000000.0,403146.6826554823
5.9553388231784825e-05,0.00014455286421003567,-3.300439447917173,359.8943352349472,0.0,0.010357056267316636,100.34061989594375,5.4127866834029615e-16,0.0,1.2621169649130122e-06,33.44859911819279,7.081832540593415e-11,3.835140872308013e-14,3.8943980751055666e-10,1.6126622886161908e-23,2.189478801893432e-14,0.8763859830237909,5.468549008797165e-12,0.0003200168609678036,1000000.0,403844.5780009472
5.9572589427418506e-05,0.00014448869910797492,-3.3830089295419,360.052387994766,0.0,0.010370860354851087,100.47435822482332,5.363069191141171e-16,0.0,1.2637991691265058e-06,33.49318086135879,7.082261475120506e-11,3.835295326798511e-14,3.899452509472346e-10,1.6350452983229577e-23,2.22435425816128e-14,0.8775540682603188,5.512216386873653e-12,0.0003200237904670758,1000000.0,404562.12753293663
5.9591790623052195e-05,0.00014442294858399137,-3.465577413664577,360.21484041705463,0.0,0.010385030984094448,100.6116476890534,5.314284230171988e-16,0.0,1.2655260406758514e-06,33.53894637738594,7.082904938275236e-11,3.835530125344348e-14,3.904643958801375e-10,1.6656813321809276e-23,2.2607164976215143e-14,0.878753169502598,5.557400191614772e-12,0.00032003090008669887,1000000.0,405299.4581589995
5.962327815848141e-05,0.00014431169436154726,-3.600979198553256,360.4908001842886,0.0,0.010409067489262071,100.84452075507446,5.236268718360201e-16,0.0,1.2684551938674852e-06,33.61657473798317,7.084423792407943e-11,3.8360891179386696e-14,3.9134556831256433e-10,1.7004580403128212e-23,2.3237943508133265e-14,0.880787108409193,5.634863533488847e-12,0.0003200429504056098,1000000.0,406551.7483623848
5.965476569391063e-05,0.00014419617663579353,-3.7363837725249422,360.77868723288196,0.0,0.010434103696249574,101.08707915543873,5.160674163805547e-16,0.0,1.2715061723457495e-06,33.69743170994403,7.08651779098536e-11,3.836864355425311e-14,3.9226409207263453e-10,1.7408520015496232e-23,2.3913673931297782e-14,0.8829056400885308,5.716641697237923e-12,0.0003200554894024466,1000000.0,407858.1833855405
5.9686253229339845e-05,0.00014407639526755486,-3.8717943553570233,361.07856266005007,0.0,0.010460148836307892,101.3394123290199,5.087450155248971e-16,0.0,1.274680101101895e-06,33.781547107764624,7.089186060627439e-11,3.837856075461364e-14,3.932203007855218e-10,1.7812122583299783e-23,2.4637375018018945e-14,0.8851095457095441,5.80289383370305e-12,0.0003200685198774573,1000000.0,409219.38812011824
5.971774076476906e-05,0.00014395235001864358,-4.00721401902898,361.3904889610597,0.0,0.01048721256676339,101.60161384280276,5.016548969347492e-16,0.0,1.2779781570518968e-06,33.868952122049116,7.092427898591334e-11,3.839064620397335e-14,3.9421454376949936e-10,1.8012592958435367e-23,2.5412598672353576e-14,0.8873996424965416,5.8937891483649e-12,0.0003200820447326104,1000000.0,410636.0156490554
5.974922830019828e-05,0.0001438240405567567,-4.142645681633593,361.7145301934154,0.0,0.01051530497785671,101.87378145815639,4.947925524624058e-16,0.0,1.2814015698700585e-06,33.959679341601905,7.096242769856184e-11,3.8404904350694224e-14,3.9524718627458666e-10,1.8693906741907846e-23,2.6241388328849224e-14,0.8897767843080444,5.989507474972086e-12,0.0003200960669721587,1000000.0,412108.7479929637
5.9780715835627496e-05,0.00014369146646029331,-4.278092101321992,362.0507521024239,0.0,0.010544436599976746,102.15601720093565,4.881537344405774e-16,0.0,1.2849516228707747e-06,34.05376277679597,7.100630304350136e-11,3.842134062667886e-14,3.963186097356221e-10,1.9302338794482726e-23,2.712880390176918e-14,0.8922418622490595,6.090239874435721e-12,0.00032011058970319705,1000000.0,413638.2968448214
5.9812203371056706e-05,0.00014355462722338386,-4.413555869915562,362.39922220481253,0.0,0.010574618411234478,102.44842743487597,4.817344525973249e-16,0.0,1.288629653931712e-06,34.151237884039084,7.105590294182682e-11,3.843996143424961e-14,3.9742921203731926e-10,1.9436790359980797e-23,2.8079242981369806e-14,0.8947958053121196,6.196189296544817e-12,0.00032012561613624954,1000000.0,415225.4042869463
5.984369090648592e-05,0.00014341352226121705,-4.549039406087113,362.7600098581398,0.0,0.01060586184536576,102.75112293817634,4.755309714922644e-16,0.0,1.292437056457097e-06,34.252141591302816,7.111122690845436e-11,3.8460774150511544e-14,3.985794077907943e-10,2.008631929360545e-23,2.909522459951911e-14,0.8974395810461654,6.307571253382923e-12,0.0003201411495858883,1000000.0,416870.8435215874
5.987517844191514e-05,0.00014326815091562933,-4.684544948134582,363.133186331744,0.0,0.01063817879997876,103.06421898342272,4.695398085364983e-16,0.0,1.296375280383017e-06,34.356512324765006,7.117227602397043e-11,3.848378713566009e-14,3.99769628622166e-10,2.1411250979718797e-23,3.0182147010754114e-14,0.900174196254607,6.424614557204191e-12,0.0003201571934713789,1000000.0,418575.4196343258
5.9952934724558474e-05,0.00014289088556183177,-5.019273338176534,364.1082630421286,0.0,0.010722662049915368,103.88271713280487,4.556345303350266e-16,0.0,1.3066706164122595e-06,34.629359118859405,7.134757788243052e-11,3.855010342245947e-14,4.028831604429757e-10,2.2506825291492663e-23,3.321087814152539e-14,0.907323048887455,6.739482326329247e-12,0.00032019902206220885,1000000.0,423043.50559261604
6.0007418236854895e-05,0.00014261102623203896,-5.253917305536062,364.83739686208,0.0,0.010785911415141021,104.49549520952078,4.466282975545107e-16,0.0,1.3143783384345076e-06,34.83362901714848,7.149126490164037e-11,3.860468888846872e-14,4.0521573680369136e-10,2.2889666370797298e-23,3.5661350117993434e-14,0.9126751198364247,6.983740512943187e-12,0.00032023022860611366,1000000.0,426399.4352982966
6.006190174915132e-05,0.0001423183802050407,-5.4886522762005585,365.60483357470224,0.0,0.01085258382358915,105.14143670926282,4.3821579333562336e-16,0.0,1.3225032007816083e-06,35.04895396016896,7.165218290183236e-11,3.866604047911631e-14,4.0767573538432275e-10,2.726546033565351e-23,3.841986217588752e-14,0.9183168437604055,7.249260878187024e-12,0.0003202630218139904,1000000.0,429946.60801765614
6.011638526144774e-05,0.00014201294239654162,-5.723482619919736,366.41101595585314,0.0,0.01092275789934368,105.821303403381,4.303875737747733e-16,0.0,1.3310547852614217e-06,35.27558788480548,7.183038699240725e-11,3.8734235511214416e-14,4.102660133235657e-10,2.906175072713178e-23,4.153805029106209e-14,0.9242548740539239,7.537798619634986e-12,0.0003202974230512973,1000000.0,433690.3900851138
6.017086877374416e-05,0.00014169470755534362,-5.9584104295536795,367.25640831641203,0.0,0.01099651712917945,106.5359041786904,4.2313654310479125e-16,0.0,1.340043266315453e-06,35.51380043390802,7.202594417970446e-11,3.88093605308622e-14,4.1298960490794006e-10,2.797094178359562e-23,4.506662226562607e-14,0.9304962756231459,7.85130021877217e-12,0.000320333454674285,1000000.0,437636.4982124334
6.022535228604058e-05,0.00014136367037424544,-6.193435366289378,368.1414970447465,0.0,0.011073950050474565,107.28609685858014,4.1645803494200982e-16,0.0,1.3494794339253538e-06,35.76387756335944,7.223893292640449e-11,3.889151160571228e-14,4.158497281592571e-10,3.829932825608205e-23,4.905237297157916e-14,0.9370485407916403,8.191925366088708e-12,0.00032037114003993094,1000000.0,441791.0161267425
6.0279835798337004e-05,0.00014101982562629112,-6.428554467715849,369.0667913131099,0.0,0.011155150447184615,108.07279010234676,4.103499149727722e-16,0.0,1.3593747175033541e-06,36.02612217521935,7.24694426145279e-11,3.89807945299507e-14,4.1884979166711614e-10,5.828087250837638e-23,5.3575966727835854e-14,0.9439196058893674,8.562071192974906e-12,0.00032041050351793116,1000000.0,446160.41241790226
6.0334319310633424e-05,0.00014066316832200495,-6.6637619252276155,370.0328238666497,0.0,0.011240217555257859,108.89694539611455,4.0481270946844626e-16,0.0,1.369741210934705e-06,36.300854781398435,7.27175729268111e-11,3.9077325142624876e-14,4.219934017203512e-10,3.9293259710586054e-23,5.876090376769008e-14,0.9511178686415929,8.964400008719289e-12,0.0003204515705038146,1000000.0,450751.5596082201
6.0388802822929844e-05,0.00014029369387522713,-6.899048848070665,371.0401517253061,0.0,0.01132925628088596,109.75957916821173,3.998497664780812e-16,0.0,1.3805916991855701e-06,36.58841420882017,7.298343319476806e-11,3.918122944198805e-14,4.2528436987591756e-10,0.0,6.467379894121875e-14,0.9586522066448163,9.401870511180933e-12,0.00032049436743132354,1000000.0,455571.75442963286
6.044328633522627e-05,0.00013991139827557015,-7.1344030161508725,372.0893567716905,0.0,0.011422377432689349,110.66176503965906,3.9546745382395306e-16,0.0,1.3919396866103983e-06,36.889158349622456,7.326714171736422e-11,3.929264417094349e-14,4.2872672100491846e-10,9.235278870047007e-23,7.128184922968139e-14,0.9665319970227845,9.877773086790685e-12,0.0003205389217835997,1000000.0,460628.73937196576
6.049776984752269e-05,0.0001395162782739824,-7.369808611805213,373.181046300933,0.0,0.011519697966914634,111.60463620086374,3.916753970547939e-16,0.0,1.4037994268467552e-06,37.203464953429666,7.356882501743492e-11,3.941171663163572e-14,4.3232470176917484e-10,3.421269698538971e-22,7.875975655665289e-14,0.974767137184796,1.0395769857988348e-11,0.000320585262103744,1000000.0,465930.72561466304
6.0580563468683367e-05,0.000138891294532042,-7.72758595139571,374.92274997915655,0.0,0.011675905444298626,113.11802306568313,3.870736514818299e-16,0.0,1.4228352992242503e-06,37.70795327090521,7.406197933332078e-11,3.960768076058389e-14,4.381002892774475e-10,4.907894505319684e-23,9.299461095452169e-14,0.9879852240915995,1.12728048242406e-11,0.0003206591671586051,1000000.0,474476.40335369814
6.066335708984405e-05,0.00013823668910763353,-8.085347200675733,376.76636823130997,0.0,0.011842559445679376,114.73262054805947,3.8393011985664907e-16,0.0,1.44314423167779e-06,38.246180201627396,7.459744929247828e-11,3.9822308189389835e-14,4.4426244084502697e-10,0.0,1.11203338648051e-13,1.0020872956350264,1.2273033853459382e-11,0.0003207373737404,1000000.0,483640.94146045577
6.074615071100473e-05,0.00013755246784062048,-8.442978702839357,378.71438618805183,0.0,0.01202016063667487,116.45327971213976,3.8233262803710513e-16,0.0,1.464787242470144e-06,38.81976285040559,7.517575796573788e-11,4.005627395081539e-14,4.508292992475159e-10,2.0201615099653797e-21,1.3166818942691388e-13,1.0171157215413305,1.3415905665543443e-11,0.00032081999636103216,1000000.0,493460.20664771384
6.082894433216541e-05,0.00013683864714058902,-8.800338051126579,380.7694374539527,0.0,0.01220925011875315,118.285243475113,3.8239729672337635e-16,0.0,1.4878302787190504e-06,39.43044894646771,7.579744406796652e-11,4.031032370741954e-14,4.578204514327701e-10,2.5951814114173723e-21,1.5569644482301312e-13,1.0331162940241752,1.472446218581138e-11,0.0003209071553862381,1000000.0,503973.3098324283
6.0911737953326085e-05,0.00013609525654181308,-9.15725028808477,382.93430660422786,0.0,0.01241041207853325,120.23417229734356,3.842739458147851e-16,0.0,1.5123445395360056e-06,40.08012540727953,7.646304991455422e-11,4.058527747261702e-14,4.652570176473327e-10,0.0,1.92447598331471e-13,1.050138452165064,1.6226063415822137e-11,0.00032099897704270734,1000000.0,515222.8758790774
6.0994531574486766e-05,0.0001353223415684729,-9.51350362906174,385.2119307769397,0.0,0.012624276597747548,122.30617143474713,3.881528716686855e-16,0.0,1.538406818815459e-06,40.77082742313819,7.71731071844653e-11,4.08820313073713e-14,4.731617451001578e-10,1.1031646717992725e-21,2.450319764401518e-13,1.0682355199385816,1.795327139272723e-11,0.0003210955933869233,1000000.0,527255.3370004912
6.107732519564744e-05,0.00013451996696633103,-9.868844621559544,387.60540013479323,0.0,0.012851522609157317,124.50781961234051,3.942733720407777e-16,0.0,1.5660998659001328e-06,41.504748015514686,7.792812001825043e-11,4.120156344307699e-14,4.815591053575393e-10,1.4513847163675853e-20,2.9150482321107766e-13,1.0874649566503263,1.994492980829185e-11,0.000321197142225094,1000000.0,540121.2506696364
6.116011881680812e-05,0.00013368822037131578,-10.222972631853722,390.1179568601263,0.0,0.013092880973303179,126.84619887710126,4.029345134504258e-16,0.0,1.5955127610800751e-06,42.28424798851974,7.872854489103787e-11,4.154494515918646e-14,4.904753942248709e-10,2.3237404285725963e-20,3.188655298598148e-13,1.1078886176750078,2.224748421896921e-11,0.00032130376697021216,1000000.0,553875.6423626235
6.12429124379688e-05,0.00013282721647469672,-10.575533571940582,392.75299227778316,0.0,0.013349137645120001,129.328925332602,4.1450873526639526e-16,0.0,1.6267413021824072e-06,43.11186617430963,7.957476666345864e-11,4.1913344014225395e-14,4.999388326279005e-10,0.0,4.0892780032763153e-13,1.129573022896005,2.4916599142866604e-11,0.000321415616419814,1000000.0,568578.3731119555
6.132570605912948e-05,0.0001319371017414042,-10.92611278773661,395.5140416401689,0.0,0.013621136889276662,131.96418036171008,4.2945902673845755e-16,0.0,1.6598883972996541e-06,43.99032984118842,8.046707014665775e-11,4.230801343154738e-14,5.099796665921885e-10,0.0,6.992020329934932e-13,1.152589629407854,2.8019141519659498e-11,0.0003215328444353817,1000000.0,584294.5312784468
6.140849968029017e-05,0.0001310180597505143,-11.274227011018365,398.4047760164819,0.0,0.013909784485357875,134.7607417726419,4.483606291315e-16,0.0,1.6950644565555195e-06,44.92256507616029,8.140560640199145e-11,4.273029068609593e-14,5.20630263692184e-10,1.7235914640541727e-19,1.047717440447732e-12,1.177015103549602,3.163561622828211e-11,0.0003216556095006738,1000000.0,601094.8469093074
6.146962076927499e-05,0.00013032116225741947,-11.529310112685978,400.62424122098275,0.0,0.014134121572496062,136.93423826104538,4.652618415733518e-16,0.0,1.722403402500995e-06,45.647101287418614,8.212812437314545e-11,4.306062990007067e-14,5.289042947380616e-10,1.7643750493061753e-21,8.645547105426265e-13,1.1959986603058792,3.469131313606621e-11,0.0003217498865698917,1000000.0,614237.7593875094
6.15307418582598e-05,0.00012960873057213498,-11.782489990934094,402.91801534731417,0.0,0.014368473241349882,139.20476861786233,4.850491875502785e-16,0.0,1.7509628720049298e-06,46.4039837902333,8.287574721473929e-11,4.340746663719031e-14,5.375441477876313e-10,0.0,1.0342022263365581e-12,1.2158297215095872,3.8125608611593705e-11,0.0003218473363529331,1000000.0,628046.4126268215
6.159186294724463e-05,0.00012888088959809695,-12.033482023064382,405.2876915192612,0.0,0.01461327404677882,141.57654460015104,5.081305243257123e-16,0.0,1.7807958419149307e-06,47.1946165760346,8.364831380228238e-11,4.3771447292487855e-14,5.465652255366714e-10,7.943042285038112e-20,1.3193088189015478e-12,1.2365450731084289,4.199146362888717e-11,0.0003219480261752347,1000000.0,642556.0049488056
6.165298403622945e-05,0.00012813778255574786,-12.2819702726598,407.7348850641046,0.0,0.014868979696169904,144.05398319280633,5.349857111430988e-16,0.0,1.8119578705010717e-06,48.020472049056345,8.444557241533569e-11,4.415328277525085e-14,5.559836349110589e-10,0.0,1.4135343810306312e-12,1.2581832935324826,4.6349940045389815e-11,0.0003220520238787855,1000000.0,657803.8722931421
6.171410512521428e-05,0.00012737957299008336,-12.52760450433271,410.2612267715948,0.0,0.015136067448119617,146.6417105185717,5.661798939418861e-16,0.0,1.8445071466365857e-06,48.883092329739554,8.526716568650131e-11,4.4553715898286165e-14,5.658161923089807e-10,0.0,1.8669752965416664e-12,1.280784787843727,5.1271504387730556e-11,0.000322159397523642,1000000.0,673829.5864255973
6.17752262141991e-05,0.00012660644698582097,-12.769996908134512,412.86835470316186,0.0,0.015415036367982554,149.3445643915388,6.023794248707927e-16,0.0,1.878504521913317e-06,49.784090105941665,8.611261367852482e-11,4.49735124397867e-14,5.760804224722764e-10,5.319348245009164e-19,3.099646276647848e-12,1.30439181003954,5.683754719134458e-11,0.000322270215031634,1000000.0,690675.0490437346
6.183634730318392e-05,0.00012581861557799348,-13.008718563556926,415.55790447878155,0.0,0.01570640741287088,152.16759524258492,6.443707887751118e-16,0.0,1.9140135222892943e-06,50.725148941430255,8.698129495876356e-11,4.5413476333571706e-14,5.867945498564762e-10,8.093744104899614e-19,3.3102165765572495e-12,1.3290484711376276,6.314215157622167e-11,0.00032238454376995435,1000000.0,708384.5798681213
6.189746839216874e-05,0.0001250163173731865,-13.243295629654149,418.331497823746,0.0,0.016010723309380068,155.11606499505893,6.930831104583222e-16,0.0,1.951100333951453e-06,51.70802290109062,8.7872425486852e-11,4.587445050768223e-14,5.979774807512219e-10,0.0,2.3692419112879457e-12,1.3548007293522029,7.029415104960273e-11,0.0003225024500665736,1000000.0,727004.9956508776
6.195858948115357e-05,0.00012419982141321254,-13.47320522408167,421.1907290530652,0.0,0.01632854815865706,158.19544332948394,7.496149835692732e-16,0.0,1.9898337563092132e-06,52.734535305760396,8.878503509888203e-11,4.635731723779566e-14,6.096487738386155e-10,0.0,4.620855363562425e-12,1.3816963574666357,7.841951901847672e-11,0.000322623998645205,1000000.0,746585.6758836876
6.201971057013839e-05,0.00012336943030749476,-13.697870969060244,424.13714914820656,0.0,0.016660466690538438,161.41140069563033,8.152664753523313e-16,0.0,2.0302851140916188e-06,53.80657640279792,8.971794138799251e-11,4.6862987559120345e-14,6.218285965738549e-10,2.6505367984297884e-18,9.000866811741358e-12,1.4097848818099474,8.766412862300668e-11,0.00032274925196650994,1000000.0,767178.6101488281
6.208083165912322e-05,0.00012252548365062105,-13.91665820393018,427.17224710956265,0.0,0.01700708311022472,164.76979735584726,8.915772298081075e-16,0.0,2.072528119592935e-06,54.92609971366801,9.066972080773148e-11,4.73923935257383e-14,6.345376644962963e-10,2.337498439322686e-18,4.375180674988555e-12,1.4391174865646528,9.81969512798389e-11,0.0003228782694637865,1000000.0,788838.4212524808
6.214195274810803e-05,0.00012166836174048306,-14.12886886827215,430.29742822758266,0.0,0.017369019475871418,168.27666762501977,9.803717284471578e-16,0.0,2.1166386744413928e-06,56.095116780319714,9.163867684428965e-11,4.7946499728982064e-14,6.477971601267419e-10,0.0,0.0,1.469746876091042,1.1021374252156771e-10,0.0003230111066605848,1000000.0,811622.3570504353
6.220307383709285e-05,0.00012079848961692515,-14.333736058259348,433.5139888554474,0.0,0.01774691346247123,171.9381983136146,1.08381295498701e-15,0.0,2.1626945981980534e-06,57.31568997915981,9.262280512677344e-11,4.852630808394158e-14,6.616286274990021e-10,8.571225961830707e-18,2.696887518181129e-11,1.5017270866316121,1.2394127329093097e-10,0.0003231478141551431,1000000.0,835590.2422840217
6.226419492607768e-05,0.00011991634144272932,-14.53041827417745,436.82308727026594,0.0,0.01814141530187042,175.76070020843207,1.2044658893957968e-15,0.0,2.2107752697310437e-06,58.5899230141411,9.361975539187266e-11,4.9132820287010845e-14,6.760538377291858e-10,2.915740043347768e-17,6.030504393726753e-11,1.535113237305933,1.3964217003494204e-10,0.00032328843645445106,1000000.0,860804.3800522068
6.230904082854866e-05,0.0001192615854880541,-14.668991321625825,439.3104835706198,0.0,0.018441814943305563,178.6714444078116,1.3056807519332725e-15,0.0,2.247387556473594e-06,59.56022113686513,9.43578248623012e-11,4.9595365910318246e-14,6.870282327421487e-10,1.673223997531906e-17,8.951898726583148e-12,1.5605359963541585,1.5259181306144222e-10,0.00032339412595120103,1000000.0,880134.5852509466
6.235388673101966e-05,0.00011860073228873606,-14.802269676425976,441.84855282316346,0.0,0.018751771968624067,181.67483426809133,1.4191777341523399e-15,0.0,2.2851651709116868e-06,60.56140273913047,9.510010545060892e-11,5.0073182599635896e-14,6.983426056752979e-10,0.0,0.0,1.586767932790976,1.669025471474058e-10,0.00032350195479111945,1000000.0,900196.7044787813
6.239873263349064e-05,0.00011793402862920221,-14.929833036824403,444.43754435918373,0.0,0.019071548501684646,184.7734132598339,1.5465322933793218e-15,0.0,2.3241401043688952e-06,61.594315688085274,9.584523540602833e-11,5.056675368357701e-14,7.10005443132814e-10,9.03517084336111e-17,2.712933190484773e-10,1.6138312612590793,1.827256715391775e-10,0.00032361193167504843,1000000.0,921017.5237209968
6.244357853596164e-05,0.00011726174075124545,-15.051233172261787,447.0776276335008,0.0,0.019401404147790142,187.969710883167,1.6895285078940535e-15,0.0,2.3643441737373994e-06,62.65980319380892,9.659170768884612e-11,5.107643327310205e-14,7.220250756907719e-10,5.560101434145682e-17,6.676446739344749e-11,1.6417480753566274,2.0022929794660323e-10,0.00032372406196197343,1000000.0,942624.2818018922
6.248842443843262e-05,0.00011658415564076398,-15.165992519461673,449.76888085267825,0.0,0.01974159652135284,191.26622637869696,1.8501858059059734e-15,0.0,2.405808816451418e-06,63.75869837933381,9.733785923320797e-11,5.160254797490911e-14,7.344096079236319e-10,0.0,0.0,1.6705402031430154,2.1960007374751754e-10,0.00032383834723390234,1000000.0,965044.5658049332
6.253327034090361e-05,0.00011590158238624219,-15.27360275886075,452.5112786676821,0.0,0.020092377438865043,194.665409863887,2.030788771751651e-15,0.0,2.4485648508444083e-06,64.8918179924445,9.808185992413331e-11,5.2145496194478485e-14,7.4716683823372e-10,6.24294068303055e-17,8.941041932222323e-11,1.70022904422583,2.410449882610268e-10,0.0003239547848162365,1000000.0,988306.1842200626
6.25781162433746e-05,0.00011521435359239801,-15.373523454548861,455.30467877628905,0.0,0.020453990922377003,198.16964068866668,2.233919999954025e-15,0.0,2.492642204834642e-06,66.05995519050529,9.882170140072464e-11,5.270565197072028e-14,7.603041677593663e-10,1.479694439238264e-18,0.0,1.7308353804595997,2.647932884858465e-10,0.0003240733672588257,1000000.0,1012437.0149983119
6.262296214584558e-05,0.00011452282684644435,-15.465180745184886,458.1488073372885,0.0,0.020826671595536802,201.78120272210379,2.4624961241611292e-15,0.0,2.538069605474674e-06,67.2638713022556,9.955518578048439e-11,5.328323554645435e-14,7.738284973129197e-10,0.0,0.0,1.7623791591285307,2.910985162904971e-10,0.000324194081775356,1000000.0,1037464.8251673391
6.266780804831657e-05,0.00011382738624189652,-15.547966099848987,461.0432432111913,0.0,0.02121064095730941,205.5022562215059,2.7198072013986946e-15,0.0,2.5848742244306537e-06,68.50428645035602,1.0027991446156451e-10,5.387824543788553e-14,7.877461110907028e-10,2.186650555361823e-16,1.4940956477117923e-10,1.7948792480469216,3.202405901791127e-10,0.0003243169096351325,1000000.0,1063417.0583884404
6.271265395078756e-05,0.00011312844395943466,-15.621235191962118,463.9874008567843,0.0,0.02160610367681232,209.3348059383049,3.0095594893635656e-15,0.0,2.6330812785282355e-06,69.78186891946332,1.0099327722140896e-10,5.448977321556066e-14,8.020625459473542e-10,8.31083880711342e-17,0.0,1.8283531573777223,3.525279141495181e-10,0.000324441825503642,1000000.0,1090320.586230894
6.275749985325855e-05,0.00011242644189721126,-15.684306893934096,466.9805115941745,0.0,0.02201324529378646,213.28066513484924,3.335921227072895e-15,0.0,2.682713576035756e-06,71.09722316120387,1.0169244180569888e-10,5.515403688429027e-14,8.167824451205857e-10,0.0,0.0,1.862816723906437,3.8829951755597745e-10,0.00032456879673086695,1000000.0,1118201.4184858464
6.280234575572953e-05,0.00011172185334092445,-15.73646245550706,470.02160366889143,0.0,0.022432226767561507,217.34141518785233,3.703588903009553e-15,0.0,2.7337910068830485e-06,72.45087632795625,1.0237434428709019e-10,5.319970549068402e-14,8.319093953487281e-10,4.801552814284114e-16,2.3081612027680477e-10,1.898283759461058,4.279270909612482e-10,0.0003246977825873353,1000000.0,1147084.3692901223
6.284719165820053e-05,0.00011101518466391894,-15.776944945546491,473.109480952485,0.0,0.02286317937536129,221.5183604510473,4.116580972097531e-15,0.0,2.786329977799999e-06,73.84326322628641,1.0303568045917308e-10,2.506701362537089e-13,8.474457463599171e-10,2.9849226053214814e-16,9.314294558346153e-12,1.9347656570809195,4.718168646290953e-10,0.00032482873344742436,1000000.0,1176992.67429923
6.289203756067151e-05,0.0001103069770466209,-15.804958965204996,476.24269996529324,0.0,0.023306201381762506,225.81247805813592,4.740601663026846e-15,0.0,2.840342780879215e-06,75.27470958373691,1.0367291133603564e-10,-7.25373510787198e-28,8.633924117538589e-10,0.0,0.0,1.9722709507271996,5.204113043273181e-10,0.00032496158991903866,1000000.0,1207947.5535544974
6.293688346314251e-05,0.00010959780820203476,-15.819670692183276,479.4195456413783,0.0,0.023761350836430297,230.2243623753456,5.431195955383398e-15,0.0,2.895836890697293e-06,76.74541353202294,1.042822339096647e-10,0.0,8.797486505334871e-10,1.3644560439256404e-17,1.9459589202043507e-10,2.0108048314686724,5.741903848443018e-10,0.00032509628192021334,1000000.0,1239967.7164161245
6.298172936561349e-05,0.00010888829408948538,-15.820208387742793,482.638005802511,0.0,0.024228639196696353,234.75416386713894,6.0568732408753386e-15,0.0,2.952814197980349e-06,78.25542522789087,1.0485958047376745e-10,9.885827806332053e-14,8.965118287086559e-10,8.717404719234195e-18,2.255392873769957e-10,2.0503686135904986,6.336723404387505e-10,0.00032523272770531295,1000000.0,1273068.804102135
6.302657526808447e-05,0.00010817909059475961,-15.80566340555049,485.89574434933365,0.0,0.024708025000111874,239.40152220988577,6.660442460667646e-15,0.0,3.0112701702169483e-06,79.80462455652811,1.0540062826401366e-10,4.4924268356414754e-14,9.136771608338288e-10,0.0,2.7332853305161315e-10,2.0909591498068716,6.994137579976732e-10,0.0003253708328445203,1000000.0,1307262.7657400426
6.307142117055547e-05,0.00010747089515194055,-15.775091779113662,489.1900734069048,0.0,0.02519940572342306,244.16549357364596,7.351725295619449e-15,0.0,3.071192935819951e-06,81.39269689089238,1.0590080942435759e-10,4.631261253663808e-14,9.312374317199538e-10,1.0925700660665268e-16,3.831224937058852e-10,2.1325681966959333,7.720087229218874e-10,0.00032551048916189604,1000000.0,1342557.1649216602
6.311626707302645e-05,0.00010676444827879472,-15.727516499678742,492.517924562872,0.0,0.025702609728431917,249.04447210590706,8.18482827662332e-15,0.0,3.132562295967416e-06,83.01910691825523,1.0635531821905539e-10,9.963594329000477e-14,9.491826990534412e-10,5.5052642838736954e-17,3.766781080570778e-10,2.1751817287937105,8.520867867030165e-10,0.0003256515736392761,1000000.0,1378954.414293079
6.316111297549745e-05,0.00010606053499281446,-15.661930590301889,495.8758195250242,0.0,0.026217388135821973,254.03610580331562,9.139621334111669e-15,0.0,3.1953486656731434e-06,84.68307059598743,1.0675911820051991e-10,3.84397252911822e-14,9.674999783091602e-10,0.0,4.416038095447997e-10,2.2187792031861933,9.403095331379533e-10,0.0003257939472957549,1000000.0,1416450.9373422314
6.320595887796843e-05,0.0001053599860697075,-15.577301084185954,499.25984066424166,0.0,0.026743405004186975,259.1372071487262,1.0185482574769085e-14,0.0,3.259511949037334e-06,86.38352536236562,1.0710695590169366e-10,2.3485230295344348e-14,9.861729121871289e-10,2.9800759545146897e-16,6.890898481260683e-10,2.263332779552031,1.037365319770868e-09,0.0003259374540553867,1000000.0,1455036.258502575
6.325080478043943e-05,0.00010466367910094079,-15.47257402407996,502.66560181341066,0.0,0.027280227053762728,264.343659121084,1.1341111784358298e-14,0.0,3.3250003596942694e-06,88.11909880490894,1.0739338655903152e-10,1.4410840535644318e-13,1.0051814277807532e-09,2.9302062259899323e-16,6.997113741391477e-10,2.3088064997629942,1.1439618544953203e-09,0.00032608191961891513,1000000.0,1494692.024449949
6.329565068291041e-05,0.00010397253930220572,-15.346680584359218,506.08821975601535,0.0,0.027827314618495396,269.6503174556189,1.2650556960724382e-14,0.0,3.3917491921279987e-06,89.88807607875229,1.0761281039823646e-10,7.117084902529953e-14,1.0245013857453623e-09,0.0,5.970634172250685e-10,2.355155433113904,1.260816385241695e-09,0.00032622715035876673,1000000.0,1535390.9621042698
6.334049658538139e-05,0.00010328754002014568,-15.198544419946888,509.5222872140463,0.0,0.028384011448198295,275.0509103453013,1.4121909039880971e-14,0.0,3.4596795537682355e-06,91.68836647206443,1.0775951283026056e-10,0.0,1.0441042269789422e-09,6.863515940121607e-16,1.2027266705669052e-09,2.4023248001021353,1.3886429986795608e-09,0.00032637293226028753,1000000.0,1577095.7829720401
6.338534248785239e-05,0.00010260970287945643,-15.027090377796641,512.9618482561137,0.0,0.02894953194400508,280.5379371400203,1.575961897182625e-14,0.0,3.5286970927104538e-06,93.51746963735857,1.0782770845538419e-10,3.4866720142304496e-13,1.0639566238281598e-09,1.8629947918904305e-15,1.7605384631808558e-09,2.4502490899252938,1.5281364584576775e-09,0.0003265190299364205,1000000.0,1619758.0475625184
6.343018839032337e-05,0.0001019400975071233,-14.831254668965823,516.4003767188153,0.0,0.029522951392970436,286.102568013658,1.760115851730473e-14,0.0,3.598690750540715e-06,95.3724421454535,1.0781159771998457e-10,4.055513971047963e-13,1.0840201443766736e-09,0.0,5.836776519122816e-10,2.498851183539827,1.6799526264308944e-09,0.00032666518574755716,1000000.0,1663317.006969883
6.347503429279436e-05,0.00010127984076768346,-14.60999650520013,519.830758459934,0.0,0.030103201207109118,291.7345470064,1.964280937697258e-14,0.0,3.6695315302002454e-06,97.24986516457959,1.0770543382255545e-10,0.0,1.1042509398211146e-09,0.0,2.9229201564889746e-10,2.548041501594917,1.8446855675027701e-09,0.0003268111190625659,1000000.0,1707698.444128684
6.350676632669322e-05,0.00010081893673697372,-14.43753074123268,522.2489217516761,0.0,0.03051723830608515,295.75394911687323,2.119195891571999e-14,0.0,3.7200888046593366e-06,98.58973485959248,1.0757283674583507e-10,5.6004539884910556e-14,1.1186401068425168e-09,1.3472645850625605e-15,1.9914330476633034e-09,2.583147395259525,1.9693302243381454e-09,0.000326914079129675,1000000.0,1739550.8962661629
6.353849836059208e-05,0.0001003637198887574,-14.251491489513509,524.6562406989553,0.0,0.030933596233031175,299.7965582667535,2.2857115452499124e-14,0.0,3.7709379660827852e-06,99.93734062139825,1.0739039724020867e-10,3.7616905717027197e-14,1.1330690058769135e-09,0.0,2.0470959166045494e-09,2.6184559830782486,2.10084053370439e-09,0.0003270166610171444,1000000.0,1771734.8406183955
6.357023039449094e-05,9.991462612304606e-05,-14.05155328237038,527.0496478113073,0.0,0.03135174885608417,303.85731052866606,2.464499173268174e-14,0.0,3.822015320993836e-06,101.29099438623152,1.0715625003537244e-10,1.2235989647169168e-13,1.1475167852931737e-09,4.883898434264006e-16,2.2755849496634604e-09,2.6539230343127387,2.2393240517202604e-09,0.0003271187437438931,1000000.0,1804210.0226178586
6.36019624283898e-05,9.947210139863565e-05,-13.837409253532892,529.4259250743927,0.0,0.03177112448198265,307.93071811479774,2.6562501699446346e-14,0.0,3.873251843987563e-06,102.64886679619543,1.0686861614819671e-10,1.6185431580671226e-13,1.1619610530988201e-09,2.1863089618495124e-15,2.8559574502162128e-09,2.6895006178199865,2.3848456573361254e-09,0.0003272202003329668,1000000.0,1836931.9293907268
6.363369446228865e-05,9.90366010874797e-05,-13.60877437260904,531.7817064579109,0.0,0.03219110564083354,312.01086142682584,2.8608260062833e-14,0.0,3.924573075830749e-06,104.00898454910674,1.0652581886769519e-10,1.5852951220379606e-13,1.1763778658011833e-09,1.1249322231889547e-16,2.8998486256184553e-09,2.7251370320437536,2.53742031419124e-09,0.00032732089787537776,1000000.0,1869851.655443702
6.366542649618751e-05,9.860858921220278e-05,-13.365388878332993,534.113481808889,0.0,0.03261103139893046,316.091384096718,3.0783855490925164e-14,0.0,3.975899061086847e-06,105.36922874535061,1.0612630170395043e-10,0.0,1.190741730215995e-09,0.0,3.2341888613649393e-09,2.7607767589171432,2.697006402750859e-09,0.00032742069764586575,1000000.0,1902915.796016994
6.369715853008637e-05,9.818853758352083e-05,-13.107021817907858,536.4176024298331,0.0,0.033030194754729264,320.1654912557608,3.308322273711591e-14,0.0,4.027144326897128e-06,106.72733431086833,1.0566864690448879e-10,1.617506963050063e-13,1.2050256189208888e-09,4.576380250639133e-15,3.926045200857013e-09,2.796360451217878,2.863498402791957e-09,0.00032751945526835147,1000000.0,1936066.3726931317
6.372889056398522e-05,9.777692483404591e-05,-12.833474675161062,538.6902880753453,0.0,0.03344784260536915,324.2259514574285,3.553279855342843e-14,0.0,4.078217912456734e-06,108.08089063815575,1.0515159741145253e-10,0.0,1.2192010008639256e-09,1.3949105693139897e-15,4.004341010551775e-09,2.8318249496468164,3.0367193294588195e-09,0.00032761702093514505,1000000.0,1969240.795191755
6.376062259788408e-05,9.73742353349412e-05,-12.5445850765575,540.9276355078989,0.0,0.0338631794548917,328.26510278826487,3.8121690526371937e-14,0.0,4.129023442937139e-06,109.42734362333987,1.0457407503710109e-10,0.0,1.2332378889821421e-09,0.0,4.464220582068218e-09,2.8671033331920723,3.216414000443685e-09,0.00032771323968735914,1000000.0,2002371.8654409738
6.379235463178294e-05,9.698095798861359e-05,-12.240230561916642,543.1256292382823,0.0,0.03427536565615396,332.2748636456329,4.0840303909757135e-14,0.0,4.1794592609194335e-06,110.76399925896045,1.0393519455930537e-10,1.3030579158756222e-12,1.2471049064714462e-09,8.654284144580789e-15,5.311908572541939e-09,2.9021250162141845,3.4022421912155788e-09,0.00032780795176189846,1000000.0,2035387.8315988735
6.38240866656818e-05,9.659758489944754e-05,-11.920332379416696,545.2801540969193,0.0,0.0346835191085772,336.2467485658398,4.378404047066892e-14,0.0,4.229418630482718e-06,112.08802891030027,1.0323429439568824e-10,0.0,1.2607693729145344e-09,4.062557687520479e-15,5.562182641633871e-09,2.9368158867141085,3.59377221245137e-09,0.00032790099300748326,1000000.0,2068212.4957176184
6.385581869958065e-05,9.622460992659785e-05,-11.584859227547785,547.3870096681696,0.0,0.035086720343811335,340.1718894405013,4.6858740518130717e-14,0.0,4.278790004114309e-06,113.39647638788547,1.0247095644332524e-10,0.0,1.27419741111439e-09,0.0,6.035395010575047e-09,2.971098488833652,3.790475960884571e-09,0.00032799219537135325,1000000.0,2100765.379741764
6.388755073347951e-05,9.586252712115158e-05,-11.233830890564407,549.4419270066119,0.0,0.03548401339866512,344.0410624402359,4.9933026442281044e-14,0.0,4.327457355941645e-06,114.68626692251817,1.0164495539347372e-10,2.241511710246216e-11,1.2873540753893473e-09,2.645847324934051e-14,7.296715700956063e-09,3.004892259985887,3.991724634362292e-09,0.000328081387458505,1000000.0,2132961.9558058074
6.391928276737837e-05,9.551182904980312e-05,-10.867321737512047,551.440587497461,0.0,0.03587440713462277,347.84472092063146,5.3918679203552074e-14,0.0,4.375300603105153e-06,115.95421813451681,1.0075627812560248e-10,1.1705030661948679e-10,1.3002035020807277e-09,6.419101702465247e-14,7.494332356216929e-09,3.0381138204416804,4.1967853586456054e-09,0.00032816839516493945,1000000.0,2164713.944363654
6.395101480127723e-05,9.517300500985691e-05,-10.48546401252126,553.378643645411,0.0,0.0362568819791655,351.57303449806795,6.626558230397989e-14,0.0,4.42219610682594e-06,117.19705305993438,9.98062372135909e-11,0.0,1.3127090832529442e-09,0.0,5.739974905638673e-09,3.070677312783536,4.404820325164587e-09,0.00032825304238517786,1000000.0,2195929.6825398263
6.398274683517608e-05,9.484653914438646e-05,-10.088450798782276,555.2517416118468,0.0,0.03663040350991443,355.2159343699398,7.248517063566045e-14,0.0,4.4680172067042175e-06,118.41141525743528,9.879528435346109e-11,0.0,1.3248336598229044e-09,7.001145566420577e-15,8.802938130326194e-09,3.102494786979661,4.614888433025945e-09,0.0003283351517926107,1000000.0,2226514.5640734755
6.401447886907494e-05,9.453290846813784e-05,-9.676538686496832,557.0555473856185,0.0,0.03699390486523598,358.7631648356113,7.497885025918333e-14,0.0,4.5126348870919385e-06,119.59388598338353,9.772361027828029e-11,1.2971084066923447e-11,1.3365397385947096e-09,1.0110209856585957e-14,9.727126873451594e-09,3.133476674986538,4.825945948468201e-09,0.00032841454568936757,1000000.0,2256371.5593341514
6.40462109029738e-05,9.423258081572504e-05,-9.250050026828877,558.785772912257,0.0,0.037346315219322475,362.20434087420585,7.729103820682553e-14,0.0,4.555918520504463e-06,120.74100338545199,9.659209077768634e-11,0.0,1.3477897293304949e-09,9.482606134170418e-15,1.0309651667965681e-08,3.163532271217117,5.0368529818639e-09,0.0003284910469219231,1000000.0,2285401.800923162
6.407794293687266e-05,9.394601272609256e-05,-8.809374668827981,560.4382055649158,0.0,0.03768655681839818,365.5290114899229,8.009866360649464e-14,0.0,4.59773665662383e-06,121.84928361877314,9.540247032847857e-11,0.0,1.3585461993368229e-09,1.4098697616489828e-14,1.1272249772720947e-08,3.1925702952384767,5.246381771378036e-09,0.0003285644798568447,1000000.0,2313505.2463463168
6.410967497077151e-05,9.367364728012414e-05,-8.35497114200002,562.0087390275462,0.0,0.03801355203542578,368.72672838250304,8.3638214357991e-14,0.0,4.637957876574561e-06,122.91524373721796,9.415689928474637e-11,2.047778763308579e-12,1.3687721439362076e-09,1.1898708065693549e-14,1.1874641789064391e-08,3.220499491466502,5.453225986961218e-09,0.0003286346714091047,1000000.0,2340581.4069823977
6.414140700467037e-05,9.341591191034121e-05,-7.887367230591278,563.493405818361,0.0,0.03832623391314633,371.7871193486593,8.717551137931257e-14,0.0,4.6764517128213435e-06,123.93542616178242,9.285756027063564e-11,0.0,1.378431270479838e-09,1.2597995234855033e-14,1.2668470647025071e-08,3.247229267288116,5.6560143306552e-09,0.0003287014521137911,1000000.0,2366530.139195836
6.417313903856923e-05,9.317321620303387e-05,-7.407159880989876,564.8884117309277,0.0,0.03862355211198986,374.6999656735813,9.02296154952566e-14,0.0,4.713089626977641e-06,124.90642447915037,9.15067219026806e-11,2.617338000871297e-13,1.3874882925052815e-09,1.694684720958956e-14,1.354092058864537e-08,3.2726703712755905,5.853326418428427e-09,0.00032876465723055015,1000000.0,2391252.492039036
6.420487107246809e-05,9.294594971466838e-05,-6.915014386186307,566.1901718408831,0.0,0.0389044816379794,377.4552826258272,9.325046283295564e-14,0.0,4.7477460280377616e-06,125.82491027475822,9.010697990077436e-11,6.521056183811352e-13,1.3959092300066337e-09,1.5836285377691514e-14,1.4216321445177513e-08,3.2967355959906133,6.043710743339059e-09,0.000328824127868655,1000000.0,2414651.6017369693
6.423660310636694e-05,9.273447982615579e-05,-6.411662799997736,567.3953482517717,0.0,0.03916803218281423,380.04340202548656,9.655251901673753e-14,0.0,4.780299309214356e-06,126.68766065692706,8.866132670756453e-11,0.0,1.4036617112468534e-09,1.7295708329117997e-14,1.4986693668460173e-08,3.319340498319206,6.2257055625658e-09,0.00032887971211913007,1000000.0,2436633.623598489
6.42683351402658e-05,9.253914965994621e-05,-5.897901555913117,568.5008899601977,0.0,0.03941325586305983,382.4550557266494,9.99711392530445e-14,0.0,4.810632895036689e-06,127.49158608576685,8.717302576896813e-11,1.4974079340357935e-13,1.4107152715103736e-09,2.157080377129717e-14,1.5745299506760346e-08,3.3404041294384634,6.397861477806533e-09,0.00032893126617896935,1000000.0,2457108.691381218
6.430006717416466e-05,9.236027608559525e-05,-5.374588275380662,569.5040753372429,0.0,0.03963925615142362,384.6814587507304,1.0331690202776683e-13,0.0,4.838636287644086e-06,128.23375808570984,8.564549472242826e-11,3.0422575405003054e-13,1.4170416440614493e-09,1.9958651267029487e-14,1.6355451525274245e-08,3.3598497605366657,6.558765629541974e-09,0.0003289786554515031,1000000.0,2475991.8933900367
6.433179920806352e-05,9.219814783971577e-05,-4.842637753422319,570.4025584619586,0.0,0.03984519656437089,386.71439072845646,1.065353640216772e-13,0.0,4.864206091558011e-06,128.91143639424143,8.408229078381376e-11,0.0,1.422615038157496e-09,2.1126090590031708e-14,1.701042836204038e-08,3.3776055938344873,6.707067434067463e-09,0.00032902175560629946,1000000.0,2493204.2567742793
6.43545956996861e-05,9.209215606229095e-05,-4.455688873263802,570.9823144203746,0.0,0.03998033031000986,388.05117489459576,1.0880375846079209e-13,0.0,4.88101979802552e-06,129.3570536336798,8.293932931030918e-11,8.204642778057151e-14,1.4261412090319975e-09,2.4541097679179686e-14,1.7445981886357855e-08,3.389281200550365,6.8051193137377465e-09,0.0003290500078354229,1000000.0,2504497.7898480585
6.43773921913087e-05,9.199502695021973e-05,-4.0651541877257396,571.5064742895681,0.0,0.040104450982649385,389.2815973354144,1.1104714998903647e-13,0.0,4.896495632107217e-06,129.76721512956547,8.178131108790804e-11,1.2434884574221612e-13,1.4292591907598086e-09,2.246527447112035e-14,1.7789346721269415e-08,3.4000278322299433,6.895580867089055e-09,0.0003290759497420605,1000000.0,2514867.4059311682
6.440018868293128e-05,9.19068378855378e-05,-3.6714186270122227,571.9746249032859,0.0,0.04021731862264406,390.4032779685704,1.1323675545198268e-13,0.0,4.9106036584170066e-06,130.14112748111137,8.060970249187559e-11,1.1181237256766697e-14,1.4319622050550262e-09,2.437748407416854e-14,1.81735743742824e-08,3.4098247008653226,6.9780558180735755e-09,0.00032909954666343697,1000000.0,2524291.172352755
6.442298517455388e-05,9.182765735534957e-05,-3.2748770476577853,572.3865158455229,0.0,0.04031871566014536,391.4140532748256,1.1534074801510204e-13,0.0,4.923316665582581e-06,130.4780694790008,7.942598242729887e-11,8.546854757358447e-14,1.434244343297717e-09,2.8219861092214115e-14,1.8495771533857724e-08,3.418652910167464,7.0521892171534305e-09,0.0003291207674997492,1000000.0,2532749.6585475393
6.443941906228464e-05,9.177619816642863e-05,-2.987498090100895,572.6485040807682,0.0,0.04038458722534424,392.07282459734205,1.1681001978089006e-13,0.0,4.931602281896356e-06,130.6976708960275,7.85659676621806e-11,1.192924608168434e-13,1.435625606922228e-09,2.5244871247450714e-14,1.866844111107816e-08,3.424406681727871,7.100282089049986e-09,0.00032913457607162364,1000000.0,2538239.068652237
6.44558529500154e-05,9.172947094160662e-05,-2.699023713316197,572.8812617006924,0.0,0.0404443318526361,392.67229953827433,1.182402586941546e-13,0.0,4.939142043045357e-06,130.89750583157857,7.770099389504057e-11,3.3681247577449797e-14,1.4367839457204073e-09,2.6302646683232357e-14,1.8874509071050425e-08,3.42964255212358,7.143780150467752e-09,0.00032914712645075006,1000000.0,2543212.764939116
6.447228683774617e-05,9.168749241391824e-05,-2.40960879222607,573.0849020568116,0.0,0.040497891648516735,393.21189496879083,1.1961876245413193e-13,0.0,4.9459286152208635e-06,131.07737989974456,7.683162485813261e-11,7.884838682353047e-14,1.437718036115961e-09,2.892142615292659e-14,1.9026830484212245e-08,3.4343554283408912,7.18260046811707e-09,0.00032915841063971,1000000.0,2547666.2859620266
6.448872072547694e-05,9.16502767600899e-05,-2.119409344780625,573.2596188750613,0.0,0.04054521582098267,393.69109521508847,1.2094597874203926e-13,0.0,4.951955513184326e-06,131.23712120079122,7.595842276565259e-11,1.2045458440554697e-13,1.4384268125331348e-09,2.5318445790489447e-14,1.9144524517656087e-08,3.4385408064198706,7.2166772973056625e-09,0.0003291684217051778,1000000.0,2551596.0965508805
6.450058484626011e-05,9.162637669503056e-05,-1.9095063408527178,573.3679343312665,0.0,0.040575479902052757,393.99925057884684,1.2187330303647123e-13,0.0,4.955831128662084e-06,131.33984469826194,7.532596479449652e-11,5.74307805731928e-14,1.4387979899216596e-09,2.656435704834316e-14,1.925169143792513e-08,3.4412322623346414,7.238302940723141e-09,0.0003291748543327198,1000000.0,2554106.1659071883
6.451244896704327e-05,9.160496859306383e-05,-1.6993352237325368,573.4614737936669,0.0,0.04060245703476745,394.275549021202,1.2276838534021468e-13,0.0,4.9593060362427024e-06,131.4319486742283,7.469201007061226e-11,8.037988815445808e-14,1.4390510940432408e-09,2.971220619568285e-14,1.932118535058947e-08,3.443645476445577,7.2574210517506445e-09,0.0003291806185022577,1000000.0,2556341.3695550803
6.452431308782642e-05,9.158605528525986e-05,-1.4889550228537964,573.5404286215505,0.0,0.04062613511230346,394.51986407963886,1.2363318298815932e-13,0.0,4.962378645659383e-06,131.51339097249715,7.40567669243854e-11,1.0141809395228622e-13,1.4391859776876467e-09,2.5916366445760918e-14,1.937769152794901e-08,3.4457793441947886,7.274027745202781e-09,0.00032918571265675274,1000000.0,2558301.4781220187
6.453617720860958e-05,9.156963890304258e-05,-1.2784245867884434,573.6050440102546,0.0,0.04064650401224166,394.732088550562,1.244683451536387e-13,0.0,4.9650476088516914e-06,131.58413585684613,7.342044212009277e-11,5.755822827776463e-14,1.4392025646195715e-09,2.641678653831741e-14,1.9444629735143638e-08,3.4476329292350405,7.288126872604971e-09,0.00032919013553536563,1000000.0,2559986.6665663878
6.4542207940683e-05,9.156225186687604e-05,-1.171369604952068,573.6324897518625,0.0,0.04065558657512839,394.8276349230079,1.2487927530575338e-13,0.0,4.966249185695059e-06,131.61598616107526,7.309663855408891e-11,6.838630603437686e-14,1.4391656422687934e-09,2.879386812329652e-14,1.9461082916731673e-08,3.4484674383159706,7.294336158824889e-09,0.00032919212610350894,1000000.0,2560738.0729889176
6.45453204292975e-05,9.155869198680916e-05,-1.116111271057642,573.6452528440446,0.0,0.04065993847087642,394.8736906148658,1.250880117428245e-13,0.0,4.9668283671349964e-06,131.63133878351067,7.292944214731156e-11,7.665492851414056e-14,1.4391346287702646e-09,2.6229480929803362e-14,1.9465652951063756e-08,3.448869692023012,7.297289444630312e-09,0.00032919308545379614,1000000.0,2561098.194256975
6.4547024909187e-05,9.155681538824347e-05,-1.0858489300562835,573.6518415780218,0.0,0.04066222479682038,394.8979718609104,1.252015553697252e-13,0.0,4.967133717727076e-06,131.6394329131576,7.283785978906779e-11,7.507630028119507e-14,1.4391141956719366e-09,2.7276565102872253e-14,1.947524432166639e-08,3.4490817661204183,7.298834450032095e-09,0.0003291935911971619,1000000.0,2561287.430875218
6.454799754135126e-05,9.155576765483962e-05,-1.0685798944487486,573.6554710119768,0.0,0.04066349871092716,394.91152931570986,1.2526591374260332e-13,0.0,4.967304209677027e-06,131.64395227702704,7.278559345330233e-11,7.831047215101287e-14,1.4391014420977788e-09,2.809249072218649e-14,1.9479005217784198e-08,3.449200177866725,7.299693151781341e-09,0.0003291938735671944,1000000.0,2561392.8708243505
6.454897017351553e-05,9.155473671792984e-05,-1.0513107225191403,573.6589892166652,0.0,0.04066475028514323,394.92487003407433,1.2533015312537322e-13,0.0,4.9674719754485835e-06,131.648399391696,7.273332258373359e-11,7.817363306604944e-14,1.4390878938264612e-09,2.760995893678123e-14,1.9480656341850438e-08,3.4493166966154916,7.300534923487081e-09,0.00032919415141452815,1000000.0,2561496.3869674546
6.45495542190785e-05,9.155412573278455e-05,-1.04094092558214,573.6610406048613,0.0,0.040665491095506885,394.9327766998725,1.2536863981173201e-13,0.0,4.967571405172166e-06,131.6510350704017,7.270193287368637e-11,7.742629941758094e-14,1.4390793765246845e-09,2.7760233590772636e-14,1.9482494920128907e-08,3.44938575397155,7.301032003117236e-09,0.0003291943160827337,1000000.0,2561557.586748983
6.455013826464147e-05,9.155352080407479e-05,-1.0305711265238098,573.6630460370693,0.0,0.0406662238500495,394.94060519856095,1.2540702945933158e-13,0.0,4.967669851685613e-06,131.6536446920618,7.267054159608242e-11,7.717763231860816e-14,1.4390705727184411e-09,2.7993966905800893e-14,1.948441817084289e-08,3.4494541286074645,7.301522577152718e-09,0.00032919447912001823,1000000.0,2561618.0663737254
6.455072231020443e-05,9.155292193179862e-05,-1.0202013272643349,573.6650067216929,0.0,0.040666948547737766,394.9483555239572,1.254453272207246e-13,0.0,4.967767314911153e-06,131.6562282546154,7.263914877654964e-11,7.726693583665905e-14,1.4390614824257367e-09,2.781018769088205e-14,1.948590547223432e-08,3.4495218204697573,7.302006519450044e-09,0.00032919464052633064,1000000.0,2561677.831219055
6.45513063557674e-05,9.155232911595496e-05,-1.0098315344827256,573.6669228289305,0.0,0.0406676651883981,394.9560276699297,1.2548354679401386e-13,0.0,4.967863794771757e-06,131.65878575601852,7.260775444056094e-11,7.725512269550038e-14,1.439052105664313e-09,2.7746414528124466e-14,1.9487292035183646e-08,3.44958882950454,7.302483758046156e-09,0.0003291948003016211,1000000.0,2561736.8819921752
6.455189040133037e-05,9.155174235653913e-05,-0.9994617581341942,573.6687938207959,0.0,0.040668373771851965,394.9636216304546,1.2552168980232642e-13,0.0,4.9679592911917695e-06,131.66131719426315,7.257635861345795e-11,7.708320724843548e-14,1.4390424424522358e-09,2.7977881368908973e-14,1.94888977287351e-08,3.4496551556588817,7.3029542362837635e-09,0.0003291949584458415,1000000.0,2561795.216214901
6.455247444689333e-05,9.155116165353941e-05,-0.989092007094765,573.6706193987154,0.0,0.04066907429737471,394.9711373996619,1.2555975020085962e-13,0.0,4.96805380409738e-06,131.66382256739257,7.254496132062388e-11,7.693629721289715e-14,1.4390324928083856e-09,2.7777555161699737e-14,1.9490480207357813e-08,3.4497207988817555,7.303417887186317e-09,0.0003291951149589469,1000000.0,2561852.8324873587
6.45530584924563e-05,9.155058700693787e-05,-0.9787222881552415,573.6723997173203,0.0,0.04066976676423985,394.9785749718232,1.2559772431896031e-13,0.0,4.968147333416515e-06,131.66630187349716,7.25135625875415e-11,7.692888310265972e-14,1.439022256752288e-09,2.7215691668462116e-14,1.9491778651097278e-08,3.44978575912339,7.303874648453826e-09,0.00032919526984089226,1000000.0,2561909.7314499742
6.455364253801927e-05,9.155001841671306e-05,-0.9683526077955885,573.6741349964105,0.0,0.040670451172312765,394.98593434131743,1.2563561421298495e-13,0.0,4.968239879078607e-06,131.66875511070324,7.248216243967137e-11,7.699544629228228e-14,1.4390117343037995e-09,2.7820315901587956e-14,1.9493110543051454e-08,3.449850036334373,7.304324474623494e-09,0.00032919542309163525,1000000.0,2561965.9140374316
6.455422658358222e-05,9.154945588284059e-05,-0.9579829734264832,573.675825252266,0.0,0.04067112752141438,394.9932155026242,1.256734231722195e-13,0.0,4.968331441014422e-06,131.67118227717057,7.245076090238454e-11,7.702830818044625e-14,1.439000925483048e-09,2.910762119672006e-14,1.949474292024111e-08,3.4499136304662215,7.304767334035382e-09,0.00032919557471113714,1000000.0,2562021.3802696187
6.45548106291452e-05,9.154889940529191e-05,-0.9476133930124043,573.6774703812981,0.0,0.04067179581065486,395.00041845033815,1.2571115176410564e-13,0.0,4.968422019155866e-06,131.67358337109727,7.241935800102587e-11,7.700263926424533e-14,1.4389898303105648e-09,2.78236852862407e-14,1.9496225911493362e-08,3.4499765414721786,7.30520320106019e-09,0.0003291957246993609,1000000.0,2562076.129628047
6.455539467470817e-05,9.154834898403336e-05,-0.9372438742863698,573.6790703310876,0.0,0.04067245603928346,395.00754317918233,1.257487983119813e-13,0.0,4.968511613436284e-06,131.67595839072436,7.238795376097415e-11,7.696500644593396e-14,1.4389784488073899e-09,2.535901296722721e-14,1.949722641986796e-08,3.450038769306488,7.30563205227826e-09,0.00032919587305626954,1000000.0,2562130.1618255484
6.455597872027112e-05,9.154780461902642e-05,-0.9268744246075403,573.6806251306961,0.0,0.04067310820749243,395.01458968400453,1.2578636148730723e-13,0.0,4.9686002237913e-06,131.67830733433428,7.235654820762243e-11,7.695354691565267e-14,1.4389667809950503e-09,2.8365454884081084e-14,1.9498330591802094e-08,3.450100313923557,7.306053866635151e-09,0.00032919601978182746,1000000.0,2562183.4769426812
6.455656276583409e-05,9.154726631022844e-05,-0.9165050512944405,573.6821348177256,0.0,0.04067375231529278,395.021557959768,1.2582384139872294e-13,0.0,4.968687850158316e-06,131.6806302002481,7.232514136633046e-11,7.696211306664278e-14,1.438954826895494e-09,3.312653197010676e-14,1.9499951672762334e-08,3.4501611752789842,7.306468626500282e-09,0.0003291961648760022,1000000.0,2562236.0750994547
6.455746512992297e-05,9.154644651727664e-05,-0.900484293938384,573.6843786253919,0.0,0.04067473162742652,395.03217029475377,1.2588158565919318e-13,0.0,4.968821300225285e-06,131.68416780842355,7.227661458681773e-11,7.698490605293589e-14,1.4389357947254945e-09,2.909815693035742e-14,1.9502119594846367e-08,3.450253864068285,7.307095538912173e-09,0.00032919638584243626,1000000.0,2562315.930785318
6.455899312362896e-05,9.154509130857082e-05,-0.8733565136208584,573.687932610104,0.0,0.040676346034126155,395.04971449785006,1.2597891127921588e-13,0.0,4.969041917092454e-06,131.69001614512655,7.219443647290572e-11,7.708873347789659e-14,1.4389020091091274e-09,1.6974099269391237e-14,1.9505435352536365e-08,3.4504070962021247,7.3081185189988106e-09,0.000329196751129256,1000000.0,2562447.2490762733
6.456052111733496e-05,9.154377755035682e-05,-0.8462295208701756,573.6911777586362,0.0,0.04067790525308874,395.06672308761625,1.2607566842363247e-13,0.0,4.9692557968461725e-06,131.69568593485698,7.211225043756418e-11,7.71269644702477e-14,1.4388662647870384e-09,0.0,1.9507668193442084e-08,3.4505556502318866,7.309092873624902e-09,0.00032919710524893683,1000000.0,2562573.658160947
6.456204911104095e-05,9.154250524133088e-05,-0.8191034507388377,573.6941138685364,0.0,0.04067940927925767,395.0831959885866,1.2617185726507824e-13,0.0,4.9694629385429655e-06,131.70117715245874,7.203005693300475e-11,7.701221217882618e-14,1.4388285622058079e-09,1.824621516459353e-15,1.950927096196321e-08,3.450699525497981,7.3100185172458934e-09,0.0003291974482011437,1000000.0,2562695.1563757583
6.456357710474696e-05,9.154127437998107e-05,-0.7919784374886567,573.6967409117293,0.0,0.040680858108920685,395.0991331308972,1.2626747091971997e-13,0.0,4.9696633413165395e-06,131.706489774643,7.194785641109739e-11,7.688197973508922e-14,1.4387889018326664e-09,2.5449679454833086e-14,1.9511504478943382e-08,3.450838721388951,7.310895381557279e-09,0.0003291977799856229,1000000.0,2562811.74289058
6.456510509845296e-05,9.154008496458903e-05,-0.7648546149009399,573.6990589638447,0.0,0.04068225173734577,395.11453445026496,1.263625044526396e-13,0.0,4.969857004362213e-06,131.71162377998127,7.186564932324004e-11,7.681319638468804e-14,1.4387472841552935e-09,3.4861613600719475e-14,1.9514113364764692e-08,3.450973237343644,7.3117234140500894e-09,0.0003291981006022047,1000000.0,2562923.4173906744
6.45674808542353e-05,9.1538317950302e-05,-0.7226846224082684,573.702049483242,0.0,0.040684308930456686,395.1374163781421,1.265091072164342e-13,0.0,4.9701447278206904e-06,131.71925143205672,7.173782008566948e-11,7.681358419043648e-14,1.438678689856526e-09,2.006965671075663e-14,1.9516538875725514e-08,3.45117308928011,7.312913789084796e-09,0.00032919857692220576,1000000.0,2563087.2940973965
6.457156908408083e-05,9.153551176988994e-05,-0.6501269419298344,573.705446488265,0.0,0.04068753651621418,395.17375862484613,1.267580713529789e-13,0.0,4.970601692699643e-06,131.7313660520918,7.151782025566833e-11,7.682272799315328e-14,1.4385495837478664e-09,0.0,1.951885658669646e-08,3.45149050416241,7.314685393252472e-09,0.00032919933337740464,1000000.0,2563341.485397855
6.457414751157862e-05,9.153389445390244e-05,-0.604371951337175,573.7064519335491,0.0,0.0406893688813269,395.19470617929437,1.2691292343821016e-13,0.0,4.970865077140523e-06,131.7383488755605,7.137905132695101e-11,7.672197677913878e-14,1.4384609617910799e-09,0.0,1.951891782967552e-08,3.451673460961704,7.315622606264696e-09,0.0003291997693606936,1000000.0,2563483.7132869046
6.45767259390764e-05,9.15323951061993e-05,-0.5586229885653101,573.7065782542359,0.0,0.04069104401812111,395.2141271371886,1.270660799447863e-13,0.0,4.971109259654285e-06,131.74482280731178,7.124027254356211e-11,7.667875473408755e-14,1.4383667775669814e-09,8.785751966220477e-14,1.9519923212980688e-08,3.451843084299664,7.31642045100365e-09,0.00032920017354686067,1000000.0,2563611.94831852
6.457930436657419e-05,9.153101371041344e-05,-0.5128806981962112,573.7058252309957,0.0,0.04069256192605585,395.2320214102929,1.2721753002428562e-13,0.0,4.971334239162671e-06,131.750787817934,7.110148604830378e-11,7.668591778307758e-14,1.438267034220971e-09,4.002492554986328e-14,1.9520056594206103e-08,3.451999373407638,7.317078891770221e-09,0.0003292005459386563,1000000.0,2563726.1882823175
6.458188279407197e-05,9.15297502485158e-05,-0.46714572443265656,573.7041926830886,0.0,0.04069392261036441,395.2483889555362,1.2736726561916296e-13,0.0,4.971540015059189e-06,131.75624389307114,7.09626939784159e-11,7.665049265445774e-14,1.4381617350625552e-09,0.0,1.9518135160879724e-08,3.452142327910571,7.317597888678159e-09,0.00032920088653955225,1000000.0,2563826.431535239
6.458446122156976e-05,9.152860470081162e-05,-0.4214187098394307,573.701680741255,0.0,0.040695126084666605,395.26322977506436,1.275152748537416e-13,0.0,4.971726587470418e-06,131.7611910334403,7.082389846698493e-11,7.660070692525313e-14,1.4380508835654777e-09,2.7122635654923563e-13,1.9516357849868442e-08,3.4522719478247805,7.31797741772469e-09,0.000329201195353726,1000000.0,2563912.678230778
6.458703964906754e-05,9.152757704594794e-05,-0.3757002960136044,573.6982896824013,0.0,0.04069617236403444,395.27654391614254,1.2766154684649437e-13,0.0,4.971893957053905e-06,131.76562925479917,7.068510164151497e-11,7.65313251154499e-14,1.4379344833666885e-09,3.0268000035737204e-13,1.9515356260057668e-08,3.4523882335630462,7.318217478021061e-09,0.0003292014723860699,1000000.0,2563984.929574162
6.458961807656533e-05,9.152666726092021e-05,-0.32999112449832074,573.6940197158259,0.0,0.04069706146322605,395.28833147106883,1.2780606841269193e-13,0.0,4.972042124553153e-06,131.76955858791706,7.05463056214091e-11,7.652412914415226e-14,1.4378125382655306e-09,0.0,1.951086909750546e-08,3.4524911859363865,7.318318079271455e-09,0.000329201717642205,1000000.0,2564043.1868591807
6.459376982395302e-05,9.152544997161287e-05,-0.256411908372405,573.6852978068264,0.0,0.04069816284943132,395.30410395714296,1.280350752530004e-13,0.0,4.972240354952152e-06,131.77481626678534,7.032282528123206e-11,7.646694633420322e-14,1.4376045417830536e-09,0.0,1.950320900756406e-08,3.4526289422696648,7.318187060762502e-09,0.0003292020457906025,1000000.0,2564107.5885149385
6.459792157134072e-05,9.152453810679853e-05,-0.18286099203400888,573.6742984451225,0.0,0.04069885692566101,395.31591965609164,1.2825948001631783e-13,0.0,4.972388816648124e-06,131.77875494874067,7.009936131744376e-11,7.633902949344626e-14,1.4373821967901686e-09,1.5610272967449236e-14,1.9495668947935057e-08,3.452732139593316,7.3176946598379155e-09,0.0003292022915999541,1000000.0,2564135.720919829
6.460207331872841e-05,9.152393154344195e-05,-0.10934104750033365,573.6610223943411,0.0,0.040699143846225055,395.32377968907053,1.2847923606309162e-13,0.0,4.97248752323573e-06,131.78137500752825,6.98759224856489e-11,7.629258219141556e-14,1.4371455217953139e-09,0.0,1.9484583026051906e-08,3.4528007877044313,7.316841050512542e-09,0.00032920245510549985,1000000.0,2564127.5953985625
6.46062250661161e-05,9.152363014741977e-05,-0.03585474238938209,573.6454706749888,0.0,0.04069902380124204,395.32768547944846,1.286943035921718e-13,0.0,4.972536491829277e-06,131.78267691763614,6.965251749899496e-11,7.629516534853312e-14,1.4368945363908494e-09,2.5906512441247413e-14,1.9471554995682396e-08,3.4528348990346664,7.315626475621771e-09,0.00032920253634730425,1000000.0,2564083.2270687455
6.46103768135038e-05,9.152363377353768e-05,0.03759526075137571,573.6276446369078,0.0,0.04069849701347657,395.327638752398,1.2890464551997402e-13,0.0,4.972535744144818e-06,131.7826612541589,6.942915503201898e-11,7.623815323642758e-14,1.436629261248967e-09,3.0263260375235866e-14,1.9457582262486193e-08,3.4528344886511575,7.314051266869635e-09,0.0003292025353702409,1000000.0,2564002.635163483
6.46145285608915e-05,9.152394226555621e-05,0.11100630405412328,573.6075457904458,0.0,0.04069756373630586,395.3236415343333,1.2911022101984877e-13,0.0,4.972485306191755e-06,131.78132869261,6.920584371771724e-11,7.61507251976124e-14,1.436349718116708e-09,2.721245550016005e-14,1.9441630901513647e-08,3.452799574253307,7.312115833818346e-09,0.0003292024522239938,1000000.0,2563885.842266046
6.461868030827919e-05,9.152455545621381e-05,0.18437573408868596,573.5851756800254,0.0,0.04069622425430175,395.31569615234173,1.2931098956960617e-13,0.0,4.972385207535757e-06,131.77868000873258,6.89825921429717e-11,7.609205628322943e-14,1.4360559298113308e-09,2.723583100567293e-14,1.9423668886664887e-08,3.4527301761659634,7.3098206447438864e-09,0.0003292022869630587,1000000.0,2563732.8737351727
6.462551579139347e-05,9.152622834168203e-05,0.30507431389050516,573.5434016995492,0.0,0.04069313483005073,395.2940206374386,1.2963096754176774e-13,0.0,4.972112305590888e-06,131.77145432228062,6.86151810047038e-11,7.601452477196964e-14,1.4355412634870829e-09,2.948923944590137e-14,1.93901795913659e-08,3.4525408561532056,7.305259509300717e-09,0.0003292018361445103,1000000.0,2563402.291422185
6.463235127450775e-05,9.152872581662393e-05,0.42564113049210517,573.4954837354389,0.0,0.040688946769560676,395.26166368422633,1.2993765694215619e-13,0.0,4.971705050797088e-06,131.76066797332552,6.824799276620945e-11,7.59016827822943e-14,1.434988161204235e-09,2.938551780717181e-14,1.9352012948720276e-08,3.4522582433070284,7.299727402245808e-09,0.00032920116319563414,1000000.0,2562973.8731468455
6.463918675762202e-05,9.153204694021657e-05,0.5460644405597985,573.4414307439351,0.0,0.040683661880374,395.2186409771204,1.3023090423929767e-13,0.0,4.971163639621656e-06,131.74632619030731,6.78810649034348e-11,7.577215621098224e-14,1.4343967435518022e-09,2.8011516627359826e-14,1.93091684750409e-08,3.451882474619032,7.293227547196896e-09,0.00032920026844437305,1000000.0,2562447.787555849
6.46460222407363e-05,9.153619069152338e-05,0.6663325486703169,573.3812527131706,0.0,0.04067728219500069,395.1649703828381,1.3051056273035267e-13,0.0,4.970488296450545e-06,131.7284349291374,6.751443452913229e-11,7.565590295168998e-14,1.4337671387956873e-09,2.7340456563658835e-14,1.9261476020707625e-08,3.4514137061407393,7.285763664266803e-09,0.0003291991522535681,1000000.0,2561824.2269454524
6.465285772385058e-05,9.154115596983585e-05,0.7864338113328886,573.3149607302228,0.0,0.04066980997099257,395.10067193942433,1.307764940323858e-13,0.0,4.969679273771617e-06,131.70700086954014,6.714813838352911e-11,7.554226529658131e-14,1.4330994828105696e-09,2.7351974191757283e-14,1.920894711800759e-08,3.4508521128869143,7.277339965402747e-09,0.00032919781502078994,1000000.0,2561103.407455344
6.466359666031741e-05,9.155061303150796e-05,0.9747549854379457,573.1984934187116,0.0,0.04065587017664048,394.97824506778534,1.3116625182793859e-13,0.0,4.9681389493041395e-06,131.66618958949186,6.657342838521557e-11,7.535900705749094e-14,1.4319740544785711e-09,2.6980264531448788e-14,1.9116936746297643e-08,3.4497828175619745,7.262178776724804e-09,0.0003291952687768186,1000000.0,2559775.1132874596
6.466610858184934e-05,9.15531167841282e-05,1.0187364273075858,573.1690828177641,0.0,0.040652222413692145,394.9458410588144,1.3125243229343787e-13,0.0,4.967731268453831e-06,131.65538764533005,6.64391461707657e-11,7.530727373941938e-14,1.4316973687208072e-09,2.6839577624644446e-14,1.9093783586862704e-08,3.449499796092369,7.258294411004092e-09,0.0003291945948070498,1000000.0,2559429.9675441673
6.466862050338127e-05,9.155573098074716e-05,1.062690761343751,573.1388516854938,0.0,0.04064842817605431,394.91201143954146,1.313367097527672e-13,0.0,4.967305656052798e-06,131.64411047332706,6.630492336742848e-11,7.526288020887495e-14,1.4314156040909322e-09,2.6820652908940434e-14,1.9069977118837036e-08,3.449204323189547,7.254282460983779e-09,0.00032919389117135105,1000000.0,2559071.7910536095
6.466894331530186e-05,9.155607494141005e-05,1.0683374234054177,573.1349071605167,0.0,0.04064792995752895,394.9075606237347,1.313474021522711e-13,0.0,4.967249660379268e-06,131.6426267850385,6.628767853226588e-11,7.525724541118532e-14,1.43137902609716e-09,2.679578122746589e-14,1.906687590613582e-08,3.4491654491096146,7.253757640816018e-09,0.0003291937985959001,1000000.0,2559024.8169456953
6.466926612722246e-05,9.155642072480867e-05,1.0739836261136897,573.1309488631064,0.0,0.04064742932274607,394.90308628922173,1.313580630268914e-13,0.0,4.96719336888364e-06,131.6411352567786,6.627043471094464e-11,7.525155393755437e-14,1.4313423643747778e-09,2.6813592356761005e-14,1.906376241463836e-08,3.449126369614784,7.2532307179130466e-09,0.00032919370553098946,1000000.0,2558977.626852246
6.466958893914306e-05,9.155676833079329e-05,1.0796293602240734,573.1269750647473,0.0,0.04064692627203693,394.8985884390075,1.3136869236440914e-13,0.0,4.967136781603739e-06,131.63963588954903,6.625319190723613e-11,7.524582565717779e-14,1.4313056189413412e-09,2.6807078082139085e-14,1.9060637943270734e-08,3.449087084731298,7.252701682887582e-09,0.0003291936119766755,1000000.0,2558930.213022574
6.466991175106366e-05,9.155711775921161e-05,1.0852746177783883,573.1229843193054,0.0,0.040646420805736314,394.8940670761361,1.3137929015243825e-13,0.0,4.967079898577858e-06,131.63812868436452,6.623595012500212e-11,7.524007529473489e-14,1.4312687898147371e-09,2.6790423819279957e-14,1.9057502038554542e-08,3.4490475944857457,7.252170512986389e-09,0.00032919351793301557,1000000.0,2558882.568976953
6.467023456298425e-05,9.15574690099092e-05,1.0909193953626488,573.1189761640886,0.0,0.04064591292418258,394.88952220368384,1.313898563782865e-13,0.0,4.9670227198446985e-06,131.63661364225067,6.621870936817242e-11,7.523430898076926e-14,1.431231877013115e-09,2.678262760936507e-14,1.905435351721793e-08,3.449007898904998,7.2516371769524845e-09,0.000329193423400068,1000000.0,2558834.6926602386
6.467055737490485e-05,9.155782208273076e-05,1.09656369228138,573.1149507234636,0.0,0.04064540262771655,394.8849538247447,1.3140039102872349e-13,0.0,4.966965245443185e-06,131.63509076423873,6.620146964069496e-11,7.522852851353128e-14,1.431194880554726e-09,2.6778833400904592e-14,1.9051191747371e-08,3.4489679980160766,7.2511016438476895e-09,0.0003291933283778914,1000000.0,2558786.5846584025
6.467088018682545e-05,9.15581769775209e-05,1.1022075081330416,573.110908184356,0.0,0.04064488991668028,394.8803619424188,1.3141089408992085e-13,0.0,4.9669074754123246e-06,131.63356005136222,6.618423094650092e-11,7.522273533449143e-14,1.4311578004578149e-09,2.67721165191446e-14,1.904801679196136e-08,3.44892789184606,7.2505638881448556e-09,0.00032919323286654465,1000000.0,2558738.2458388773
6.46714093749176e-05,9.155876270040128e-05,1.1114584152756068,573.1042442161704,0.0,0.040644044202905204,394.8727835968474,1.3142804346424106e-13,0.0,4.966812133113533e-06,131.63103379524802,6.615597366662264e-11,7.521321652026329e-14,1.4310968338776303e-09,2.6759551026187342e-14,1.9042783965990378e-08,3.448861701472417,7.249677481724697e-09,0.00032919307523597444,1000000.0,2558658.504315569
6.467193856300975e-05,9.155935331840713e-05,1.1207080210478622,573.0975343809868,0.0,0.040643192002819635,394.86514211202234,1.3144510784390405e-13,0.0,4.9667159966392204e-06,131.62848649163513,6.612771919126677e-11,7.520367550007094e-14,1.4310356426627044e-09,2.6746232009749238e-14,1.9037516478170324e-08,3.448794959633775,7.248784971116676e-09,0.00032919291629126066,1000000.0,2558578.143068312
6.46724677511019e-05,9.155994883084853e-05,1.1299563200512215,573.0907787149531,0.0,0.040642333317946006,394.85743750176584,1.3146208716181704e-13,0.0,4.9666190661632905e-06,131.62591814513112,6.609946753764906e-11,7.519411613471292e-14,1.4309742268938362e-09,2.6733257815294328e-14,1.9032214282059553e-08,3.4487276664508566,7.247886289800899e-09,0.00032919275603266466,1000000.0,2558497.162378129
6.467299693919405e-05,9.156054923703264e-05,1.1392033068095266,573.0839772368765,0.0,0.040641468149814564,394.8496697799769,1.3147898134893094e-13,0.0,4.966521341860617e-06,131.62332876036942,6.607121872296687e-11,7.518454046596226e-14,1.4309125866520871e-09,2.672051963848892e-14,1.902687732332936e-08,3.448659822045062,7.246981383271293e-09,0.000329192594460449,1000000.0,2558415.5624487437
6.467428852727629e-05,9.15620351887637e-05,1.1617668465947795,573.0671848704898,0.0,0.04063932932618796,394.8304462366161,1.3151985686504334e-13,0.0,4.9662794946446875e-06,131.61692055618428,6.600228394845054e-11,7.516110627967807e-14,1.4307611995742041e-09,2.6689095504395773e-14,1.9013705940057205e-08,3.4484919208464127,7.2447463135202e-09,0.00032919219459822237,1000000.0,2558213.804058983
6.467558011535854e-05,9.156355027718373e-05,1.1843224519829514,573.0501205158345,0.0,0.04063715191495706,394.8108470393156,1.315602236766575e-13,0.0,4.966032922395664e-06,131.61038712758935,6.593336644270611e-11,7.513758570693581e-14,1.4306084770523098e-09,2.6657193491423558e-14,1.900032886810495e-08,3.4483207386460575,7.242473475659537e-09,0.00032919178691658777,1000000.0,2558008.363532339
6.467687170344078e-05,9.15650944926397e-05,1.2068700504241017,573.0327847996178,0.0,0.040634935938043126,394.79087238766834,1.3160008077553943e-13,0.0,4.965781627624713e-06,131.60372854111932,6.586446645036237e-11,7.511398078905884e-14,1.430454420240477e-09,2.662480760310687e-14,1.8986747057909276e-08,3.4481462771872686,7.240162632754618e-09,0.00032919137141921873,1000000.0,2557799.2454174487
6.467816329152304e-05,9.156666782495422e-05,1.2294095661139046,573.0151783649967,0.0,0.040632681418247385,394.7705224894419,1.3163942710476032e-13,0.0,4.965525612945848e-06,131.5969448660338,6.579558421790418e-11,7.509029256158989e-14,1.4302990303307713e-09,2.6591954433036263e-14,1.8972961436319054e-08,3.447968538284715,7.237813637343044e-09,0.00032919094810999485,1000000.0,2557586.454397153
6.467945487960528e-05,9.156827026370892e-05,1.2519409222048015,572.9973018518857,0.0,0.04063038837884474,394.749797556908,1.316782615926923e-13,0.0,4.96526488102974e-06,131.59003617309395,6.572671999194442e-11,7.506652148020817e-14,1.4301423085338165e-09,2.6558639034674307e-14,1.8958972926167625e-08,3.4477875237924076,7.235426420503034e-09,0.0003291905169928943,1000000.0,2557369.9951757765
6.468131844002088e-05,9.157063360745481e-05,1.2844356287198468,572.971034091689,0.0,0.04062701204303618,394.71923420381046,1.317333895845726e-13,0.0,4.96488037757574e-06,131.57984782612044,6.56273918676695e-11,7.503207792230836e-14,1.4299138386065183e-09,2.6509760269856108e-14,1.8938433953081482e-08,3.447520579166038,7.231914670838185e-09,0.0003291898812059947,1000000.0,2557051.2229084363
6.468318200043647e-05,9.157305749312422e-05,1.3169129727002225,572.9442071116351,0.0,0.04062355563504103,394.6878911817086,1.3178744682617128e-13,0.0,4.964486067332512e-06,131.5693995761364,6.552810246619578e-11,7.49974628185535e-14,1.4296826020587353e-09,2.6459934707478358e-14,1.8917477164232743e-08,3.4472468248272197,7.228323430298417e-09,0.0003291892291845199,1000000.0,2556724.8371373937
6.468504556085206e-05,9.157554188745908e-05,1.3493727171504821,572.9168227643534,0.0,0.0406200192289945,394.6557691688165,1.3184043010375882e-13,0.0,4.9640819588328126e-06,131.5586916492255,6.542885252560771e-11,7.496267667192845e-14,1.4294486026840485e-09,2.640917013207505e-14,1.8896105355109176e-08,3.4469662666995653,7.224652885959078e-09,0.00032918856094124344,1000000.0,2556390.8520181067
6.468690912126766e-05,9.15780867564781e-05,1.3818146234755027,572.888882870252,0.0,0.04061640290061285,394.6228688586493,1.3189233624039504e-13,0.0,4.963668060801861e-06,131.54772427657207,6.532964278220964e-11,7.492772001298054e-14,1.4292118443330558e-09,2.6357471679464447e-14,1.8874321292456836e-08,3.4466789108403257,7.2209032885283106e-09,0.00032918787648924424,1000000.0,2556049.281689098
6.469051040588241e-05,9.15831758800944e-05,1.4444564008586784,572.8333219233872,0.0,0.04060918826130298,394.55708714154883,1.3198958039629986e-13,0.0,4.962840507468534e-06,131.52579583534592,6.51380389960221e-11,7.485968599923664e-14,1.4287465115020858e-09,2.6254972309311127e-14,1.8831066045109685e-08,3.4461043642945874,7.213434344608363e-09,0.00032918650792444965,1000000.0,2555367.763885628
6.469411169049718e-05,9.158849046987342e-05,1.5070290197879264,572.7757047621714,0.0,0.040601675999498765,394.4884066574862,1.3208276967296937e-13,0.0,4.961976493063805e-06,131.50290108887276,6.494659326833345e-11,7.479102111595711e-14,1.4282709178718908e-09,2.6149093209296366e-14,1.878630081139813e-08,3.4455044996085675,7.205673280476594e-09,0.0003291850789734855,1000000.0,2554658.0692375973
6.469771297511194e-05,9.159403027390715e-05,1.5695308192552748,572.7160429436392,0.0,0.040593866688607344,394.4168326850022,1.3217188395435226e-13,0.0,4.961076083996274e-06,131.4790417967617,6.47553107769683e-11,7.472172921890631e-14,1.4277850919723772e-09,2.603989979697242e-14,1.8740044928848897e-08,3.444879362885726,7.197622173809727e-09,0.00032918358973413786,1000000.0,2553920.2953316276
6.470131425972671e-05,9.159979503449821e-05,1.6319601473509706,572.6543475354146,0.0,0.04058576091783035,394.34237065896826,1.3225690416207766e-13,0.0,4.960139348640709e-06,131.45421977073477,6.456419665262092e-11,7.465181413749096e-14,1.4272890628382993e-09,2.5927456872334973e-14,1.8692317603280008e-08,3.4442290015949304,7.189283110770933e-09,0.0003291820403068005,1000000.0,2553154.5389526803
6.470491554434148e-05,9.160578448786718e-05,1.6943153580388661,572.5906292086962,0.0,0.040577359292544114,394.2650261738214,1.3233781217945877e-13,0.0,4.959166357378763e-06,131.42843687570516,6.437325598203949e-11,7.458127968576023e-14,1.4267828600306698e-09,2.581182820417554e-14,1.8643137971270023e-08,3.4435534645987103,7.180658165248034e-09,0.0003291804307945727,1000000.0,2552360.896519264
6.470851682895624e-05,9.161199836419435e-05,1.7565948107573126,572.5248982966903,0.0,0.040568662434195636,394.18480498245987,1.3241459081653804e-13,0.0,4.958157182585091e-06,131.40169502940918,6.418249380890817e-11,7.45101296734363e-14,1.4262665136344288e-09,2.569304163800603e-14,1.8592525135831038e-08,3.442852802143612,7.171749400512889e-09,0.0003291787613032301,1000000.0,2551539.4643346956
6.471211811357101e-05,9.161843638771099e-05,1.8187968708746343,572.4571648339146,0.0,0.0405596709801184,394.1017129944876,1.3248722379511893e-13,0.0,4.957111898605258e-06,131.373996201821,6.399191513380955e-11,7.443836790625875e-14,1.4257400542510961e-09,2.5571237786052002e-14,1.854049821610127e-08,3.442127065844865,7.162558877146946e-09,0.0003291770319411828,1000000.0,2550690.3387480266
6.471571939818576e-05,9.162509827676252e-05,1.8809199101699372,572.3874385872685,0.0,0.04055038558338276,394.0157562748055,1.325556957395764e-13,0.0,4.956030581738025e-06,131.34534241468305,6.380152491407176e-11,7.436599819256402e-14,1.4252035129924521e-09,2.5446435071987792e-14,1.848707632826024e-08,3.4413763086740774,7.153088657712223e-09,0.00032917524281944355,1000000.0,2549813.6162801916
6.472167634463335e-05,9.16366084577392e-05,1.9835009019565444,572.2677541367241,0.0,0.04053438301047744,393.86730211273414,1.3265978431380536e-13,0.0,4.9541630711961715e-06,131.29585502745337,6.348702399048523e-11,7.424496589090958e-14,1.4242939649300623e-09,2.523363152440444e-14,1.839569933782222e-08,3.4400796908596813,7.1368153679843685e-09,0.0003291721525291474,1000000.0,2548303.0952973673
6.472763329108094e-05,9.164872903245851e-05,2.0858539551396746,572.1426850635597,0.0,0.04051758113581306,393.71105589632856,1.3275238839043643e-13,0.0,4.95219755149908e-06,131.24377015559088,6.317307410577116e-11,7.412229790199956e-14,1.423357064636596e-09,2.5013077009385508e-14,1.830064490992547e-08,3.4387150164131985,7.119791849829857e-09,0.0003291688995716754,1000000.0,2546717.7720271936
6.473359023752852e-05,9.166145862412932e-05,2.18797182458264,572.012271975756,0.0,0.040499983190366906,393.54704779267263,1.3283345391345668e-13,0.0,4.950134402151267e-06,131.18909785532855,6.285969692204597e-11,7.399801158087073e-14,1.4223929618016153e-09,2.478508990548773e-14,1.820200049980017e-08,3.437282548817673,7.10202756491948e-09,0.0003291654844943994,1000000.0,2545058.0911923717
6.473954718397611e-05,9.167479581031484e-05,2.2898473246115416,571.876554243401,0.0,0.040481592522246125,393.37530912655404,1.329029335494894e-13,0.0,4.947974017217742e-06,131.13184856882026,6.254691376634048e-11,7.387212435524845e-14,1.4214018098773736e-09,2.4549974246606683e-14,1.8099853994736606e-08,3.435782561667651,7.083532051581402e-09,0.0003291619078647013,1000000.0,2543324.5020353906
6.474949419930346e-05,9.169841682712117e-05,2.4594011925785737,571.6382105634383,0.0,0.04044912592306946,393.0713939588793,1.3299301735248201e-13,0.0,4.944150943672423e-06,131.03053810296518,6.202600410998293e-11,7.365839496402812e-14,1.419686902743693e-09,2.414229187735497e-14,1.7921723115795235e-08,3.433128128636771,7.051044280227487e-09,0.00032915557704245194,1000000.0,2540266.221649465
6.475944121463078e-05,9.172372080390341e-05,2.6282266184252516,571.385357221734,0.0,0.04041447548066648,392.7461724913251,1.330505321268362e-13,0.0,4.940059878339737e-06,130.92212517325527,6.150690492133954e-11,7.344033296704477e-14,1.4178977675060406e-09,2.3716951305449264e-14,1.773448990310425e-08,3.4302876041211334,7.016590021239798e-09,0.0003291488002509895,1000000.0,2537005.2901979904
6.476938822995813e-05,9.175070033145702e-05,2.796291285306902,571.1181638002068,0.0,0.04037765883881508,392.399810904906,1.3307537223991613e-13,0.0,4.935702911711679e-06,130.80666517630186,6.098970937382425e-11,7.321802152874033e-14,1.4160351840844258e-09,2.3275361893709836e-14,1.7538574541765574e-08,3.4272624395656712,6.980215633312668e-09,0.0003291415804739824,1000000.0,2533543.9146600827
6.477933524528545e-05,9.177934768389166e-05,2.9635633842756643,570.836796769787,0.0,0.040338694462090714,392.0324835137844,1.3306747749207371e-13,0.0,4.931082236570015e-06,130.6842162199025,6.047450808290746e-11,7.299154480601609e-14,1.4140999582741552e-09,2.2818928229192768e-14,1.7334401845921247e-08,3.424054157451041,6.941968425311979e-09,0.0003291339208314912,1000000.0,2529884.358259917
6.47892822606128e-05,9.1809654822402e-05,3.1300116359626866,570.5414204623031,0.0,0.04029760161725691,391.64437258869856,1.3302683214059622e-13,0.0,4.9262001457651015e-06,130.55483906418033,5.996138909289207e-11,7.276098797525049e-14,1.4120929209919796e-09,2.234904915666341e-14,1.712240081696707e-08,3.4206643497514193,6.901896674653795e-09,0.00032912582457753515,1000000.0,2526028.9428596166
6.479922927594013e-05,9.184161339940156e-05,3.2956053088594404,570.2321976972275,0.0,0.040254400353717766,391.23566817091586,1.3295346395877548e-13,0.0,4.921059029875573e-06,130.41859705956517,5.945043786362671e-11,7.252643721946462e-14,1.4100149274928404e-09,2.1867190661903118e-14,1.6903003940395837e-08,3.4170946763095436,6.860049609412383e-09,0.0003291172950975432,1000000.0,2521980.049725575
6.480917629126747e-05,9.187521476390151e-05,3.4603142353705505,569.9092903143696,0.0,0.04020911148192625,390.80656786575867,1.3284744314342614e-13,0.0,4.915661374611136e-06,130.27555607796555,5.894173726326631e-11,7.228797971556671e-14,1.407866856521856e-09,2.1374568645476713e-14,1.6676646367313347e-08,3.413346863033355,6.81647737189784e-09,0.0003291083359052285,1000000.0,2517740.1197228264
6.48191233065948e-05,9.191044996752704e-05,3.624108827011653,569.5728596583622,0.0,0.0401617565505681,390.3572766238839,1.327088811309099e-13,0.0,4.910009758061376e-06,130.12578443985763,5.843536756520243e-11,7.20457035943183e-14,1.4056496094283207e-09,2.0872751964975942e-14,1.6443765200865134e-08,3.409422699985659,6.771230986537993e-09,0.0003290989506391675,1000000.0,2513311.6531966333
6.482907032192214e-05,9.194730977058648e-05,3.7869600890661164,569.2230669830407,0.0,0.04011235782331342,389.8880065181333,1.3253792940392945e-13,0.0,4.904106847888859e-06,129.96935283989836,5.793140644711504e-11,7.179969790529075e-14,1.4033641092678882e-09,2.0362830522603957e-14,1.6204798528329767e-08,3.4053240394351167,6.724362314134719e-09,0.0003290891430593367,1000000.0,2508697.2094513937
6.483901733724947e-05,9.19857846480733e-05,3.948839634505655,568.8600737625584,0.0,0.04006093825532668,389.3989765177949,1.323347783097724e-13,0.0,4.897955398489713e-06,129.80633427167544,5.7429928991490367e-11,7.155005257583555e-14,1.4010112998995959e-09,1.9846573418957385e-14,1.596018465492169e-08,3.4010527938846185,6.675923994190279e-09,0.00032907891704366633,1000000.0,2503899.4057826814
6.484896435257681e-05,9.202586479571749e-05,4.109719696987423,568.4840419252387,0.0,0.040007521469419,388.8904122590935,1.3209965587138922e-13,0.0,4.8915582481068e-06,129.63680395120005,5.6931007688029915e-11,7.12968583527658e-14,1.39859214507447e-09,1.9324601556091142e-14,1.5710360997009053e-08,3.3966109340667257,6.625969381016695e-09,0.00032906827658456657,1000000.0,2498920.9161289
6.485891136790414e-05,9.206754013618106e-05,4.269573142901073,568.0951340328849,0.0,0.03995213173175649,388.3625458110252,1.3183282657348255e-13,0.0,4.884918315884348e-06,129.46083923884754,5.6434712438448213e-11,7.104020673975379e-14,1.3961076275132935e-09,1.8799302734658265e-14,1.5455763369096122e-08,3.392000486898438,6.574552475294731e-09,0.0003290572257853836,1000000.0,2493764.469440462
6.486885838323148e-05,9.211080032540577e-05,4.428373482522063,567.6935134204757,0.0,0.039894793927148356,387.81561543676463,1.3153459011942356e-13,0.0,4.878038598866942e-06,129.27851955982268,5.5941110563809314e-11,7.078018993514279e-14,1.3935587479746436e-09,1.827000205210376e-14,1.5196824716001077e-08,3.387223533397305,6.521727851421929e-09,0.00032904576885678345,1000000.0,2488432.8478367515
6.488405359239318e-05,9.217992081580776e-05,4.668867665172896,567.0558215638539,0.0,0.03980350088867414,386.9438674945808,1.3101913164879656e-13,0.0,4.867073104120468e-06,128.98792170015395,5.519242306269953e-11,7.037669840005214e-14,1.3895430990275e-09,1.7460377139900484e-14,1.479385918946097e-08,3.379609585893724,6.438439558002392e-09,0.0003290274928265346,1000000.0,2479956.4350457685
6.489924880155488e-05,9.225267597367544e-05,4.906755097226364,566.3894364813735,0.0,0.039707814783844525,386.0290991885734,1.3043250299432067e-13,0.0,4.855566503097245e-06,128.6829829871894,5.445039060309364e-11,6.996590391575065e-14,1.385383334010779e-09,1.6650697426191887e-14,1.4383274057108164e-08,3.371619894026863,6.352192956866033e-09,0.0003290082949676511,1000000.0,2471088.1752693355
6.491444401071658e-05,9.23290255312502e-05,5.141950356329343,565.6949534919895,0.0,0.03960783185555711,385.0722355811372,1.2977620655355162e-13,0.0,4.843530431705836e-06,128.36401179109743,5.3715218677800404e-11,6.954814222924121e-14,1.3810832333799932e-09,1.584502116305858e-14,1.3966546974344197e-08,3.3632625373950122,6.263187802712788e-09,0.00032898819162079974,1000000.0,2461838.634013517
6.492963921987827e-05,9.24089279525767e-05,5.374371765996514,564.9729737002913,0.0,0.03950365101096118,384.07422863221507,1.2905190022648987e-13,0.0,4.830976864119972e-06,128.03132544833974,5.2987099133127e-11,6.912375089388267e-14,1.3766466497359893e-09,1.5046777175986373e-14,1.3545116871165692e-08,3.3545458305221443,6.171624794341436e-09,0.00032896719960693466,1000000.0,2452218.6035846355
6.494483442903998e-05,9.24923404934197e-05,5.603941448253108,564.2241039778585,0.0,0.03939537360151985,383.03605505716433,1.282613857422821e-13,0.0,4.817918085836232e-06,127.68524954759013,5.2266210359123585e-11,6.869306864574922e-14,1.3720774998368987e-09,1.4260135551739568e-14,1.3120377773741741e-08,3.3454783041483034,6.077704928737272e-09,0.0003289453361937725,1000000.0,2442239.0815125336
6.496002963820167e-05,9.257921925627555e-05,5.830585357762666,563.4489567263553,0.0,0.039283103209732856,381.95871424491963,1.2740659756854582e-13,0.0,4.804366667490331e-06,127.32611723575324,5.155271748369917e-11,6.825643477769903e-14,1.3673797569205789e-09,1.3486792059706755e-14,1.269367261919931e-08,3.3360686870466165,5.98162884410204e-09,0.00032892261906523337,1000000.0,2431911.2485029353
6.497522484736336e-05,9.266951924596512e-05,6.0542333069657035,562.6481495469856,0.0,0.03916694543590228,380.84322617282527,1.264895916899173e-13,0.0,4.790335438631772e-06,126.95426852287335,5.084677259199678e-11,6.781418851967799e-14,1.3625574430934938e-09,1.2731195894519225e-14,1.2266288604192475e-08,3.32632588781123,5.883596162745337e-09,0.0003288990662907167,1000000.0,2421246.4460892295
6.499042005652507e-05,9.276319442875744e-05,6.27481898662041,561.8223048661443,0.0,0.03904700768174577,379.69062928743625,1.255125339171746e-13,0.0,4.775837461070647e-06,126.57004957569823,5.0148514981218934e-11,6.736666843101893e-14,1.3576146216683072e-09,1.199166256299741e-14,1.1839451931318662e-08,3.316258976348004,5.783804865619684e-09,0.00032887469629255584,1000000.0,2410256.15403551
6.501500023966625e-05,9.292175142910125e-05,6.625003192007153,560.434989127603,0.0,0.03884526903716726,377.750290108199,1.23810692446198e-13,0.0,4.751430894813197e-06,125.92323623331964,4.903558867382865e-11,6.663244258334148e-14,1.3493743142483804e-09,1.0843716007951702e-14,1.1153089288702355e-08,3.2993118353721163,5.61915513208814e-09,0.0003288335924815361,1000000.0,2391818.4816397135
6.503958042280744e-05,9.308881303636585e-05,6.966769666670361,558.9864724087976,0.0,0.03863439349683523,375.72015304659476,1.2196770801173807e-13,0.0,4.7258948674076304e-06,125.24648874098939,4.794357481660568e-11,6.588671510852468e-14,1.3408468768114124e-09,9.757028920404584e-15,1.0475717464540466e-08,3.281580390405498,5.4512269815387125e-09,0.0003287904802420485,1000000.0,2372609.026410848
6.506416060594864e-05,9.326416963059883e-05,7.299902277599673,557.4794484939449,0.0,0.03841485674298354,373.60483346670355,1.1999408921794373e-13,0.0,4.699287431225231e-06,124.54134563266346,4.68728628179716e-11,6.513088386355944e-14,1.3320498846262918e-09,8.733178232984101e-15,9.811390595195169e-09,3.2631049525372777,5.280807616381701e-09,0.0003287454420647362,1000000.0,2352677.737251156
6.508874078908982e-05,9.344760660230241e-05,7.624211149033072,555.9166243885531,0.0,0.038187139334146955,371.40899978114334,1.1790068963563416e-13,0.0,4.671667305663361e-06,123.80936312595654,4.5823765662989615e-11,6.436632228566443e-14,1.3230009377999627e-09,7.787694943906142e-15,9.163663036766779e-09,3.2439262961862187,5.108654108657586e-09,0.0003286985617161246,1000000.0,2332074.7145941
6.511332097223101e-05,9.363890499368921e-05,7.939532238514407,554.3007131049304,0.0,0.0379517245588147,369.1373522129561,1.1569859080202112e-13,0.0,4.643093610042605e-06,123.05210804241283,4.47965238208497e-11,6.359437410783381e-14,1.3137175893883613e-09,6.8982555324476415e-15,8.535585327173994e-09,3.224085473604905,4.935488875459624e-09,0.00032864992390449775,1000000.0,2310849.98032619
6.51379011553722e-05,9.383784212747624e-05,8.245726809552085,552.6344265650213,0.0,0.03770909638795132,366.79460249513085,1.1339899134000132e-13,0.0,4.613625608297199e-06,122.27115104033946,4.3791309309194333e-11,6.281634860839503e-14,1.3042172777734055e-09,6.153085633043423e-15,7.929706083963747e-09,3.2036236375733633,4.7619958935197085e-09,0.00032859961395710873,1000000.0,2289053.2603214253
6.516248133851338e-05,9.404419222083225e-05,8.542680800754141,550.9204686289999,0.0,0.03745973753686981,364.3854546151689,1.110131032277947e-13,0.0,4.583322466807324e-06,121.46806019600521,4.2808229860720735e-11,6.203351634404223e-14,1.2945172635953291e-09,5.186124670324353e-15,7.348102087894571e-09,3.182581873220159,4.588817606618916e-09,0.00032854771751051915,1000000.0,2266733.780598205
6.518706152165458e-05,9.425772698273232e-05,8.830304084372646,549.1615282049788,0.0,0.03720412764459704,361.91458668854733,1.0855205600507357e-13,0.0,4.552243026435739e-06,120.6443949611582,4.1847333137782946e-11,6.12471053649479e-14,1.2846345714601936e-09,5.537412033052563e-15,6.792354421709857e-09,3.1610010397034842,4.4165525687674125e-09,0.0003284943202155848,1000000.0,2243940.0776412543
6.521164170479576e-05,9.447821619231372e-05,9.108529625684374,547.3602725364129,0.0,0.036942741578079245,359.38663403695915,1.0602680945680646e-13,0.0,4.520445589687354e-06,119.8017005221568,4.090861095481063e-11,6.045829802167335e-14,1.2745859365775102e-09,1.2106715410114088e-16,6.263749478643855e-09,3.138921622414681,4.245753750848541e-09,0.00032843950745834046,1000000.0,2220719.823875346
6.523622188793695e-05,9.470542825560712e-05,9.377312565380246,545.5193408191479,0.0,0.03667604786588993,356.80617353404034,1.034480751920515e-13,0.0,4.487987723950556e-06,118.94150258161773,3.9992003477935486e-11,5.966822823355047e-14,1.2643877564156582e-09,2.402766178009218e-14,5.7626211070350975e-09,3.1163835962529274,4.076927472774594e-09,0.00032838336409779284,1000000.0,2197119.669308527
6.526080207107814e-05,9.493913073868544e-05,9.636629242136129,543.6413382294198,0.0,0.036404507268629274,354.1777092584982,1.0082624735991328e-13,0.0,4.454926080437169e-06,118.0653025758868,3.9097403368922566e-11,5.887797936428486e-14,1.2540560473941107e-09,0.0,5.291316178641086e-09,3.0934263003156004,3.910532959071165e-09,0.0003283259742213829,1000000.0,2173185.099815638
6.528538225421932e-05,9.517909087603074e-05,9.886476164667949,541.728830370705,0.0,0.03612857147016621,351.5056594721649,9.817134257553349e-14,0.0,4.421316232561823e-06,117.174573334174,3.8224659851090145e-11,5.808858163925959e-14,1.2436064065722237e-09,2.6041345312096237e-13,4.8409377958681825e-09,3.070088324175792,3.746982454590828e-09,0.0003282674209186273,1000000.0,2148960.3120036023
6.530996243736051e-05,9.542507605319602e-05,10.126868941396102,539.7843381333709,0.0,0.035848681974047426,348.7943449250404,9.54929490002113e-14,0.0,4.387212520691593e-06,116.27075518004096,3.7373582639787364e-11,5.730101490642045e-14,1.2330539782464114e-09,0.0,4.455711206195605e-09,3.0464074056762565,3.5866418385835478e-09,0.0003282077860732437,1000000.0,2124488.1043798374
6.533454262050171e-05,9.567685426284744e-05,10.357841178032201,537.8103330095054,0.0,0.035565268760205646,346.0479784781546,9.28001842808936e-14,0.0,4.35266794837055e-06,115.35525247218304,3.6543945822780664e-11,5.651618836861318e-14,1.2224134253366178e-09,3.196620501623665e-12,3.901617510766178e-09,3.0224203406160943,3.4298316044347936e-09,0.00032814715017388146,1000000.0,2099809.784607272
6.535912280364289e-05,9.593419453346123e-05,10.57944335830309,535.8092327681253,0.0,0.03527875113704071,343.2706560229851,9.010166234294427e-14,0.0,4.317733955612711e-06,114.42943057742166,3.573549126543104e-11,5.5735044217389297e-14,1.2116989053596433e-09,0.0,4.482895037596731e-09,2.998162901664933,3.2768286111848973e-09,0.0003280855921434226,1000000.0,2074965.0919740277
6.538370298678408e-05,9.619686733023496e-05,10.791741708832792,533.7833979544369,0.0,0.03498953140494052,340.46634866442764,8.740546756590298e-14,0.0,4.282460603777121e-06,113.49461326489403,3.4947932782618294e-11,5.4958241191745304e-14,1.2009240509089225e-09,1.8914275245651273e-11,3.292061022508157e-09,2.973669775730185,3.127866858928149e-09,0.00032802318918654825,1000000.0,2049992.1362235963
6.540828316992527e-05,9.646464492813244e-05,10.994817069189365,531.73512813926,0.0,0.03469800371976184,337.6388961230949,8.471913720139354e-14,0.0,4.246896783595966e-06,112.55208050671365,3.418096001142541e-11,5.418662864614601e-14,1.1901019542447698e-09,1.714845876928927e-10,2.684853099300645e-09,2.9489744968458425,2.9831408662756582e-09,0.00032796001665536537,1000000.0,2024927.3479235568
6.543286335306645e-05,9.673730175724379e-05,11.188763770480964,529.6666594572481,0.0,0.03440454471631288,334.79200130416467,8.204965114246408e-14,0.0,4.211088525427423e-06,111.60306666750238,3.343423822939026e-11,5.3420973555976894e-14,1.1792451558443761e-09,1.292292054105055e-12,2.7616391718429652e-09,2.924109406931031,2.8428072060857663e-09,0.00032789614793241045,1000000.0,1999805.445432225
6.545744353620765e-05,9.701461472071948e-05,11.37368852328935,527.5801620020449,0.0,0.034109517229739754,331.92922597464684,7.940342761321183e-14,0.0,4.175080023710233e-06,110.64875906340721,3.270741310824026e-11,5.2661841342210015e-14,1.168365636678179e-09,0.0,2.4745104413277207e-09,2.899105615404376,2.706986484071479e-09,0.0003278316543304317,1000000.0,1974659.4121769539
6.548202371934883e-05,9.729636348563457e-05,11.549709326811321,525.4777378390629,0.0,0.03381326948156239,329.0539874864454,7.678632446237487e-14,0.0,4.138914451588345e-06,109.69029686973276,3.20001179027253e-11,5.1909836997288705e-14,1.1574748139169064e-09,2.7463787294131496e-11,2.2325745442226605e-09,2.8739929695033966,2.5757663534577967e-09,0.0003277666050083057,1000000.0,1949520.4862673292
6.550660390249002e-05,9.758233074732303e-05,11.71695440443904,523.3614194427062,0.0,0.033516134312770444,326.1695564783651,7.420364589851839e-14,0.0,4.1026331695718335e-06,108.72877035490814,3.131196865480931e-11,5.1165536430327695e-14,1.1465835397834344e-09,0.0,2.082227855128971e-09,2.8488000354004632,2.4492040350076176e-09,0.0003277010669023277,1000000.0,1924418.1608119598
6.553118408563121e-05,9.78723024679315e-05,11.875561172778523,521.2331684574065,0.0,0.03321842962686769,323.27905548681514,7.166015387436896e-14,0.0,4.066275703706655e-06,107.76522041736831,3.064257258670105e-11,5.042941910966995e-14,1.135702103270447e-09,2.1430608968227647e-11,1.7784844250973466e-09,2.8235540857516344,2.3273286821364503e-09,0.000327635104672023,1000000.0,1899380.193667542
6.555576426877239e-05,9.816606809005452e-05,12.025675244959256,519.0948748447087,0.0,0.03292045831433952,320.3854583935221,6.916008323531203e-14,0.0,4.029879514006318e-06,106.8006384014521,2.9991528648529195e-11,4.970193769013365e-14,1.124840234461676e-09,3.373940649390891e-11,1.6052106998636402e-09,2.7982810944816543,2.2101440071266838e-09,0.0003275687806595671,1000000.0,1874432.625960713
6.558034445191357e-05,9.846342072634605e-05,12.167449471240278,516.9483564045044,0.0,0.032622507649576145,317.49159063874333,6.670716002889328e-14,0.0,3.993479768070745e-06,105.83596616847885,2.935842554430382e-11,4.898350819605563e-14,1.1140071111989149e-09,0.0,1.5742732396517282e-09,2.773005739364967,2.0976308256917982e-09,0.00032750215486191157,1000000.0,1849599.8084621239
6.560492463505475e-05,9.876415732606825e-05,12.30104302247701,514.795358550167,0.0,0.0323248499666964,314.600130128981,6.430462249562284e-14,0.0,3.957110053419301e-06,104.87209639933626,2.874284804907039e-11,4.8274485880189465e-14,1.1032113678222304e-09,0.0,1.513744440333779e-09,2.747751409621468,1.989749495500841e-09,0.0003274352849147168,1000000.0,1824904.4345388212
6.562950481819593e-05,9.9068078819611e-05,12.426620515708871,512.6375544097043,0.0,0.0320277426744169,311.7136087692704,6.195524422012672e-14,0.0,3.920802671702609e-06,103.90987310527034,2.8144380830109444e-11,4.757517079798461e-14,1.0924611057347676e-09,6.589098860278182e-11,1.1794893034790425e-09,2.7225402193181236,1.886442188216622e-09,0.00032736822608717706,1000000.0,1800367.5791376294
6.565408500133711e-05,9.937499024205975e-05,12.544351183767564,510.4765451792797,0.0,0.03173142859502201,308.8344145519729,5.966135889955569e-14,0.0,3.8845876952422616e-06,102.95009232418761,2.7562604629344747e-11,4.688586063394196e-14,1.0817639055407852e-09,7.640354380127811e-12,9.471709486654202e-10,2.697393025210508,1.7876352755504235e-09,0.00032730103128678263,1000000.0,1776008.7427689233
6.567866518447829e-05,9.96847008369418e-05,12.654408092929309,508.3138607223494,0.0,0.03143613626572399,305.96479413621313,5.742488631732888e-14,0.0,3.848492365850381e-06,101.99350298051375,2.6997094864548817e-11,4.6206810259108154e-14,1.071126840532088e-09,0.0,1.2653644673537085e-09,2.672329449533038,1.693241453910634e-09,0.0003272337510731418,1000000.0,1751845.8997439786
6.570324536761947e-05,9.999702414134214e-05,12.756967410127375,506.15096045341977,0.0,0.03114207891052376,303.10685585458054,5.5247359011484124e-14,0.0,3.8125436392255928e-06,101.04080788747714,2.6447435200445184e-11,4.5538189329117426e-14,1.0605564913235092e-09,0.0,8.545478449143738e-10,2.6473679078251027,1.6031616192902154e-09,0.00032716643367997186,1000000.0,1727895.5501090263
6.572782555076065e-05,0.00010031177805349611,12.85220770871166,503.98923415844047,0.0,0.03084945860550402,300.2625730877405,5.3129949240750156e-14,0.0,3.7767672265168272e-06,100.09266487203804,2.5913213641547348e-11,4.488018680524078e-14,1.0500589614158533e-09,1.7898177416800467e-11,7.479779096596007e-10,2.622525634477685,1.5172868876891074e-09,0.0003270991250443827,1000000.0,1704172.7734908888
6.575240573390184e-05,0.00010062878488391825,12.940309321386612,501.83000342483945,0.0,0.030558462015191693,297.43378795143985,5.107349602826117e-14,0.0,3.7411862628081717e-06,99.14968800395458,2.5394016875216907e-11,4.423295100930022e-14,1.039639893516112e-09,0.0,6.783492047608147e-10,2.5978187190668973,1.4355002803363931e-09,0.0003270318688426537,1000000.0,1680691.286547346
6.577698591704302e-05,0.00010094787139120116,13.021453742568774,499.67452286649984,0.0,0.03026926300635294,294.62221524317505,4.9078531983600525e-14,0.0,3.70582183606117e-06,98.21244891140645,2.488943346106764e-11,4.359657990461171e-14,1.029304486441656e-09,0.0,5.987573077241129e-10,2.5732621389600805,1.3576782982587847e-09,0.0003269647065317413,1000000.0,1657463.5007424925
6.58015661001842e-05,0.00010126886880365998,13.095823075403045,497.5239815955137,0.0,0.02998202300470046,291.8294465989899,4.714530960448627e-14,0.0,3.6706937444975374e-06,97.28147816666473,2.4399058123338882e-11,4.2971154543115467e-14,1.0190575124462126e-09,1.0238916171930067e-12,5.376339502283004e-10,2.548869795728086,1.2836924104398156e-09,0.0003268976773957444,1000000.0,1634500.5815088144
6.582614628332538e-05,0.00010159161282792122,13.16359952005842,495.379504802612,0.0,0.029696891515251844,289.0569548151242,4.5273826858909366e-14,0.0,3.6358206213828997e-06,96.35726672671504,2.392249302344579e-11,4.2356734117024615e-14,1.0089033348194062e-09,0.0,4.759321488639686e-10,2.524654552913145,1.2134104068918521e-09,0.0003268308185966215,1000000.0,1611812.5079052933
6.585072646646656e-05,0.00010191594364546329,13.224964903468516,493.2421554424444,0.0,0.029414006454816222,286.30609829350976,4.3463851896117216e-14,0.0,3.6012196686876096e-06,95.44026741516547,2.3459346734604122e-11,4.175334902279745e-14,9.988459256349896e-10,0.0,4.4903501656936346e-10,2.5006282748669157,1.1466975809438778e-09,0.00032676416522851105,1000000.0,1589408.1323850616
6.587530664960774e-05,0.00010224170589808955,13.280100250012714,491.1129360059928,0.0,0.02913349434284608,283.5781255736864,4.1714946761473945e-14,0.0,3.566906621034978e-06,94.53089643296252,2.300923359967295e-11,4.116100536256212e-14,9.888888835392087e-10,0.0,3.283613740501791e-10,2.4768018665781755,1.0834177855710236e-09,0.0003266977503750578,1000000.0,1567295.240284611
6.589988683274892e-05,0.00010256874866333647,13.329185393064172,488.99279029768707,0.0,0.028855471464641784,280.87417991677955,4.002648999239277e-14,0.0,3.5328958260432427e-06,93.62953488646185,2.2571774634813695e-11,4.057969803692897e-14,9.790354514716889e-10,4.467175667507054e-12,5.014141703803557e-10,2.4531853130228063,1.023434415960377e-09,0.0003266316051691711,1000000.0,1545480.6084874396
6.594017445202659e-05,0.00010310716788774835,13.397019414400372,485.53973924283383,0.0,0.028405439406184733,276.4969947117829,3.738767844661811e-14,0.0,3.477838666159995e-06,92.17039816176887,2.188116479488547e-11,3.965068826043095e-14,9.631169613592517e-10,0.0,2.545851271874595e-10,2.414954505132004,9.318921330379467e-10,0.0003265238504206764,1000000.0,1510385.7700430553
6.598046207130428e-05,0.00010364801520804126,13.449852077176413,482.11701675539484,0.0,0.027962783237406936,272.19116175814645,3.4904857405121125e-14,0.0,3.4236789558174913e-06,90.73504674987693,2.1221969765844574e-11,3.875099739666835e-14,9.474954513064088e-10,7.708955818758994e-13,2.40694063248465e-10,2.377346895442106,8.482473249991172e-10,0.00032641701620552706,1000000.0,1476128.0622880235
6.602074969058195e-05,0.00010419070157603987,13.48844038339893,478.72783993426,0.0,0.027527846771021443,267.9600822558692,3.2572978848544046e-14,0.0,3.370459486604462e-06,89.32461444146288,2.0592662284556695e-11,3.7880291028921e-14,9.321797629135348e-10,0.0,1.7318120966112313e-10,2.340392190679974,7.719224574424447e-10,0.00032631120837726247,1000000.0,1442722.2426399838
6.606103730985962e-05,0.00010473466806802377,13.513522018011429,475.3750755246204,0.0,0.02710091451829629,263.8065703518427,3.0386380601816954e-14,0.0,3.3182157239619057e-06,87.94003933287723,1.9991775155951457e-11,3.703813710689572e-14,9.171768140747336e-10,9.187182069307059e-12,1.582749618966388e-10,2.3041149697664514,7.023602911328673e-10,0.00032620652113847114,1000000.0,1410177.8781583076
6.610132492913729e-05,0.00010527938504086718,13.525813307196632,472.06126286081474,0.0,0.02668221618339299,259.732904182676,2.83389555269905e-14,0.0,3.2669763069528223e-06,86.5820808412848,1.9417902614688644e-11,3.6224030058452734e-14,9.024917828616391e-10,1.2668842158793172e-14,1.2618103714696587e-10,2.268535130264674,6.390279759914576e-10,0.00032610303780872653,1000000.0,1378499.926964363
6.614161254841497e-05,0.00010582435123861267,13.526007561489951,468.78863619433736,0.0,0.026271932064903747,255.74087460216944,2.642429800163884e-14,0.0,3.2167637119835734e-06,85.25133594798311,1.8869700752838362e-11,3.543740368487163e-14,8.881282810255568e-10,0.0,9.879300135901873e-11,2.233668313617573,5.814198508119558e-10,0.00032600083157545537,1000000.0,1347689.279901649
6.618190016769265e-05,0.00010636909285316081,13.514773788593933,465.559146435171,0.0,0.025870197508684283,251.83183144305053,2.4635829071746703e-14,0.0,3.1675949325034427e-06,83.94825461976588,1.8345887072242495e-11,3.4677639408175287e-14,8.740885169136782e-10,7.097848365864455e-12,9.347194643915496e-11,2.1995263093802966,5.290591606758772e-10,0.00032589996622463897,1000000.0,1317743.26271
6.622218778697032e-05,0.00010691316253193513,13.492755802449901,462.3744822492607,0.0,0.02547710731686724,248.00672729431494,2.2966901571391405e-14,0.0,3.1194819333685495e-06,82.67315440211291,1.7845239166597613e-11,3.394407795423306e-14,8.603734479592542e-10,0.0,6.787678631782818e-11,2.166117437627511,4.814989668487868e-10,0.00032580049685067817,1000000.0,1288656.0996595353
6.6262475406248e-05,0.00010745613834577899,13.46057169630959,459.23609036603654,0.0,0.02509272020721916,244.26615867199178,2.1410886972577575e-14,0.0,3.072432204854076e-06,81.4262341434766,1.7366593550086134e-11,3.323603014402914e-14,8.469829226215531e-10,0.0,3.591368300854421e-11,2.1334469083505354,4.3832239164382195e-10,0.00032570247054107315,1000000.0,1260419.3389588825
6.630276302552567e-05,0.0001079976227414775,13.418813597580245,456.145194971683,0.0,0.02471706269603822,240.61040443799914,1.9961246055826497e-14,0.0,3.0264494152587306e-06,80.2075868022188,1.6908844417017976e-11,3.2552784424877304e-14,8.339158116082728e-10,4.206356760119501e-11,7.129178230793123e-11,2.1015171570237237,3.9914229734060496e-10,0.00032560592703026275,1000000.0,1233022.2403657157
6.634305064480334e-05,0.00010853724149459961,13.368047623000763,453.1028161853284,0.0,0.02435013203391728,237.03946143329298,1.8611585414123413e-14,0.0,2.9815334305385356e-06,79.01721132493165,1.6470941388757772e-11,3.1893612669801975e-14,8.211701285457193e-10,0.0,3.8019950892798284e-11,2.070328156309068,3.636005287485045e-10,0.0003255108993196213,1000000.0,1206452.1264617853
6.638333826408102e-05,0.00010907464266726456,13.308814038002625,450.1097873636708,0.0,0.02399190085971913,233.55307739923438,1.7355701545361776e-14,0.0,2.937680970634782e-06,77.85502362078535,1.605188777975723e-11,3.1257779141350066e-14,8.08743140530987e-10,0.0,3.1667157718501106e-11,2.0398777027233375,3.313669114974002e-10,0.0003254174142633203,1000000.0,1180694.6989810388
6.64236258833587e-05,0.00010960949557370236,13.24162758779955,447.16677156741383,0.0,0.023642319111577707,230.1507812903737,1.618761417082009e-14,0.0,2.894886142873928e-06,76.72086666630378,1.56507386433863e-11,3.0644544450415234e-14,7.966314690870333e-10,7.191532904667561e-12,3.079930926889672e-11,2.0101616821552795,3.0213796419648036e-10,0.00032532549312038394,1000000.0,1155734.3232845382
6.646391350263637e-05,0.00011014148975986938,13.166977962857993,444.2742769590783,0.0,0.023301317275674884,226.83191107278134,1.510159033371195e-14,0.0,2.853140620875002e-06,75.61451977194668,1.526659878334767e-11,3.0053169738037746e-14,7.848311820009799e-10,0.0,1.0903985885703228e-11,1.9811743123933359,2.7563547789287513e-10,0.0003252351520728025,1000000.0,1131554.2824626477
6.650420112191404e-05,0.0001106703340045974,13.085330386514203,441.43267116649855,0.0,0.0229688092585965,223.5956391058988,1.4092160735627718e-14,0.0,2.812434075189936e-06,74.53570704315727,1.4898620229478087e-11,2.948292182850522e-14,7.73337876518232e-10,1.2562498624735417e-11,1.9669153795988308e-11,1.9529083646321415,2.5160503053530684e-10,0.0003251464027095373,1000000.0,1108137.0032211945
6.654448874119172e-05,0.00011119575534709601,12.997126274447053,438.64219476347586,0.0,0.022644694227845177,220.440995230368,1.3154129623732143e-14,0.0,2.7727543023479992e-06,73.48410507669738,1.4546000197035085e-11,2.8933075863238774e-14,7.621467544314032e-10,0.0,1.3940368834352905e-11,1.9253553654613746,2.2981442627446798e-10,0.00032505925247707537,1000000.0,1085464.2560429277
6.65847763604694e-05,0.0001117174981429901,12.9027839676667,435.9029737185266,0.0,0.022328859175833642,217.36688770282015,1.2282579351094545e-14,0.0,2.734087523828651e-06,72.45934993926588,1.420797904806551e-11,2.8402918095409526e-14,7.512526896347738e-10,0.0,1.183700271153288e-11,1.8985057794208193,2.1005214611096287e-10,0.0003249737050977205,1000000.0,1063517.3313485915
6.662506397974707e-05,0.00011223532315052083,12.802699520054198,433.2150309805858,0.0,0.02202118052573422,214.37212212028467,1.147287059759993e-14,0.0,2.6964186979503715e-06,71.46104347595629,1.3883838173711564e-11,2.789174831945168e-14,7.406502887078224e-10,0.0,1.01531232139305e-11,1.872349174490667,1.9212581853960656e-10,0.00032488976095700436,1000000.0,1042277.1940961926
6.666535159902474e-05,0.00011274900664885707,12.697247521556928,430.57829716811494,0.0,0.021721526059176894,211.4554184715401,1.0720639116713048e-14,0.0,2.6597317499905707e-06,70.48875899432986,1.3572897874041797e-11,2.7398881681086263e-14,7.303339450609041e-10,0.0,8.43767034431608e-12,1.8468743709127544,1.7586073242992196e-10,0.0003248074174615451,1000000.0,1021724.6186169152
6.670563921830241e-05,0.00011325833959014812,12.586781941920446,427.99262045638534,0.0,0.021429756437710838,208.61542645002027,1.0021789759711688e-14,0.0,2.6240097159326955e-06,69.54204636897788,1.327451533522748e-11,2.6923650101933706e-14,7.20297887156001e-10,5.928414253790403e-13,7.151267176107439e-12,1.8220695749556641,1.610984116413539e-10,0.00032472666936872815,1000000.0,1001840.3056837992
6.67459268375801e-05,0.0001137631267860906,12.471636986976362,425.45777567947863,0.0,0.021145726573899556,205.85073916194153,9.372488416663893e-15,0.0,2.5892348915377945e-06,68.62043661113015,1.2988082705253865e-11,2.6465403421504737e-14,7.10536221301103e-10,0.0,5.8507541222515424e-12,1.797922498656975,1.4769526042175706e-10,0.0003246475090897159,1000000.0,982604.9835105601
6.678621445685777e-05,0.0001142631861291471,12.352127960365166,422.9734726848129,0.0,0.020869286892566983,203.1599053598434,8.76915240915056e-15,0.0,2.555389007025166e-06,67.72344594670973,1.2713025233621081e-11,2.602351025121741e-14,7.010429694950663e-10,0.0,4.689600180952619e-12,1.7744204666644692,1.3552128543358486e-10,0.0003245699269673731,1000000.0,963999.4943172747
6.682650207613544e-05,0.00011475834784833433,12.228552122314197,420.5393639933854,0.0,0.02060028444448082,200.5414403252531,8.208439780821067e-15,0.0,2.52245338983152e-06,66.85057944407262,1.244879946852588e-11,2.5597358569269322e-14,6.918121027700039e-10,1.971432912397386e-12,4.2504733484631696e-12,1.75155051128445,1.2445889927769835e-10,0.0003244939115306813,1000000.0,946004.8680098117
6.686678969541311e-05,0.00011524845379933827,12.101189535951878,418.15505182556484,0.0,0.020338563876036827,197.99383551713373,7.687237857282613e-15,0.0,2.490409070865808e-06,66.00133423032116,1.2194891529782788e-11,2.518635608801832e-14,6.828375704484138e-10,9.516626724178553e-13,3.755741696164212e-12,1.7292994567602238,1.1440180649952523e-10,0.0003244194497271747,1000000.0,928602.3844097946
6.69070773146908e-05,0.00011573335678853243,11.970303901522625,415.8200945010685,0.0,0.02008396835279558,195.51556709578983,7.20265138245209e-15,0.0,2.4592369064438283e-06,65.17520233275054,1.1950815463139839e-11,2.478993052084929e-14,6.741133257029282e-10,1.3466841762408463e-11,4.626737072919889e-12,1.7076539936917852,1.0525397132445232e-10,0.0003243465271348637,1000000.0,911773.6252392512
6.694736493396847e-05,0.00011621291992981141,11.836143346670529,413.5340124386589,0.0,0.01983633998234047,193.1051034273468,6.751990472991907e-15,0.0,2.428917447399739e-06,64.37167318046974,1.1716111694929185e-11,2.440752924378523e-14,6.656333477884948e-10,0.0,0.0,1.6866007447595435,9.692866516110588e-11,0.0003242751281552203,1000000.0,895500.5174436736
6.698765255324614e-05,0.0001166870160341729,11.698941268093957,411.2962931567174,0.0,0.019595521280957297,190.76091166090552,6.3327585831306326e-15,0.0,2.3994315224316015e-06,63.590235796897815,1.1490345512124862e-11,2.4038620075804604e-14,6.573916612614892e-10,0.0,1.9966524364041826e-12,1.666126321751469,8.93475968934424e-11,0.0003242052361881539,1000000.0,879765.3674980308
6.702794017252381e-05,0.00011715552703110785,11.558917072689502,409.10639629470217,0.0,0.0193613551536051,188.48146346767882,5.942640657217122e-15,0.0,2.370760064201127e-06,62.83038071290705,1.1273105667030477e-11,2.3682690582978835e-14,6.493823524993913e-10,0.0,1.6958860429603976e-12,1.6462173760160093,8.244010000568163e-11,0.000324136833790953,1000000.0,864550.8898271843
6.70682277918015e-05,0.00011761834341987072,11.416276895222826,406.96375813126645,0.0,0.019133685359687465,186.26524002889806,5.57949156729132e-15,0.0,2.3428839646821676e-06,62.09160162954328,1.1064003053689586e-11,2.3339247485751977e-14,6.415995838162287e-10,1.0644457054583475e-12,1.62789668156203e-12,1.626860642034992,7.614240810739581e-11,0.0003240699028221749,1000000.0,849840.2289635973
6.710851541107917e-05,0.00011807536374935088,11.271214316618414,404.8677955385308,0.0,0.01891235700495335,184.1107363488605,5.241324924956914e-15,0.0,2.3157841971978026e-06,61.37339685578162,1.0862669439940235e-11,2.3007816527114474e-14,6.340376054319242e-10,4.794517280389447e-13,1.321235417779756e-12,1.6080429750739507,7.039698745178463e-11,0.0003240044245715911,1000000.0,835616.9760376832
6.714880303035684e-05,0.00011852649412615146,11.123911061043597,402.81790950905855,0.0,0.018697217083132874,182.0164649589086,4.926302337209686e-15,0.0,2.2894419969566466e-06,60.67527054324906,1.0668756264542862e-11,2.2687942258932394e-14,6.266907655162689e-10,0.0,0.0,1.5897513834478536,6.515192670494719e-11,0.0003239403798773278,1000000.0,821865.1805229671
6.718909064963451e-05,0.00011897164775026205,10.974537657900107,400.81348836309604,0.0,0.018488114829592416,179.98095907354718,4.632723152114771e-15,0.0,2.2638389469788066e-06,59.99673373831714,1.048193350409523e-11,2.2379187580288707e-14,6.195535185122751e-10,3.3367497210227267e-12,6.09111787889647e-13,1.5719730560680683,6.036038747656635e-11,0.000323877749231245,1000000.0,808569.3580125134
6.72293782689122e-05,0.00011941074447671839,10.823254055528125,398.8539107646141,0.0,0.018284901866269784,178.00277525902274,4.359014722045358e-15,0.0,2.23895692573934e-06,59.33730527167366,1.0301888614272206e-11,2.208113311659824e-14,6.126204319410291e-10,7.679583175711954e-13,8.984322168624084e-13,1.554695385819389,5.5980105232375726e-11,0.0003238165128736514,1000000.0,795714.4947883589
6.726966588818987e-05,0.00011984371040148088,10.670210212217762,396.9385483959716,0.0,0.01808743244964693,176.0804956699312,4.103723197089073e-15,0.0,2.214778093108248e-06,58.696512503896635,1.0128325530639587e-11,2.1793376713695568e-14,6.05886191872272e-10,0.0,6.318977428285191e-13,1.5379059890819262,5.197293685280585e-11,0.0003237566508782085,1000000.0,783286.0493204553
6.730995350746754e-05,0.0001202704774704631,10.515546668834206,395.0667683093413,0.0,0.01789556363451643,174.2127299012723,3.865504852193488e-15,0.0,2.191284942153237e-06,58.07389194283714,9.96096372219101e-12,2.1515532917532256e-14,5.993456072162274e-10,1.4018818730359942e-16,5.472855951497259e-13,1.5215927219196124,4.830445231907541e-11,0.00032369814322784503,1000000.0,771269.951125066
6.735024112674521e-05,0.00012069098311100368,10.359395092078694,393.2379350383233,0.0,0.017709155473771075,172.39811649746642,3.64311794441721e-15,0.0,2.1684603439422546e-06,57.468989746650465,9.799537299253294e-12,2.1247232430964997e-14,5.929936129717444e-10,0.0,4.719848888563967e-13,1.5057436932373331,4.494356624270012e-11,0.0003236409698824791,1000000.0,759652.5974874083
6.73905287460229e-05,0.00012110516988479219,10.201878786857792,391.4514125080254,0.0,0.017528071144268235,170.63532415721798,3.435415089999925e-15,0.0,2.1462875610425733e-06,56.88136212543769,9.643794175899372e-12,2.098812158147966e-14,5.868252725570582e-10,2.0549529112491157e-13,3.553331535183574e-13,1.4903472753020754,4.186220527698923e-11,0.00032358511083926917,1000000.0,748420.8484197521
6.743081636530057e-05,0.00012151298516094245,10.043113180365776,389.7065657537101,0.0,0.017352177023187917,168.9230526707833,3.2413361458636945e-15,0.0,2.124750244481234e-06,56.31057565368413,9.493495283254547e-12,2.0737861759232718e-14,5.808357793418308e-10,1.5276484807563443e-13,3.814430429571441e-13,1.4753921119387237,3.9035008337766875e-11,0.0003235305461860823,1000000.0,737562.0201390864
6.747110398457824e-05,0.00012191438080799477,9.883206282213859,388.00276244289813,0.0,0.017181342753845585,167.2600336223593,3.059901576505747e-15,0.0,2.1038324373963016e-06,55.75620750440077,9.348413829164483e-12,2.04961288432097e-14,5.750204574859686e-10,0.0,3.558933978377201e-13,1.460867124667898,3.643905667824136e-11,0.0003234772561487995,1000000.0,727063.877286097
6.751139160385592e-05,0.00012230931290392163,9.722259122532062,386.33937420868784,0.0,0.017015441302620386,165.64503088598505,2.890206284832053e-15,0.0,2.0835185888659655e-06,55.21784561443316,9.208334601313729e-12,2.026261265898801e-14,5.69374762175821e-10,3.393600914666538e-13,1.2446267771224577e-13,1.4467615170334787,3.4053630889620764e-11,0.0003234252211330123,1000000.0,716914.6240995256
6.755167922313359e-05,0.00012269774146329423,9.560366164790965,384.71577784313524,0.0,0.016854348992080385,164.07684094028332,2.7314138840741246e-15,0.0,2.0637935611581117e-06,54.69508878938041,9.073053311999664e-12,2.0037016449987376e-14,5.638942793380597e-10,6.016869229215463e-13,1.7831641569364866e-13,1.4330647773503993,3.185999224491259e-11,0.00032337442176064255,1000000.0,707102.8948095514
6.759196684241126e-05,0.000123079630180651,9.397615693901269,383.13135636730186,0.0,0.016697945514192958,162.55429302537084,2.5827513870742977e-15,0.0,2.0446426272373984e-06,54.187546755901295,8.94237598252725e-12,1.981905634234624e-14,5.585747249050269e-10,0.0,7.139586014805835e-13,1.419766680076702,2.9841186048661016e-11,0.0003233248389019707,1000000.0,697617.7434291053
6.763225446168894e-05,0.0001234549461891268,9.234090185985139,381.58549994293986,0.0,0.01654611393721108,161.07624916291945,2.443504288752716e-15,0.0,2.02605147319292e-06,53.69484016840152,8.816118364687666e-12,1.9608460827796862e-14,5.534119436975938e-10,0.0,3.7121832316086004e-13,1.4068572859867117,2.798186478888046e-11,0.0003232764537034826,1000000.0,688448.6330075298
6.767254208096662e-05,0.0001238236598335044,9.069866657044196,380.0776066747257,0.0,0.016398740691624662,159.64160405788638,2.3130120177187347e-15,0.0,2.0080061986104705e-06,53.216600576275354,8.69410539707271e-12,1.9404970262037706e-14,5.484019079834329e-10,1.6077073847045244e-17,1.4862795804674562e-13,1.39432694131251,2.6268129143303215e-11,0.0003232292476119616,1000000.0,679585.4245483843
6.771282970024429e-05,0.00012418574445686377,8.905016989011951,378.60708333662177,0.0,0.016255715546355215,158.2492848985433,2.1906637334246255e-15,0.0,1.9904933104851368e-06,52.752470357245144,8.576170693982927e-12,1.9208336369275796e-14,5.43540715762362e-10,0.0,1.5107972488117638e-13,1.38216627600038,2.4687385075106e-11,0.00032318320239521165,1000000.0,671018.3657448945
6.775311731952196e-05,0.00012454117620003293,8.739608238380537,377.1733459923862,0.0,0.016116931578013853,156.898251069675,2.0758944458007655e-15,0.0,1.973499718938145e-06,52.30210262175592,8.462156064975626e-12,1.9018321764366683e-14,5.388245888246315e-10,6.067518016009596e-14,6.930646606949399e-14,1.370366201206032,2.3228215378695075e-11,0.0003231383001597204,1000000.0,662738.0795572919
6.779340493879963e-05,0.00012488993381311886,8.573702928234534,375.7758205206341,0.0,0.015982285136419604,155.58749379204414,1.968181435183029e-15,0.0,1.9570127341756864e-06,51.86516109279073,8.351911063319805e-12,1.8834699496688807e-14,5.342498706222595e-10,0.0,8.689876945396041e-14,1.3589179061437346,2.1880264221877855e-11,0.00032309452336556866,1000000.0,654735.5527188051
6.783369255807732e-05,0.00012523199847846214,8.407359323807464,374.41394305956953,0.0,0.015851675802802962,154.3160356996603,1.8670409513552933e-15,0.0,1.9410200627788945e-06,51.44131996495307,8.245292561552235e-12,1.8657252610010606e-14,5.298130239884842e-10,2.615216636482162e-13,0.0,1.3478128543937618,2.063413334719528e-11,0.0003230518548388684,1000000.0,647002.1242534026
6.787398017735499e-05,0.00012556735364433388,8.240631689523237,373.08716041093174,0.0,0.015725006336273932,153.08293036530748,1.7720251714187632e-15,0.0,1.9255097994132937e-06,51.030263746301166,8.142164352501179e-12,1.84857737107901e-14,5.255106287369496e-10,0.0,5.778080854289464e-13,1.3370427797594615,1.948128882076751e-11,0.00032301027778200176,1000000.0,639529.4741208516
6.79354121498801e-05,0.0001260657672310388,7.9857734835082566,371.1303694000214,0.0,0.015539228516582826,151.27441349299178,1.6380029429849955e-15,0.0,1.9027618873705893e-06,50.427393832311616,7.991338174047556e-12,1.8235339171844314e-14,5.192015583883322e-10,9.840970815139118e-14,4.980207794121506e-14,1.3212469988573095,1.7885640212786615e-11,0.00032294894367806244,1000000.0,628618.9306033402
6.799684412240521e-05,0.00012654850477347357,7.730302422021149,369.25204826556967,0.0,0.015362073344838918,149.54983463806522,1.515928742030654e-15,0.0,1.8810697685304894e-06,49.852504694260986,7.847895084472452e-12,1.799765815909482e-14,5.131862240972986e-10,0.0,5.413603929923452e-14,1.3061843416266103,1.6464632720628365e-11,0.00032289005287409865,1000000.0,618269.3149454172
6.805827609493033e-05,0.00012701553319048204,7.474364727284364,367.4503877189656,0.0,0.01519323692515702,147.9062358610319,1.4046123317727392e-15,0.0,1.8603962350300716e-06,49.304610301679006,7.711433504228737e-12,1.777211084769729e-14,5.074539872173921e-10,9.854165736936303e-14,4.5642661196159e-14,1.2918289731069101,1.5197126930979545e-11,0.00032283355108562263,1000000.0,608455.3445285092
6.811970806745543e-05,0.0001274668278886653,7.218090894011944,365.72364219380773,0.0,0.015032430941476492,146.34081084092315,1.3029927212864905e-15,0.0,1.840705985827965e-06,48.78277516620081,7.581580202317118e-12,1.7558118778596125e-14,5.019947707941863e-10,3.3313500646942513e-18,3.886254914671213e-14,1.2781563825908724,1.4064794375040177e-11,0.00032277938619913114,1000000.0,599153.2841385544
6.818114003998055e-05,0.00012790237185520767,6.961597127938096,364.07013052105606,0.0,0.014879382127251546,144.8508996590317,1.210123357331988e-15,0.0,1.8219655640958832e-06,48.28611260272221,7.457988063193466e-12,1.7355142155598956e-14,4.967990376090883e-10,0.0,5.103619079452156e-14,1.2651433380620145,1.3051720942033533e-11,0.0003227275082765102,1000000.0,590340.8629815865
6.824257201250565e-05,0.0001283221548193983,6.704986676221278,362.4882363862674,0.0,0.014733831725563305,143.4339835881084,1.1251589834731547e-15,0.0,1.8041432904973245e-06,47.81378299237598,7.340334043573612e-12,1.7162677316457538e-14,4.918577686366511e-10,7.273323875698342e-14,1.987007497653668e-14,1.2527678406847282,1.2144069600603278e-11,0.0003226778695513159,1000000.0,581997.1958710367
6.830400398503077e-05,0.00012872617248506723,6.448351048990719,360.97640856642323,0.0,0.014595534953507265,142.0876799122153,1.04734402152403e-15,0.0,1.7872091952889477e-06,47.364992055727384,7.2283173046508296e-12,1.6980254371345655e-14,4.871624419684583e-10,0.0,1.1371780455763543e-14,1.24100907956141,1.1329793097741257e-11,0.0003226304244170044,1000000.0,574102.7084459602
6.836543595755588e-05,0.00012911442584092586,6.191771127922207,359.53316085780074,0.0,0.014464260473900635,140.80973678068088,9.760023749335661e-16,0.0,1.771134953697145e-06,46.93898913733772,7.121657508537621e-12,1.680743501058117e-14,4.827050121909406e-10,0.0,5.255711407385216e-14,1.2298473867859674,1.0598388153078577e-11,0.00032258512940619487,1000000.0,566639.0660611707
6.8426867930081e-05,0.00012948692054249805,5.935318169115642,358.15707177448405,0.0,0.014339789874040996,139.5980281386994,9.105284844799873e-16,0.0,1.7558938235156446e-06,46.53506551587727,7.020093264014829e-12,1.6643810468562187e-14,4.784778903277218e-10,5.690970890390348e-14,1.7652967184481722e-14,1.2192641931672779,9.940685353656547e-12,0.00032254194316256793,1000000.0,559589.1064298191
6.848829990260611e-05,0.0001298436663524937,5.679054716542114,356.84678414403453,0.0,0.014221917159291695,138.45054879160358,8.503794421788207e-16,0.0,1.741460583104615e-06,46.152552758798315,6.923380705255811e-12,1.6488999630715528e-14,4.744739245027383e-10,3.795496980641546e-14,2.360553310625939e-14,1.2092419851193388,9.348669513208725e-12,0.0003225008264081608,1000000.0,552936.7762239439
6.854973187513122e-05,0.00013018467663129598,5.423035440481513,355.60100463714775,0.0,0.014110448262742326,137.365409636597,7.950680157789799e-16,0.0,1.727811470878855e-06,45.79082113283087,6.8312921899911325e-12,1.6342647278282043e-14,4.706863814084474e-10,0.0,2.1951801512903474e-13,1.1997642630148602,8.815325767335872e-12,0.00032246174190773616,1000000.0,546667.0715980494
6.861116384765633e-05,0.00013050996787542822,5.167307906919243,354.4185032325635,0.0,0.014005200572146501,136.34083307108256,7.4415648640605e-16,0.0,1.7149241277722158e-06,45.44927807334692,6.743615106830869e-12,1.6204422462688314e-14,4.671089285876873e-10,0.0,7.898532410991318e-15,1.1908155010820098,8.334507621007227e-12,0.00032242465443065976,1000000.0,540765.9824541337
6.867259582018144e-05,0.00013081955930247647,4.911913279281658,353.2981126646061,0.0,0.013906002478226556,135.37514858207882,6.972512156032589e-16,0.0,1.702777541795696e-06,45.12736671409028,6.660150782684307e-12,1.6074017000094484e-14,4.6373561752477076e-10,0.0,0.0,1.1823811088801524,7.900823741202634e-12,0.00032238953071059143,1000000.0,535220.4403310218
6.873402779270655e-05,0.0001311134724784708,4.656886959217055,352.23872788428866,0.0,0.013812692941214805,134.4667885266854,6.539978527643643e-16,0.0,1.6913519945746087e-06,44.82456448059283,6.5807134811945154e-12,1.5951144079391533e-14,4.605608675598063e-10,0.0,2.1379841839713175e-12,1.1744473944457046,7.509540696145004e-12,0.000322356339403699,1000000.0,530018.2698064768
6.879545976523166e-05,0.00013139173098277826,4.402259173028834,351.2393055937664,0.0,0.01372512106916839,133.61428411418285,6.140770976112779e-16,0.0,1.6806290115818025e-06,44.540381750805636,6.505129483462611e-12,1.5835536968086686e-14,4.575794506432475e-10,1.2338522506577355e-20,9.233849523451672e-15,1.1670015292086704,7.1564993400007965e-12,0.0003223250510462428,1000000.0,525148.1433564932
6.885689173775678e-05,0.0001316543601068809,4.148055512533092,350.2988638506887,0.0,0.013643145746594046,132.81626159436496,5.772009475742983e-16,0.0,1.6705913137224332e-06,44.274360584477805,6.433236243465831e-12,1.5726947833129485e-14,4.5478647692978704e-10,0.0,0.0,1.1600315146804558,6.838042876692837e-12,0.00032229563801207937,1000000.0,520599.5395066109
6.891832371028188e-05,0.00013190138658481917,3.894297433364631,349.41648180849785,0.0,0.013566635242271523,132.0714386511935,5.431093743982239e-16,0.0,1.6612227716793801e-06,44.02607352097967,6.3648816115476126e-12,1.5625146639081708e-14,4.5217738119454263e-10,3.0545307426491267e-22,0.0,1.1535261509770163,6.550954914591192e-12,0.0003222680744703833,1000000.0,516362.7042050612
6.8979755682807e-05,0.00013213283835329756,3.6410027136778043,348.5912996455068,0.0,0.013495466870496345,131.37862099949953,5.115673811345693e-16,0.0,1.6525083632930544e-06,43.79512244481157,6.299923120012536e-12,1.552992013040306e-14,4.4974791005126464e-10,0.0,6.402503462905879e-14,1.1474750070832433,6.292406119831012e-12,0.0003222423363438323,1000000.0,512428.61533223523
6.904118765533212e-05,0.00013234874433911426,3.3881858779004297,347.8225187458631,0.0,0.01342952666025085,130.73669918297867,4.823623938368027e-16,0.0,1.6444341335190103e-06,43.58113751821411,6.238227325269499e-12,1.5441070901755766e-14,4.474941099548744e-10,0.0,3.367825650109264e-13,1.141868392888295,6.059908265526685e-12,0.0003222184012675365,1000000.0,508788.9502883366
6.910261962785722e-05,0.00013254913427160347,3.1358585897146862,347.10940221887705,0.0,0.013368709045547067,130.14464557129077,4.553019467784673e-16,0.0,1.6369871566588774e-06,43.38377618015005,6.179669201388632e-12,1.5358416540047018e-14,4.4541231597007967e-10,3.944355382836005e-21,0.0,1.136697332959053,5.851274666048918e-12,0.00032219624854898957,1000000.0,505436.0566440131
6.916405160038234e-05,0.00013273403851827146,2.8840300196660533,346.4512758440165,0.0,0.013312916579419866,129.60151155245063,4.3021162609336545e-16,0.0,1.6301555009211284e-06,43.20272221038638,6.124131580417171e-12,1.5281788831824352e-14,4.4349914128339415e-10,0.0,0.0,1.1319535420156002,5.664586139436668e-12,0.0003221758591292219,1000000.0,502362.9258433312
6.922548357290744e-05,0.00013290348794226672,2.632707190274831,345.84752961439534,0.0,0.013262059662813956,129.10642491536743,4.0693324210225406e-16,0.0,1.623928195438887e-06,43.037684856962706,6.071504635240786e-12,1.5211033033752394e-14,4.4175146743234823e-10,0.0,4.155214746841939e-13,1.1276294020721704,5.498161797033961e-12,0.0003221572155452781,1000000.0,499563.17007802153
6.928691554543256e-05,0.00013305751378044474,2.381895299461061,345.2976201667294,0.0,0.013216056293663807,128.65858741720473,3.853232042189536e-16,0.0,1.6182951997149457e-06,42.88839802526957,6.021685401117379e-12,1.5146007200873976e-14,4.4016643522570236e-10,7.776227109174803e-21,0.0,1.1237179411912093,5.350534084640623e-12,0.00032214030189413936,1000000.0,497031.0026259213
6.930463896893256e-05,0.0001330990886652532,2.309630370711991,345.1489062629912,0.0,0.013203675462300384,128.53806152848748,3.7937989031180416e-16,0.0,1.6167791993360078e-06,42.84822066598631,6.0078203342542995e-12,1.5128293263327083e-14,4.397389998889113e-10,1.0604243758015246e-21,0.0,1.1226652551146004,5.311251084818668e-12,0.0003221357416893326,1000000.0,496349.44447316794
6.930615785631156e-05,0.00013310259203186598,2.3034393025156055,345.13636784590574,0.0,0.013202632880380535,128.52791212207603,3.7887640760041816e-16,0.0,1.6166515379337104e-06,42.8448373567882,6.0066425301916345e-12,1.5126796775424512e-14,4.3970298662456137e-10,1.9865098662386078e-22,0.0,1.122576609107274,5.307951446846465e-12,0.00032213535751449146,1000000.0,496292.0474023908
6.930767674369057e-05,0.00013310608599518262,2.297248549490726,345.1238619495372,0.0,0.013201593206107497,128.51779102163286,3.783738409965914e-16,0.0,1.6165242325699237e-06,42.84146348339735,6.005466365474888e-12,1.5125303687037868e-14,4.396670707094135e-10,2.3795618054327715e-22,0.0,1.122488210327329,5.304662286609731e-12,0.00032213497438574816,1000000.0,496234.8097559874
6.93106249140121e-05,0.0001331128409631667,2.2852331515281934,345.09967700671797,0.0,0.01319958348702554,128.49822665421928,3.7740096391707946e-16,0.0,1.61627814777656e-06,42.83494169270905,6.003188096026025e-12,1.5122415290824642e-14,4.3959763540698927e-10,1.408890789852511e-20,1.4689011034749478e-13,1.1223173330377392,5.298307630396392e-12,0.00032213423371544735,1000000.0,496124.1605175386
6.931271562449902e-05,0.00013311760981747788,2.276713080456863,345.0825949313979,0.0,0.01319816491631773,128.4844170454831,3.7671312326188693e-16,0.0,1.6161044475673634e-06,42.83033825341755,6.001576183608336e-12,1.5120374724242786e-14,4.395486170385587e-10,0.0,6.810625015202056e-14,1.1221967184296475,5.293824521687584e-12,0.0003221337108524413,1000000.0,496046.0487748017
6.931480633498594e-05,0.00013312236085940497,2.26819359950699,345.0655697014176,0.0,0.013196751846117434,128.4706609853691,3.7602700348005926e-16,0.0,1.6159314209042129e-06,42.825752664583376,5.999967366024969e-12,1.511834059114976e-14,4.394997828203198e-10,0.0,0.0,1.1220765715211167,5.289360416201951e-12,0.000322133189969862,1000000.0,495968.231699259
6.931689704547287e-05,0.00013312709409018096,2.2596747095795418,345.0486019054123,0.0,0.013195344274089135,128.4569584478698,3.753425998538407e-16,0.0,1.6157590674599462e-06,42.82118491753689,5.998361639731819e-12,1.5116312889755995e-14,4.3945113265875053e-10,4.749497120227193e-20,1.6857729242482632e-13,1.1219568920846577,5.284915161660757e-12,0.00032213267106720716,1000000.0,495890.70998189267
6.93189877559598e-05,0.00013313180951104154,2.2511564109247897,345.0316916915869,0.0,0.013193942197037392,128.44330940706257,3.7465990768156346e-16,0.0,1.6155873869085002e-06,42.81663500363681,5.9967590011862136e-12,1.5114291617218106e-14,4.39402666460607e-10,0.0,0.0,1.1218376798943928,5.280488752413315e-12,0.0003221321541439748,1000000.0,495813.48367835983
6.932107846644673e-05,0.00013313650712322358,2.242638703144267,345.01483877761274,0.0,0.01319254561261992,128.42971383711406,3.7397892227899777e-16,0.0,1.6154163789249711e-06,42.81210291427154,5.995159446850682e-12,1.5112276770218805e-14,4.393543841329484e-10,0.0,0.0,1.1217189347243781,5.276081176629176e-12,0.0003221316391996644,1000000.0,495736.5522236349
6.932395461105234e-05,0.0001331429404267616,2.2309220445796885,344.99174807852165,0.0,0.013190633333513163,128.41109803801555,3.73044886003372e-16,0.0,1.6151822254264786e-06,42.80589732925818,5.992964008376708e-12,1.5109515483669175e-14,4.3928826348238834e-10,2.6428296435040645e-19,6.509957393286448e-13,1.1215563423322115,5.270048408421306e-12,0.00032213093403486975,1000000.0,495631.2006137274
6.932683075565796e-05,0.00013314934003310334,2.2192065039274147,344.96876552947026,0.0,0.013188731437080235,128.39258331658476,3.721140588240063e-16,0.0,1.614949343304325e-06,42.79972543853086,5.990774390913701e-12,1.5106766343460742e-14,4.3922249038968415e-10,3.772481208796152e-19,7.519921871420281e-13,1.1213946327635305,5.264050936770007e-12,0.000322130232612934,1000000.0,495526.40588124964
6.932970690026357e-05,0.0001331557059454636,2.207492081111406,344.9458910907485,0.0,0.013186839915866957,128.37416960643867,3.7118642868001337e-16,0.0,1.6147177317237844e-06,42.79358721996076,5.988590585336267e-12,1.5104029340624873e-14,4.391570646159474e-10,0.0,0.0,1.1212338054391733,5.258088624892546e-12,0.0003221295349325752,1000000.0,495422.1675644292
6.933258304486919e-05,0.0001331620381670574,2.19577877616994,344.92312476636675,0.0,0.013184958764960142,128.35585684152403,3.702619835630365e-16,0.0,1.6144873898540157e-06,42.78748265152902,5.9864125825458e-12,1.5101304465780582e-14,4.390919859234365e-10,4.332946831146183e-19,2.5953828236577026e-13,1.1210738597803522,5.252161391216141e-12,0.0003221288409925178,1000000.0,495318.48526666797
6.93373664193359e-05,0.00013317249481229168,2.1763006165891134,344.8855009618939,0.0,0.0131818531305442,128.32562388068033,3.687315412105553e-16,0.0,1.6141071132127721e-06,42.777404480415825,5.982803127913742e-12,1.5096799502769352e-14,4.389845202167472e-10,1.975028160466484e-18,1.5624479281321306e-12,1.1208098018472015,5.24238111480979e-12,0.0003221276951663598,1000000.0,495147.27924735966
6.934417994389172e-05,0.00013318722858384914,2.1485609139057575,344.83242450940213,0.0,0.013177478833162781,128.28304071500793,3.665665985241841e-16,0.0,1.613571493057694e-06,42.76320936296077,5.9776893446650564e-12,1.509044033579609e-14,4.3883309852629174e-10,0.0,0.0,1.1204378759027767,5.228615950982206e-12,0.00032212608087711745,1000000.0,494906.05921459774
6.934922515845423e-05,0.00013319801672796182,2.1280245216097766,344.79351320709515,0.0,0.013174277178721746,128.25187304727143,3.649748333447421e-16,0.0,1.6131794594747372e-06,42.752819606883754,5.973923565863876e-12,1.5085775238151764e-14,4.387222262832162e-10,2.1312133741554813e-18,1.1957181782616639e-12,1.1201656541419158,5.218548432091175e-12,0.00032212489904761426,1000000.0,494729.44565476285
6.935427037301674e-05,0.00013320870127024443,2.107491568390556,344.75493383153787,0.0,0.013171107291964846,128.2210146430298,3.633926223163111e-16,0.0,1.6127913158734233e-06,42.742532943932,5.970175454892776e-12,1.5081147241488684e-14,4.386124171638178e-10,3.237250600053339e-18,0.0,1.1198961335222724,5.208586817260141e-12,0.0003221237287012122,1000000.0,494554.5336964833
6.935931558757926e-05,0.000133219282228046,2.086962053440722,344.7166860364952,0.0,0.01316796913738792,128.1904651602198,3.61819902942728e-16,0.0,1.612407057952401e-06,42.73234926007852,5.966444963835028e-12,1.507655628756604e-14,4.3850366993523667e-10,0.0,0.0,1.1196293110565927,5.1987304156680555e-12,0.00032212256983132865,1000000.0,494381.32076166116
6.936436080214178e-05,0.00013322975961871264,2.066435976308565,344.6787694235427,0.0,0.013164862684082847,128.1602242598719,3.602566132070409e-16,0.0,1.6120266814467441e-06,42.72226844232771,5.962732045030023e-12,1.5072002318714925e-14,4.383959833753914e-10,5.979515653063813e-19,3.5149745213662268e-12,1.1193651837803684,5.1889786588117495e-12,0.0003221214224314424,1000000.0,494209.804217101
6.93694060167043e-05,0.00013324013345958707,2.045913336364869,344.64118371067053,0.0,0.013161787889143383,128.13029160610515,3.587026915704908e-16,0.0,1.6116501821318954e-06,42.71229037871349,5.959036651073011e-12,1.5067485275505516e-14,4.382893562729607e-10,0.0,0.0,1.1191037487683813,5.179331084553507e-12,0.0003221202864950997,1000000.0,494039.9816172012
6.938032249527264e-05,0.00013326222530274506,2.0015196618370235,344.56098943554366,0.0,0.013155243101902797,128.066578913292,3.553722008191637e-16,0.0,1.6108487902577886e-06,42.69105172386909,5.951100578012297e-12,1.5057837736689642e-14,4.3806226463208965e-10,0.0,0.0,1.1185472752463987,5.1588103724390275e-12,0.0003221178678426554,1000000.0,493678.31759709475
6.938741667487199e-05,0.00013327632213693056,1.972678623331908,344.50970325409315,0.0,0.013151069132254561,128.02594583568813,3.5323091865866056e-16,0.0,1.6103376987194554e-06,42.677506669149196,5.945986885414963e-12,1.505166044646801e-14,4.379173372782776e-10,6.862728766636707e-18,1.0228588197010047e-12,1.1181923815687076,5.1457324127133014e-12,0.00032211632478310227,1000000.0,493447.52122746507
6.939451085447135e-05,0.00013329021439169121,1.9438443736664206,344.45906943610197,0.0,0.013146957452723863,127.98591925843145,3.511076148005325e-16,0.0,1.6098342358792787e-06,42.664163791593076,5.940907420522453e-12,1.504555563781968e-14,4.3777449398295646e-10,4.382280727254666e-17,0.0,1.1178427851412847,5.132855789086692e-12,0.00032211480433230895,1000000.0,493220.0534414067
6.94016050340707e-05,0.00013330390211518275,1.915016911449321,344.40908708442197,0.0,0.013142907985204401,127.9464982969089,3.490021256590046e-16,0.0,1.6093383906048088e-06,42.651022796314564,5.935862055528532e-12,1.503952315309388e-14,4.3763373154960665e-10,2.2966610905699855e-17,3.664638855396651e-12,1.117498478225056,5.1201790990140605e-12,0.0003221133064733548,1000000.0,492995.90759279235
6.940869921367006e-05,0.00013331738535554997,1.8861962351088835,344.35975531230656,0.0,0.013138920638589381,127.90768207837925,3.4691428941648784e-16,0.0,1.608850151912976e-06,42.638083392384964,5.930850663585226e-12,1.5033562840162962e-14,4.374950468230137e-10,0.0,3.76246299651678e-12,1.1171594531988593,5.107700917894229e-12,0.00032211183118956973,1000000.0,492775.0771268653
6.941579339326942e-05,0.0001333306641609235,1.8573823416199133,344.31107345123894,0.0,0.01313499532308895,127.86946974194554,3.448439460065932e-16,0.0,1.6083695089778613e-06,42.6253452928239,5.925873118798564e-12,1.5027674545693565e-14,4.373584366891698e-10,1.8779478358496503e-17,0.0,1.1168257025448807,5.095419882105868e-12,0.0003221103784645462,1000000.0,492557.55587855086
6.942288757286877e-05,0.00013334373857941346,1.8285752280090597,344.2630409207594,0.0,0.013131131958993203,127.83186043853588,3.4279093709248804e-16,0.0,1.607896451121913e-06,42.61280821459287,5.9209292962164475e-12,1.502185811709812e-14,4.37223898075176e-10,0.0,3.0230669322498877e-12,1.116497218839722,5.083334700095973e-12,0.00032210894828212523,1000000.0,492343.3378848379
6.942998175246813e-05,0.00013335660865910356,1.7997748903230697,344.2156571117798,0.0,0.013127330432955225,127.79485333088421,3.4075510605400064e-16,0.0,1.6074309678201105e-06,42.60047187858883,5.91601907182158e-12,1.501611339799816e-14,4.370914279491602e-10,1.7235730132138232e-16,0.0,1.1161739947979485,5.071444085266174e-12,0.0003221075406264023,1000000.0,492132.4172167597
6.94434171734105e-05,0.00013338042307933166,1.7452494910295973,344.1276939214043,0.0,0.013120300085855522,127.72641411943816,3.369460388959749e-16,0.0,1.6065701248008113e-06,42.577657636627244,5.906811399855856e-12,1.5005429661969912e-14,4.3684620502966336e-10,0.0,1.0846469584159806e-14,1.1155762393756528,5.049453536723475e-12,0.0003221049363902494,1000000.0,491741.97652877617
6.945685259435286e-05,0.00013340350509102872,1.6907483745969893,344.0420506802712,0.0,0.013113490817167778,127.66012637453518,3.3319699353345455e-16,0.0,1.6057363433553932e-06,42.55556058700628,5.897722967457117e-12,1.4995001652857082e-14,4.3660837059426323e-10,1.6032108620122837e-19,7.427344112760226e-15,1.1149972750186516,5.028147832348423e-12,0.0003221024127910984,1000000.0,491363.3017335497
6.947028801529522e-05,0.00013342585502025434,1.6362715140780801,343.95872278144805,0.0,0.013106902032793192,127.59598475342565,3.2950695492397265e-16,0.0,1.604929556300498e-06,42.53417894871796,5.888752959185559e-12,1.4984828408265995e-14,4.363779052451281e-10,2.1383433866563526e-18,0.0,1.1144370551080491,5.007518686191011e-12,0.0003220999697281406,1000000.0,490996.3540800655
6.948372343623758e-05,0.0001334474731926876,1.581818878204771,343.87770578159916,0.0,0.013100533122168358,127.53398406275852,3.2587492861588665e-16,0.0,1.6041496983466928e-06,42.51351099055637,5.879900571186304e-12,1.497490894053269e-14,4.3615479010311703e-10,4.767354519758239e-19,0.0,1.1138955343616233,4.987558153553881e-12,0.0003220976071037506,1000000.0,490641.0960016686
6.949715885717994e-05,0.00013346835993362102,1.5273904408688446,343.7989955902472,0.0,0.01309438356149237,127.47411925779339,3.2229994027216445e-16,0.0,1.603396706042542e-06,42.49355503085502,5.871165011029823e-12,1.4965242286815502e-14,4.359390068048268e-10,0.0,8.692990202417902e-13,1.1133726687236376,4.9682586434996e-12,0.000322095324823403,1000000.0,490297.4913802751
6.952038276735793e-05,0.00013350273994962918,1.4333646914723812,343.668368648552,0.0,0.013084269486239648,127.3756620932997,3.1625208536818656e-16,0.0,1.6021582908574324e-06,42.46073429071932,5.856338308792087e-12,1.494912643165139e-14,4.3558325093718536e-10,0.0,1.0281026232480849e-14,1.1125127334099925,4.936435683446662e-12,0.0003220915689724716,1000000.0,489730.93000417005
6.954360667753591e-05,0.00013353493715732447,1.3394110192762045,343.5446019658414,0.0,0.013074806859115768,127.28354795526275,3.1036701654150796e-16,0.0,1.600999659670893e-06,42.430028001308294,5.841854392428635e-12,1.4933758768110435e-14,4.35249260293225e-10,0.0,3.1803192437449457e-15,1.1117081988931403,4.906529657667092e-12,0.00032208805246086876,1000000.0,489198.9098456974
6.95668305877139e-05,0.00013356495322897953,1.2455292836980154,343.42767616484434,0.0,0.01306599348912164,127.19775388720974,3.046401039140306e-16,0.0,1.5999205236554785e-06,42.401428510071376,5.827709401469234e-12,1.4919135159794838e-14,4.34936950769553e-10,0.0,6.072908018958613e-14,1.110958864501516,4.8785067213002054e-12,0.00032208477486584536,1000000.0,488701.26644909265
6.959005449789188e-05,0.00013359278983345973,1.1517193318164674,343.31757250136417,0.0,0.013057827259283186,127.11825822356266,2.9906687742461104e-16,0.0,1.5989206102464496e-06,42.37492859477836,5.813899569759771e-12,1.49052516671488e-14,4.346462427316139e-10,0.0,0.0,1.1102645408969483,4.852335188885838e-12,0.00032208173579204274,1000000.0,488237.844390732
6.961327840806987e-05,0.00013361844863590464,1.0579809898596666,343.21427265422426,0.0,0.01305030602237692,127.04504058039319,2.9364302112638636e-16,0.0,1.5979996630742297e-06,42.35052146043754,5.8004212234197865e-12,1.4892104425283875e-14,4.3437706097859487e-10,3.4504025805600388e-18,0.0,1.1096250500972367,4.827985368158753e-12,0.00032207893487139444,1000000.0,487808.4969015291
6.963650231824785e-05,0.0001336419312973245,0.9643140751431368,343.1177589296765,0.0,0.013043427711764916,126.97808184697192,2.8836436763165513e-16,0.0,1.5971574418068847e-06,42.32820073647865,5.787270778919824e-12,1.4879689662483736e-14,4.341293347112107e-10,0.0,0.0,1.1090402252906377,4.805429615392736e-12,0.00032207637176289594,1000000.0,487413.0860868835
6.965972622842583e-05,0.00013366323947444698,0.8707184087425356,343.02801450593495,0.0,0.013037190459656697,126.91736417714996,2.8322689277097514e-16,0.0,1.5963937219874363e-06,42.30796047387991,5.774444741098689e-12,1.4868003813081037e-14,4.33902997498789e-10,3.355160435030497e-18,5.15340707574061e-14,1.108509910641447,4.784642358309796e-12,0.0003220740461523518,1000000.0,487051.48320444976
6.969638934778514e-05,0.00013369245621091148,0.7231054063425574,342.900076738632,0.0,0.013028644565907672,126.83417397376195,2.753944387694609e-16,0.0,1.5953473378856535e-06,42.28022898208243,5.754848601281807e-12,1.4851031286600735e-14,4.335890706952398e-10,1.274621705506537e-18,9.899618217711963e-15,1.1077833185691743,4.755369109721613e-12,0.00032207085748529266,1000000.0,486549.1548228321
6.973305246714444e-05,0.00013371626423081632,0.575668842118307,342.7889107383791,0.0,0.013021686102498941,126.76643801960675,2.6788957054246777e-16,0.0,1.5944953406608237e-06,42.25764917122306,5.7360395009655726e-12,1.483585524317292e-14,4.3332807438737835e-10,1.6073365753858484e-18,1.258597510075889e-14,1.107191705633789,4.730362370701626e-12,0.0003220682590118986,1000000.0,486130.3614825037
6.976971558650375e-05,0.00013373466999054822,0.428408052980431,342.6944619631595,0.0,0.013016309917594223,126.71410503472669,2.6069845033073054e-16,0.0,1.5938370852495728e-06,42.24020394710476,5.718004958611876e-12,1.482246498361545e-14,4.3311981249748076e-10,3.4370643232154268e-18,2.4512591620401383e-14,1.1067346238344384,4.7095509357698035e-12,0.0003220662498974116,1000000.0,485794.7311583469
6.980637870586306e-05,0.00013374767992266817,0.2813224005717207,342.6166801700505,0.0,0.013012511568682252,126.67713134934708,2.5380798082969476e-16,0.0,1.5933720223440178e-06,42.227878752388435,5.700732980539625e-12,1.4810850871993147e-14,4.329641151367071e-10,4.2146738070242494e-19,3.1034490113580636e-15,1.106411691710842,4.6928748562077e-12,0.00032206482946819893,1000000.0,485541.9451545453
6.984304182522236e-05,0.00013375530043714754,0.13441128311399902,342.5555193350368,0.0,0.013010287293009277,126.65548084491137,2.472057658970511e-16,0.0,1.5930996976610706e-06,42.22066154693689,5.684212044217884e-12,1.480100430939906e-14,4.3286083837186465e-10,4.367900269454025e-19,0.0,1.1062225938517938,4.680285129804637e-12,0.00032206399721023576,1000000.0,485371.73753854196
6.987970494458167e-05,0.00013375753792294818,-0.012325842129184425,342.51093780947764,0.0,0.013009634091197604,126.64912490198384,2.4088007361424327e-16,0.0,1.5930197512463896e-06,42.2185427904483,5.668431082266331e-12,1.4792917808436168e-14,4.328098640161835e-10,0.0,0.0,1.1061670803511696,4.671743512707732e-12,0.0003220637527675755,1000000.0,485283.8949719178
6.991636806394098e-05,0.0001337543987503934,-0.15888943926656995,342.48289840741523,0.0,0.01301054978041005,126.65804235364347,2.348198016786889e-16,0.0,1.5931319168615703e-06,42.22151542691995,5.653379466894322e-12,1.4786585034767453e-14,4.3281109943895003e-10,4.180118427837791e-18,2.3651286610207085e-14,1.1062449663429101,4.667222384291608e-12,0.0003220640959408548,1000000.0,485278.25649722264
6.995303118330029e-05,0.0001337458892743434,-0.30527988172332204,342.471368328541,0.0,0.013013032968703238,126.68221944423078,2.2901444512737706e-16,0.0,1.5934360214751615e-06,42.22957487089648,5.639046994758438e-12,1.4782000786731603e-14,4.3286447739349474e-10,0.0,0.0,1.1064561316621195,4.666704605964827e-12,0.0003220650266858652,1000000.0,485354.7131448189
6.998969430265959e-05,0.0001337320158378424,-0.4514974419053219,342.4763190430228,0.0,0.01301708301166808,126.72164979429745,2.2345406631775173e-16,0.0,1.593931984839933e-06,42.242718995785836,5.62542387241081e-12,1.477916094967776e-14,4.3296995586668744e-10,7.218670019500191e-18,3.4191329721810345e-14,1.106800520578689,4.670183367603751e-12,0.00032206654511219716,1000000.0,485513.20754212386
7.004805161076269e-05,0.00013369888497876387,-0.6838781558150776,342.51813471384867,0.0,0.01302676191897513,126.81587879832064,2.1508579843742923e-16,0.0,1.5951172173651196e-06,42.27413027660477,5.605179784441863e-12,1.477823169265568e-14,4.3324527972620595e-10,3.541359787232435e-18,1.6070875456503385e-14,1.1076235267990038,4.683976298243404e-12,0.00032207017489458453,1000000.0,485934.70407172316
7.01064089188658e-05,0.00013365220577717628,-0.9158211500019778,342.60156950437965,0.0,0.013040415368026253,126.94879987544587,2.0727929816222072e-16,0.0,1.5967891270417167e-06,42.318439577406885,5.586673275537256e-12,1.4781707918632768e-14,4.3365263109477915e-10,3.1322087628303216e-18,1.4997209409491565e-14,1.1087844737244879,4.7079745375333174e-12,0.00032207529616290405,1000000.0,486564.29343989934
7.01647662269689e-05,0.00013359200380241732,-1.1473253759057613,342.72657443840905,0.0,0.013058052463128626,127.12050206138939,2.0000236218682559e-16,0.0,1.5989488337980247e-06,42.37567657828795,5.5698707521216565e-12,1.4789589728596297e-14,4.3419223195681975e-10,5.95201796976248e-18,2.4700195329900152e-14,1.1102841390425398,4.74231232363516e-12,0.0003220819117207168,1000000.0,487402.5475013204
7.022312353507202e-05,0.0001335183047169133,-1.3783886492926578,342.8931272864788,0.0,0.013079687140603645,127.33112120514052,1.9322562346514322e-16,0.0,1.6015980463790936e-06,42.44588656456942,5.554740820021242e-12,1.4801884060548232e-14,4.348644634322621e-10,3.8529210020335053e-19,5.121211001635658e-15,1.1121237092894178,4.787191624367258e-12,0.0003220900253179327,1000000.0,488450.36657773604
7.028148084317512e-05,0.0001334311343478943,-1.6090074955127711,343.10123235804707,0.0,0.013105338181442591,127.58083999280016,1.8692236131361074e-16,0.0,1.604739062642061e-06,42.52913043474496,5.541254165030977e-12,1.4818604689983785e-14,4.3566986554226427e-10,1.04399360570622e-18,2.634635961332917e-15,1.1143047800482264,4.842884059745374e-12,0.00032209964163949626,1000000.0,489708.980411032
7.036914334793262e-05,0.00013327492995683697,-1.954589376266708,343.4920061395575,0.0,0.013151471576810635,128.02995793079552,1.7829108572305012e-16,0.0,1.6103881640220035e-06,42.67884410138599,5.524023725862771e-12,1.485208744532816e-14,4.371315652867387e-10,5.275334873187954e-19,5.169705618144754e-15,1.1182274244446668,4.947640324360415e-12,0.00032211692366042473,1000000.0,491999.30133627774
7.041898532103618e-05,0.00013317262281866435,-2.150614719444984,343.756107277905,0.0,0.013181804444160868,128.32525384372937,1.7380778032126078e-16,0.0,1.6141024591013715e-06,42.77728112679455,5.515820446158355e-12,1.4875636154021364e-14,4.3809848689610025e-10,6.317709002593837e-20,4.2392512653553e-15,1.120806570711731,5.018988182499949e-12,0.00032212827599113037,1000000.0,493517.70326891507
7.043740980942633e-05,0.00013313233202233736,-2.2229910664153354,343.8614418387352,0.0,0.013193775804617119,128.44179709395087,1.7222513520908123e-16,0.0,1.6155683650005761e-06,42.8161308716817,5.513076590173771e-12,1.4885174884498768e-14,4.3848101950501963e-10,1.911630889514902e-19,4.944363496111404e-15,1.1218244719946604,5.047609699868644e-12,0.0003221327538334344,1000000.0,494119.04534368316
7.045583429781649e-05,0.00013309070816055812,-2.2953204948316657,343.97094191489856,0.0,0.013206158483779993,128.5623445586478,1.7068190095161378e-16,0.0,1.6170846367649602e-06,42.85631542326627,5.510487389863516e-12,1.4895165656688574e-14,4.388771590604216e-10,0.0,2.4383128143854894e-15,1.1228773465176032,5.077472475394192e-12,0.00032213738395480356,1000000.0,494742.13198146835
7.045896130011821e-05,0.00013308351150190684,-2.3075915615577585,343.98993664022225,0.0,0.013208300988584857,128.58320219907353,1.7042385682377903e-16,0.0,1.6173469886222056e-06,42.863268327084995,5.510063253601185e-12,1.4896906259025123e-14,4.3894574524363275e-10,0.0,4.152492209967488e-15,1.123059519392561,5.082665179321163e-12,0.0003221381849134372,1000000.0,494850.0417719052
7.046208830241992e-05,0.00013307627647371378,-2.3198612782845625,344.0090429568335,0.0,0.013210455383639148,128.60417559187306,1.701669299302882e-16,0.0,1.6176107964375386e-06,42.87025981700961,5.5096435493878395e-12,1.4898659935244163e-14,4.3901472468093216e-10,1.9007637011013148e-21,4.1882289007244804e-15,1.1232427032612042,5.0878934640019625e-12,0.00032213899026757153,1000000.0,494958.5684519899
7.046521530472163e-05,0.00013306900308020112,-2.332129644820492,344.0282600536174,0.0,0.013212621675267756,128.62526479860722,1.6991111768946913e-16,0.0,1.617876060985284e-06,42.877289913561455,5.509228274054388e-12,1.490042669957573e-14,4.39084097568565e-10,0.0,4.150863091365111e-15,1.1234268986612104,5.093156819632843e-12,0.00032213980001854814,1000000.0,495067.7112428179
7.046834230702335e-05,0.00013306169132559098,-2.344396659319544,344.04758822993773,0.0,0.013214799869836804,128.64646988125116,1.6965641752187515e-16,0.0,1.618142783044979e-06,42.884358637399984,5.508817424454519e-12,1.4902206565749832e-14,4.391538641042009e-10,3.724607751821977e-21,4.217353139924949e-15,1.1236121061338769,5.0984550743558675e-12,0.00032214061416771354,1000000.0,495177.470972155
7.047146930932505e-05,0.0001330543412141131,-2.3566623198258836,344.06702783061644,0.0,0.013216989973752303,128.66779090217253,1.6940282686215565e-16,0.0,1.6184109634010969e-06,42.89146600931546,5.508410997447707e-12,1.4903999545486926e-14,4.3922402448680453e-10,0.0,4.183459059907195e-15,1.1237983262239293,5.1037883621162806e-12,0.00032214143271642255,1000000.0,495287.84853621206
7.047459631162678e-05,0.00013304695275000503,-2.3689266249079455,344.08657882447045,0.0,0.013219191993460864,128.68922792413133,1.6915034316550849e-16,0.0,1.6186806028430464e-06,42.89861205022896,5.508008989898827e-12,1.4905805648939294e-14,4.3929457891663516e-10,1.7593851988725468e-21,4.187361446938657e-15,1.1239855594795205,5.1091568409031186e-12,0.0003221422556660371,1000000.0,495398.8442903856
7.047772331392848e-05,0.0001330395259375085,-2.3811895733118495,344.10624105357164,0.0,0.013221405935450315,128.71078101029073,1.6889896390517583e-16,0.0,1.6189517021653074e-06,42.90579678119597,5.507611398686898e-12,1.4907624885978172e-14,4.393655275953101e-10,0.0,4.180926034586549e-15,1.124173806452324,5.1145605533060946e-12,0.000322143083017927,1000000.0,495510.4584092691
7.048085031623019e-05,0.00013303206078086786,-2.3934511635579825,344.12601450883176,0.0,0.013223631806250557,128.73245022422205,1.686486865680029e-16,0.0,1.6192242621674938e-06,42.913020223408004,5.507218220708741e-12,1.490945726660667e-14,4.394368707258325e-10,1.3525176052900146e-21,4.236513976458259e-15,1.1243630676975789,5.119999522766907e-12,0.00032214391477347046,1000000.0,495622.6912850726
7.048614759202153e-05,0.00013301932699985697,-2.414219718958105,344.15976542471293,0.0,0.013227429765672996,128.76942397375444,1.682272135222999e-16,0.0,1.6196893258880963e-06,42.925345439447554,5.506562222309377e-12,1.491259141636896e-14,4.395586297229417e-10,5.306002164755699e-23,4.239480516546115e-15,1.1246860004029577,5.129294085621421e-12,0.00032214533385561435,1000000.0,495814.2317183414
7.049144486781288e-05,0.00013300648321243436,-2.4349843645044023,344.19383581904145,0.0,0.013231262009263046,128.80673148197957,1.678088835502042e-16,0.0,1.6201585876968417e-06,42.93778191409752,5.5059188651121004e-12,1.4915763354822277e-14,4.3968152229984533e-10,8.29087301765717e-23,4.25474545790589e-15,1.1250118481926599,5.1386906844982724e-12,0.00032214676558602,1000000.0,496007.5514296874
7.04967421436042e-05,0.00013299352943933122,-2.455745091735169,344.228226254007,0.0,0.013235128569577823,128.84437306585764,1.6739368474261697e-16,0.0,1.620632051580523e-06,42.95032975301675,5.505288134272965e-12,1.4918973122992777e-14,4.398055494699798e-10,8.001535013685445e-23,4.2711584909766706e-15,1.1253406138350501,5.14818992309744e-12,0.00032214820997151714,1000000.0,496202.65325289237
7.050203941939555e-05,0.0001329804657013244,-2.4765018922385567,344.26293714034966,0.0,0.013239029479514382,128.8823490456584,1.6698160533111688e-16,0.0,1.6211097215675617e-06,42.96298906296729,5.504670015041995e-12,1.492222076017764e-14,4.39930712257858e-10,1.8185913472923598e-23,4.287152087592874e-15,1.125672300127399,5.157792301903494e-12,0.00032214966701899644,1000000.0,496399.53982400126
7.050733669518689e-05,0.00013296729201923724,-2.4972547579883924,344.29796851356105,0.0,0.013242964772309964,128.92065974496387,1.6657263368600759e-16,0.0,1.6215916017280407e-06,42.97575995181534,5.5040644927615065e-12,1.4925506304333122e-14,4.400570116990768e-10,0.0,4.2988596118751664e-15,1.1260069098959056,5.167498279623461e-12,0.0003221511367354051,1000000.0,496598.2132569054
7.051263397097822e-05,0.00013295400841393658,-2.5180036809650614,344.3333203055086,0.0,0.013246934481543602,128.9593054906834,1.6616675830797963e-16,0.0,1.6220776961738968e-06,42.98864252853631,5.5034715528748794e-12,1.4928829793387167e-14,4.401844488403946e-10,6.036008579474359e-25,4.320449923168093e-15,1.1263444459958327,5.177308353337595e-12,0.00032215261912774644,1000000.0,496798.6755361405
7.051793124676956e-05,0.0001329406149063309,-2.538748652767094,344.3689926134194,0.0,0.013250938641137234,128.9982866130647,1.657639678243801e-16,0.0,1.6225680090590554e-06,43.00163690321839,5.502891180931655e-12,1.493219126592379e-14,4.4031302473978375e-10,1.8708766254982814e-24,4.336845645650921e-15,1.1266849113115984,5.187223048479943e-12,0.00032215411420308113,1000000.0,497000.9289065372
7.052705785133323e-05,0.0001329172816867068,-2.574480590080673,344.43120413010325,0.0,0.013257918260451555,129.06623429603027,1.6507720887793408e-16,0.0,1.6234226695316046e-06,43.02428729390244,5.501920703787846e-12,1.4938071908580337e-14,4.405372206143764e-10,1.543720479009262e-24,4.366524212197161e-15,1.1272783736832117,5.204551838968225e-12,0.00032215671981821587,1000000.0,497353.5964386257
7.053379524178961e-05,0.00013289984756876427,-2.600850850748902,344.47774103277806,0.0,0.013263136493767782,129.11703460590607,1.645760540356517e-16,0.0,1.6240616466821034e-06,43.041221600053056,5.501228148728053e-12,1.494248561186655e-14,4.4070489921521306e-10,1.9809808808043743e-25,4.3887210829863275e-15,1.1277220690538545,5.217546018456121e-12,0.00032215866750991145,1000000.0,497617.3637474634
7.054053263224598e-05,0.00013288223580579247,-2.6272146618496115,344.52479785754144,0.0,0.013268410679666135,129.16837961817708,1.6407981802255222e-16,0.0,1.624707475215701e-06,43.058337482992236,5.500555832135823e-12,1.494696101043748e-14,4.408744269194484e-10,9.236210931340722e-25,4.4112653571911476e-15,1.1281705219138083,5.230712924057911e-12,0.0003221606357645205,1000000.0,497884.044408182
7.054727002270235e-05,0.0001328644464413105,-2.6535720043742033,344.57237481758256,0.0,0.013273740891558467,129.22027004754491,1.6358847882051047e-16,0.0,1.6253601641220679e-06,43.075635180966096,5.499903725304766e-12,1.4951498185225443e-14,4.4104580602184477e-10,2.8837425246247615e-24,4.434094057631609e-15,1.1286237385053544,5.244053700349761e-12,0.00032216262459717983,1000000.0,498153.64328167425
7.055400741315873e-05,0.00013284647951896663,-2.6799228589001682,344.62047212661776,0.0,0.013279127203758108,129.27270661748747,1.6310201474738762e-16,0.0,1.6260197225012626e-06,43.09311493514631,5.499271799782991e-12,1.495609721891736e-14,4.412190388465666e-10,2.7756934378942205e-24,4.457313558806643e-15,1.1290817251474259,5.257569452995292e-12,0.00032216463402317576,1000000.0,498426.16528499493
7.056074480361509e-05,0.00013282833508254,-2.706267205387814,344.669090137989,0.0,0.013284569691481564,129.3256900602751,1.6262040445199854e-16,0.0,1.626686159563939e-06,43.11077698963552,5.498660027374505e-12,1.4960758196078976e-14,4.413941277472373e-10,3.02265523331358e-39,4.483347665926135e-15,1.1295444882357506,5.271261323293663e-12,0.0003221666640579448,1000000.0,498701.6155936064
7.056748219407146e-05,0.0001328100131759457,-2.732605023271381,344.71822926951467,0.0,0.013290068430849154,129.37922111697705,1.6214362691606092e-16,0.0,1.6273594846314237e-06,43.128621591469525,5.498068380131868e-12,1.4965481202353448e-14,4.41571075106937e-10,3.023906384020814e-39,4.5094026303621635e-15,1.1300120342429083,5.285130514773948e-12,0.0003221687147170735,1000000.0,498979.9995326756
7.057421958452784e-05,0.00013279151384323947,-2.7589362915981956,344.7678898991344,0.0,0.013295623498885814,129.43330053746953,1.6167166145680631e-16,0.0,1.6280397071358203e-06,43.14664899061986,5.4974968303497144e-12,1.4970266324042793e-14,4.4174988333820837e-10,0.0,4.529747817212107e-15,1.130484369718397,5.299178245545029e-12,0.0003221707860162968,1000000.0,499261.3224256472
7.058543897007714e-05,0.00013276031436461425,-2.802769632976951,344.8517451309861,0.0,0.013304999244186946,129.5245748148005,1.6089634838349712e-16,0.0,1.6291877744957876e-06,43.177075312030624,5.4965895863082895e-12,1.497837279042252e-14,4.4205177847686297e-10,1.6280081356362798e-24,4.570637793708872e-15,1.1312815690742817,5.3229706230646e-12,0.00032217428107707806,1000000.0,499736.3296231396
7.059665835562646e-05,0.00013272862320552018,-2.8465846514306974,344.9370491107324,0.0,0.013314531772562112,129.6173753872837,1.601342311195843e-16,0.0,1.6303550399222625e-06,43.20801042461723,5.495737871758694e-12,1.4986652160921422e-14,4.4235885211272806e-10,1.6362468062278206e-24,4.613116495752855e-15,1.1320920992562022,5.347267162194267e-12,0.0003221778334918653,1000000.0,500219.5265064437
7.060787774117577e-05,0.0001326964405721158,-2.8903812422854793,345.0238033500006,0.0,0.013324221456464898,129.71170588093804,1.5938522026379236e-16,0.0,1.6315415490240854e-06,43.23945553711471,5.494941563201777e-12,1.4995104857988358e-14,4.4267111593239115e-10,1.635186344666605e-24,4.656687028220506e-15,1.1329159919341987,5.372073685316477e-12,0.00032218144333607325,1000000.0,500710.9383610743
7.061909712672507e-05,0.000132663766671753,-2.934159297266964,345.1120094292326,0.0,0.013334068675365789,129.8075699900946,1.5864922892741328e-16,0.0,1.6327473482693422e-06,43.27141188102999,5.494200538957099e-12,1.500373131451665e-14,4.429885818507884e-10,1.6549020318591717e-24,4.701407337619076e-15,1.1337532793749556,5.397396179683448e-12,0.0003221851106862565,1000000.0,501210.5910100266
7.063031651227439e-05,0.00013263060171301663,-2.9779187043520894,345.20166906117703,0.0,0.013344073815770909,129.90497147757893,1.5792617272258535e-16,0.0,1.6339724849876553e-06,43.30388071070266,5.49351467913992e-12,1.5012531973682306e-14,4.4331126201172457e-10,1.4253546826015827e-24,4.747193104317718e-15,1.1346039944433959,5.423240782742751e-12,0.0003221888356201097,1000000.0,501718.5109087565
7.064153589782369e-05,0.00013259694590576855,-3.021659347832091,345.29278399594665,0.0,0.013354237271239962,130.00391417488584,1.5721596975673012e-16,0.0,1.6352170073723864e-06,43.336863303363224,5.4928838656293435e-12,1.5021507288157638e-14,4.4363916878834047e-10,1.6861835353009425e-24,4.794288588623492e-15,1.135468170604207,5.4496137661770755e-12,0.0003221926182164649,1000000.0,502234.7250091864
7.065275528337301e-05,0.00013256279946119055,-3.0653811083709077,345.385355937294,0.0,0.01336455944240508,130.10440198236313,1.5651854062469609e-16,0.0,1.6364809644829423e-06,43.370360959194386,5.4923079820399255e-12,1.5030657720010004e-14,4.4397231478362216e-10,1.8022990708832414e-24,4.842583808092607e-15,1.1363458419234465,5.476521538801927e-12,0.00032219645855528697,1000000.0,502759.26063955046
7.0674671508039e-05,0.00013249468244754895,-3.1507333326285347,345.57039774623905,0.0,0.013385182421372314,130.30516959433206,1.5519272312484816e-16,0.0,1.6390062623980815e-06,43.437286932968355,5.491341055849775e-12,1.5049039355554667e-14,4.446382526813333e-10,1.6956551696829852e-24,4.940380436178831e-15,1.1380993678414875,5.530651588536474e-12,0.0003222041272438259,1000000.0,503808.01224531146
7.0696587732705e-05,0.0001324246956388631,-3.2360120693547105,345.7610187038711,0.0,0.013406415718264317,130.51187870266003,1.539148111978104e-16,0.0,1.6416062937237822e-06,43.50619350722723,5.490582462709694e-12,1.506809465866452e-14,4.4532433012931684e-10,1.611678540475208e-24,5.0430955536718425e-15,1.1399047874278259,5.5868979857848265e-12,0.0003222120171973189,1000000.0,504888.8363647925
7.0718503957371e-05,0.00013235284065673823,-3.321216302361709,345.9572314980795,0.0,0.01342826255482891,130.72456067260774,1.5268429419562221e-16,0.0,1.6442814529789945e-06,43.577091137594785,5.490031390353616e-12,1.5087827408734888e-14,4.4603064871354236e-10,1.4990579573280924e-24,5.1509378212166425e-15,1.141762374630022,5.64531339434481e-12,0.0003222201290489482,1000000.0,506001.9515400804
7.0740420182037e-05,0.0001322791191456876,-3.4063449568425996,346.1590489999798,0.0,0.013450726257587161,130.94324788945036,1.515006969777444e-16,0.0,1.6470321475126268e-06,43.64999061971704,5.489687049837477e-12,1.5108241534769343e-14,4.46757313417225e-10,1.6329456824304547e-24,5.264181843953599e-15,1.143672412304553,5.705952766516666e-12,0.00032222846344812474,1000000.0,507147.5832318323
7.076233640670299e-05,0.0001322035327744357,-3.491396897219486,346.3664845997243,0.0,0.013473810258462225,131.16797376460093,1.5036357979124136e-16,0.0,1.64985879758057e-06,43.72490309130353,5.4895486748722214e-12,1.5129341115766303e-14,4.475044326385217e-10,1.6446780176650156e-24,5.383002943986385e-15,1.1456351922702923,5.768873509407215e-12,0.0003222370210604035,1000000.0,508325.96438162617
7.0784252631369e-05,0.00013212608323727278,-3.57637092552066,346.5795520732943,0.0,0.0134975180954231,131.39877274187995,1.4927253822836493e-16,0.0,1.652761836424556e-06,43.80184003421732,5.489615521110414e-12,1.5151130380138207e-14,4.482721182085212e-10,1.856808108895944e-24,5.507762311111091e-15,1.1476510153632737,5.83413556559277e-12,0.00032224580256739267,1000000.0,509537.3352890784
7.080616885603499e-05,0.00013204677225544492,-3.6612657799189052,346.7982653230404,0.0,0.013521853413148313,131.63568030397892,1.4822720322943683e-16,0.0,1.6557417103534577e-06,43.88081327662955,5.48988686543104e-12,1.517361370697969e-14,4.4906048540982797e-10,2.1663896498314416e-24,5.638680419830298e-15,1.1497201914931403,5.901801427150762e-12,0.0003222548086666556,1000000.0,510781.9433025834
7.0828085080701e-05,0.00013196560157857214,-3.746080132993852,347.02263834349407,0.0,0.013546819963711302,131.8787329791349,1.4722724111162498e-16,0.0,1.6587988788272446e-06,43.96183499524446,5.4903620052524e-12,1.519679562876478e-14,4.498696529958926e-10,1.8354284374146157e-24,5.775905505085561e-15,1.1518430397014432,5.971936211060408e-12,0.00032226404007160565,1000000.0,512060.0428420367
7.085000130536699e-05,0.0001318825729861029,-3.830812589736024,347.2526853526267,0.0,0.013572421607285034,132.12796834799255,1.462723536454676e-16,0.0,1.6619338145432922e-06,44.04491771758682,5.491040257853519e-12,1.5220680833594087e-14,4.5069974321093547e-10,1.6685063228501737e-24,5.919977632270318e-15,1.1540198882215744,6.0446078178891935e-12,0.0003222734975114035,1000000.0,513371.89566872164
7.087191753003298e-05,0.00013179768828881544,-3.9154616855248947,347.48842087728093,0.0,0.013598662312862289,132.38342505061846,1.453622781965792e-16,0.0,1.6651470035246127e-06,44.13007432434019,5.49192095967559e-12,1.524527416557849e-14,4.515508818102598e-10,2.5498644672533435e-24,6.071303502654261e-15,1.1562510745400312,6.119887036052731e-12,0.0003222831817308522,1000000.0,514717.77109126514
7.090579526039626e-05,0.00013166282715584493,-4.046143211811197,347.8640441499898,0.0,0.013640491700356494,132.7906395786899,1.4404315561143045e-16,0.0,1.6702690348559037e-06,44.26581947048408,5.493679181043518e-12,1.5284695123770133e-14,4.5290827439404766e-10,2.1221189400210748e-24,6.319642885278037e-15,1.1598077300294891,6.2415556696818505e-12,0.0003222985994218954,1000000.0,516865.7922554034
7.093967299075952e-05,0.00013152354235034831,-4.176615838329983,348.25335110468376,0.0,0.013683873451608956,133.21296653607035,1.428299089453693e-16,0.0,1.6755811535516791e-06,44.40660235173797,5.4959173067971135e-12,1.532583932224917e-14,4.543167651131597e-10,1.5486083284173717e-24,6.587233848402861e-15,1.1634963791020858,6.369919352887353e-12,0.00032231456369224943,1000000.0,519096.8309398454
7.097355072112278e-05,0.00013137984105751561,-4.306873104398112,348.6563991785878,0.0,0.013728823787231965,133.65056383848216,1.4172207897369377e-16,0.0,1.6810853459096282e-06,44.55247560937888,5.498633131255863e-12,1.536872689762136e-14,4.55776868707314e-10,2.676558379924556e-24,6.87580093407139e-15,1.1673184010107236,6.505284094958547e-12,0.0003223310775095315,1000000.0,521411.99036014586
7.100742845148605e-05,0.0001312317306890793,-4.436908091967554,349.07324733249834,0.0,0.013775359571481275,134.1035956679547,1.40719418879549e-16,0.0,1.686783677046388e-06,44.70349397356005,5.501824536894631e-12,1.5413378920494554e-14,4.572891205906535e-10,2.1913202841157533e-24,7.186620641708461e-15,1.1712752297389046,6.647975831455657e-12,0.00032234814392717944,1000000.0,523812.4189784139
7.104130618184932e-05,0.00013107921889921054,-4.566713405731769,349.5039560619147,0.0,0.01382349831942466,134.57223254264133,1.3982189880152233e-16,0.0,1.6926782917757168e-06,44.859714286584506,5.5054894876263736e-12,1.5459817408774247e-14,4.5885407705233325e-10,0.0,7.521588063162212e-15,1.1753683546105183,6.798341664798713e-12,0.0003223657660832399,1000000.0,526299.31134501
7.109665439034309e-05,0.00013082060185452954,-4.778269703152986,350.23761557766164,0.0,0.013905642029895467,135.37191207524958,1.3858236522048415e-16,0.0,1.7027368317802924e-06,45.12628781856892,5.512490887613562e-12,1.55395907531113e-14,4.615257521387024e-10,4.210050123503345e-24,8.127422918323462e-15,1.1823528416644395,7.061487595993644e-12,0.0003223957606087299,1000000.0,530551.5858982544
7.115200259883686e-05,0.0001305502939578502,-4.989154251379043,351.0087181107385,0.0,0.013992196186606671,136.21452788884469,1.3762623487023432e-16,0.0,1.7133354335000004e-06,45.407174179137684,5.520742876570047e-12,1.5624300070336583e-14,4.643422948790345e-10,1.2072235366444277e-23,8.813953659560526e-15,1.1897123388148523,7.347864629311453e-12,0.0003224272616468997,1000000.0,535043.671642117
7.120735080733064e-05,0.00013026833351578485,-5.199325641744565,351.8175554512343,0.0,0.014083248708393652,137.10093592204765,1.3695739214760113e-16,0.0,1.7244848631136523e-06,45.702658695814556,5.530237670615112e-12,1.571405839418967e-14,4.673064998589386e-10,6.060024805224799e-24,9.591734414378879e-15,1.1974543219217229,7.6594137327753e-12,0.0003224602842801257,1000000.0,539781.6128611865
7.12626990158244e-05,0.00012997476124222278,-5.4087382209523485,352.6644309137464,0.0,0.014178892436910015,138.0320400419302,1.3658154961106178e-16,0.0,1.7361964896543485e-06,46.013042673093835,5.540967791553172e-12,1.5808986132092525e-14,4.704213182875186e-10,0.0,1.047662031082058e-14,1.2055866854572597,7.998285212293694e-12,0.00032249484413796807,1000000.0,544771.8177521434
7.131804722431818e-05,0.00012966962050312117,-5.61734179006545,353.54965918011266,0.0,0.014279225227549028,139.00879292972292,1.3650638125776408e-16,0.0,1.7484822961501053e-06,46.338643687691594,5.552925971865844e-12,1.590921127424887e-14,4.736898604444051e-10,3.301539718594073e-23,1.1486232438139604e-14,1.2141177502417837,8.366861558509726e-12,0.0003225309573753301,1000000.0,550021.0700635249
7.137339543281195e-05,0.0001293529575768814,-5.825081285602579,354.47356603962726,0.0,0.014384350040676067,140.0321969696251,1.367416798643455e-16,0.0,1.7613548908034936e-06,46.67979588483075,5.566105054107797e-12,1.601486962169838e-14,4.771153980967351e-10,6.48871609715003e-23,1.2632851286393094e-14,1.2230562712066884,8.767783087951512e-12,0.0003225686406482092,1000000.0,555536.5411122094
7.142874364130571e-05,0.00012902482193192757,-6.031896440737474,355.4364880323871,0.0,0.0144943750319346,141.10330512868,1.3729954193969864e-16,0.0,1.7748275180588978e-06,47.036850271547934,5.580497883896565e-12,1.6126105008688363e-14,4.807013668412367e-10,0.0,1.3933940950173574e-14,1.2324114450793642,9.203976723472254e-12,0.00032260791108666985,1000000.0,561325.8021474397
7.148409184979949e-05,0.00012868526652415094,-6.237721423405198,356.43877199360855,0.0,0.014609413639881547,142.223221810753,1.3819458506538325e-16,0.0,1.7889140693440345e-06,47.41017500136742,5.596097195522822e-12,1.6243069558648295e-14,4.84451368309058e-10,0.0,1.5437479622998152e-14,1.242192917841935,9.678688245281886e-12,0.0003226487862645028,1000000.0,567396.836999581
7.153944005829327e-05,0.00012833434811579378,-6.442484449619919,357.4807744876573,0.0,0.014729584669380638,143.3931036693294,1.394442019683242e-16,0.0,1.8036290932934962e-06,47.80015564524772,5.6128954892968425e-12,1.6365923891987053e-14,4.883691721770907e-10,3.8141607796110194e-22,1.7201015873417387e-14,1.252410791830323,1.0195518461717129e-11,0.00032269128416513387,1000000.0,573758.0549399493
7.159478826678703e-05,0.0001279721276165098,-6.6461073714063845,358.5628611205389,0.0,0.014855012369273396,144.61416036473753,1.4106885559748702e-16,0.0,1.818987805273264e-06,48.20719544400208,5.630884899802855e-12,1.649483744928242e-14,4.924587179327806e-10,7.473974350413611e-22,1.9201596650414147e-14,1.2630756323479135,1.0758463790865595e-11,0.00032273542314342177,1000000.0,580418.3036774594
7.16501364752808e-05,0.0001275986704476269,-6.848505238333198,359.6854057225498,0.0,0.014985826502546092,145.88765524846792,1.4309242048392456e-16,0.0,1.8350060959882215e-06,48.63171553641673,5.650057054152987e-12,1.6629988621007066e-14,4.967241163290229e-10,0.0,2.1397950632396797e-14,1.2741984736424747,1.1371961755379164e-11,0.0003227812218829102,1000000.0,587386.8824060551
7.170548468377458e-05,0.00012721404693126438,-7.04958583110252,360.8487893943381,0.0,0.015122162406752621,147.21490595280477,1.455425767146128e-16,0.0,1.8517005388986618e-06,49.074155155804625,5.670402919196833e-12,1.677156512283783e-14,5.011696504498942e-10,0.0,2.394427185163411e-14,1.285790824056059,1.2040942142406237e-11,0.0003228286993480694,1000000.0,594673.5547960681
7.176083289226834e-05,0.00012681833270617522,-7.249249165005562,362.0533994017891,0.0,0.015264161042087863,148.5972848604344,1.484512646475441e-16,0.0,1.8690883961271204e-06,49.534971786549704,5.691912636588994e-12,1.6919764018357598e-14,5.057997762957254e-10,5.380442996046703e-21,2.7270275172617393e-14,1.2978646701266134,1.2770884071000241e-11,0.0003228778747308054,1000000.0,602288.5617887236
7.181618110076212e-05,0.00012641160917205838,-7.447386961857937,363.2996279061377,0.0,0.015411969024220672,150.036219425923,1.5185520847428568e-16,0.0,1.8871876225019906e-06,50.01464127127157,5.714575344558902e-12,1.7074792674488657e-14,5.106191227862331e-10,1.3885171198485242e-20,3.1441747862704525e-14,1.3104324793958022,1.3567880352721381e-11,0.00032292876739068056,1000000.0,610242.6340348223
7.18715293092559e-05,0.00012599396396401253,-7.643882089114868,364.587870513194,0.0,0.015565738638655745,151.5331923176433,1.5579651879097257e-16,0.0,1.9060168673427092e-06,50.51365785813681,5.738378985192784e-12,1.7236866934142673e-14,5.156324910690062e-10,3.79445104435281e-21,3.516462941506533e-14,1.3235072016486078,1.4438709480813205e-11,0.0003229813967882015,1000000.0,618547.0037908982
7.192687751774966e-05,0.00012556549145892025,-7.838607964712445,365.9185246236437,0.0,0.015725627832940577,153.08974134430238,1.6032338478751091e-16,0.0,1.925595473535615e-06,51.03253417636688,5.763310095980973e-12,1.74062173848838e-14,5.208448530053362e-10,0.0,3.687446303666807e-14,1.3371022682716154,1.5390916278234956e-11,0.00032303578241042356,1000000.0,627213.4160528735
7.198222572624343e-05,0.00012512629331572667,-8.031427926124453,367.2919875647168,0.0,0.01589180018250158,154.70745912505646,1.6549087007996998e-16,0.0,1.9459434733845685e-06,51.571801126270806,5.789353584317672e-12,1.7583070377880566e-14,5.262613486875069e-10,9.544515454018977e-20,3.980074813833816e-14,1.3512315893717546,1.6432902341860968e-11,0.0003230919436880478,1000000.0,636254.1386689991
7.203757393473721e-05,0.00012467647905167615,-8.222194562268129,368.7086544816392,0.0,0.016064424825319112,156.3879924566878,1.713618245005741e-16,0.0,1.967081580651109e-06,52.13200766829312,5.8164924835864395e-12,1.7767712089702044e-14,5.318872828226816e-10,3.2362151973154234e-19,5.5136723652704184e-14,1.3659095482491477,1.7574027309615922e-11,0.0003231498999031339,1000000.0,645681.9711312366
7.209292214323097e-05,0.00012421616665660263,-8.410749007120716,370.1689159651876,0.0,0.016243676360034896,158.13304132541896,1.780079372485054e-16,0.0,1.989031178124817e-06,52.71372049360175,5.844707689428984e-12,1.796026483011001e-14,5.377281197983372e-10,3.6722639221918115e-19,8.804400655409044e-14,1.3811509927662033,1.8824722175080504e-11,0.00032320967008648985,1000000.0,655510.251696599
7.214827035172475e-05,0.0001237454832474008,-8.596920194117894,371.67315538944206,0.0,0.016429734701420395,159.9443575043604,1.8551092036862796e-16,0.0,2.011814299981875e-06,53.317523556546426,5.873977674771855e-12,1.8161512697784204e-14,5.437894772217749e-10,0.0,1.0327645681382473e-13,1.3969712230976057,2.019661601956673e-11,0.00032327127290371734,1000000.0,665752.8624358855
7.220361856021852e-05,0.00012326456576485984,-8.780524070534927,373.2217459300706,0.0,0.016622784886444513,161.8237426701697,1.939639375643336e-16,0.0,2.0354536080963014e-06,53.94401744684612,5.904278182181757e-12,1.8371490296695532e-14,5.500771177011251e-10,0.0,3.970139079585534e-14,1.4133859752809956,2.1702677458609192e-11,0.0003233347265287536,1000000.0,676424.2317430225
7.225896676871228e-05,0.00012277356171509004,-8.96136277149632,374.8150472348242,0.0,0.016823016823360536,163.773045964288,2.0347314973488114e-16,0.0,2.0599723613643586e-06,54.593818576626006,5.935581892092274e-12,1.8589043898636528e-14,5.565969386071193e-10,1.793435257810288e-18,0.0,1.4304113999163854,2.3357373151957295e-11,0.00032340004850387605,1000000.0,687539.3337754091
7.231431497720606e-05,0.0001222726299577966,-9.139223753263414,376.4534017077599,0.0,0.01703062497501533,165.79416091511712,2.1415940847735022e-16,0.0,2.085394376989236e-06,55.26755815442371,5.967858065528833e-12,1.881504158953135e-14,5.633549595252216e-10,4.232521866120992e-18,2.7496836064097166e-13,1.4480640352840133,2.51768432783938e-11,0.0003234672555846928,1000000.0,699113.6842038919
7.236966318569984e-05,0.00012176194154363081,-9.313878886782813,378.1371303769894,0.0,0.017245807966081807,167.8890216277506,2.2616041971080417e-16,0.0,2.111743982555102e-06,55.96588091503433,6.001072160003775e-12,1.905381326045677e-14,5.703573070747802e-10,8.124241185128325e-20,7.566055013997352e-13,1.4663607740656734,2.7179097666265574e-11,0.0003235363635687598,1000000.0,711163.3315838552
7.24250113941936e-05,0.00012124168060278237,-9.485083512972976,379.86652831348664,0.0,0.017468768104188927,170.05959813732156,2.3963353264150534e-16,0.0,2.1390459575864436e-06,56.689443570546715,6.03518541735287e-12,1.9293567369069263e-14,5.776101967365195e-10,0.0,2.6255582404107124e-13,1.4853188227610694,2.93842338739132e-11,0.0003236073871064965,1000000.0,723704.8435643401
7.248035960268737e-05,0.00012071204528689817,-9.65257546077959,381.6418595445443,0.0,0.017699710805103505,172.3078908105219,2.54757296982187e-16,0.0,2.1673254631350045e-06,57.43891294408718,6.070154422472916e-12,1.952824447402779e-14,5.851199112926289e-10,3.9061416850463496e-17,0.0,1.5049556527888404,3.181467685804288e-11,0.0003236803394925555,1000000.0,736755.2870049294
7.253570781118115e-05,0.00012017324876644046,-9.81607402540145,383.46335137263685,0.0,0.017938843912563736,174.63592366682502,2.7173430972196883e-16,0.0,2.196607957725927e-06,58.21496374344593,6.105930631971655e-12,1.9800184157057757e-14,5.928927754391255e-10,1.2687993235800683e-16,4.292687397368256e-12,1.5252889421463993,3.4495447978549933e-11,0.0003237552324363959,1000000.0,750332.2008866692
7.259105601967491e-05,0.00011962552028533483,-9.97527892080853,385.3311881620578,0.0,0.01818637687790782,177.04573647805398,2.907995132572065e-16,0.0,2.226919097980038e-06,59.018275927464344,6.14245987233377e-12,2.0004851312909637e-14,6.00935126090033e-10,1.6326837543584393e-16,1.657154252851918e-11,1.5463365064142616,3.74544574481168e-11,0.00032383207581015435,1000000.0,764453.5610721261
7.264640422816869e-05,0.00011906910627423166,-10.129869213044758,387.245504547334,0.0,0.018442519791103923,179.53937549226376,3.122078705740925e-16,0.0,2.2582846219970332e-06,59.8495316138367,6.179681807381091e-12,2.0834210199244944e-14,6.092532778529899e-10,0.0,2.7605325079574812e-11,1.568116217752076,4.072282549400581e-11,0.0003239108773717125,1000000.0,779137.7356428233
7.270175243666246e-05,0.00011850427152316202,-10.279502242551711,389.20637803643234,0.0,0.018707482255588086,182.11888261456713,3.363325182127478e-16,0.0,2.290730213442141e-06,60.70941147253334,6.217529376463743e-12,1.7968910758749298e-14,6.178534831113767e-10,0.0,2.2370710833841812e-12,1.5906459104149149,4.433523827137964e-11,0.0003239916424615671,1000000.0,794403.4294406989
7.275710064515624e-05,0.00011793130041497472,-10.423812500385676,391.21382050660384,0.0,0.0189814722145327,184.78628285815958,3.6322595577773587e-16,0.0,2.324281343490224e-06,61.59859054259382,6.255928195087147e-12,2.0693956199435014e-14,6.26741886087398e-10,2.246104501689715e-16,0.0,1.6139432710319268,4.8330330735329436e-11,0.0003240743736711242,1000000.0,810269.6152801608
7.281244885365e-05,0.00011735049822080376,-10.562410507274036,393.26776898168356,0.0,0.019264694308019557,187.5435698615349,3.9361081957107675e-16,0.0,2.358963088453572e-06,62.517733404283945,6.294795941023185e-12,2.548662793867339e-14,6.359244702072397e-10,0.0,6.6659825382285055e-12,1.638025712265119,5.275110404024243e-11,0.0003241590704806932,1000000.0,826755.4508879321
7.286779706214378e-05,0.00011676219245668167,-10.694881743211644,395.36807592180963,0.0,0.019557348212497733,190.39268925958388,4.2825795974538366e-16,0.0,2.3947999208721073e-06,63.467488635843466,6.334041724795819e-12,1.6126982530215853e-14,6.45406998068891e-10,0.0,0.0,1.66291022752062,5.764537102606365e-11,0.00032424572886523945,1000000.0,843880.1802457535
7.292314527063755e-05,0.00011616673429947456,-10.820785580915606,397.5144983869116,0.0,0.019859626761107824,193.33551968320668,4.669558860106952e-16,0.0,2.4318154704900036e-06,64.44848247969803,6.3735653967690685e-12,0.0,6.551949432738548e-10,3.680622527390393e-15,1.5554421101839847e-11,1.6886132249223391,6.306623531487562e-11,0.00032433434086569143,1000000.0,861663.0160114858
7.297849347913132e-05,0.00011556450005998486,-10.939654273730877,399.7066863518258,0.0,0.02017171357747198,196.3738511465668,5.088568002999738e-16,0.0,2.4700322525148243e-06,65.46131163783978,6.413256800549475e-12,7.338722405019302e-14,6.652934133408245e-10,2.8497917350560133e-15,1.0056923231607319e-11,1.715150338686608,6.907259687678856e-11,0.00032442489412441385,1000000.0,880123.0013723021
7.303384168762509e-05,0.00011495589271054614,-11.050992002191427,401.9441699269552,0.0,0.020493780678490725,199.50936056716895,5.775222890179714e-16,0.0,2.509471359718035e-06,66.50653511143489,6.452995825436787e-12,-2.1362676845261957e-28,6.757070628829338e-10,0.0,0.0,1.7425362151940047,7.572967951997059e-11,0.00032451737138295637,1000000.0,899278.8483935583
7.308918989611887e-05,0.0001143413434637117,-11.154273986870384,404.22634531871876,0.0,0.020825985653446556,202.74358415239186,5.71464340424708e-16,0.0,2.5501521147562305e-06,67.58466499585374,6.4926485521767554e-12,1.3854562754372572e-11,6.864399962055766e-10,8.487304627895798e-15,2.1772875508231144e-11,1.7707842717684863,8.31095742996967e-11,0.0003246117499401915,1000000.0,919148.7498557908
7.314453810461263e-05,0.00011372131339611536,-11.248945754834887,406.5524600099237,0.0,0.021168468445228412,206.07788638643675,9.138941379664665e-16,0.0,2.5920916801469852e-06,68.6961561424385,6.532081166678175e-12,1.2520035889207157e-10,6.974956585005241e-10,4.556561191566215e-14,6.833514067993055e-11,1.7999064257829562,9.12917895364879e-11,0.00032470800106999814,1000000.0,939750.1628896544
7.31998863131064e-05,0.00011309629510795019,-11.33442260683731,408.9215972771671,0.0,0.021521347230148955,209.51342536263002,9.487801612359826e-15,0.0,2.6353046228367335e-06,69.84139460215957,6.571458477182986e-12,4.0816729398310994e-11,7.088767148350724e-10,3.800339332601275e-18,1.7777272774050026e-12,1.8299127928751222,1.0036379852083997e-10,0.00032480608939812385,1000000.0,961099.5619203782
7.325523452160018e-05,0.00011246681440849834,-11.410089199676564,411.3326587330191,0.0,0.021884715782655235,213.05111420692913,1.327101921090531e-14,0.0,2.679802428553915e-06,71.02068476582909,6.610797084250152e-12,0.0,7.20584916203752e-10,0.0,0.0,1.8608113477938213,1.1042153972997076e-10,0.00032490597223705357,1000000.0,983212.154919888
7.331058273009394e-05,0.00011183343201739183,-11.475299378872526,413.7843460746657,0.0,0.022258637859013285,216.6915783418067,1.1865081708465659e-14,0.0,2.7255929639486216e-06,72.23423511822247,6.6496487955595105e-12,1.375859073998907e-11,7.326209520386544e-10,3.0082836672497605e-15,4.5175849954961634e-12,1.8926075530413695,1.215699025768224e-10,0.0003250075988795138,1000000.0,1006101.562533955
7.336593093858772e-05,0.00011119674526699612,-11.529376342209186,416.2751419480831,0.0,0.022643142725798284,220.43510838140202,1.0790465755575777e-14,0.0,2.7726798842621614e-06,73.48214253562332,6.68745231195322e-12,4.161382203751401e-12,7.449842884051833e-10,0.0,0.0,1.925303946984921,1.3392312566564465e-10,0.00032511090985189303,1000000.0,1029779.4569552161
7.34212791470815e-05,0.00011055738978680601,-11.571613153470475,418.8032898553518,0.0,0.02303822000798264,224.28160849707533,1.0525453197219433e-14,0.0,2.821061984011204e-06,74.76437507340566,6.723920298048188e-12,0.0,7.576729915951767e-10,1.9608146995805573e-14,2.0970699328691887e-11,1.9588996925626119,1.4760506632095882e-10,0.0003252158361297498,1000000.0,1054255.157577008
7.347662735557526e-05,0.00010991604114794991,-11.601273663192956,421.3667730917344,0.0,0.023443813663430943,228.23054014995253,1.0608699054217865e-14,0.0,2.870732489374902e-06,76.08075320928268,6.758975951468574e-12,1.2567647710049034e-11,7.706835371843033e-10,1.556989099414091e-14,1.671365939230168e-11,1.9933900861704332,1.6274932711996268e-10,0.0003253222983187901,1000000.0,1079535.1808280514
7.353197556406903e-05,0.00010927341644354807,-11.617593903466945,423.9632927973726,0.0,0.023859815816142136,232.28086115887552,1.1114173242293152e-14,0.0,2.921678291759019e-06,77.43092953158525,6.792512564379944e-12,0.0,7.840106043613014e-10,0.0,0.0,2.0287660253924544,1.7949917970407303e-10,0.00032543020580599007,1000000.0,1105622.742190454
7.358732377256281e-05,0.00010863027577737062,-11.61978402282436,426.5902453407294,0.0,0.024286060200902453,236.43096016836785,1.02262834548916e-14,0.0,2.9738791230805005e-06,78.81436689408771,6.8242125773218596e-12,0.0,7.976468564244892e-10,3.765025068949725e-14,3.46717631203708e-11,2.06501343633235,1.98007209548722e-10,0.0003255394558870909,1000000.0,1132517.209311576
7.364267198105657e-05,0.00010798742362752983,-11.607030895136772,429.244699540487,0.0,0.02472231466215421,240.67858671649716,9.399498423253373e-15,0.0,3.0273066763889655e-06,80.23031510412196,6.853650421752757e-12,2.617679386876816e-11,8.115827083411379e-10,5.704387393332159e-14,4.3905087926871994e-11,2.1021126632016798,2.1843462442309388e-10,0.0003256499328789489,1000000.0,1160213.5067880964
7.369802018955035e-05,0.00010734571004610485,-11.578501464588083,431.9233738440543,0.0,0.02516827353154348,245.0207772689739,1.0913510482154376e-14,0.0,3.0819236759461266e-06,81.67778626604041,6.8806011789932534e-12,2.340493426513411e-13,8.258060823821987e-10,0.0,0.0,2.1400378224033227,2.4095014637721974e-10,0.00032576150722749274,1000000.0,1188701.4733794874
7.375336839804412e-05,0.0001067060316526568,-11.533346843030467,434.622613514942,0.0,0.025623550174936952,249.45377776436567,1.0381937016727615e-14,0.0,3.1376829020936917e-06,83.15552896156693,6.9048695586622095e-12,0.0,8.403021548520676e-10,0.0,4.008796011637795e-11,2.178756125338795,2.657283821947425e-10,0.0003258740346241285,1000000.0,1217965.1735096448
7.380871660653789e-05,0.00010606933237521337,-11.470707340475917,437.3383687305228,0.0,0.026087668360687398,253.97296343445794,1.0214066425133899e-14,0.0,3.194526183128618e-06,84.66200152187574,6.926034220602907e-12,1.0259849847133602e-10,8.550530972899649e-10,2.0850516004003687e-13,1.6747708283197077e-10,2.2182271784948795,2.9294759742630276e-10,0.0003259873551463323,1000000.0,1247982.1689544218
7.386406481503166e-05,0.00010543660388537377,-11.389718530728498,440.0661741460036,0.0,0.026560053097678823,258.57275693760505,1.8489814801736242e-14,0.0,3.2523833673430016e-06,86.19534473743488,6.944088007927157e-12,6.646167548252662e-11,8.700378141371847e-10,2.3912898752385165e-13,0.0,2.258402269545487,3.22786802739466e-10,0.0003261012924414604,1000000.0,1278722.7579904518
7.391941302352544e-05,0.00010480888566975901,-11.28951834072175,442.8011300520983,0.0,0.027040023298738235,263.246546138756,2.102432876066078e-14,0.0,3.3111712866051995e-06,87.75335444983732,6.959172532668768e-12,0.0,8.852316832819871e-10,0.0,0.0,2.2992236478076586,3.5542199331325336e-10,0.0003262156529758416,1000000.0,1310149.1905544456
7.39747612320192e-05,0.0001041872646809374,-11.16925512232104,445.53788560938057,0.0,0.02752678391778172,267.9866031571889,1.5508528386290445e-14,0.0,3.370792735837654e-06,89.33345456616573,6.970307838504736e-12,1.5032163115887713e-11,9.006063076431946e-10,2.973211456795778e-14,6.944721368811815e-11,2.340623816257462,3.910215345746678e-10,0.0003263302253735708,1000000.0,1342214.8715306974
7.40153938252026e-05,0.00010373545315491391,-11.067712205634596,447.5448009534711,0.0,0.027887922803607804,271.5034593042615,1.5050613786376372e-14,0.0,3.4150285020915958e-06,90.50580012588851,6.975201322386611e-12,6.456119693703185e-12,9.119896453856865e-10,8.922819129441976e-14,0.0,2.371340415871879,4.191337645008856e-10,0.0003264143383010132,1000000.0,1366129.8168820147
7.405602641838598e-05,0.00010328800181469423,-10.954588436652484,449.5470998627385,0.0,0.028251821852492018,275.04728705140565,1.631285668087654e-14,0.0,3.459603521115806e-06,91.68713667878303,6.977391167985423e-12,1.5265840782528226e-11,9.234387593548674e-10,0.0,1.0902024169760871e-10,2.402292587716354,4.48982627213494e-10,0.0003264983446295874,1000000.0,1390333.4104290819
7.409665901156936e-05,0.0001028453874944783,-10.829576094729834,451.54218202693596,0.0,0.028618033979052958,278.6137440867814,1.7973091444455086e-14,0.0,3.504463174627047e-06,92.8760167130957,6.9770332894134304e-12,1.8644636686688083e-10,9.349381231796254e-10,3.79600087748512e-13,4.4738536425810556e-10,2.433442405729478,4.806157587662139e-10,0.00032658214152044284,1000000.0,1414796.6997141892
7.413729160475274e-05,0.0001024080992717586,-10.69238144555778,453.5273089575561,0.0,0.028986070696559896,282.1980941331194,3.101464635576101e-14,0.0,3.549547895008692e-06,94.07086138856502,6.974413630839586e-12,3.927674745224225e-10,9.464709125733914e-10,1.8253327783194716e-12,1.3330154333190913e-10,2.464748503963015,5.140717411214627e-10,0.00032666562060635116,1000000.0,1439487.4149411619
7.417792419793614e-05,0.00010197663783933746,-10.542727595719565,455.49960487624,0.0,0.029355403393095725,285.7951967581193,5.890892000333258e-14,0.0,3.59479302317714e-06,95.26995713979005,6.970519105729043e-12,4.6832583457528415e-11,9.580189798985767e-10,2.623556920754347e-13,0.0,2.496165985491334,5.493782387793684e-10,0.00032674866801207206,1000000.0,1464369.840557591
7.421855679111952e-05,0.00010155151474625698,-10.380357534982034,457.4560589884033,0.0,0.029725461667847484,289.3994997363794,6.183011763302759e-14,0.0,3.6401287159993157e-06,96.47145312949785,6.965116581753187e-12,0.0,9.695628399107048e-10,0.0,5.100360611821417e-11,2.527646354844314,5.865498876559865e-10,0.00032683116441961017,1000000.0,1489404.706703183
7.42591893843029e-05,0.00010113325151996907,-10.205037357563134,459.39352924953783,0.0,0.03009563098146962,293.00503423198717,5.342723726523359e-14,0.0,3.6854798948257473e-06,97.67335964344258,6.956700424702641e-12,4.716284083824124e-11,9.810816653412986e-10,6.908661283058776e-14,5.3382704650591986e-11,2.5591374801516835,6.255862753903012e-10,0.0003269129851784248,1000000.0,1514549.103959268
7.429982197748628e-05,0.0001007223786646441,-10.016559598889478,461.3087472842815,0.0,0.030465254089382665,296.60541323846627,4.987739847194246e-14,0.0,3.7307662245313025e-06,98.87354757002696,6.944176352087242e-12,0.0,9.925532939222808e-10,0.0,6.575481966958226e-11,2.5905835769211074,6.664697585972898e-10,0.00032699400046471534,1000000.0,1539756.42428721
7.434045457066968e-05,0.00010031943452160297,-9.814746664539435,463.1983248835897,0.0,0.03083363127839616,300.1938337961138,4.8621899806172424e-14,0.0,3.775902138960289e-06,100.06974913935723,6.927612497664101e-12,0.0,1.0039542480755787e-09,1.1627247843684703e-13,8.464437243141859e-11,2.6219252271135995,7.09163178135765e-10,0.00032707407549614813,1000000.0,1564976.3341034278
7.438108716385306e-05,9.992496398387199e-05,-9.599454346155909,465.0587621972386,0.0,0.031200020596822933,303.7630834749961,4.7580877672075246e-14,0.0,3.820796918921657e-06,101.25956008451493,6.907502227324491e-12,1.530302289002945e-11,1.0152597707050727e-09,5.896606610934546e-14,7.40501139812019e-11,2.6530994366969196,7.536076874155541e-10,0.0003271530708071043,1000000.0,1590154.7844569765
7.442171975703644e-05,9.953951706494714e-05,-9.37057539254554,466.8864576816128,0.0,0.03156363927460929,307.30555154330693,4.556536134735054e-14,0.0,3.865354832786244e-06,102.44044336448222,6.8839017495512e-12,0.0,1.026443877621311e-09,0.0,8.922882859640591e-11,2.684039732769461,7.997206675735841e-10,0.000327230842587579,1000000.0,1615234.0628076834
7.446235235021982e-05,9.916364732374283e-05,-9.128043088159245,468.67771994253275,0.0,0.031923665396810956,310.81324520782675,4.1811064729431607e-14,0.0,3.90947534619719e-06,103.60973457786993,6.8563885651922516e-12,0.0,1.0374794266250665e-09,4.848791522330485e-13,1.6413229605786642e-10,2.7146763052987657,8.473937485947397e-10,0.0003273072430881868,1000000.0,1640152.8910442765
7.450298494340322e-05,9.87979101462418e-05,-8.871834791948192,470.42878154483157,0.0,0.03227923979722896,314.27781130244006,3.838644472672712e-14,0.0,3.95305339324993e-06,104.76464919285564,6.824625415494167e-12,0.0,1.0483382052074597e-09,6.36510877226936e-13,1.3177552571131787e-10,2.744936197077506,8.964911058777603e-10,0.00032738212109370026,1000000.0,1664846.5740938208
7.45436175365866e-05,9.844286088502335e-05,-8.601975375249177,472.1358147551192,0.0,0.032629469435625974,317.6905637608057,3.6583080935693934e-14,0.0,3.995979713088396e-06,105.90229170514844,6.7886024383131724e-12,4.270898372776967e-11,1.0589910370113662e-09,0.0,0.0,2.774743542938296,9.46848038075143e-10,0.0003274553224672384,1000000.0,1689247.2028176503
7.458425012976998e-05,9.809905286167434e-05,-8.318540478716855,473.79494929785926,0.0,0.03297343088902162,321.0425171232404,3.78132724645717e-14,0.0,4.038141285149823e-06,107.01966680764893,6.748648579433664e-12,0.0,1.0694079102670473e-09,1.7304437603649365e-13,1.9774939020495595e-10,2.8040198627524626,9.982700169236667e-10,0.00032752669076595227,1000000.0,1713283.9146815767
7.462488272295336e-05,9.776703524036832e-05,-8.021659575763628,475.402292198128,0.0,0.03331017413945701,324.324426234495,3.757772524777111e-14,0.0,4.079421831109168e-06,108.11369262348975,6.704772583921726e-12,1.4045635615625423e-10,1.0795581236411864e-09,2.3687867323533583e-12,6.504764236157203e-10,2.8326844077530575,1.0505321056713866e-09,0.00032759606792729865,1000000.0,1736883.214959188
7.466551531613676e-05,9.744735078200323e-05,-7.711518808865769,476.9539498681145,0.0,0.03363872492685971,327.52683219392924,4.206719236556522e-14,0.0,4.119702379211366e-06,109.1812160240762,6.6573841601859546e-12,0.0,1.0894104569375555e-09,1.8592063854053946e-12,5.364513739614168e-11,2.8606545658374882,1.103379068577189e-09,0.000327663295024164,1000000.0,1759969.3607754228
7.470614790932014e-05,9.714053349099141e-05,-7.388363432107626,478.4460516464344,0.0,0.03395809614489452,330.6401145106856,4.450470331952765e-14,0.0,4.158861890593174e-06,110.21903001391874,6.605959963693605e-12,7.174060388598777e-10,1.0989333506384226e-09,0.0,0.0,2.8878463076900567,1.1565260897340952e-09,0.0003277282130862847,1000000.0,1782464.8058171927
7.474678050250352e-05,9.684710617561488e-05,-7.052499548817016,479.87477538407654,0.0,0.03426728902463353,333.65454919685175,7.462602142902841e-14,0.0,4.196778067197679e-06,111.22389309855154,6.553332334330483e-12,0.0,1.1080951306058514e-09,7.219190707428639e-12,3.4055971487531276e-09,2.914174706688038,1.2096609273483606e-09,0.00032779066398340824,1000000.0,1804290.7069201958
7.47874130956869e-05,9.656757793784114e-05,-6.704295876528737,481.2363749974512,0.0,0.03456530427904325,336.56037251247994,9.689324051316602e-14,0.0,4.233328163805776e-06,112.19255052837008,6.497054118858355e-12,3.882447629516917e-09,1.1168642003450843e-09,2.0453995207603506e-11,4.828801884827229e-09,2.939554474094749,1.2624446142950142e-09,0.0003278504913597162,1000000.0,1825367.490630286
7.48280456888703e-05,9.630244160398076e-05,-6.344185026195699,482.52721154440695,0.0,0.03485112783817616,339.3478498947674,3.801633608079936e-13,0.0,4.268389697159366e-06,113.12175728584981,6.450401932822495e-12,7.203424116742571e-10,1.1252092806462863e-09,1.6592080669907877e-15,1.0216604839044977e-10,2.9639006115847897,1.3145165817495823e-09,0.0003279075416172638,1000000.0,1845615.482933112
7.486867828205368e-05,9.605217112584298e-05,-5.972663463516685,483.7437807934722,0.0,0.03512378944534701,342.0073494658198,4.55572471335269e-13,0.0,4.301841453947743e-06,114.00830257739217,6.418451898538432e-12,0.0,1.1330996817362634e-09,0.0,2.1370604711304233e-10,2.987128966076691,1.3654972730364517e-09,0.00032796166494087996,1000000.0,1864955.5705156971
7.489637354513898e-05,9.589033847442774e-05,-5.713178428395256,484.52871890462956,0.0,0.03530159124637311,343.74187532570716,4.0807305253766187e-13,0.0,4.323658670075927e-06,114.58650749136412,6.398000352527043e-12,7.225996617745172e-10,1.138201897546957e-09,2.214164729894424e-14,2.952113244707523e-10,3.0022784994399134,1.399419167771119e-09,0.0003279968036114178,1000000.0,1877577.560444828
7.492406880822426e-05,9.573575993207493e-05,-5.448844954847853,485.27659704655144,0.0,0.0354725212323424,345.40962090871,4.0899354733303943e-13,0.0,4.344635910829645e-06,115.14245116875725,6.373575394221887e-12,0.0,1.1430698249699123e-09,0.0,2.4656583373527963e-10,3.01684476983306,1.4325246304848388e-09,0.00032803047061475776,1000000.0,1889717.4214110952
7.495176407130955e-05,9.558856693731374e-05,-5.179870303625554,485.98646064266,0.0,0.035636288829789,347.00772662290905,3.9499062189455216e-13,0.0,4.3647372129512915e-06,115.67518036257022,6.345200347703644e-12,0.0,1.1476945746339916e-09,2.0313655226545502e-13,3.0385574941954055e-10,3.030802796028903,1.464685939059589e-09,0.000328062622990267,1000000.0,1901351.5718518908
7.497945933439484e-05,9.544888500887404e-05,-4.906474732480367,486.657409614901,0.0,0.03579260774708985,348.53341281190717,3.7452234414361387e-13,0.0,4.383927600351134e-06,116.18376847337639,6.314468362497232e-12,2.6073227167655143e-11,1.1520675515824722e-09,0.0,0.0,3.0441283020423233,1.4957754079275056e-09,0.00032809321935793135,1000000.0,1912457.1011064856
7.500715459748013e-05,9.531683339049762e-05,-4.628891042515588,487.2886036335123,0.0,0.03594120305230472,349.9839918014885,3.4744006628423934e-13,0.0,4.402173267811331e-06,116.66731956394443,6.2813668779162355e-12,0.0,1.1561805456949137e-09,6.266986815502366e-15,2.9553091781790646e-10,3.0567978130761038,1.5256666884176344e-09,0.0003281222200725127,1000000.0,1923011.8862901595
7.503484986056543e-05,9.519252470956041e-05,-4.347364087325412,487.8792681834909,0.0,0.036081809060260546,351.3568798201648,3.192885608081338e-13,0.0,4.4194417241001275e-06,117.12497233298534,6.244780629589275e-12,6.470074699290527e-12,1.1600257477220309e-09,2.1463641913752813e-14,3.327372801904578e-10,3.068788763049335,1.5542356439783523e-09,0.0003281495873741311,1000000.0,1932994.7120880303
7.506254512365071e-05,9.507606465115427e-05,-4.062150237922582,488.4287007241688,0.0,0.03621417270115821,352.64960870628397,2.9694109493855324e-13,0.0,4.435701927547977e-06,117.55590401780086,6.204324366060201e-12,1.4159850580418933e-11,1.1635957595007373e-09,0.0,0.0,3.0800795949136393,1.5813615050688636e-09,0.0003281752855333747,1000000.0,1942385.3898847632
7.5090240386736e-05,9.496755164849108e-05,-3.773516730586837,488.9362773133283,0.0,0.03633805525923309,353.8598373183405,2.7916666498981526e-13,0.0,4.450924425966655e-06,117.95933419791929,6.160647446580128e-12,0.0,1.1668836344612146e-09,8.62501572095115e-15,3.4202389843380855e-10,3.0906498597598744,1.6069282292189586e-09,0.00032819928099075887,1000000.0,1951164.8768766138
7.51179356498213e-05,9.486707659144944e-05,-3.4817409544602786,489.401460119994,0.0,0.036453230219764855,354.98536255312365,2.6103065002926396e-13,0.0,4.465081503851886e-06,118.33452846800584,6.1144191116071005e-12,0.0,1.169882930800229e-09,1.8806393886192235e-15,3.6627997203561003e-10,3.1004803163545818,1.6308254017160968e-09,0.0003282215424895465,1000000.0,1959315.3960108925
7.514563091290658e-05,9.477472255590848e-05,-3.1871096581460914,489.8238056703914,0.0,0.036559487483591495,356.0241298671316,2.4238959335252104e-13,0.0,4.478147319627329e-06,118.68080194520243,6.065721888317818e-12,2.6235075937851354e-12,1.1725877474242107e-09,0.0,3.0376947262873433e-10,3.109553019964118,1.6529495443892221e-09,0.00032824204120102194,1000000.0,1966820.5552704337
7.517332617599188e-05,9.469056455657216e-05,-2.889918063429802,490.20297476482614,0.0,0.03665663328787043,356.97424319690333,2.2513246526248318e-13,0.0,4.490098026468871e-06,118.99752257604304,6.0143850272344395e-12,0.0,1.1749927446800408e-09,3.566616629576484e-15,3.933129894808566e-10,3.117851410000044,1.673205444238668e-09,0.0003282607508408317,1000000.0,1973665.4691286536
7.520102143907716e-05,9.461466932549974e-05,-2.5904689063569397,490.53874464662874,0.0,0.036744490679871004,357.83397418080057,2.0988583645837029e-13,0.0,4.5009118854640345e-06,119.28411421053404,5.960470215173338e-12,0.0,1.1770931654090938e-09,0.0,3.5903868929766244e-10,3.1253603910194125,1.6915072486321611e-09,0.0003282776477748951,1000000.0,1979836.883710507
7.522871670216245e-05,9.454709511834112e-05,-2.289071395052185,490.8310247034219,0.0,0.03682290127757288,358.6017705906096,1.9616677299901833e-13,0.0,4.51056937170618e-06,119.54005941284801,5.904284510279338e-12,6.809123221934039e-13,1.1788848603496442e-09,0.0,3.5601059869789253e-10,3.1320664055174894,1.7077797783408946e-09,0.0003282927111138644,1000000.0,1985323.3100565241
7.524838061581607e-05,9.45041956872803e-05,-2.074065698030814,491.01217264511524,0.0,0.03687276145479359,359.0903457625481,1.8682729437440772e-13,0.0,4.516714759100411e-06,119.70292611178611,5.8631875623506034e-12,0.0,1.179967611427934e-09,6.568006468758616e-16,3.8218197272176616e-10,3.1363336722057364,1.7180664109404289e-09,0.0003283022831103403,1000000.0,1988797.5641470705
7.526804452946967e-05,9.446553127487191e-05,-1.8583501855044189,491.17150184481704,0.0,0.03691774448002691,359.5314496886198,1.7782581460579021e-13,0.0,4.5222630427336545e-06,119.84996824941832,5.821116419362453e-12,1.5995261888444238e-13,1.1808918823062242e-09,0.0,3.669714825828719e-10,3.140186319958827,1.7272794740224502e-09,0.0003283109160183472,1000000.0,1991918.8403532382
7.528770844312328e-05,9.443111471374209e-05,-1.6420395381433,491.30914484124,0.0,0.036957811476994964,359.92469988236934,1.6937324535742902e-13,0.0,4.5272094118377935e-06,119.98105832377004,5.7780846608410245e-12,1.5984509314379456e-13,1.1816567795126777e-09,6.025079126486952e-16,3.8420161841061377e-10,3.1436210080308875,1.7354042875362993e-09,0.00032831860500156693,1000000.0,1994684.9187380672
7.53073723567769e-05,9.440095657486383e-05,-1.4252489547477556,491.42530071206005,0.0,0.03699292862124467,360.2697641440828,1.6147499959309992e-13,0.0,4.5315496879624624e-06,120.09608559597463,5.73414807740581e-12,0.0,1.1822615782395949e-09,1.262108348268737e-16,3.8645377303466933e-10,3.146634835001358,1.7424304018739395e-09,0.0003283253459778832,1000000.0,1997094.2079634296
7.532121569053411e-05,9.43822841377053e-05,-1.2724035880551814,491.49433458060224,0.0,0.03701466640444747,360.48363210861737,1.561536424562982e-13,0.0,4.534239753668759e-06,120.16737853969228,5.702719729044954e-12,8.47848391519586e-14,1.1825910202422956e-09,0.0,3.8186161653256335e-10,3.1485027798203364,1.7467144814324503e-09,0.00032832952115910587,1000000.0,1998575.824854088
7.532673152719706e-05,9.437543383119635e-05,-1.2114614207423573,491.5189403230707,0.0,0.03702263841585613,360.5621357164981,1.540900510207853e-13,0.0,4.535227184333542e-06,120.19354773737543,5.690086961867971e-12,3.6489520123234717e-14,1.1827000684689846e-09,8.483784989250766e-17,3.85668835410858e-10,3.1491884383763966,1.7482688118442557e-09,0.00032833105317087884,1000000.0,1999116.7551533582
7.533224736386002e-05,9.436891972737395e-05,-1.1504994998193099,491.54190729932435,0.0,0.037030216870961315,360.63680763360014,1.5205747155847184e-13,0.0,4.536166419167852e-06,120.21843963922073,5.6773924975629706e-12,4.127407412995949e-14,1.1827964451480317e-09,0.0,3.840605626891736e-10,3.149840630538279,1.749736206206095e-09,0.00032833251012543536,1000000.0,1999629.5313452356
7.533285759944551e-05,9.436821970980761e-05,-1.1437539732883812,491.54434798359586,0.0,0.03703103110501769,360.64483324207026,1.5183459950606145e-13,0.0,4.536267366488678e-06,120.22111497772106,5.675984327262877e-12,4.226555730269312e-14,1.182806328854346e-09,6.107501915721767e-17,3.856620682945399e-10,3.149910727020539,1.749893211374524e-09,0.0003283326666999336,1000000.0,1999684.53225242
7.5333467835031e-05,9.436752380866247e-05,-1.1370082490170432,491.54676650651925,0.0,0.03703184051431148,360.6528118923883,1.5161213884487172e-13,0.0,4.5363677231595905e-06,120.22377466270034,5.67457541833101e-12,4.2706032566702373e-14,1.1828160573811678e-09,2.1876815033759174e-17,3.85444728198194e-10,3.149980413367067,1.7500491479657268e-09,0.00032833282235512494,1000000.0,1999739.1794991614
7.53340780706165e-05,9.436683202405455e-05,-1.1302623437766248,491.5491597611763,0.0,0.037032645100373074,360.66074357905615,1.5139007653067303e-13,0.0,4.536467489111666e-06,120.22641869232585,5.673165772347687e-12,4.298433592128012e-14,1.1828256307220064e-09,4.219073411054626e-17,3.8549191517277066e-10,3.1500496895277585,1.7502039961194034e-09,0.00032833297709095277,1000000.0,1999793.4603020642
7.5334688306202e-05,9.436614435609207e-05,-1.1235162646187233,491.5515269468029,0.0,0.037033444862500965,360.66862829668923,1.511684077371064e-13,0.0,4.536566664277195e-06,120.22904706480257,5.671755390884562e-12,4.323445751562573e-14,1.1828350488710191e-09,2.763966049035956e-17,3.8564341654990944e-10,3.150118555455743,1.7503577269948524e-09,0.0003283331309073614,1000000.0,1999847.3713355064
7.533529854178749e-05,9.436546080487956e-05,-1.1167700130484979,491.5538685742031,0.0,0.037034239799837596,360.67646603997,1.509471330529204e-13,0.0,4.536665248589244e-06,120.23165977835797,5.6703442755264365e-12,4.3416089650492604e-14,1.182844311822656e-09,2.1299983815532372e-17,3.855757981446573e-10,3.1501870111049013,1.7505103141869452e-09,0.0003283332838042959,1000000.0,1999900.9146532805
7.533590877737298e-05,9.436478137052116e-05,-1.1100235911694454,491.5561850084339,0.0,0.03703502991230379,360.68425680360946,1.5072625210324235e-13,0.0,4.53676324198126e-06,120.23425683122888,5.668932427856989e-12,4.351839971104086e-14,1.1828534195713693e-09,1.0361005349768811e-16,3.8574115992311563e-10,3.150255056428585,1.7506617408371398e-09,0.0003283334357817018,1000000.0,1999954.0917118336
7.533651901295849e-05,9.43641060531202e-05,-1.1032770033534807,491.55847607633547,0.0,0.03703581519902558,360.6920005823521,1.5050576311166877e-13,0.0,4.536860644387156e-06,120.23683822166338,5.667519849464345e-12,4.357078000216228e-14,1.1828623721116575e-09,4.2919293086281265e-17,3.8579413270520104e-10,3.150322691381238,1.7508119959255193e-09,0.00032833358683952553,1000000.0,2000006.9017604846
7.533712924854398e-05,9.436343485277712e-05,-1.0965302543772033,491.56074151119645,0.0,0.03703659565924842,360.69969737099984,1.5028566484070894e-13,0.0,4.536957455741601e-06,120.23940394792879,5.666106541943728e-12,4.3583200931693374e-14,1.1828711694382475e-09,0.0,3.8550228625239007e-10,3.150389915917694,1.7509610681815672e-09,0.00032833373697771506,1000000.0,2000059.3436651805
7.533773948412948e-05,9.436276776958893e-05,-1.0897833479901187,491.56298129130795,0.0,0.037037371293305886,360.7073471644185,1.500659554337914e-13,0.0,4.5370536759800204e-06,120.24195400831348,5.664692506863629e-12,4.359831932261353e-14,1.182879811546127e-09,1.8988305660529766e-16,3.8571409816823544e-10,3.150456729992258,1.7511089461276287e-09,0.000328333886196218,1000000.0,2000111.4172971577
7.533834971971497e-05,9.436210480365016e-05,-1.0830362873053991,491.56519554538926,0.0,0.03703814210049113,360.714949957526,1.4984663370337666e-13,0.0,4.537149305038408e-06,120.24448840112349,5.663277745785194e-12,4.3640873808328476e-14,1.1828882984304658e-09,1.1006236156526162e-16,3.862334866765333e-10,3.1505231335607427,1.751255620401313e-09,0.0003283340344949824,1000000.0,2000163.1231450501
7.533895995530047e-05,9.436144595505388e-05,-1.0762890756935957,491.5673843402165,0.0,0.03703890807902765,360.7225057452823,1.4962769983072118e-13,0.0,4.537244342853363e-06,120.24700712467865,5.661862260297527e-12,4.3683570151825543e-14,1.182896630086545e-09,0.0,3.8579005065635544e-10,3.1505891265803965,1.7514010844589366e-09,0.0003283341818739578,1000000.0,2000214.461443765
7.533957019088597e-05,9.436079122389128e-05,-1.0695417169599695,491.56954763920976,0.0,0.03703966922947834,360.7300145226923,1.4940915397465255e-13,0.0,4.5373387893621995e-06,120.2495101773138,5.660446051996656e-12,4.3693577802081104e-14,1.18290480650978e-09,3.3225137900567536e-16,3.8544685393031986e-10,3.150654709006528,1.7515453334868983e-09,0.0003283343283330953,1000000.0,2000265.4320046161
7.534018042647146e-05,9.436014061025114e-05,-1.0627942149665854,491.57168539261454,0.0,0.0370404255526487,360.7374762848134,1.4919099506208224e-13,0.0,4.5374326445026575e-06,120.25199755738139,5.6590291224520614e-12,4.367946468213288e-14,1.1829128276957651e-09,2.257504378235338e-16,3.8650641995438473e-10,3.1507198807946675,1.751688363239497e-09,0.00032833447387234615,1000000.0,2000316.0345852387
7.534079066205697e-05,9.435949411421971e-05,-1.0560465733836726,491.5737975967672,0.0,0.03704117704559184,360.7448910267564,1.4897322155382298e-13,0.0,4.537525908213096e-06,120.25446926325156,5.6576114732323375e-12,4.367252620042653e-14,1.1829206936402842e-09,0.0,3.865126578852e-10,3.1507846419045666,1.7518301697435776e-09,0.00032833461849166175,1000000.0,2000366.269132695
7.534183236678454e-05,9.435840002512287e-05,-1.0445276768946457,491.5773441926026,0.0,0.037042448724338754,360.7574397312534,1.4860235885673087e-13,0.0,4.5376837476491984e-06,120.25865237665262,5.655189811972367e-12,4.368873975715518e-14,1.1829337625241118e-09,2.2486083778227294e-16,3.860793372341016e-10,3.150894243565124,1.7520694053631518e-09,0.0003283348632388708,1000000.0,2000451.17165531
7.534287407151213e-05,9.435731793551355e-05,-1.0330084025128132,491.58081632742204,0.0,0.03704370632758,360.76985137966193,1.4823261471269323e-13,0.0,4.537839863164641e-06,120.2627898023453,5.652766065983941e-12,4.3707574801040765e-14,1.1829463789986862e-09,6.48330097210719e-16,3.8628773443952657e-10,3.1510026481624185,1.7523050537536319e-09,0.00032833510530499136,1000000.0,2000535.0013845086
7.534391577623971e-05,9.435624784577582e-05,-1.0214887680737896,491.58421408399437,0.0,0.03704494985163377,360.78212594866824,1.478639868890082e-13,0.0,4.537994254466358e-06,120.26688153255796,5.650340243129212e-12,4.3703615293985076e-14,1.1829585430463808e-09,5.973041873056694e-16,3.8579733058893455e-10,3.151109855494168,1.7525371054753417e-09,0.0003283353446897992,1000000.0,2000617.7584786846
7.53449574809673e-05,9.435518975627519e-05,-1.0099687915270028,491.5875375174996,0.0,0.03704617929548722,360.7942634153787,1.4749647185525476e-13,0.0,4.5381469212661836e-06,120.27092755965904,5.647912351240789e-12,4.369034079025364e-14,1.182970254650943e-09,2.758648764361888e-16,3.8589219981144374e-10,3.151215865359137,1.7527655542436046e-09,0.00032833558139307617,1000000.0,2000699.4429861805
7.534599918569488e-05,9.435414366735861e-05,-0.9984484911962418,491.59078659386216,0.0,0.03704739465744468,360.80626375731975,1.4713006560189517e-13,0.0,4.5382978632810055e-06,120.274927876157,5.645482398100099e-12,4.3686149530143855e-14,1.1829815137974924e-09,4.2192987690045275e-16,3.871241497113741e-10,3.1513206775604856,1.7529903957681546e-09,0.00032833581541461107,1000000.0,2000780.0545922408
7.534805089817711e-05,9.4352118415575e-05,-0.9757575535997612,491.5969684170446,0.0,0.037049747204791254,360.82949820338473,1.464116318664754e-13,0.0,4.538590109432814e-06,120.2826730835209,5.6406904327492216e-12,4.3726503462846445e-14,1.1830023662816961e-09,1.4834196241494342e-16,3.8681995686442966e-10,3.151523609564721,1.7534226752501741e-09,0.0003283362684936235,1000000.0,2000935.6866377692
7.535010261065932e-05,9.435013972016796e-05,-0.953065569632129,491.6028617593512,0.0,0.037052045095465974,360.8522004643813,1.4569746380127072e-13,0.0,4.538875661647526e-06,120.29024088675456,5.635890561431823e-12,4.3794309515040055e-14,1.1830214634467855e-09,0.0,3.8582902627392153e-10,3.15172189340803,1.7538409262078476e-09,0.0003283367111673052,1000000.0,2001087.154589696
7.535215432314155e-05,9.434820758314119e-05,-0.9303726794346666,491.608466348864,0.0,0.03705428831592897,360.8743703830914,1.4498753847808146e-13,0.0,4.5391545179479906e-06,120.29763123344935,5.631082843514048e-12,4.380446683903007e-14,1.1830388052272143e-09,3.6549778160840054e-16,3.862903089205757e-10,3.151915527715105,1.7542451284896352e-09,0.0003283371434342656,1000000.0,2001234.4561012639
7.535420603562377e-05,9.434632200621091e-05,-0.9076790233438013,491.61378187704605,0.0,0.03705647684938727,360.896007808724,1.4428182991059278e-13,0.0,4.539426676436616e-06,120.30484407333908,5.626267338168611e-12,4.3748241744491775e-14,1.1830543915788192e-09,4.868167778734426e-17,3.864289632902703e-10,3.1521045111706907,1.7546352627755217e-09,0.0003283375652932123,1000000.0,2001377.5887221065
7.53572837981963e-05,9.434358077469087e-05,-0.8736352626412935,491.6212137461521,0.0,0.037059657277382085,360.92746715228424,1.432310510979266e-13,0.0,4.539822376269847e-06,120.31533105115228,5.619029152011227e-12,4.3662949703445494e-14,1.1830744807739518e-09,0.0,3.868197086940996e-10,3.152379280240111,1.7551940907737169e-09,0.0003283381786019059,1000000.0,2001584.4817327051
7.536036156076883e-05,9.434094432335417e-05,-0.839590559681016,491.62799544670514,0.0,0.03706271456656431,360.95772745185707,1.4218961972397034e-13,0.0,4.540202994271054e-06,120.3254183271175,5.611773775186557e-12,4.3652065685615114e-14,1.1830906197226906e-09,0.0,3.8692851373578604e-10,3.1526435767306866,1.7557211940990083e-09,0.00032833876848332045,1000000.0,2001781.9886046764
7.536343932334137e-05,9.433841265437702e-05,-0.8055453838478188,491.6341270249183,0.0,0.037065648674916414,360.9867882796347,1.4115745669755593e-13,0.0,4.5405685250592434e-06,120.33510575862506,5.604501406902093e-12,4.368335776206169e-14,1.1831028085446476e-09,0.0,3.871726995779571e-10,3.1528973969054936,1.756216544987579e-09,0.0003283393349343254,1000000.0,2001970.106124121
7.536651708591389e-05,9.433598576849195e-05,-0.7715002050468981,491.6396084105618,0.0,0.03706845956328183,361.0146492402947,1.401344834607881e-13,0.0,4.540918963662223e-06,120.34439321389438,5.5972122457630155e-12,4.370236519473976e-14,1.1831110474666258e-09,2.6125872968656988e-17,3.8748166177982756e-10,3.153140737311822,1.7566801179564188e-09,0.0003283398779522876,1000000.0,2002148.830836903
7.537411419966605e-05,9.433044380466691e-05,-0.6874664594137657,491.65035518044647,0.0,0.03707487024335772,361.0782824490541,1.376482180196788e-13,0.0,4.541719349555294e-06,120.36560535170204,5.579149141429742e-12,4.373214760992312e-14,1.1831144785097261e-09,5.048866437468314e-17,3.8766153252306e-10,3.1536965160573276,1.7576882033305683e-09,0.00032834111801011113,1000000.0,2002549.7666249848
7.537940197490337e-05,9.432696326455791e-05,-0.6289823643743249,491.6554962117753,0.0,0.03707888873086303,361.11825389903964,1.3594984713144233e-13,0.0,4.54222211467849e-06,120.37892983797028,5.566518676315836e-12,4.37086460534439e-14,1.1831026670099459e-09,5.125622379272711e-17,3.876999387601321e-10,3.1540456306223925,1.7582752940274141e-09,0.00032834189683078526,1000000.0,2002795.015003927
7.538468975014068e-05,9.43237919572581e-05,-0.5705054534094324,491.658717295871,0.0,0.037082543068576675,361.1546791778484,1.3427739248609248e-13,0.0,4.542680275305335e-06,120.39107220650047,5.553841657880223e-12,4.368378866205211e-14,1.183079205102063e-09,3.111634016918077e-17,3.878976781559124e-10,3.1543637725470424,1.7587682392235325e-09,0.00032834260646703113,1000000.0,2003012.4982250468
7.5389977525378e-05,9.43209298384839e-05,-0.5120381067252568,491.6600186052524,0.0,0.037085833168984186,361.187557362061,1.3263046358026229e-13,0.0,4.5430938198212055e-06,120.40203214947172,5.541119075282314e-12,4.367413566021909e-14,1.1830440974975236e-09,3.008217008042201e-17,3.878923129820305e-10,3.1546509337664372,1.7591669626580687e-09,0.0003283432469219826,1000000.0,2003202.2088544886
7.539526530061532e-05,9.43183768513693e-05,-0.45358270315168747,491.65940042442674,0.0,0.03708875897428918,361.2168878123459,1.3100867548829766e-13,0.0,4.543462740184951e-06,120.41180945376384,5.528351912809999e-12,4.3670212059352997e-14,1.1829973498399603e-09,3.329388691035832e-17,3.8786436211096893e-10,3.154907108696441,1.7594714125785197e-09,0.000328343818203101,1000000.0,2003364.1419982747
7.540055307585263e-05,9.431613292647497e-05,-0.3951416200809421,491.6568630950223,0.0,0.03709132045577704,361.2426701734614,1.294116472674216e-13,0.0,4.543787031928764e-06,120.42040400095813,5.515541149774873e-12,4.36737356424805e-14,1.1829389687038305e-09,2.2905418052571837e-17,3.878974575611688e-10,3.1551322942342854,1.7596815562096266e-09,0.0003283443203221734,1000000.0,2003498.2950772138
7.54090323109611e-05,9.431317961880055e-05,-0.30146401472065637,491.64878932734337,0.0,0.037094667426929955,361.2766069887977,1.2690146929044425e-13,0.0,4.544213889552475e-06,120.43171683044564,5.4949098210407105e-12,4.3658816351534915e-14,1.18282108600056e-09,3.1331118318751817e-17,3.8765385717942607e-10,3.1554287014257625,1.759821636150472e-09,0.00032834498116570885,1000000.0,2003655.4274832462
7.541751154606956e-05,9.431102040900173e-05,-0.20783912273359417,491.63578427215947,0.0,0.037097077749270416,361.3014214380919,1.244524627992207e-13,0.0,4.5445260041209006e-06,120.43998871517668,5.474172872586332e-12,4.363937538096833e-14,1.1826733446524362e-09,3.14055006024361e-17,3.873714281653376e-10,3.15564543289216,1.7597192134055884e-09,0.00032834546429938406,1000000.0,2003741.140453992
7.542599078117802e-05,9.430965480869337e-05,-0.11427670871798272,491.61785114895594,0.0,0.03709855177333309,361.3171166276993,1.220631283240253e-13,0.0,4.544723414708762e-06,120.44522069066156,5.453334260921241e-12,4.362765948704458e-14,1.1824957866942182e-09,3.1278270775930745e-17,3.8699043697091957e-10,3.1557825157649178,1.7593744475435514e-09,0.00032834576984134634,1000000.0,2003755.4642673421
7.543447001628648e-05,9.430908224678188e-05,-0.02078651581886654,491.5949940015784,0.0,0.037099090041959534,361.32369753687783,1.1973199662113633e-13,0.0,4.544806183948521e-06,120.44741441674326,5.432397908227257e-12,4.361546246555041e-14,1.1822884602521282e-09,3.1123303367597887e-17,3.865024421326743e-10,3.1558399935335535,1.7587876259539177e-09,0.00032834589793821685,1000000.0,2003698.4463026437
7.544940222590519e-05,9.430999988985991e-05,0.14364758303610264,491.5427860395633,0.0,0.037097765353317005,361.31315064373774,1.1576392169767815e-13,0.0,4.544673510876323e-06,120.44389856495405,5.395302514897885e-12,4.358810696897289e-14,1.1818511490931106e-09,3.10781055005846e-17,3.853884729280111e-10,3.155747874781875,1.7571670785515274e-09,0.00032834569267793526,1000000.0,2003424.8001217386
7.54643344355239e-05,9.431337067167024e-05,0.3077747272554624,491.47535524316726,0.0,0.03709354650114569,361.2744119007833,1.1196424240397335e-13,0.0,4.544186234771008e-06,120.430984947633,5.357937002880999e-12,4.3552632159192144e-14,1.181322031509369e-09,3.087559046766881e-17,3.839551514921137e-10,3.1554095253873373,1.7548004185657447e-09,0.00032834493884576236,1000000.0,2002930.5930695243
7.547926664514261e-05,9.431918961574639e-05,0.47154236734226634,491.3927414114845,0.0,0.03708644076755137,361.20755057184226,1.0832557848654789e-13,0.0,4.5433452268603506e-06,120.40869665393618,5.320321984374086e-12,4.351194953879304e-14,1.1807015063277294e-09,3.0630536347596854e-17,3.8220565195873254e-10,3.1548255503083973,1.7516920499786517e-09,0.0003283436378817197,1000000.0,2002216.4645475228
7.549419885476132e-05,9.432745096363595e-05,0.6348983209904508,491.2949917488376,0.0,0.037076457249560324,361.1126536116508,1.0484081471309338e-13,0.0,4.542151580891953e-06,120.37706267029144,5.282477714947853e-12,4.346820200115949e-14,1.1799900291650512e-09,3.038252023660123e-17,3.8014472595762213e-10,3.153996709017794,1.74784755698407e-09,0.00032834179149462744,1000000.0,2001283.2136689213
7.550913106438002e-05,9.433814818091489e-05,0.7977908255768323,491.1821608165941,0.0,0.037063606842122454,360.98982550371676,1.015030949664546e-13,0.0,4.5406066110938146e-06,120.33611782635022,5.244424086496296e-12,4.3420483617433486e-14,1.1791881116643711e-09,3.0030423205154205e-17,3.7777887066071325e-10,3.1529239140864327,1.743273685639055e-09,0.000328339401659697,1000000.0,2000131.7977199364
7.553315086459628e-05,9.436044753377691e-05,1.0587164778894467,490.9691793228739,0.0,0.03703695350876627,360.7339577701826,9.642600792139141e-14,0.0,4.537388233661627e-06,120.25082414052837,5.182821283739539e-12,4.3334237003395324e-14,1.1777098557948525e-09,2.9436982124361334e-17,3.733497807402461e-10,3.150689136149698,1.7344062368003713e-09,0.00032833442294918013,1000000.0,1997824.7841971728
7.553476614944487e-05,9.436217179206357e-05,1.0762101962838082,490.9534692543384,0.0,0.03703489758991775,360.7141833181387,9.609697249195412e-14,0.0,4.5371395051536e-06,120.24423231393104,5.17866295522851e-12,4.332785738234136e-14,1.1776021649705867e-09,2.9394055479376855e-17,3.7302498978601434e-10,3.150516423849799,1.7337438570845834e-09,0.0003283340381453623,1000000.0,1997649.619015297
7.553638143429347e-05,9.436392430202202e-05,1.0936968746486753,490.9375848649173,0.0,0.03703280857249962,360.69408634592196,9.576945433121721e-14,0.0,4.536886719919636e-06,120.23753297509417,5.174502787475229e-12,4.3321548097935255e-14,1.1774934352814754e-09,2.935025485906285e-17,3.7269686109164275e-10,3.1503408946241356,1.7330732216671953e-09,0.00032833364706028463,1000000.0,1997471.940376901
7.553931060169879e-05,9.436717434502243e-05,1.125389159824722,490.9083356582754,0.0,0.037028935972051404,360.65682030945226,9.517937657310265e-14,0.0,4.536417977536349e-06,120.22511031763693,5.1669540986191216e-12,4.331006344530676e-14,1.1772936169667442e-09,2.927064306234183e-17,3.7209334315476283e-10,3.1500154088564645,1.7318360710294918e-09,0.0003283329218528318,1000000.0,1997143.331223646
7.554095936426343e-05,9.436904454302631e-05,1.1432176190429888,490.8916201603837,0.0,0.03702670837560259,360.6353783453863,9.484940160378022e-14,0.0,4.536148274687168e-06,120.21796262509189,5.162702537682432e-12,4.33034826703489e-14,1.1771796443101051e-09,2.922415007122854e-17,3.717488611648806e-10,3.149828132325403,1.7311278150264783e-09,0.0003283325045777082,1000000.0,1996954.7358381948
7.554115616228552e-05,9.43692697353399e-05,1.1453451359423201,490.8896126258511,0.0,0.03702644018889288,360.6327966128179,9.481011918030634e-14,0.0,4.536115800954963e-06,120.21710200288051,5.162194944704662e-12,4.330269601065193e-14,1.1771659683245643e-09,2.921867370560288e-17,3.7170751062921403e-10,3.149805583182265,1.7310427053338487e-09,0.0003283324543350175,1000000.0,1996932.0494038498
7.554135296030762e-05,9.436949534633375e-05,1.147472542111938,490.8876019178754,0.0,0.03702617151213346,360.6302101049701,9.477085883245624e-14,0.0,4.536083267158299e-06,120.21623978882764,5.161687325808706e-12,4.330190874922962e-14,1.1771522769702414e-09,2.92132443462916e-17,3.7166609837266987e-10,3.1497829923313243,1.7309574728825674e-09,0.0003283324039993027,1000000.0,1996909.3233440884
7.554154975832972e-05,9.436972137598605e-05,1.149599837471647,490.885588045834,0.0,0.037025902345364514,360.62761882223015,9.47316205465587e-14,0.0,4.5360506733020475e-06,120.21537598306243,5.161179681038333e-12,4.3301120842381315e-14,1.177138570248801e-09,2.920771422433087e-17,3.716246258746063e-10,3.1497603597759647,1.7308721166076595e-09,0.00032833235357057063,1000000.0,1996886.5577001662
7.55420752174885e-05,9.437032693593775e-05,1.1552792629837882,490.8801953023771,0.0,0.03702518125801115,360.6206765941497,9.46269606305952e-14,0.0,4.535963352078151e-06,120.21306178687911,5.159824121290115e-12,4.32990136559154e-14,1.1771018974349235e-09,2.91924738879882e-17,3.715135941308922e-10,3.1496997255739916,1.730643597954388e-09,0.00032833221846799974,1000000.0,1996825.578053754
7.554260067664729e-05,9.43709354799876e-05,1.1609578950043478,490.87477991341945,0.0,0.03702445667837139,360.61370033541516,9.452245763926422e-14,0.0,4.535875602809602e-06,120.21073624656248,5.1584683782241515e-12,4.329690134938165e-14,1.1770651151105417e-09,2.917763903813545e-17,3.7140212522432485e-10,3.1496387941446384,1.7304141728217802e-09,0.00032833208270247706,1000000.0,1996764.3159174984
7.554312613580608e-05,9.437154700771788e-05,1.166635732741612,490.86934223122694,0.0,0.0370237286072159,360.60669005345625,9.44181113120646e-14,0.0,4.535787425589856e-06,120.2083993645893,5.157112452673169e-12,4.3294784090133304e-14,1.1770282233075362e-09,2.9163226796803085e-17,3.71290225319498e-10,3.149577565552797,1.7301838265489862e-09,0.0003283319462741341,1000000.0,1996702.7727896331
7.554365159496487e-05,9.43721615187105e-05,1.1723127744946191,490.86388239130423,0.0,0.037022997045317,360.59964575571956,9.431392138851898e-14,0.0,4.535698820512579e-06,120.20605114344184,5.155756345466832e-12,4.329266179585582e-14,1.1769912220577964e-09,2.914839594631741e-17,3.711779021292215e-10,3.1495160398635056,1.7299525488454974e-09,0.0003283318091831026,1000000.0,1996640.949279594
7.554417705412365e-05,9.437277901254669e-05,1.1779890176125827,490.85840030362596,0.0,0.03702226199344896,360.59256744967144,9.420988760826428e-14,0.0,4.535609787671682e-06,120.20369158560902,5.154400057432661e-12,4.32905341656699e-14,1.1769541113932475e-09,2.913344777174937e-17,3.7106515406329873e-10,3.1494542171419777,1.7297203323537403e-09,0.00032833167142951454,1000000.0,1996578.845072169
7.554539268653017e-05,9.437421899445874e-05,1.1911177456802524,490.84563255438843,0.0,0.037020548103173956,360.57606171680334,9.39698059262905e-14,0.0,4.535402174123793e-06,120.19818938906339,5.151261641351631e-12,4.328559101404509e-14,1.176867837908467e-09,2.909855095201948e-17,3.708026880476541e-10,3.149310054214454,1.7291794725293427e-09,0.000328331350202424,1000000.0,1996434.0940999906
7.554617707331032e-05,9.437515661308335e-05,1.1995867669101337,490.83733053967796,0.0,0.03701943230758736,360.5653148437116,9.381533456947743e-14,0.0,4.53526699706913e-06,120.19460691210514,5.149236071879491e-12,4.328238507314822e-14,1.176811859384955e-09,2.907599194268641e-17,3.706321145414175e-10,3.149216189816517,1.7288277688197863e-09,0.00032833114104954,1000000.0,1996339.894847568
7.554696146009048e-05,9.437610087398932e-05,1.2080539826661916,490.8289785898504,0.0,0.03701830874352277,360.5544922691575,9.366120837099765e-14,0.0,4.535130867825724e-06,120.19099920003164,5.147210108315009e-12,4.327916627160066e-14,1.176755637392197e-09,2.905322991005049e-17,3.704605894408003e-10,3.149121664233894,1.7284739193002985e-09,0.00032833093042167823,1000000.0,1996245.0692149645
7.554774584687063e-05,9.437705177575734e-05,1.216519386238491,490.8205769045116,0.0,0.03701717741361225,360.5435940185261,9.350742646888823e-14,0.0,4.53499378671288e-06,120.187366261305,5.1451837534056955e-12,4.3275934835495856e-14,1.1766991720382391e-09,2.903037784127038e-17,3.702881170244425e-10,3.149026477688301,1.7281179122923127e-09,0.0003283307183192868,1000000.0,1996149.6182042493
7.55485302336508e-05,9.437800931696285e-05,1.2249829706834507,490.81212562529225,0.0,0.037016038320500204,360.53262011732375,9.33539880025404e-14,0.0,4.534855754051422e-06,120.18370810442778,5.1431570098939254e-12,4.327269083588595e-14,1.1766424634314704e-09,2.9007408069511666e-17,3.7011470129634787e-10,3.1489306304025124,1.7277597408582341e-09,0.0003283305047428157,1000000.0,1996053.542580647
7.554931462043095e-05,9.437897349617611e-05,1.2334447286905805,490.80362480455966,0.0,0.037014891466843246,360.5215705911764,9.320089211285131e-14,0.0,4.5347167701636786e-06,120.18002473794239,5.141129880517082e-12,4.3269434212868047e-14,1.1765855116806224e-09,2.8984323513907424e-17,3.699403448524504e-10,3.148834122600349,1.727399401692883e-09,0.0003283302896927165,1000000.0,1995956.842744292
7.55507216679724e-05,9.438071968769442e-05,1.2486189870576294,490.7882518728498,0.0,0.03701281478158224,360.5015603269872,9.292712158208423e-14,0.0,4.534465075733398e-06,120.17335430383639,5.137492620036898e-12,4.326356071370363e-14,1.176482741649784e-09,2.8942613468760117e-17,3.696252308459351e-10,3.148659350706864,1.7267475806477007e-09,0.0003283299002406831,1000000.0,1995781.8177946585
7.555212871551384e-05,9.438248722593922e-05,1.2637873021024422,490.7727198510835,0.0,0.03701071314866792,360.4813069505983,9.265444569546412e-14,0.0,4.5342103233873355e-06,120.16660282817342,5.133854142473744e-12,4.3257646380324835e-14,1.176379190217953e-09,2.890053662006504e-17,3.6930710819636394e-10,3.1484824554453716,1.7260887755455413e-09,0.00032832950605092803,1000000.0,1995604.7872742019
7.55535357630553e-05,9.438427610251849e-05,1.2789496312415605,490.75702891719976,0.0,0.037008586583747755,360.46081061298634,9.238285953506997e-14,0.0,4.533952515024514e-06,120.15977036128157,5.130214463545667e-12,4.3251691190308563e-14,1.1762748580221835e-09,2.885809141303016e-17,3.6898598819607993e-10,3.148303438134518,1.7254229909560834e-09,0.0003283291071261073,1000000.0,1995425.7530056767
7.555494281059674e-05,9.438608630898012e-05,1.2941059322617248,490.74117932371604,0.0,0.0370064351026037,360.4400714664403,9.21123582014041e-14,0.0,4.533691652560473e-06,120.15285695392657,5.126573598937168e-12,4.3245695260174617e-14,1.1761697457036109e-09,2.881527914806851e-17,3.68661883813286e-10,3.148122300104413,1.7247502338993865e-09,0.0003283287034688977,1000000.0,1995244.717127319
7.55570961244907e-05,9.438889788803509e-05,1.3172890268279949,490.7166169067063,0.0,0.0370030943174193,360.4078629633796,9.170047840404723e-14,0.0,4.533286525526784e-06,120.14212022955684,5.120999441568658e-12,4.323644056770928e-14,1.1760073751625176e-09,2.87490574131662e-17,3.68160133758777e-10,3.147840987431478,1.723707185269916e-09,0.0003283280765642231,1000000.0,1994963.793521666
7.55605480059934e-05,9.439350911471031e-05,1.3544227730184808,490.67647037903447,0.0,0.036997617323035054,360.355046609998,9.104544595208078e-14,0.0,4.532622187590606e-06,120.1245138657853,5.1120581809570014e-12,4.3221406685601736e-14,1.1757432831180884e-09,2.864114421479891e-17,3.673414005794067e-10,3.1473796834915806,1.7220012215489026e-09,0.0003283270485141892,1000000.0,1994503.7071890526
7.556399988749609e-05,9.439824845786772e-05,1.3915189791343054,490.63537672125943,0.0,0.03699199085416631,360.30077358090483,9.039679745791924e-14,0.0,4.531939527285003e-06,120.10642191853603,5.10311025130068e-12,4.3206129544846155e-14,1.17547451544634e-09,2.853110024842671e-17,3.6650509980812077e-10,3.1469056567899303,1.7202536977200314e-09,0.0003283259920641355,1000000.0,1994031.6398649057
7.556745176899879e-05,9.440311578699906e-05,1.428577027255784,490.59333949728665,0.0,0.03698621515680369,360.2450462513592,8.975446238072333e-14,0.0,4.531238574486641e-06,120.08784517960301,5.094155880729412e-12,4.319060988570039e-14,1.1752010820033989e-09,2.8418961687101157e-17,3.656514229663141e-10,3.146418928072303,1.7184648523563377e-09,0.0003283249072555661,1000000.0,1993547.623387761
7.557090365050148e-05,9.440811096937949e-05,1.4655963014307478,490.55036217416944,0.0,0.036980290481804075,360.18786704416226,8.911837089046127e-14,0.0,4.5305193596701755e-06,120.06878445662845,5.08519529604504e-12,4.317484849358294e-14,1.1749229927914732e-09,2.8304764718990074e-17,3.647805613355786e-10,3.1459195184997135,1.716634930346772e-09,0.0003283237941307516,1000000.0,1993051.6895491488
7.557435553200418e-05,9.441323387011538e-05,1.502576187803217,490.50644816011527,0.0,0.036974217084820446,360.12923842897237,8.84884538481858e-14,0.0,4.529781913899646e-06,120.04924057287438,5.0762287227453005e-12,4.315884620461024e-14,1.1746402579566597e-09,2.818854589252149e-17,3.6389270662356925e-10,3.1454074496424322,1.7147641755303471e-09,0.000328322652732712,1000000.0,1992543.870244723
7.55799448387842e-05,9.442179937707046e-05,1.5623691516959943,490.43336460185293,0.0,0.03696406830709399,360.03123960912234,8.748140717283843e-14,0.0,4.528549259741565e-06,120.01657260847699,5.061697868041075e-12,4.313242653055719e-14,1.174172627360183e-09,2.7996168410794937e-17,3.624195447686239e-10,3.1445515170443055,1.711649072154174e-09,0.000328320744733206,1000000.0,1991696.484883606
7.558553414556422e-05,9.443069878501956e-05,1.6220546605209119,490.35784796688546,0.0,0.036953531423106735,359.92945825212814,8.649008299802634e-14,0.0,4.5272690280485965e-06,119.98264373369393,5.047152843813273e-12,4.310538101428487e-14,1.173692888259719e-09,2.7798740553119526e-17,3.609031541073842e-10,3.143662547361587,1.7084285836617288e-09,0.00032831876291131563,1000000.0,1990818.158702196
7.559112345234424e-05,9.443993148704697e-05,1.681630143283838,490.27991197463115,0.0,0.03694260759530726,359.8239055959767,8.551419852929276e-14,0.0,4.525941360175129e-06,119.94745769471459,5.0325945864353716e-12,4.307771320151644e-14,1.1732010860369203e-09,2.7596418349584714e-17,3.5934435931239697e-10,3.142740638748099,1.7051037534321541e-09,0.00032831670746146186,1000000.0,1989909.0296036948
7.559671275912426e-05,9.444949686134293e-05,1.741093044865757,490.1995700620977,0.0,0.03693129801855624,359.7145931953798,8.455347565291681e-14,0.0,4.52456640145937e-06,119.9110183433086,5.018024023218247e-12,4.3049426662434194e-14,1.1726972670413358e-09,2.738935865290525e-17,3.5774398908851607e-10,3.1417858921239707,1.7016756329265779e-09,0.00032831457858317314,1000000.0,1988969.2366477586
7.560577120916042e-05,9.44657040575497e-05,1.8372175078324138,490.0642863219368,0.0,0.03691215284209497,359.5294795816896,8.302795562017848e-14,0.0,4.52223799647406e-06,119.84931061520805,4.994386090431049e-12,4.300227866275709e-14,1.1718553427023793e-09,2.7044125091514128e-17,3.5506415403607083e-10,3.140169089332063,1.6959031313885962e-09,0.00032831097295572023,1000000.0,1987381.3791859855
7.561482965919658e-05,9.448278058195227e-05,1.933028885064373,489.9227728944949,0.0,0.03689200309122211,359.3345741566446,8.154040164691566e-14,0.0,4.5197864280672195e-06,119.78433878259496,4.970722104598162e-12,4.2953530463937414e-14,1.1709821863406556e-09,2.6687535370671807e-17,3.5228087952976844e-10,3.1384667638113903,1.6898666709732424e-09,0.00032830717589850595,1000000.0,1985713.9549227057
7.562388810923274e-05,9.450072355579387e-05,2.0285165658869344,489.77508382519727,0.0,0.03687085436669126,359.1299311343465,8.008970108326986e-14,0.0,4.517212378157658e-06,119.71612091776983,4.947035868152609e-12,4.290319774795557e-14,1.1700780105534241e-09,2.6320265998923764e-17,3.493977713619983e-10,3.1366793890738904,1.6835708734125805e-09,0.00032830318833989186,1000000.0,1983967.5796790766
7.56329465592689e-05,9.451952999898331e-05,2.123670063775833,489.62127219335207,0.0,0.036848712484515364,358.9156068331552,7.867477244227061e-14,0.0,4.514516555131895e-06,119.64467579448844,4.923331120314805e-12,4.2851296415359187e-14,1.1691430343105341e-09,2.59429946217088e-17,3.464184643779802e-10,3.13480745701031,1.6770204276629229e-09,0.00032829901124255517,1000000.0,1982142.880476628
7.564200500930506e-05,9.453919683428535e-05,2.2184790165056114,489.4613903710498,0.0,0.03682558346884922,358.6916596063427,7.729456370955336e-14,0.0,4.511699692971924e-06,119.57002286484526,4.899611538598876e-12,4.279784259497822e-14,1.1681774827232386e-09,2.5556401008805058e-17,3.433466217075596e-10,3.132851477284536,1.6702200896453577e-09,0.00032829464560191933,1000000.0,1980240.4960964313
7.565106345934121e-05,9.455972089221914e-05,2.31293318515269,489.29549024160264,0.0,0.03680147354399964,358.458149764212,7.594805045308599e-14,0.0,4.508762550275607e-06,119.4921822333118,4.875880740596021e-12,4.274285264970831e-14,1.1671815867869988e-09,2.516116126524236e-17,3.401859338937216e-10,3.1308119766533697,1.6631746849207282e-09,0.0003282900924443504,1000000.0,1978261.077422349
7.566012190937737e-05,9.458109891281917e-05,2.407022456355474,489.12362333728,0.0,0.03677638913004051,358.2151395314781,7.463423509815524e-14,0.0,4.505705909720598e-06,119.41117464252953,4.852142284277545e-12,4.2686343178928125e-14,1.1661555832326404e-09,2.4757955700708857e-17,3.369401137610677e-10,3.1286894985942904,1.6558891093712268e-09,0.0003282853528264177,1000000.0,1976205.2876491891
7.566918035941353e-05,9.460332754577425e-05,2.5007368463066473,488.9458409335123,0.0,0.03675033684025567,357.9626930225302,7.335214679757372e-14,0.0,4.502530577753191e-06,119.32702146506347,4.828399667537093e-12,4.2628331019442696e-14,1.1650997144323863e-09,2.4347452973101462e-17,3.3361289586779753e-10,3.126484603089389,1.648368328376391e-09,0.00032828042783470817,1000000.0,1974073.8024109155
7.567823880944969e-05,9.462640335080707e-05,2.5940665044496702,488.76219413197725,0.0,0.03672332347824103,357.7008762133601,7.210084121602343e-14,0.0,4.4992373842352195e-06,119.23974469404459,4.804656327855469e-12,4.25688332447173e-14,1.1640142282957062e-09,2.3930328804976078e-17,3.3020802794488233e-10,3.1241978663801913,1.6406173743842873e-09,0.0003282753185855566,1000000.0,1971867.3098429376
7.569505944639529e-05,9.467148783305699e-05,2.7663168370214737,488.40579910981626,0.0,0.03667063709858283,357.1900864301312,6.985582902748055e-14,0.0,4.492812550762769e-06,119.06947265372217,4.760576873059968e-12,4.2454470437680144e-14,1.1619208969391537e-09,2.314044869885438e-17,3.2369239455863655e-10,3.119736572491508,1.6256315235582223e-09,0.000328265346406227,1000000.0,1967573.515967398
7.571188008334089e-05,9.471945781207118e-05,2.937146267448889,488.0296857663129,0.0,0.036614707501869015,356.6476723988216,6.77081597361223e-14,0.0,4.485989941058597e-06,118.88865865694898,4.716527601097778e-12,4.233515788424493e-14,1.1597279892574973e-09,2.233418703029685e-17,3.169461130025351e-10,3.1149990690393596,1.6099028317698462e-09,0.00032825475045590016,1000000.0,1963028.1151480938
7.57287007202865e-05,9.477028888432144e-05,3.1064955654849915,487.63418140287973,0.0,0.036555583173259354,356.07410472701304,6.565247742043345e-14,0.0,4.4787754745339086e-06,118.69745958099807,4.672528868889592e-12,4.221101114946877e-14,1.1574372342867057e-09,2.151561241792356e-17,3.099932825268467e-10,3.1099894663616228,1.5934651591785013e-09,0.0003282435386565269,1000000.0,1958235.8508662882
7.57455213572321e-05,9.482395566464328e-05,3.2743072472611003,487.21961504139136,0.0,0.036493314580233444,355.4698734305712,6.368370662253453e-14,0.0,4.471175314720372e-06,118.49603877290089,4.628600322880448e-12,4.208214832417111e-14,1.1550504173634241e-09,2.0688659201865946e-17,3.028578805198601e-10,3.1047120443101663,1.576352954321906e-09,0.00032823171924388207,1000000.0,1953201.6069611837
7.57623419941777e-05,9.488043181890245e-05,3.4405256270064704,486.7863181802819,0.0,0.03642795407360699,354.83548697094074,6.179704001031664e-14,0.0,4.463195857161019e-06,118.28456572852888,4.5847609046264725e-12,4.194868988450545e-14,1.152569376800795e-09,1.9857104029155227e-17,2.9556366198293797e-10,3.099171243842481,1.558601173647904e-09,0.0003282193007527559,1000000.0,1947930.4024800155
7.57791626311233e-05,9.493969009309524e-05,3.605096854568909,486.3346250935758,0.0,0.036359555791513336,354.1714713207745,5.998792868514046e-14,0.0,4.454843717657545e-06,118.06321578112087,4.541028854023265e-12,4.1810758518455716e-14,1.1499960006838345e-09,1.902454749910299e-17,2.8813405749773414e-10,3.093371658860788,1.5402451892495387e-09,0.00032820629200387284,1000000.0,1942427.384804765
7.579598326806891e-05,9.500170234209513e-05,3.7679689460136236,485.86487294497795,0.0,0.03628817556281132,353.4783690235555,5.8252073115126e-14,0.0,4.446125720442047e-06,117.83216978780735,4.4974217127254994e-12,4.166847893698882e-14,1.147332223667525e-09,1.8194387929412824e-17,2.8059207354486693e-10,3.087318027998668,1.52132068698515e-09,0.0003281927020910604,1000000.0,1936697.8219855637
7.581280390501451e-05,9.506643956102529e-05,3.929091814637196,485.3774019233634,0.0,0.036213870806710305,352.7567382160927,5.658541295839816e-14,0.0,4.437048885881796e-06,117.59161380375916,4.453956329936397e-12,4.152197768372465e-14,1.1445800236701219e-09,1.7369819507080314e-17,2.7296019840738354e-10,3.0810152260834442,1.5018635662200292e-09,0.00032817854036726443,1000000.0,1930747.0949525086
7.584275116486566e-05,9.518834793546432e-05,4.211474538025841,484.4667313507482,0.0,0.03607452562682606,351.40313948244284,5.377755715450462e-14,0.0,4.4200230182927815e-06,117.1403910064907,4.376971952195795e-12,4.125110029336533e-14,1.1394675011425205e-09,1.5924700648668717e-17,2.59217860112999e-10,3.0691927477434096,1.4660164193147922e-09,0.00032815194179625475,1000000.0,1919622.2603050845
7.58726984247168e-05,9.531862438423298e-05,4.487904651556483,483.50294765652495,0.0,0.035926440823805174,349.96427041851314,5.115707211464052e-14,0.0,4.401924603399871e-06,116.66074330949394,4.300573699960061e-12,4.096798233976088e-14,1.13409277766248e-09,1.45214483656588e-17,2.45377520693804e-10,3.0566255092454635,1.4287983070380275e-09,0.0003281236171798409,1000000.0,1907845.514845488
7.590264568456795e-05,9.545708704996468e-05,4.7581456664525295,482.48804225921896,0.0,0.03576997144541211,348.443585231207,4.870603789711449e-14,0.0,4.382797088951877e-06,116.15382217423235,4.2248408510214425e-12,4.0673368733916356e-14,1.128467824649993e-09,1.3172523323469144e-17,2.3154907074356543e-10,3.0433436800053824,1.3904108773337042e-09,0.00032809362448672324,1000000.0,1895449.357074504
7.59325929444191e-05,9.560354729298618e-05,5.021981213083291,481.42403280372605,0.0,0.03560548276592108,346.84463871923134,4.640839192848467e-14,0.0,4.362685187954597e-06,115.62081259447446,4.149846196154347e-12,4.0368011538310844e-14,1.1226048622732515e-09,1.1887929642336212e-17,2.178333485932959e-10,3.0293783080181256,1.3510526528137233e-09,0.00032806202347465544,1000000.0,1882466.9337078717
7.596254020427025e-05,9.575781029858882e-05,5.27921509808285,480.31295873782244,0.0,0.03543334845840765,345.1710684341354,4.424977220634159e-14,0.0,4.341634654289368e-06,115.06292714966926,4.075656224688815e-12,4.005266632637237e-14,1.116516301559364e-09,1.0675326949151442e-17,2.0432139902057515e-10,3.014761164050455,1.310917502389835e-09,0.00032802887543004823,1000000.0,1868931.8758519015
7.59924874641214e-05,9.591967568033254e-05,5.529671258248232,479.1568766463879,0.0,0.03525394880370348,343.42657719139993,4.221736713736436e-14,0.0,4.319692062734657e-06,114.48140017501046,4.002331327454409e-12,3.9728088677011904e-14,1.1102146881927556e-09,9.540130472633767e-18,1.9109405170984427e-10,2.9995245888909183,1.2701932572594904e-09,0.00032799424291232016,1000000.0,1854878.1387111242
7.602243472397256e-05,9.608893807844761e-05,5.773193616090676,477.9578554047603,0.0,0.03506766894638637,341.6149160336302,4.0299772497798784e-14,0.0,4.296904594674326e-06,113.87748208221058,3.929926014479052e-12,3.939503083939987e-14,1.1037126482949098e-09,8.485662101583936e-18,1.782214070516054e-10,2.983701344548583,1.2290604903859296e-09,0.00032795818950365126,1000000.0,1840339.8460165705
7.60523819838237e-05,9.626538775396957e-05,6.009645829373218,476.71797099984235,0.0,0.034874897205548414,339.73986772173566,3.848685679454028e-14,0.0,4.273319830447032e-06,113.25243385627911,3.8584891439819124e-12,3.905423855335684e-14,1.0970228364057475e-09,7.513434627238349e-18,1.6576378155052487e-10,2.9673244700632413,1.1876914462525301e-09,0.00032792077956432677,1000000.0,1825351.139341522
7.608232924367485e-05,9.644881117568035e-05,6.238910938293764,475.4393011147185,0.0,0.03467602345094548,337.80523085847193,3.6769635525670124e-14,0.0,4.248985549649601e-06,112.60752176309927,3.788064160059131e-12,3.8706448054317013e-14,1.090157885965344e-09,6.6229840042546245e-18,1.5376857680843167e-10,2.950427142838753,1.1462491432161175e-09,0.0003278820779951419,1000000.0,1809946.0335526904
7.6112276503526e-05,9.663899159506369e-05,6.460890924328041,474.12391973332865,0.0,0.03447143755593748,335.8148047567424,3.5140153948369356e-14,0.0,4.223949540808094e-06,111.94401230527092,3.718689337449897e-12,3.835238331818246e-14,1.0831303626068803e-09,5.814747115053094e-18,1.422835705378605e-10,2.9330425464811847,1.1048866414026611e-09,0.0003278421500088755,1000000.0,1794158.2802328558
7.615912282658381e-05,9.694951835089806e-05,6.793337765649894,471.99756227034925,0.0,0.03414087311783083,332.5983113847391,3.275066389425837e-14,0.0,4.183491795318871e-06,110.87179276527625,3.6123508700564586e-12,3.778762228969329e-14,1.0718408115298844e-09,4.713717663707139e-18,1.2540406064953013e-10,2.90494934646611,1.0406795829893533e-09,0.0003277773867210357,1000000.0,1768773.4612262023
7.620596914964161e-05,9.727519253143224e-05,7.10755017414161,469.7942505931834,0.0,0.033798751784673925,329.2688982690964,3.0535884379062045e-14,0.0,4.141613723117557e-06,109.76193138498357,3.508767527677813e-12,3.72118667188809e-14,1.0602307488719508e-09,3.799619174915592e-18,1.0989584162935608e-10,2.875869893439253,9.77505086012936e-10,0.00032771003132340106,1000000.0,1742658.8419860424
7.624048039559668e-05,9.752430337069549e-05,7.327290861911934,468.1263643636353,0.0,0.03354016447741554,326.7521376989936,2.900482273058601e-14,0.0,4.109957370107434e-06,108.9229681059904,3.4342684872001915e-12,3.678214836807803e-14,1.0514993753539435e-09,3.2173886664366866e-18,9.935575913063398e-11,2.853888235461697,9.31875897432626e-10,0.00032765889714131787,1000000.0,1723024.4041576094
7.627499164155176e-05,9.778082561631012e-05,7.5370558839947055,466.42392041859597,0.0,0.03327665257198784,324.1872334228759,2.755181084009842e-14,0.0,4.077695456160216e-06,108.06795610439505,3.361332037009224e-12,3.6348783603386973e-14,1.042636571074762e-09,2.6519860902056125e-18,8.953785339432428e-11,2.831486085263743,8.871853997029895e-10,0.00032760658742795766,1000000.0,1703106.4285862567
7.630950288750683e-05,9.804441511350772e-05,7.736857128652623,464.6898844509993,0.0,0.033008766465915766,321.5795535468475,2.617130369272598e-14,0.0,4.044895502388836e-06,107.19868484061261,3.2899755002301884e-12,3.591268665114776e-14,1.0336595492336573e-09,2.0283425492933363e-18,8.046110963453526e-11,2.808710328457434,8.435605822786231e-10,0.00032755319796503446,1000000.0,1682950.0788524854
7.63440141334619e-05,9.831472855113744e-05,7.926730908036243,462.9271574566844,0.0,0.032737041467916846,318.9343195839641,2.4858467625057806e-14,0.0,4.0116231860286465e-06,106.31689490819471,3.2202103743260016e-12,3.547472752380913e-14,1.0245849680502917e-09,1.2548665360762882e-18,7.224548893758024e-11,2.785606570295118,8.011096053722518e-10,0.00032749882272904967,1000000.0,1662598.8068000134
7.637852537941698e-05,9.859142427982226e-05,8.1067362947636,461.1385693051111,0.0,0.032461996322335096,316.2565919778323,2.3609069993265507e-14,0.0,3.977942158349961e-06,105.42427320811618,3.1520428121235064e-12,3.503573056358851e-14,1.0154288914430303e-09,0.0,6.499677802246842e-11,2.762219009231162,7.599225907949242e-10,0.0003274435536357372,1000000.0,1642094.2469757663
7.641303662537205e-05,9.887416305806914e-05,8.276953376159346,459.3268732589609,0.0,0.03218413197187567,313.551257974186,2.2419389880780565e-14,0.0,3.943913892115361e-06,104.52244890576188,3.0854740768038783e-12,3.459647336353267e-14,1.0062067573222088e-09,5.901441612079466e-18,5.678113816043304e-11,2.7385903309930812,7.200725305438457e-10,0.00032738748032463635,1000000.0,1621476.1344948688
7.644754787132712e-05,9.916260874154485e-05,8.437481524234656,457.49474122486123,0.0,0.031903930555083865,310.82302159861257,2.1286139073386535e-14,0.0,3.909597555448837e-06,103.61299008999839,3.020500981824585e-12,3.415768629217387e-14,9.96933352537998e-10,5.078385029569155e-33,6.1028155618731e-11,2.7147616210285426,6.816163277632365e-10,0.00032733068997095653,1000000.0,1600782.243519739
7.648205911728219e-05,9.945642892130682e-05,8.588437716909914,455.644759690798,0.0,0.03162185444069045,308.076395587068,2.0206389312803033e-14,0.0,3.875049910930081e-06,102.69740108320926,2.957116318040286e-12,3.372005205694655e-14,9.876227938912304e-10,1.3923965616267498e-16,0.0,2.6907722941703844,6.445960059578839e-10,0.00032727326712057956,1000000.0,1580048.344648213
7.651657036323727e-05,9.975529550683265e-05,8.729954911032765,453.77942628124896,0.0,0.03133834656206321,305.31569520266777,1.917750903228075e-14,0.0,3.840325233768186e-06,101.77712038012086,2.8953092599003976e-12,3.328420998836622e-14,9.782885149629395e-10,0.0,5.561684170196499e-10,2.6666600396723923,6.090399478082456e-10,0.00032721529355118873,1000000.0,1559308.1798726034
7.655108160919234e-05,0.00010005888524967086,8.862180393505023,451.9011473547399,0.0,0.031053826768392426,302.54503386159826,1.8197112036601445e-14,0.0,3.8054752651633547e-06,100.85351918969828,2.835065750340868e-12,3.285074336221184e-14,9.689432585431747e-10,5.249014987270629e-19,3.7494475675591025e-11,2.6424607862054836,5.749639368258195e-10,0.00032715684816143366,1000000.0,1538593.455389286
7.65855928551474e-05,0.00010036688020946076,8.985274213974947,450.01223573769755,0.0,0.030768697162514274,299.7683204292141,1.726301533873802e-14,0.0,3.7705491742364234e-06,99.92790053379944,2.776368858765743e-12,3.24201997426188e-14,9.595990740949434e-10,0.0,3.1243925859850865e-11,2.6182086726341383,5.423727118080407e-10,0.0003270980068865001,1000000.0,1517933.8476588083
7.662010410110249e-05,0.00010067896816707063,9.099407677709275,448.114909645154,0.0,0.03048333662167121,296.9892580195016,1.637320364336099e-14,0.0,3.735593539440882e-06,99.00149884697676,2.7191991180116097e-12,3.199308012006883e-14,9.502673197084332e-10,3.4410388321187046e-18,1.877805012526192e-11,2.5939360428935307,5.11261013604122e-10,0.0003270388426361814,1000000.0,1497357.0246832503
7.665461534705756e-05,0.00010099484298800178,9.20476189157446,446.2112917765629,0.0,0.03019810349436565,294.21134414824104,1.5525799310923316e-14,0.0,3.700652351593452e-06,98.07548002753441,2.6635348417080807e-12,3.156983867503005e-14,9.4095866804889e-10,9.815154532734687e-19,2.0277861206697174e-11,2.569673444648855,4.81614747112881e-10,0.0003269794252531212,1000000.0,1476888.6775931031
7.668912659301263e-05,0.00010131420493722386,9.301526376152315,444.3034091174997,0.0,0.02991333517825302,291.4378721106186,1.4719037749647907e-14,0.0,3.6657670335470353e-06,97.15094189675604,2.6093524202085795e-12,3.115089002273399e-14,9.316831158649703e-10,0.0,2.7673868226818976e-11,2.545449641892199,4.534122362032193e-10,0.0003269198214903721,1000000.0,1456552.5630084737
7.67236378389677e-05,0.00010163676094685066,9.389897753238765,442.3931931954655,0.0,0.029629348334102162,288.6719334548503,1.395124791164755e-14,0.0,3.6309764720097128e-06,96.22891502348858,2.556626594132112e-12,3.073660919324131e-14,9.224499966346525e-10,5.11193348595711e-18,0.0,2.521291636589158,4.266252935933807e-10,0.000326860095007229,1000000.0,1436370.5540446274
7.675814908492278e-05,0.0001019622248394859,9.470078518498521,440.48248073645067,0.0,0.029346439427078146,285.91642141564745,1.3220836950046614e-14,0.0,3.5963170591831623e-06,95.31036386869002,2.5053307064220988e-12,3.03273318864475e-14,9.1326799590882e-10,0.0,0.0,2.4972246984807502,4.012202191777576e-10,0.00032680030638147155,1000000.0,1416362.6985254923
7.679266033087785e-05,0.00010229031751059541,9.542275889449362,438.57301473564144,0.0,0.029064885006804143,283.17403517331775,1.2526278092683643e-14,0.0,3.5618227454684628e-06,94.39618820520283,2.455436934658284e-12,2.992335765341302e-14,9.041451689286659e-10,0.0,6.44648388404571e-11,2.473272402441584,3.771587698947384e-10,0.0003267405131358928,1000000.0,1396547.2832524604
7.682717157683292e-05,0.00010262076707264202,9.606700721383497,436.6664459048615,0.0,0.028784942020438176,280.44728481682756,1.1866101166870998e-14,0.0,3.527525103069549e-06,93.48722477219292,2.4069165047476007e-12,2.952495141085639e-14,8.950889601368858e-10,3.9547040230716916e-17,2.848049762084241e-11,2.449456672024222,3.5439903658838523e-10,0.000326680769777407,1000000.0,1376940.9031237473
7.6861682822788e-05,0.00010295330896353675,9.663566520959945,434.76433430390233,0.0,0.028506849239090123,277.7384968980026,1.123888542236957e-14,0.0,3.4934533944714185e-06,92.58424912664496,2.3597398858339756e-12,2.9132345791964156e-14,8.861062242230576e-10,0.0,3.6953678550130257e-10,2.425797827114464,3.328962549444069e-10,0.00032662112784736754,1000000.0,1357558.5335143458
7.689619406874307e-05,0.00010328768602152149,9.71308849409667,432.86815154054784,0.0,0.028230825707556747,275.04982047507593,1.0643254336056731e-14,0.0,3.4596346524861666e-06,91.68797765798155,2.3138769684043975e-12,2.874573998268434e-14,8.772032484066993e-10,0.0,2.2483275772352332e-11,2.4023146388853784,3.1260347947926476e-10,0.00032656163598174747,1000000.0,1338413.6062544186
7.693070531469814e-05,0.00010362364852932742,9.755482720593218,430.9792827063998,0.0,0.027957075044748248,272.3832335453601,1.0077871885839351e-14,0.0,3.4260937582544886e-06,90.79906973239737,2.269297224677844e-12,2.8365307484851156e-14,8.683857756268191e-10,0.0,1.8237363870073636e-11,2.379024382341555,2.934723061068282e-10,0.00032650233997977214,1000000.0,1319518.0857946747
7.696521656065322e-05,0.00010396095423082497,9.790965395889614,429.0990289272199,0.0,0.027685782650421105,269.74054977190053,9.541439992699409e-15,0.0,3.392853524103978e-06,89.91812993519208,2.225969853585373e-12,2.79911939146441e-14,8.596590283672392e-10,4.1919318586519735e-20,7.954859968782651e-12,2.355942898554209,2.754533954173597e-10,0.0003264432828794961,1000000.0,1300882.5475637086
7.699972780660829e-05,0.00010429936832264487,9.81975212215823,427.22860982863546,0.0,0.027417118156645597,267.1234254228088,9.03269685838725e-15,0.0,3.3599347818544446e-06,89.0457103839998,2.183863911568886e-12,2.762351829186446e-14,8.510277328791553e-10,0.0,7.2661068536170026e-12,2.333084653529704,2.5849696612886265e-10,0.0003263845050391003,1000000.0,1282516.255740158
7.703423905256336e-05,0.00010463866342260378,9.842057264205305,425.3691662590965,0.0,0.027151235762485817,264.5333664542685,8.550415987955741e-15,0.0,3.3273564733252747e-06,88.18231308991218,2.142948429757802e-12,2.726237693152172e-14,8.424961435939641e-10,6.139141202955658e-20,3.1899365904729753e-12,2.3104628004641796,2.4255325725754937e-10,0.0003263260442229125,1000000.0,1264427.2409715739
7.706875029851843e-05,0.000104978619517013,9.858093381114118,423.5217630503475,0.0,0.026888275023871453,261.97173567304156,8.093405717051785e-15,0.0,3.2951357404491905e-06,87.32839234510257,2.103192518160886e-12,2.690784473349038e-14,8.340680675364523e-10,5.852255045840096e-20,7.080094190301853e-12,2.288089242245919,2.2757289719273508e-10,0.00032626793569117595,1000000.0,1246622.3769188263
7.710326154447351e-05,0.0001053190238893812,9.868070724938905,421.6873918366743,0.0,0.026628361545070037,259.43975991768326,7.66050908148458e-15,0.0,3.2632880149269756e-06,86.48435711668726,2.0645654578888996e-12,2.6559976146424727e-14,8.257468885645416e-10,0.0,9.777724186703411e-12,2.265974694221638,2.135072122874061e-10,0.00032621021229256684,1000000.0,1229107.4552999556
7.713777279042858e-05,0.00010565967103287152,9.872196794086904,419.866973925386,0.0,0.02637160772644014,256.9385372053821,7.250603901207685e-15,0.0,3.231827107869288e-06,85.65057342912738,2.0270367824772264e-12,2.6218807203442918e-14,8.17535591287163e-10,1.6646383072124563e-20,0.0,2.2441287466025224,2.003084972102265e-10,0.0003261529045585509,1000000.0,1211887.2590861209
7.717228403638365e-05,0.00010600036254840783,9.870675939630049,418.0613631912607,0.0,0.026118113529444553,254.4690438008049,6.862602984757003e-15,0.0,3.2007652987921478e-06,84.82736672063136,1.9905763491661273e-12,2.5884357296452354e-14,8.094367845392809e-10,3.8477665059415796e-20,4.592348089045574e-13,2.2225599261636,1.8793023464407918e-10,0.0003260960407988294,1000000.0,1194965.633516426
7.72248975979749e-05,0.00010651941296873426,9.857943612377815,415.33890927573975,0.0,0.02573812180446902,250.76719195729808,6.3108667041130045e-15,0.0,3.1542026251984402e-06,83.59335278725862,1.9369797295197576e-12,2.538741145197668e-14,7.973113549618927e-10,1.5083733938322415e-19,5.854721465502939e-12,2.1902275548688923,1.705363530332005e-10,0.0003260102630370691,1000000.0,1169749.091915448
7.727751115956614e-05,0.00010703747574377089,9.833247102003305,412.65521370343777,0.0,0.025366171915921727,247.143637340448,5.804036249908148e-15,0.0,3.1086247905926373e-06,82.3854392694675,1.8856934506232994e-12,2.490603972776766e-14,7.854590758078738e-10,2.645707290560454e-19,5.772985331952563e-12,2.158579039981958,1.5479161265761106e-10,0.0003259256613066074,1000000.0,1145240.2281222795
7.73301247211574e-05,0.00010755393918814214,9.797258464133193,410.0124916668189,0.0,0.025002473356429713,243.6004277356675,5.338735796331778e-15,0.0,3.064057552558185e-06,81.2043087973026,1.8366168173200873e-12,2.4440129485776065e-14,7.738848774525912e-10,2.1155792916337457e-18,5.919213276750254e-12,2.127632267069388,1.405516772162403e-10,0.00032584230922835344,1000000.0,1121442.241331501
7.738273828274864e-05,0.00010806822635675342,9.750625862528286,407.41267190420615,0.0,0.024647186656808713,240.13913320523613,4.911782596903698e-15,0.0,3.020520659726033e-06,80.05048475160737,1.7896521372803714e-12,2.398951261218425e-14,7.625922468031087e-10,2.974657468064938e-21,1.491601575556277e-12,2.097400949224059,1.2768150094599837e-10,0.0003257602710002626,1000000.0,1098354.9808941435
7.74353518443399e-05,0.00010857979374205459,9.693972578096941,404.8574189146328,0.0,0.024300428420399332,236.76089500897245,4.520185980857001e-15,0.0,2.978028467064436e-06,78.92434757175005,1.74470492421295e-12,2.3553974404213952e-14,7.51583383878068e-10,0.0,9.028456380789943e-13,2.06789505432181,1.160555054382771e-10,0.0003256796021376761,1000000.0,1075975.387374282
7.748796540593115e-05,0.00010908812994878212,9.627896307577293,402.3481542784523,0.0,0.023962275989818115,233.4664713602443,4.1611445071147274e-15,0.0,2.9365905114737675e-06,77.82615000840835,1.7016840404644753e-12,2.3133261494839463e-14,7.408593473358714e-10,1.7684262551567303e-18,2.3691549314560694e-12,2.0391212046809772,1.0555753313143221e-10,0.00032560035018390336,1000000.0,1054297.895800389
7.75405789675224e-05,0.00010959275434854427,9.552968745120872,399.8860770285021,0.0,0.023632771821277647,230.25628004917084,3.832041648266892e-15,0.0,2.8962120480070016e-06,76.75603133203123,1.6605017876424694e-12,2.2727088860268842e-14,7.304201892054759e-10,0.0,0.0,2.011083049331165,9.60806313423125e-11,0.0003255225553890759,1000000.0,1033314.8026200839
7.759319252911365e-05,0.000110093215711432,9.469735470377856,397.4721829958702,0.0,0.0233119275601145,227.13043803270762,3.530440415364793e-15,0.0,2.856894547794258e-06,75.71403053021002,1.6210739524830915e-12,2.233514611744778e-14,7.202650792490096e-10,0.0,0.0,1.9837816097785836,8.752671794876786e-11,0.0003254462513554625,1000000.0,1013016.5981826761
7.76458060907049e-05,0.00011058909082977538,9.37871609971231,395.10728307580814,0.0,0.02299972777568701,224.0887980055626,3.2540770520031986e-15,0.0,2.8186361579440853e-06,74.70009849860809,1.5833198153843718e-12,2.1957103086085828e-14,7.103924191551418e-10,1.2559033711055647e-17,8.675257681960896e-12,1.9572155994329974,7.98061608424511e-11,0.00032537146564697077,1000000.0,993392.2662700132
7.769841965229615e-05,0.0001110799831559361,9.280404620448481,392.79202041268684,0.0,0.022696133372369753,221.1309819579379,3.000853843799348e-15,0.0,2.7814321237470275e-06,73.71410922744779,1.5471621287294985e-12,2.1592614604713288e-14,7.007999467471607e-10,3.0576025422631376e-17,8.001819319668713e-12,1.9313817167324965,7.283729949305521e-11,0.0003252982203613193,1000000.0,974429.5523051354
7.775103321388739e-05,0.00011156552146677543,9.175269864854785,390.5268864628655,0.0,0.022401084775835085,218.25641181104433,2.76883121673224e-15,0.0,2.7452751740672283e-06,72.75587001387196,1.5125270708959237e-12,2.12413247993292e-14,6.914848306192307e-10,0.0,2.4028654439346748e-12,1.9062749126705842,6.654593423317649e-11,0.0003252265326648099,1000000.0,956115.2021200497
7.780364677547865e-05,0.00011204535855799149,9.063756107573251,388.31223595315305,0.0,0.02211450477504872,215.46433729186535,2.5562193910264706e-15,0.0,2.710155871833741e-06,71.82513075400769,1.479344180638548e-12,2.090287080033056e-14,6.82443755796415e-10,-2.5346636679757785e-31,2.111710670004168e-12,1.881888634272042,6.086480083001225e-11,0.0003251564152905524,1000000.0,938435.173567011
7.78562603370699e-05,0.00011251916997058533,8.946283765368486,386.1483008024961,0.0,0.021836301091525116,212.75386121752706,2.3613698165145545e-15,0.0,2.6760629320922375e-06,70.92159237152165,1.4475462758571066e-12,2.0576885864103687e-14,6.73673001026399e-10,6.832996215730489e-22,2.5544772154718085e-13,1.8582150454513857,5.573304447834901e-11,0.00032508787700116147,1000000.0,921374.8233274063
7.790887389866115e-05,0.00011298665275467994,8.823250176513014,384.0352030286743,0.0,0.021566368747359364,210.1239623427657,2.1827665319372077e-15,0.0,2.6429835093879565e-06,70.04491443383267,1.4170693603215197e-12,2.0263002106197903e-14,6.651685082548273e-10,0.0,0.0,1.8352452265386692,5.10957046488069e-11,0.0003250209230169169,1000000.0,904919.0709813174
7.79614874602524e-05,0.00011344752427628905,8.695030435652672,381.97296667126835,0.0,0.02130459215873027,207.57351592128862,2.0190175526630917e-15,0.0,2.6109034564005383e-06,69.19472200624985,1.3878525214995502e-12,1.9960852834333314e-14,6.569259448206061e-10,6.353150923715952e-18,1.1686752864683021e-12,1.8129693538784728,4.690321807290865e-11,0.00032495555541061,1000000.0,889052.5423137856
7.801410102184364e-05,0.00011390152107004224,8.561978263967058,379.9615287818751,0.0,0.02105084702470102,205.1013121431936,1.868846392258992e-15,0.0,2.579807555886456e-06,68.37061179809407,1.3598378220956628e-12,1.9670074487133305e-14,6.489407589297087e-10,8.972330494849979e-19,0.0,1.791376860865246,4.311094529808185e-11,0.00032489177347065965,1000000.0,873759.6938282284
7.80667145834349e-05,0.00011434839773864657,8.424426905126161,378.00074951126703,0.0,0.020805002028170573,202.70607261630556,1.7310838181108231e-15,0.0,2.549679727969872e-06,67.57215765675818,1.3329701874130174e-12,1.9390308270280304e-14,6.412082289712303e-10,0.0,0.0,1.7704565818814202,3.967872446756078e-11,0.0003248295740342468,1000000.0,859024.9203064544
7.811932814502614e-05,0.00011478792589946717,8.282690036270603,376.0904213510082,0.0,0.020566920335960873,200.38646505269313,1.6046599158137007e-15,0.0,2.5205032148257795e-06,66.79891546346353,1.3071972902907286e-12,1.912120151839358e-14,6.337235072112106e-10,3.430788023788397e-17,4.236617274233846e-12,1.750196880576305,3.6570454238828847e-11,0.0003247689517922222,1000000.0,844832.6471892489
7.81719417066174e-05,0.00011521989317872688,8.137062675979317,374.2302776420411,0.0,0.020336460920070413,198.14111631157385,1.4885965085734796e-15,0.0,2.492260744795565e-06,66.05042748111771,1.2824694351027855e-12,1.8862408784883718e-14,6.264816583635391e-10,6.332167687409062e-17,2.412392549780824e-12,1.7305857637998798,3.375370677390507e-11,0.0003247098995675345,1000000.0,831167.409530323
7.822455526820865e-05,0.00011564410225356596,7.987822089456331,372.42000032015926,0.0,0.020113479769657643,195.9686239415208,1.3819999603874743e-15,0.0,2.464934677572967e-06,65.32622620191391,1.2587394420328434e-12,1.8613592744276963e-14,6.194776935062467e-10,2.3276615641254123e-17,8.65557912376087e-13,1.7116109823847978,3.119937078623823e-11,0.00032465240856886833,1000000.0,818013.9188202227
7.82771688297999e-05,0.00011606036994162331,7.83522868349051,370.65922695856517,0.0,0.019897830913570808,193.86756635797695,1.2840543837426252e-15,0.0,2.438507132179913e-06,64.62583774000964,1.2359625326025414e-12,1.8374424901567978e-14,6.127065997847378e-10,0.0,6.638510013574134e-13,1.6932601200586084,2.8881323907004226e-11,0.00032459646862120593,1000000.0,805357.1190735206
7.832978239139115e-05,0.00011646852633722509,7.679526881261621,368.9475571902559,0.0,0.019689367340463858,191.83651178492363,1.1940152644657533e-15,0.0,2.4129600994297627e-06,63.94878481223552,1.2140962172249547e-12,1.8144586121105387e-14,6.06163366316631e-10,1.5895812253842963e-22,5.3024317333146667e-14,1.6755206715377102,2.6776133364390195e-11,0.000324542068375006,1000000.0,793182.2335077435
7.838239595298239e-05,0.00011686841399295859,7.520945973639696,367.2845585547236,0.0,0.019487941806451452,189.87402608103338,1.1112035065106609e-15,0.0,2.3882755403790327e-06,63.29458934694661,1.1931001853852186e-12,1.7923767032740288e-14,5.998430066829289e-10,0.0,3.052238401845064e-14,1.6583801108763854,2.4862783558196078e-11,0.00032448919549561315,1000000.0,781474.8029430805
7.843500951457365e-05,0.00011725988714532966,7.359700945125993,365.66977180371066,0.0,0.01929340752961786,187.97867956127726,1.03499989071371e-15,0.0,2.3644354721427366e-06,62.66277475800802,1.1729361989157325e-12,1.7711668319034255e-14,5.937405783585632e-10,0.0,2.151503778487642e-13,1.641825951052199,2.312242887695405e-11,0.00032443783683442864,1000000.0,770220.7169245592
7.848762307616489e-05,0.00011764281098315122,7.195993272235226,364.10271570529756,0.0,0.019105618797520964,186.14905291592433,9.648399360207508e-16,0.0,2.3414220423476527e-06,62.05286791789589,1.153567988715685e-12,1.7508000892094234e-14,5.878511994050128e-10,5.0460760465008696e-18,0.0,1.6258457956624077,2.1538170055131828e-11,0.00032438797858329327,1000000.0,759406.2384804552
7.854023663775615e-05,0.00011801706095721617,7.030011693322714,362.5828913781805,0.0,0.018924431493190043,184.38374232055804,9.002091485727974e-16,0.0,2.3192175933965935e-06,61.46440086112338,1.134961155161222e-12,1.7312485987272163e-14,5.821700627198109e-10,1.0499792731161803e-18,0.0,1.6104273835531955,2.009485231071187e-11,0.00032433960641344836,1000000.0,749018.023325635
7.85928501993474e-05,0.00011838252212965296,6.861932946275924,361.10978621939404,0.0,0.018749703541441995,182.6813638232189,8.406386418176437e-16,0.0,2.297804717653587e-06,60.8969122466966,1.1170830723710058e-12,1.712485518495865e-14,5.76692448112759e-10,3.151736565875869e-17,0.0,1.5955586271408295,1.8778883458056085e-11,0.0003242927056003853,1000000.0,739043.1343034146
7.864546376093864e-05,0.00011873908856133513,6.691922477444826,359.68287741847774,0.0,0.018581295298066763,181.04055708717272,7.85701108076449e-16,0.0,2.277166304503662e-06,60.34994860576786,1.0999027964167002e-12,1.6944850374034986e-14,5.714137324535458e-10,0.0,1.3542719999834701e-12,1.5812276450958498,1.7578070707042118e-11,0.00032424726113574394,1000000.0,729469.0516364096
7.86980773225299e-05,0.00011908666273555046,6.520135111050357,358.30163520683345,0.0,0.018419069860893946,179.45998856138115,7.350071215346462e-16,0.0,2.2572855802819004e-06,59.823065398513336,1.083390977529888e-12,1.677222364893506e-14,5.663293981148654e-10,3.5386166003778165e-16,0.0,1.5674227900481947,1.6481473594412284e-11,0.0003242032578274779,1000000.0,720283.6798120546
7.875069088412114e-05,0.00011942515501656248,6.346715707673811,356.9655255639661,0.0,0.018262893380954114,177.93835414215772,6.882017515031063e-16,0.0,2.2381461416298835e-06,59.31582790139732,1.067519776284213e-12,1.6606737203615613e-14,5.614350399073053e-10,0.0,1.2413194207924219e-11,1.554132671796027,1.5479272376832818e-11,0.0003241606803891779,1000000.0,711475.3509862093
7.88033044457124e-05,0.00011975448314013336,6.171799714674807,355.67401348722666,0.0,0.018112635136108737,176.47438139044337,6.449614651985005e-16,0.0,2.2197319838800073e-06,58.82781194630179,1.0522627837697682e-12,1.6448163074804955e-14,5.567263707050211e-10,5.255309735616173e-15,0.0,1.5413461768252592,1.4562650855870617e-11,0.0003241195135200693,1000000.0,703032.8275557488
7.885591800730364e-05,0.00012007457173674133,5.995513870088501,354.4265639582181,0.0,0.017968168043170196,175.06683134703516,6.049912974542183e-16,0.0,2.202027522728622e-06,58.358604525633716,1.0375949455675711e-12,1.629628312572723e-14,5.521992258909037e-10,0.0,1.0429046804121383e-12,1.5290524838377229,1.3723689704801217e-11,0.0003240797419751686,1000000.0,694945.2984605479
7.89085315688949e-05,0.00012038535188600317,5.817976697243799,353.22264465923064,0.0,0.01782936856054686,173.71449999355784,5.680222701456816e-16,0.0,2.1850176136614574e-06,57.90780427934053,1.0234924894861393e-12,1.6150888765733782e-14,5.478495667680327e-10,0.0,1.1799049697313821e-14,1.5172410767588986,1.2955273148402058e-11,0.0003240413506280852,1000000.0,687202.3776794956
7.896114513048614e-05,0.00012068676069805205,5.639298977004109,352.06172839340115,0.0,0.01769611679726095,172.41621941413842,5.338090408019153e-16,0.0,2.168687566599542e-06,57.47502188215476,1.0099328570304228e-12,1.6011780613631855e-14,5.436734831057128e-10,0.0,3.5231983214606966e-14,1.5059017548938125,1.2251004721964209e-11,0.0003240043245266194,1000000.0,679794.1010424946
7.90137586920774e-05,0.00012097874091985682,5.45958426162874,350.94329457191515,0.0,0.017568296623434464,171.1708586981096,5.021277615702173e-16,0.0,2.153023156863719e-06,57.05988034451068,9.968946384571597e-13,1.5878768286011936e-14,5.396671949425137e-10,1.584349907260184e-16,0.0,1.495024640793189,1.1605131794304167e-11,0.0003239686489416283,1000000.0,672710.9203863194
7.906637225366865e-05,0.00012126124056739754,5.2789293803701245,349.8668303220436,0.0,0.017445795804987604,169.97732460788353,4.727741313081615e-16,0.0,2.1380106334329364e-06,56.662015235180135,9.843575112143523e-13,1.5751670226614313e-14,5.358270537181268e-10,0.0,1.0935286379230051e-13,1.4846001860204885,1.1012478447650308e-11,0.00032393430940980757,1000000.0,665943.6963517136
7.911898581525989e-05,0.00012153421258369718,5.097424889627266,348.83183176109355,0.0,0.01732850605286379,168.83456203734374,4.455616247620079e-16,0.0,2.123636724857494e-06,56.28107483407782,9.723021816127367e-13,1.563031345628983e-14,5.32149542809787e-10,0.0,3.1859159143147274e-13,1.4746191751533428,1.0468385552389595e-11,0.0003239012917710566,1000000.0,659483.6910265167
7.917159937685115e-05,0.0001217976145201715,4.915155476658997,347.8378053749817,0.0,0.01721632302185306,167.7415542939035,4.2031988370621464e-16,0.0,2.109888642944936e-06,55.91672022628546,9.607103296301946e-13,1.551453327947455e-14,5.286312775735266e-10,3.4011342770360445e-16,0.0,1.4650727282770823,9.9686573229693e-12,0.00032386958220103896,1000000.0,653322.5604586087
7.922421293844239e-05,0.00012205140823851813,4.732200347848609,346.88426919651033,0.0,0.017109146311500477,166.6973232351942,3.968932558436338e-16,0.0,2.096754084455846e-06,55.56862534761694,9.495645567359941e-13,1.5404173021464952e-14,5.252690049837151e-10,0.0,0.0,1.4559523021915315,9.509513680217659e-12,0.0003238391672394378,1000000.0,647452.346598876
7.927682650003365e-05,0.00012229555963213094,4.548633609778172,345.9707537217307,0.0,0.017006879473790804,165.7009292812976,3.7513946829862233e-16,0.0,2.0842212311767105e-06,55.23647698869588,9.388483365847326e-13,1.5299083790675894e-14,5.220596029329348e-10,0.0,6.384578672197481e-13,1.4472496905112944,9.087547715397973e-12,0.00032381003381430233,1000000.0,641865.4686728264
7.932944006162489e-05,0.00012253003836694984,4.364524628821812,345.0968027524219,0.0,0.016909430011504682,164.75147131760235,3.5492842363126556e-16,0.0,2.0722787486929666e-06,54.91997476257287,9.285459684153952e-13,1.5199124234417055e-14,5.190000792361103e-10,1.9416195965903147e-15,0.0,1.4389570228088955,8.699687759343246e-12,0.000323782169262856,1000000.0,636554.7144180654
7.938205362321614e-05,0.0001227548176410894,4.179938368666591,344.2619741805319,0.0,0.016816709365092997,163.84808650396005,3.3614110729507166e-16,0.0,2.0609157840022223e-06,54.61883104110748,9.186425329983277e-13,1.5104160295669825e-14,5.160875703848654e-10,0.0,1.9966284176728794e-13,1.431066762941397,8.343163542737268e-12,0.0003237555613490985,1000000.0,631513.2312873584
7.94346671848074e-05,0.00012296987396181457,3.994935705398449,343.465840758224,0.0,0.0167286328726871,162.98995000723878,3.1866859641287785e-16,0.0,2.0501219621792943e-06,54.33277086581488,9.091238510219134e-13,1.5014064973938378e-14,5.133193401027007e-10,2.021015540326413e-15,0.0,1.4235717067269873,8.015476068473784e-12,0.0003237301982785808,1000000.0,626734.5177685493
7.951426081595748e-05,0.0001232766857745958,3.7143988453640078,342.33408787315517,0.0,0.016604039338898764,161.77602492659548,2.945157338016417e-16,0.0,2.0348529564787733e-06,53.928108410963574,8.954255030527426e-13,1.4886757146116537e-14,5.094000218945064e-10,0.0,1.5391677500442633e-13,1.4129691548512844,7.569606567087642e-12,0.0003236941700393749,1000000.0,619991.1225941763
7.959385444710756e-05,0.00012356114201643226,3.4332215053725412,341.2885986521478,0.0,0.01648962711730048,160.66129727488115,2.728360711988166e-16,0.0,2.0208316769859196e-06,53.5565134622901,8.825331830900823e-13,1.4769930431416442e-14,5.057964472666326e-10,2.3507629353932744e-14,0.0,1.4032330039591094,7.177755069830043e-12,0.00032366092761283846,1000000.0,613815.1964289561
7.967344807825765e-05,0.00012382319842351689,3.1515701638138154,340.32810911875487,0.0,0.016385152794644715,159.64339558852092,2.5335813427166965e-16,0.0,2.008028294939784e-06,53.217195491376245,8.704062761575471e-13,1.466323018648201e-14,5.02500749371782e-10,5.217966412573348e-20,2.786903693968479e-15,1.3943425414366115,6.834043324504596e-12,0.0003236304362519246,1000000.0,608188.5451063602
7.975304170940773e-05,0.000124062823395465,2.8695970137036766,339.45145051243327,0.0,0.016290392281932187,158.72013664336993,2.35843718060905e-16,0.0,1.9964153492462072e-06,52.9094267195001,8.590071186252298e-13,1.456633312858166e-14,4.995056806154637e-10,0.0,0.0,1.386278698770889,6.533447497882713e-12,0.00032360266373658965,1000000.0,603094.5996642525
7.983263534055781e-05,0.00012427999695177751,2.5874417540280503,338.65755499806136,0.0,0.01620514040506376,157.88952146720078,2.2008366373354998e-16,0.0,1.9859676964024396e-06,52.63254078839696,8.483007674399729e-13,1.4478945870882102e-14,4.968045969183943e-10,4.83736670572874e-15,0.0,1.3790240167222392,6.271682002980583e-12,0.00032357758039293,1000000.0,598518.3609419491
7.99122289717079e-05,0.00012447470980228676,2.3052332819329493,337.9454626406291,0.0,0.016129210492870992,157.14973135653236,2.0589415931866184e-16,0.0,1.9766624603673703e-06,52.38593143246737,8.382547874577352e-13,1.4400803580310743e-14,4.943914422505296e-10,0.0,1.528434605809848e-14,1.372562610537746,6.0451027566762706e-12,0.00032355515910196213,1000000.0,594446.3512228004
7.999182260285798e-05,0.00012464696253732392,2.02309129398491,337.314330463876,0.0,0.016062433969424573,156.49912391950627,1.931135228494228e-16,0.0,1.968478982810899e-06,52.16905115966843,8.288390552925963e-13,1.4331668761214196e-14,4.922607334770972e-10,2.3383561512646418e-15,0.0,1.3668801353907494,5.85062697698665e-12,0.0003235353752979391,1000000.0,590866.5742554147
7.99926437110628e-05,0.00012464862251950902,2.020181388918137,337.30823883715937,0.0,0.0160617922452867,156.49287156887524,1.929885038145643e-16,0.0,1.968400339426176e-06,52.16696693585946,8.287451051244544e-13,1.4331001729933617e-14,4.922402067922369e-10,0.0,2.398235668771136e-15,1.3668255266896376,5.848778570274642e-12,0.0003235351848689301,1000000.0,590832.1714830995
7.99934648192676e-05,0.00012465028011235583,2.017271503020601,337.30215574869527,0.0,0.016061151478934995,156.48662855005668,1.9286361927837418e-16,0.0,1.9683218134189227e-06,52.164885822814256,8.286512190044185e-13,1.4330335634349112e-14,4.922197096326247e-10,1.730950838187946e-15,2.9924626691579236e-16,1.3667709994935777,5.846933301455829e-12,0.00032353499471822673,1000000.0,590797.8199510297
7.999649320362551e-05,0.00012465637293547334,2.006539519457693,337.2797911402367,0.0,0.01605879650333865,156.46368390492896,1.9240418461538146e-16,0.0,1.9680332108345888e-06,52.15723721535676,8.283055045321839e-13,1.4327887046671632e-14,4.921443678540963e-10,1.7519254492569456e-14,0.0,1.3665705985017205,5.8401545132939004e-12,0.00032353429581632385,1000000.0,590671.563350932
7.999952158798342e-05,0.00012466243325840473,1.995807790290445,337.25753516704265,0.0,0.016056454546124622,156.4408661001541,1.9194657014316614e-16,0.0,1.967746203676646e-06,52.14963089018617,8.279606594073205e-13,1.4325451165095693e-14,4.920694273717005e-10,2.080334150568095e-14,0.0,1.3663713053471416,5.833417347930737e-12,0.0003235336006986658,1000000.0,590545.9899346088
8.000254997234133e-05,0.00012466846108192745,1.9850763213041545,337.2353878862711,0.0,0.016054125599578972,156.4181750603407,1.9149076854015722e-16,0.0,1.967460790995197e-06,52.142066822170726,8.276166821662647e-13,1.4323027971018642e-14,4.919948879324654e-10,1.1873611484452207e-14,0.0,1.366173119371345,5.826721119011886e-12,0.00032353290936413994,1000000.0,590421.0993354616
8.000557835669923e-05,0.00012467445640683896,1.9743451198820143,337.2133502301919,0.0,0.01605180965605651,156.39561071044176,1.9103677251465936e-16,0.0,1.967176971845106e-06,52.1345449862935,8.272735713493765e-13,1.4320617447682923e-14,4.91920749284529e-10,8.665286012025043e-15,7.458323483918381e-16,1.3659760399188234,5.820065575982591e-12,0.0003235322218116383,1000000.0,590296.8927289365
8.000860674105715e-05,0.00012468041923395848,1.9636141914609166,337.19142205121324,0.0,0.016049506707863787,156.37317297574808,1.9058457481202536e-16,0.0,1.9668947452867004e-06,52.12706535765013,8.269313254993962e-13,1.4318219580816327e-14,4.918470111770849e-10,2.0450327438699515e-15,1.3083614485258075e-15,1.3657800663370734,5.813450705760112e-12,0.0003235315380400559,1000000.0,590173.3693920686
8.001163512541506e-05,0.0001246863495641218,1.9528835405146707,337.16960268132095,0.0,0.01604721674736052,156.3508617819069,1.9013416821487515e-16,0.0,1.9666141103851633e-06,52.1196279114551,8.265899431630003e-13,1.431583435695712e-14,4.917736733604747e-10,0.0,1.8099747175043904e-15,1.3655851979767006,5.806876378426781e-12,0.0003235308580482929,1000000.0,590050.5276889909
8.001466350977296e-05,0.0001246922473981776,1.9421531722483731,337.1478918782875,0.0,0.016044939766916556,156.32867705493564,1.8968554553824272e-16,0.0,1.966335066209616e-06,52.11223262304627,8.262494228922144e-13,1.431346176234659e-14,4.917007355862573e-10,0.0,1.276169219233474e-15,1.3653914341915552,5.800342324027865e-12,0.0003235301818352561,1000000.0,589928.366735793
8.001769189413087e-05,0.00012469811273698976,1.9314230926925684,337.12628985328064,0.0,0.01604267575902447,156.30661872121243,1.8923869962646776e-16,0.0,1.9660576118356164e-06,52.10487946788175,8.259097632434644e-13,1.4311101783302672e-14,4.916281976071693e-10,7.803199647746135e-15,2.984474862734359e-15,1.3651987743385883,5.793848331916694e-12,0.0003235295093998593,1000000.0,589806.8864484907
8.002072027848879e-05,0.00012470394558144058,1.9206933078000354,337.1047967872818,0.0,0.016040424716117573,156.28468670746372,1.8879362335733006e-16,0.0,1.965781746341085e-06,52.09756842153581,8.255709627769363e-13,1.4308754407458224e-14,4.915560591770559e-10,0.0,0.0,1.3650072177778458,5.787394359696896e-12,0.00032352884074102,1000000.0,589686.0866921484
8.002374866284669e-05,0.0001247097459324314,1.9099638230924125,337.0834126122376,0.0,0.01603818663083108,156.26288094076162,1.883503096468881e-16,0.0,1.965507468810103e-06,52.090299459697874,8.252330200557603e-13,1.4306419623673513e-14,4.914843200508593e-10,2.325769776679908e-14,8.680651278720099e-15,1.364816763872299,5.7809803882597994e-12,0.0003235281758576588,1000000.0,589565.9668961692
8.00267770472046e-05,0.00012471551379088014,1.899234643830833,337.06213716746737,0.0,0.01603596149539566,156.24120134853257,1.8790875144860028e-16,0.0,1.9652347783246093e-06,52.08307255817553,8.248959336481828e-13,1.4304097420837578e-14,4.914129799846632e-10,0.0,0.0,1.364627411988265,5.774606280665018e-12,0.0003235275147487023,1000000.0,589446.5263295618
8.002980543156251e-05,0.00012472124915772023,1.8885057755606742,337.04097037300414,0.0,0.016033749302888246,156.21964785856085,1.8746894174858022e-16,0.0,1.964963673984721e-06,52.075887692895634,8.24559702124723e-13,1.4301787787486454e-14,4.913420387357147e-10,9.690461328748577e-14,3.033974433559495e-14,1.3644391614947258,5.768271842011536e-12,0.00032352685741308317,1000000.0,589327.7644057194
8.00353170327309e-05,0.00012473160403943847,1.8689802574527812,337.0027257907749,0.0,0.016029756342913377,156.18074428559146,1.8667296069842433e-16,0.0,1.964474336616473e-06,52.062919169883365,8.239499563528055e-13,1.4297616518502906e-14,4.912139496680755e-10,0.0,0.0,1.3640993735156715,5.756844670541665e-12,0.00032352567075442847,1000000.0,589113.3596299094
8.004082863389928e-05,0.00012474185130725336,1.8494558199724862,336.9648405855145,0.0,0.016025806184765866,156.14225773688798,1.8588270634033289e-16,0.0,1.9639902446369344e-06,52.05008966209187,8.23343028980598e-13,1.429348678234204e-14,4.910871793682848e-10,2.535313094001296e-13,6.075549541065616e-14,1.3637632278712843,5.7455478556352954e-12,0.00032352449658443856,1000000.0,588901.1977268191
8.004634023506767e-05,0.00012475199096721384,1.8299324980514335,336.92731485011467,0.0,0.016021898785177915,156.10418778610597,1.8509813723000314e-16,0.0,1.9635113928025965e-06,52.03739902739909,8.227389114819418e-13,1.4289398515683103e-14,4.909617264019245e-10,7.222290306883404e-13,1.5483589298519012e-13,1.363430720837566,5.7343807899429e-12,0.00032352333489680564,1000000.0,588691.2762313287
8.005185183623605e-05,0.0001247620230255569,1.8104103247228125,336.89014864304244,0.0,0.016018034098756254,156.06653401073436,1.8431921229522238e-16,0.0,1.963037775769429e-06,52.024847124960765,8.221375953953374e-13,1.428535165703229e-14,4.908375893468866e-10,9.495471375982011e-14,2.101625492603701e-14,1.363101848725356,5.72334280912224e-12,0.00032352218568528456,1000000.0,588483.5926432261
8.005736343740444e-05,0.00012477194748870547,1.7908893326582542,336.8533416240659,0.0,0.016014212087863917,156.0292959920952,1.8354589083542825e-16,0.0,1.9625693882823817e-06,52.01243381521039,8.215390722946134e-13,1.4281346147755135e-14,4.907147667933555e-10,8.917335079388437e-13,1.0882742799193971e-13,1.362776607874989,5.712433232600554e-12,0.00032352104894368017,1000000.0,588278.1437878517
8.006287503857283e-05,0.00012478176436325837,1.7713695527736908,336.8168933138714,0.0,0.016010432702692767,155.9924733153722,1.8277813250888166e-16,0.0,1.962106225015864e-06,52.00015895986881,8.209433338142868e-13,1.4277381929284964e-14,4.905932573439334e-10,3.643638633789133e-14,4.899685087427358e-15,1.362454994667275,5.701651386196773e-12,0.0003235199246658589,1000000.0,588074.9262725746
8.006838663974121e-05,0.00012479147365598416,1.7518510165430239,336.78080337490826,0.0,0.016006695905869665,155.95606556962588,1.8201589732188324e-16,0.0,1.9616482807318303e-06,51.98802242194915,8.203503716263491e-13,1.4273458942410627e-14,4.904730596137141e-10,0.0,0.0,1.3621370055104949,5.690996593173413e-12,0.000323518812845744,1000000.0,587873.9369799139
8.007804608204741e-05,0.00012480823035879643,1.7176465991518466,336.7184168846296,0.0,0.01600024951858755,155.89325820699727,1.806932327375556e-16,0.0,1.9608582762467623e-06,51.96708556023037,8.193178380102496e-13,1.4266682926406033e-14,4.902655649795686e-10,0.0,0.0,1.3615884392685222,5.6726278134747994e-12,0.00032351689433828776,1000000.0,587527.0554831213
8.008504811970764e-05,0.0001248201705867762,1.6928546945628091,336.6738806668721,0.0,0.015995658164430226,155.8485244998144,1.7974485559229218e-16,0.0,1.9602956061164086e-06,51.95217355943511,8.185746541928609e-13,1.426184994214241e-14,4.901176661153072e-10,0.0,0.0,1.3611977302716847,5.6595531991553624e-12,0.00032351552752238685,1000000.0,587279.8689991033
8.009205015736789e-05,0.0001248319372286306,1.668065009827522,336.62992161746877,0.0,0.01599113527717513,155.80445787004754,1.788051385833641e-16,0.0,1.9597413267550446e-06,51.93748392918723,8.178358977074742e-13,1.425708313164166e-14,4.89971875525793e-10,0.0,0.0,1.3608128476002301,5.646679557678622e-12,0.0003235141807741874,1000000.0,587036.2606507423
8.009905219502812e-05,0.00012484353030013673,1.6432776092402737,336.58653909491693,0.0,0.01598668077449612,155.7610575154486,1.7787400335753718e-16,0.0,1.9591954280116244e-06,51.923016402056966,8.171015519045445e-13,1.4252382382347962e-14,4.898281905010272e-10,1.611784379974629e-13,1.9086261272673532e-14,1.3604337842472436,5.634005640278566e-12,0.0003235128540818148,1000000.0,586796.2244059518
8.010605423268835e-05,0.00012485494981751772,1.6184925564134756,336.543732471329,0.0,0.015982294573789003,155.7183226437197,1.769513724324501e-16,0.0,1.9586578998270724e-06,51.90877071393146,8.163716002464978e-13,1.42477475816871e-14,4.89686608362976e-10,3.222802799649149e-14,3.459057948812629e-15,1.3600605332934006,5.6215301522383865e-12,0.0003235115474335435,1000000.0,586559.7543233333
8.011305627034858e-05,0.00012486619579743884,1.593709916672616,336.50150125977683,0.0,0.015977976596679995,155.6762524725019,1.760371691799152e-16,0.0,1.958128732421058e-06,51.89474660401104,8.156460262803127e-13,1.4243178617575887e-14,4.89547126465542e-10,5.409533767915513e-13,5.3316872002118396e-14,1.3596930879044806,5.609251844726389e-12,0.0003235102608177891,1000000.0,586326.844775013
8.012005830800881e-05,0.00012487726825700785,1.5689297514949887,336.4598451110192,0.0,0.01597372675734396,155.63484622934803,1.7513131782183884e-16,0.0,1.9576079158109368e-06,51.880943814800105,8.149248137038856e-13,1.4238675378542604e-14,4.894097421944405e-10,0.0,0.0,1.3593314413372533,5.59716955511536e-12,0.000323508994223131,1000000.0,586097.4904403258
8.012706034566905e-05,0.000124888167213782,1.544152126497057,336.41876355649305,0.0,0.015969544983341893,155.59410315167068,1.7423374342736525e-16,0.0,1.957095440535687e-06,51.867362092089806,8.142079462628056e-13,1.4234237756338427e-14,4.892744529670031e-10,0.0,0.0,1.3589755869281483,5.585282139398814e-12,0.0003235077476382714,1000000.0,585871.6858553574
8.013406238332929e-05,0.00012489889268577905,1.5193771082120948,336.3782560542996,0.0,0.015965431199395835,155.55402248667582,1.7334437190253063e-16,0.0,1.956591297371002e-06,51.85400118493592,8.134954077900658e-13,1.4229865645379055e-14,4.891412562319665e-10,4.845374374773247e-14,3.824611428721289e-15,1.358625518101154,5.573588418205278e-12,0.00032350652105204953,1000000.0,585649.4254933012
8.014106442098952e-05,0.00012490944469147514,1.4946047602591699,336.3383221104799,0.0,0.015961385328588058,155.51460349134595,1.7246312997616812e-16,0.0,1.9560954769817005e-06,51.840860845653225,8.1278718225453e-13,1.4225558940888867e-14,4.890101494694286e-10,0.0,1.7495715624737332e-15,1.3582812283670191,5.5620872254265726e-12,0.00032350531445346075,1000000.0,585430.703976633
8.014806645864975e-05,0.00012491982324978836,1.4698351443312723,336.29896129171976,0.0,0.015957407293926962,155.47584543247638,1.715899451896402e-16,0.0,1.9556079700047674e-06,51.82794082982764,8.120832537486698e-13,1.4221317538216386e-14,4.888811301909521e-10,1.2899383810253762e-17,1.7608602463979968e-15,1.3579427113227602,5.550777451783681e-12,0.0003235041278316537,1000000.0,585215.5160992526
8.015506849630998e-05,0.0001249300283800672,1.4450683226086682,336.2601731684895,0.0,0.01595349702017122,155.4377475866943,1.707247458905648e-16,0.0,1.9551287672644462e-06,51.815240896322514,8.113836064574943e-13,1.4217141333601166e-14,4.887541959396053e-10,9.786505207818856e-18,1.768687041149521e-15,1.357609960650875,5.5396580187436775e-12,0.00032350296117591906,1000000.0,585003.8567268891
8.016573899732139e-05,0.0001249452466408178,1.4073313394651712,336.20216375082447,0.0,0.015947668247336514,155.38095781363342,1.6942145401116577e-16,0.0,1.954414453405984e-06,51.79631000070754,8.103256021428604e-13,1.4210902311784684e-14,4.885647633702466e-10,0.0,1.7598467235201569e-15,1.3571139526818166,5.523076569857711e-12,0.00032350122166646607,1000000.0,584688.0803011099
8.01821053444328e-05,0.00012496780595295072,1.34946398952991,336.1157679738004,0.0,0.01593903297829996,155.29682443007064,1.6745762462894554e-16,0.0,1.953356205372276e-06,51.768264100606906,8.087219642126402e-13,1.4201625885989618e-14,4.882835916216198e-10,0.0,1.7473810144977268e-15,1.3563791226888755,5.498489581650291e-12,0.0003234986435856551,1000000.0,584219.6036627156
8.019847169154422e-05,0.0001249894183253531,1.291613562484731,336.03248909067764,0.0,0.015930766018018953,155.21627955222206,1.6553558202958087e-16,0.0,1.952343094194666e-06,51.74141443045007,8.071413034401763e-13,1.4192703026711321e-14,4.880137482321325e-10,0.0,1.6184702201268402e-15,1.3556756350906918,5.474914774843494e-12,0.00032349617431233176,1000000.0,583770.272214595
8.021483803865563e-05,0.00012501008404143546,1.2337808490176365,335.95232147615883,0.0,0.015922866508036912,155.13931475334138,1.636544756788004e-16,0.0,1.95137501433505e-06,51.7157581811775,8.055834259011276e-13,1.4184132534466642e-14,4.877552044222128e-10,0.0,1.603799261883634e-15,1.355003416283792,5.452339669214702e-12,0.00032349381372163456,1000000.0,583340.0255194515
8.023120438576704e-05,0.00012502980339749436,1.175966628540469,335.8752597115943,0.0,0.01591533361299206,155.06592189429335,1.6181347698699872e-16,0.0,1.9504518634214067e-06,51.6912926396049,8.040481405926253e-13,1.4175913248969842e-14,4.875079323319813e-10,0.0,1.6708439772830587e-15,1.3543623951800707,5.4307523382597026e-12,0.000323491561692977,1000000.0,582928.8054007181
8.024757073287846e-05,0.00012504857670253886,1.1181716722705002,335.80129853575784,0.0,0.01590816652386554,154.9960931226749,1.600117787439674e-16,0.0,1.949573542471498e-06,51.66801518813028,8.025352593541066e-13,1.4168044046427727e-14,4.872719050178102e-10,2.9048794121771217e-20,1.6736935044001138e-15,1.3537525031973767,5.410141388685955e-12,0.00032348941811002695,1000000.0,582536.5558460325
8.027323776384927e-05,0.0001250761140487514,1.0275735745275734,335.6915385186168,0.0,0.015897661355655773,154.89374165121407,1.5726347964706682e-16,0.0,1.9482861442676613e-06,51.63389628047622,8.002073126602932e-13,1.4156405367125366e-14,4.869243316016113e-10,0.0,1.648284908105485e-15,1.352858554464411,5.379758068957217e-12,0.0003234862745005966,1000000.0,581959.4743970209
8.029890479482009e-05,0.0001251013266744325,0.9370276812984057,335.58937228407547,0.0,0.015888051131563094,154.80010976848482,1.5460697884060466e-16,0.0,1.94710842284573e-06,51.60268405152602,7.979333119020866e-13,1.4145621062704636e-14,4.866042551049589e-10,0.0,1.6295412493371596e-15,1.3520407635550773,5.3517101029581785e-12,0.0003234833969279071,1000000.0,581428.72092701
8.032457182579093e-05,0.00012512421595700654,0.8465369048195086,335.49478105899914,0.0,0.015879333175151084,154.71517140660214,1.520394616696323e-16,0.0,1.9460400502635512e-06,51.57436981153884,7.957125713484981e-13,1.4135687372277535e-14,4.863115850659613e-10,0.0,1.6120746925721156e-15,1.3512989027900775,5.325961028863086e-12,0.0003234807850057407,1000000.0,580944.1097253875
8.035023885676175e-05,0.0001251447833483364,0.7561041358398874,335.40774672896464,0.0,0.015871504985890607,154.63890219805253,1.4955822706914587e-16,0.0,1.9450807200639186e-06,51.5489454375934,7.935444208938867e-13,1.4126600767753506e-14,4.860462364384082e-10,1.2514582925360994e-20,1.6003533058763616e-15,1.3506327593406182,5.302477301089216e-12,0.00032347843837305615,1000000.0,580505.4673390758
8.041295076585502e-05,0.00012518527808579995,0.5354128558743364,335.22677767914985,0.0,0.015856107139652933,154.48888368772583,1.438428796747089e-16,0.0,1.9431937552787897e-06,51.49893670170724,7.884641797445815e-13,1.4107942772898304e-14,4.855123560346135e-10,9.970146024634954e-21,1.5641688741241717e-15,1.3493224815796054,5.254443943781657e-12,0.000323473818770244,1000000.0,579626.1273366034
8.047566267494829e-05,0.00012521194533013317,0.3151265621822709,335.09058080259484,0.0,0.015845977789026282,154.390197046585,1.3859213461892768e-16,0.0,1.941952453324772e-06,51.46603946678498,7.836848238999022e-13,1.4094279948009328e-14,4.851400840146371e-10,2.283442823779621e-20,1.5405258292997887e-15,1.348460541872071,5.2193788129092715e-12,0.00032347077662551077,1000000.0,579018.2230665608
8.053837458404155e-05,0.0001252248117786072,0.09528654955660047,334.99894234092386,0.0,0.015841093369279698,154.3426126410463,1.3377419603072261e-16,0.0,1.9413539262433755e-06,51.45017718437107,7.791976652095648e-13,1.4085577714121679e-14,4.849285792812212e-10,1.7594652960212664e-20,1.5251259801382577e-15,1.3480449345705354,5.196997812123142e-12,0.00032346930852958887,1000000.0,578680.1294790561
8.060108649313482e-05,0.00012522390671802926,-0.12406583635070353,334.951672010842,0.0,0.01584143630312499,154.34595921692332,1.2936039279817197e-16,0.0,1.941396020073603e-06,51.45129276680752,7.749944814671905e-13,1.408180925214245e-14,4.848771854010878e-10,0.0,1.5153030326451798e-15,1.3480741639217395,5.187107719915747e-12,0.0003234694119274086,1000000.0,578610.639778159
8.066379840222809e-05,0.00012520926203465153,-0.3428888783104487,334.9486026420251,0.0,0.01584699493294398,154.40012323152473,1.253249017601879e-16,0.0,1.942077306506925e-06,51.46934836458834,7.710674863253348e-13,1.4082955383794694e-14,4.849854280293445e-10,0.0,1.5146348116996644e-15,1.3485472382327004,5.189603615849869e-12,0.0003234710850996167,1000000.0,578808.959926809
8.072651031132136e-05,0.0001251809122481265,-0.5611401997886553,334.98958976275617,0.0,0.015857763459438866,154.50504822008162,1.2164452616236107e-16,0.0,1.943397075177613e-06,51.50432515515787,7.674093013342295e-13,1.4089004467655606e-14,4.852530124668417e-10,2.1250568288893351e-19,1.5210118901920284e-15,1.349463664335097,5.2044672173754966e-12,0.0003234743271443669,1000000.0,579274.703848334
8.078922222041462e-05,0.00012513889456386876,-0.7787764809729274,335.07451118791624,0.0,0.015873741883220514,154.66073421363296,1.1829850290391327e-16,0.0,1.945355326435667e-06,51.556223148862664,7.6401292926815e-13,1.409995230555057e-14,4.856798213852791e-10,1.2669893005772844e-19,1.5373860914994365e-15,1.3508234425003183,5.23176618946204e-12,0.0003234791379580437,1000000.0,580007.8894670448
8.085193412950789e-05,0.00012508324894189258,-0.9957531684745613,335.20326659574266,0.0,0.015894935950047928,154.86723721131915,1.152683283132833e-16,0.0,1.9479527646683467e-06,51.62506101304021,7.608717283391866e-13,1.4115802065790519e-14,4.862659127209936e-10,3.21525583585516e-19,1.5587562512012297e-15,1.3526270618307188,5.271654403571228e-12,0.00032348551821450276,1000000.0,581008.9355602908
8.091464603860116e-05,0.00012501401818305904,-1.2120241784346661,335.37577706821816,0.0,0.015921357100611388,155.12466869903278,1.1253760343919964e-16,0.0,1.9511907921897715e-06,51.710875911561054,7.579793872274262e-13,1.4136564222022304e-14,4.870115177115103e-10,5.929804916331622e-20,1.5916471443323044e-15,1.3548754960558789,5.324373173463274e-12,0.00032349346934281657,1000000.0,582278.6593344613
8.097735794769443e-05,0.0001249312480340284,-1.4275415959588875,335.5919845843421,0.0,0.015953022424585593,155.433195204538,1.1009190134304444e-16,0.0,1.955071503626292e-06,51.81372335652758,7.553299009118084e-13,1.4162256504988577e-14,4.879170390441075e-10,3.901983580358297e-19,1.6293501102363022e-15,1.3575701996471068,5.3902534300527265e-12,0.0003235029935035851,1000000.0,583818.2746564497
8.10400698567877e-05,0.00012483498731148684,-1.642255371441564,335.8518514662495,0.0,0.015989954617991617,155.79303788127118,1.0791865623454271e-16,0.0,1.9595976806882997e-06,51.93367706953383,7.529175472157807e-13,1.4192903867158611e-14,4.889830490903913e-10,9.935234091847285e-20,1.6804666368261295e-15,1.3607131041822593,5.4697188677795445e-12,0.00032351409356374384,1000000.0,585629.3908993205
8.110278176588098e-05,0.0001247252880457532,-1.856113012104093,336.1553597787578,0.0,0.01603218194284927,156.20447211411246,1.060070726273341e-16,0.0,1.964772787220959e-06,52.07082885024922,7.507368639296613e-13,1.4228538459783547e-14,4.902102882029793e-10,3.7848388586495267e-19,1.7380355156418387e-15,1.3643066149024392,5.563290104334437e-12,0.00032352677306969624,1000000.0,587714.0123665693
8.111968016027616e-05,0.0001246934370239041,-1.9135857485856076,336.24460728845764,0.0,0.016044470444293267,156.32420278658378,1.0553551575815652e-16,0.0,1.9662787848644562e-06,52.110741122067196,7.501881983658366e-13,1.4238998495971497e-14,4.905686702113889e-10,9.975228563779891e-23,1.7563833346597806e-15,1.3653523554381917,5.59099449420394e-12,0.00032353046036808853,1000000.0,588322.8161080325
8.113657855467135e-05,0.00012466061537139267,-1.9709912106331984,336.33702380028393,0.0,0.016057146572727738,156.44771019073713,1.0508213070246132e-16,0.0,1.9678322870353805e-06,52.15191236903702,7.496558741902016e-13,1.4249824325330045e-14,4.909388436248135e-10,2.993930233690537e-20,1.7748336263329422e-15,1.3664310823535661,5.619781260627913e-12,0.0003235342627399328,1000000.0,588951.7026622343
8.114737882457014e-05,0.00012463913017364949,-2.007644998725119,336.39775006672636,0.0,0.01606545165640574,156.52862914710465,1.0480180819074834e-16,0.0,1.968850102730322e-06,52.178886738387796,7.49324164243942e-13,1.425693545417812e-14,4.911816184547226e-10,0.0,1.787310582539112e-15,1.3671378371979175,5.638753125181964e-12,0.00032353675326883893,1000000.0,589364.187196857
8.115210548186054e-05,0.0001246296028318293,-2.0236773935029864,336.42473046530836,0.0,0.016069136275231988,156.5645295045021,1.0468143356968955e-16,0.0,1.9693016649952553e-06,52.19085413816334,7.491810746578808e-13,1.42600947663392e-14,4.912893863611414e-10,0.0,1.792747460628046e-15,1.367451394770132,5.64719756581148e-12,0.0003235378580359608,1000000.0,589547.293502798
8.115683213915093e-05,0.0001246199997231619,-2.0397043737074325,336.45194811163503,0.0,0.016072851336862072,156.6007264726397,1.0456245878014252e-16,0.0,1.969756958092621e-06,52.20292041325836,7.490392489112479e-13,1.4263282819794416e-14,4.913980799591209e-10,0.0,1.7983045191860683e-15,1.3677675429723668,5.6557274769882146e-12,0.00032353897182036025,1000000.0,589731.9603376031
8.115969466501196e-05,0.00012461414712789016,-2.049407885961086,336.46854410851,0.0,0.0160751160355051,156.6227921145931,1.0449108535737799e-16,0.0,1.970034504389653e-06,52.210276004614705,7.489539709586028e-13,1.4265227521002822e-14,4.914643564987169e-10,4.4412983451519936e-21,1.80170191758827e-15,1.3679602666559703,5.660934357055916e-12,0.0003235396507278579,1000000.0,589844.5514469215
8.116255719087298e-05,0.0001246082667589211,-2.0591094018635028,336.48522499261964,0.0,0.016077391909982468,156.6449666450935,1.0442022351165719e-16,0.0,1.9703134203097875e-06,52.21766789401563,7.488691553181025e-13,1.4267182763063274e-14,4.915309728375581e-10,0.0,1.8051209156588376e-15,1.368153941383823,5.666171999258192e-12,0.00032354033294384647,1000000.0,589957.7118771697
8.116541971673401e-05,0.0001246023586219759,-2.068808915483403,336.5019910506193,0.0,0.016079678964267485,156.66725010285575,1.0434987254970367e-16,0.0,1.9705937063399906e-06,52.22509609436676,7.487848015315962e-13,1.4269148546672372e-14,4.915979290849089e-10,0.0,1.80856425972065e-15,1.368348567494065,5.67144043889972e-12,0.00032354101846879984,1000000.0,590071.4424068291
8.116828224259504e-05,0.00012459642272279385,-2.0785064211568716,336.5188424040663,0.0,0.016081977202356434,156.6896425268188,1.0428003178729683e-16,0.0,1.970875362970043e-06,52.23256061864841,7.487009091410198e-13,1.4271124873899305e-14,4.916652253507016e-10,0.0,1.812031517033831e-15,1.3685441453267928,5.676739793315731e-12,0.0003235417073031953,1000000.0,590185.7435251401
8.117114476845607e-05,0.00012459045906713101,-2.0882019134577967,336.53577903182105,0.0,0.016084286628269107,156.71214395615058,1.0421070054946665e-16,0.0,1.971158390692608e-06,52.24006147991721,7.486174776888144e-13,1.4273111747576337e-14,4.917328617455631e-10,-2.5004325321416353e-36,1.8155216208740094e-15,1.3687406752241034,5.6820701621921765e-12,0.0003235423994475128,1000000.0,590300.6154714108
8.11764006389289e-05,0.00012457943697708206,-2.1059985015217433,336.5670983434432,0.0,0.016088556097378817,156.75374267174945,1.0408472619939345e-16,0.0,1.9716816281085083e-06,52.25392842988149,7.48465488198349e-13,1.427678730692433e-14,4.918579345721893e-10,0.0,1.821995305190507e-15,1.369104002868067,5.691938198406783e-12,0.00032354367891004247,1000000.0,590513.0185330815
8.118165650940175e-05,0.00012456832136843125,-2.1237882496051697,336.5987050923444,0.0,0.016092863322287012,156.79570925022094,1.0396046326006578e-16,0.0,1.972209492581186e-06,52.26791800709464,7.483150482874759e-13,1.4280498453200387e-14,4.91984155129061e-10,0.0,1.8285494716032645e-15,1.3694705434658185,5.701911421990554e-12,0.0003235449695357689,1000000.0,590727.3485935866
8.118691237987459e-05,0.00012455711227721923,-2.1415711236514756,336.63059921005913,0.0,0.016097208328507008,156.83804394016065,1.0383790773469617e-16,0.0,1.972741987237529e-06,52.28203029442613,7.481661551472522e-13,1.4284245211103662e-14,4.921115241198569e-10,0.0,1.8351859045316857e-15,1.369840299188619,5.711990267166254e-12,0.0003235462713277266,1000000.0,590943.6072848467
8.119216825034743e-05,0.00012454580973966545,-2.1593470891962245,336.6627807641668,0.0,0.016101591141824297,156.88074699281617,1.037170557022959e-16,0.0,1.9732791152377833e-06,52.29626537562944,7.480188059785546e-13,1.428802760706374e-14,4.922400422564047e-10,0.0,1.841905404281067e-15,1.370213272230892,5.722175204818062e-12,0.00032354758428897743,1000000.0,591161.7964964334
8.119742412082028e-05,0.0001245344137921707,-2.177116111484409,336.69524988735054,0.0,0.016106011788295765,156.92381866207944,1.0359790332021696e-16,0.0,1.973820879775454e-06,52.31062333533954,7.478729979915781e-13,1.429184566902091e-14,4.923697102586428e-10,3.992570471408164e-20,1.848712019486359e-15,1.370589464810156,5.732466725915174e-12,0.0003235489084226109,1000000.0,591381.9182506335
8.120267999129312e-05,0.00012452292447131906,-2.1948781556178285,336.728006691526,0.0,0.016110470294249127,156.96725920448102,1.034804468261913e-16,0.0,1.9743672840772384e-06,52.32510425907104,7.477287284054063e-13,1.429569942633984e-14,4.925005288545942e-10,5.0191525249194484e-20,1.8556005137599997e-15,1.3709688791669774,5.7428653247118995e-12,0.00032355024373174413,1000000.0,591603.9745509574
8.121316642045242e-05,0.00012449972231092036,-2.2302957133280232,336.7942223775539,0.0,0.01611947906347213,157.05503429906463,1.0325115227789099e-16,0.0,1.975471337724333e-06,52.354364125083904,7.474454696947621e-13,1.4303495160623258e-14,4.927649769116307e-10,8.828935820992615e-22,1.8695938957141173e-15,1.3717355162579388,5.763934343514164e-12,0.0003235529413239413,1000000.0,592052.8058281969
8.122365284961171e-05,0.00012447614889474538,-2.265685072774101,336.86158405323044,0.0,0.016128638862683082,157.14428091172726,1.030285658743106e-16,0.0,1.9765939004361035e-06,52.38411452228957,7.471683020458627e-13,1.431143336131635e-14,4.930340140822337e-10,6.474340098118089e-22,1.88393652987295e-15,1.3725150057456441,5.785435526709843e-12,0.0003235556834410042,1000000.0,592509.3614516101
8.123413927877101e-05,0.0001244522045197833,-2.3010459511728056,336.9300922584668,0.0,0.016137949910714683,157.23500117471775,1.0281266049290466e-16,0.0,1.977734999032425e-06,52.41435616147412,7.46897203689273e-13,1.4319514285953554e-14,4.933076464390838e-10,4.81460507115077e-22,1.898630468068747e-15,1.3733073662533832,5.807372911969846e-12,0.0003235584701086279,1000000.0,592973.657356309
8.125163047609471e-05,0.0001244114410907253,-2.3599631811205795,337.04691540358925,0.0,0.016153817739177814,157.38960604174494,1.0246733058041783e-16,0.0,1.979679651648447e-06,52.46589376124211,7.464584617492366e-13,1.4333311434813957e-14,4.937743024029536e-10,3.7438164408738056e-22,1.9239386615100404e-15,1.3746577017451398,5.844945978336601e-12,0.0003235632174260586,1000000.0,593765.3624190816
8.127896506439299e-05,0.00012434567587048332,-2.4518733289921513,337.2358785970919,0.0,0.01617946181232157,157.6394636444571,1.0196448260486914e-16,0.0,1.982822413258066e-06,52.54918390194291,7.458062688564625e-13,1.435567275680058e-14,4.945292809871632e-10,4.1475996130532107e-22,1.965554686606533e-15,1.3768399848473398,5.906164120809145e-12,0.00032357088500368933,1000000.0,595046.006488278
8.130629965269125e-05,0.0001242774011123758,-2.54357946200242,337.4326508570064,0.0,0.016206141904832,157.89941541460692,1.015062067454156e-16,0.0,1.9860921414341236e-06,52.6358389377572,7.451945497531919e-13,1.4379013781388305e-14,4.953157145990786e-10,5.34270504951618e-22,2.0097986454736213e-15,1.3791104314906848,5.970501115115009e-12,0.00032357885625979786,1000000.0,596379.8459626063
8.133363424098952e-05,0.00012420662245745553,-2.6350761968590852,337.63724130606624,0.0,0.016233862429228432,158.16950434651903,1.0109217573604541e-16,0.0,1.9894893769683007e-06,52.72587320086178,7.446229349660569e-13,1.440333980124189e-14,4.961337267761811e-10,5.589523357530924e-22,2.0568028155101415e-15,1.3814694171922173,6.038039927339379e-12,0.00032358713169960344,1000000.0,597767.1979720589
8.136096882928778e-05,0.00012413334570216022,-2.726357994629981,337.84965897364236,0.0,0.016262627991407624,158.44977531870836,1.0072212112434021e-16,0.0,1.9930146843520194e-06,52.819301651529116,7.440910602430544e-13,1.4428656360701755e-14,4.969834467935643e-10,0.0,2.106709131681715e-15,1.3839173339256992,6.1088680257907504e-12,0.00032359571184687873,1000000.0,599208.3925881
8.140343236313335e-05,0.0001240145716699533,-2.8677219970133843,338.19518935509217,0.0,0.016309398532117752,158.90547375815,1.0023400510732593e-16,0.0,1.998746555408031e-06,52.97120892482431,7.433427837353625e-13,1.446996323833255e-14,4.983666707595939e-10,6.338570931497737e-37,2.190354430125479e-15,1.3878974529748807,6.225639454517622e-12,0.0003236096464996663,1000000.0,601554.8489978168
8.144589589697893e-05,0.00012388980652032014,-3.008531367071178,338.55966410190473,0.0,0.016358721599353702,159.38604205731528,9.985100635530905e-17,0.0,2.004791244803571e-06,53.131406576694005,7.42688219875375e-13,1.4513697537010526e-14,4.998272756559278e-10,0.0,2.281999583742689e-15,1.3920947880465273,6.350941158254466e-12,0.0003236243199124795,1000000.0,604033.4243556837
8.14883594308245e-05,0.00012375907424705418,-3.1487630271250326,338.9431166631042,0.0,0.016410617258548737,159.89167572771726,9.957293072252764e-17,0.0,2.0111512117236703e-06,53.29995978098608,7.421260681337745e-13,1.455988367436843e-14,5.013658289143724e-10,0.0,2.382343043139278e-15,1.3965110467591615,6.485172122809001e-12,0.00032363973427603453,1000000.0,606645.5470767937
8.153082296467007e-05,0.00012362239989552402,-3.2883928082850256,339.34558054019294,0.0,0.016465106672847982,160.4225809766871,9.93999375066498e-17,0.0,2.017829049887613e-06,53.47693727700409,7.416550481626076e-13,1.4608547538636586e-14,5.029829302463466e-10,9.598630095754576e-37,2.492162341880694e-15,1.4011480301497277,6.6287633013217094e-12,0.0003236558918687912,1000000.0,609392.7233224233
8.157328649851564e-05,0.00012347980958191633,-3.4273954229922654,339.76708935722854,0.0,0.016522212104620394,160.97897472214973,9.933253742902508e-17,0.0,2.0248274877347887e-06,53.66241137443261,7.41273897074419e-13,1.4659716485321398e-14,5.046792116149666e-10,2.287581244851615e-36,2.6123192927618718e-15,1.4060076328026452,6.782179486177448e-12,0.0003236727950462917,1000000.0,612276.5379838883
8.161575003236121e-05,0.00012333133051074352,-3.5657444397766658,340.2076768799126,0.0,0.016581956917906388,161.56108461651766,9.937159233393061e-17,0.0,2.0321493887252377e-06,53.85645796130236,7.409813667599836e-13,1.4713419358244587e-14,5.064553372345064e-10,9.666750651039924e-37,2.743788508090385e-15,1.4110918430584987,6.9459217642914456e-12,0.0003236904462302791,1000000.0,615298.655649972
8.16813588469037e-05,0.00012309040919132317,-3.7781526244621966,340.9260022736401,0.0,0.016679512933947437,162.51159920616794,9.964420299012628e-17,0.0,2.044105161651906e-06,54.173312413832704,7.407007590648997e-13,1.4801446652982207e-14,5.093581741625715e-10,9.414859788031698e-25,2.9717057187627197e-15,1.4193937394389178,7.220483532775108e-12,0.00032371919487116617,1000000.0,620244.0181786293
8.174696766144618e-05,0.00012283560836672008,-3.9888262285715603,341.69007866521764,0.0,0.01678352363429881,163.52500345996933,1.0018027055735226e-16,0.0,2.0568519740347273e-06,54.51113116330543,7.406242312521982e-13,1.4895714707680138e-14,5.124560003101578e-10,1.0067104210945713e-24,3.233809018015488e-15,1.4282449208917483,7.523183989861512e-12,0.0003237497444669137,1000000.0,625530.5399788386
8.181257647598867e-05,0.0001225670455570773,-4.197649549723247,342.50003066573555,0.0,0.016894090280468677,164.60228404483712,1.0098838233970288e-16,0.0,2.0704022363781716e-06,54.87024311556575,7.407472738873879e-13,1.499635095271704e-14,5.157517034024731e-10,1.029893405197947e-24,3.5355424401321202e-15,1.43765400507164,7.856471787607526e-12,0.0003237821046080427,1000000.0,631165.4950940543
8.187818529053116e-05,0.00012228484615860684,-4.4044984983337185,343.3559812168148,0.0,0.01701131998957794,165.7444846861309,1.0207959034599375e-16,0.0,2.0847690768798453e-06,55.25099619691599,7.410653625905433e-13,1.5103491310037557e-14,5.192483391949726e-10,1.1993836069725156e-24,3.883365375903725e-15,1.447630107987811,8.223084493958805e-12,0.0003238162850097667,1000000.0,637156.6189440733
8.194379410507365e-05,0.00012198914402384468,-4.6092399843491965,344.2580500403015,0.0,0.01713532555429133,166.95270441405168,1.0346761877036525e-16,0.0,2.099966319373309e-06,55.65375676955142,7.415739253356139e-13,1.5217280160428554e-14,5.229491250033145e-10,1.229066966232936e-24,4.284957864717482e-15,1.458182828687895,8.626080111798409e-12,0.0003238522954139183,1000000.0,643512.1078463831
8.200940291961614e-05,0.00012168008205615922,-4.811731307512695,345.2063517592012,0.0,0.017266225239673156,168.22809558530432,1.0516910923873074e-16,0.0,2.1160084584441258e-06,56.0789089720804,7.422683089140213e-13,1.5337870292932096e-14,5.268574324863601e-10,1.294756288600601e-24,4.749471067657513e-15,1.469322231978926,9.068872623871908e-12,0.00032389014548575,1000000.0,650240.6172833745
8.205511548032028e-05,0.00012145692856367393,-4.951405110082521,345.89446124631746,0.0,0.01736156937832653,169.15705954350165,1.065502948985963e-16,0.0,2.127693162984165e-06,56.3885795122229,7.428594275963214e-13,1.542599629315734e-14,5.297050529207635e-10,1.4294228215246481e-24,5.116033875800695e-15,1.4774359028325137,9.402916531655318e-12,0.000323917609783995,1000000.0,655153.9831267775
8.210082804102444e-05,0.00012122741790230479,-5.089857723540949,346.60510059972205,0.0,0.01746036334491525,170.1196362522131,1.0810092490841774e-16,0.0,2.1398006557873893e-06,56.70945487738941,7.43536786011689e-13,1.5517558894573717e-14,5.32656349559282e-10,1.4996607872616047e-24,5.5226873270589864e-15,1.4858431510544063,9.759533291319065e-12,0.00032394597488545314,1000000.0,660256.0577994408
8.21465406017286e-05,0.00012099160722126015,-5.227031590356128,347.33830055463227,0.0,0.01756265143941394,171.1162573693116,1.0982962184924626e-16,0.0,2.152336366337519e-06,57.041678960919384,7.442986853568912e-13,1.5612616842421757e-14,5.35712581414909e-10,1.5710017384582364e-24,5.9742762820881704e-15,1.4945477467907524,1.0140246898461443e-11,0.00032397524381101326,1000000.0,665550.1561996377
8.222089513292179e-05,0.00012059474335490127,-5.447265364409774,348.5791610842077,0.0,0.017736611293637548,172.8111966320475,1.1304704408004439e-16,0.0,2.1736556697647565e-06,57.60668770248965,7.457140201551396e-13,1.5774858749360498e-14,5.409112367890094e-10,1.8605455332981993e-24,6.81933152289265e-15,1.5093515281139287,1.081527592082814e-11,0.0003240247897989305,1000000.0,674580.4161321521
8.227287552287687e-05,0.0001203076411175716,-5.598976602791994,349.48217676723954,0.0,0.017863893369843113,174.0513416876439,1.1561636966920827e-16,0.0,2.189254475760279e-06,58.02009059698939,7.46829369401583e-13,1.5894012485012746e-14,5.447154995469861e-10,2.0250675756452922e-24,7.504307461043321e-15,1.5201830880496803,1.1331797906534423e-11,0.00032406085781411974,1000000.0,681208.6212257337
8.232485591283194e-05,0.0001200127035081426,-5.748720385164386,350.41446945583033,0.0,0.01799592046676799,175.33771917713776,1.1847004901736921e-16,0.0,2.205434803057283e-06,58.44890509346183,7.480451192039362e-13,1.6017992966712634e-14,5.486618745398317e-10,1.9439404597508017e-24,8.279702069297573e-15,1.5314184470219028,1.1888396379924922e-11,0.00032409810755335846,1000000.0,688102.4217526815
8.237683630278702e-05,0.00011971003557004237,-5.896390372245765,351.3760526372262,0.0,0.0181327640867879,176.6710258372902,1.2162886176788075e-16,0.0,2.2222054153576075e-06,58.893363449408604,7.493583235276531e-13,1.614689915596736e-14,5.527523764295049e-10,2.2074726540610476e-24,9.158651464057636e-15,1.5430636904041697,1.2488301769254124e-11,0.00032413654223869274,1000000.0,695267.3851526093
8.242881669274208e-05,0.00011939974801724638,-6.041874474171947,352.3669289677463,0.0,0.01827449677007972,178.05196852378597,1.2511600304471423e-16,0.0,2.239575203641045e-06,59.35370129547884,7.507658929866772e-13,1.6280832654371433e-14,5.569890431389386e-10,3.003188973730353e-24,1.0156444569809306e-14,1.5551249919498167,1.3135033251401866e-11,0.0003241761646581573,1000000.0,702709.2246809747
8.248079708269716e-05,0.00011908195751222491,-6.185054617881674,353.3870888583885,0.0,0.018421191883963187,179.4812621595198,1.289573181427448e-16,0.0,2.2575531603584484e-06,59.83015695152946,7.522645795722344e-13,1.641989753136102e-14,5.61373928954008e-10,2.8221143335691736e-24,1.1291014821909635e-14,1.5676085958720527,1.3832423978189392e-11,0.0003242169771058909,1000000.0,710433.7906940252
8.253277747265223e-05,0.00011875678700434865,-6.325806463900074,354.43650874253336,0.0,0.01857292336420688,180.95962721500553,1.331815810507827e-16,0.0,2.276148347739786e-06,60.32297058671849,7.538509598230306e-13,1.6564200129046662e-14,5.659090961230331e-10,7.989130837593219e-26,1.258308519591345e-14,1.5805207948375828,1.4584647355569286e-11,0.0003242589813086079,1000000.0,718447.0591009778
8.258475786260731e-05,0.00011842436608571643,-6.463999117488465,355.5151491970376,0.0,0.018729765424612733,182.4877868798181,1.3782080360770336e-16,0.0,2.2953698622159432e-06,60.83238327660399,7.555214172585305e-13,1.671384877522882e-14,5.705966054713733e-10,0.0,1.4056037383630818e-14,1.5938679052616789,1.539624621417851e-11,0.00032430217834646704,1000000.0,726755.117856696
8.26367382525624e-05,0.00011808483133884353,-6.5994948603287495,356.62295301824014,0.0,0.018891792244258836,184.06646401643656,1.4291056947304657e-16,0.0,2.3152267961035173e-06,61.35863598770628,7.572721245710508e-13,1.686895360971587e-14,5.754385063292473e-10,1.3732006434062537e-23,1.573685515490293e-14,1.6076562407027177,1.6272164099655833e-11,0.0003243465685730407,1000000.0,735364.1519830882
8.27157823464484e-05,0.00011755520925899863,-6.80004026707801,358.36324977924295,0.0,0.0191482811416928,186.56551598735044,1.5160396234241511e-16,0.0,2.346660398716135e-06,62.19169605067037,7.600789464995486e-13,1.711552206211032e-14,5.831017963041835e-10,3.689309679552283e-23,1.876878215872662e-14,1.6294832286656393,1.7739629567305264e-11,0.00032441635614517656,1000000.0,749046.4324489513
8.279482644033441e-05,0.0001170100127664767,-6.99347065695587,360.1704285341343,0.0,0.01941718529234168,189.18553616200157,1.6159042478579478e-16,0.0,2.379615564899613e-06,63.06508091699523,7.630465085238673e-13,1.7375361653308156e-14,5.911337337904517e-10,0.0,2.250402717098127e-14,1.6523667658939718,1.9389409277292805e-11,0.00032448889582758654,1000000.0,763461.458131275
8.287387053422042e-05,0.000116449827030947,-7.179202531405949,362.04398069113216,0.0,0.01969875264515201,191.92894097438057,1.7305571716593612e-16,0.0,2.4141226890697565e-06,63.97959610599399,7.661579354153309e-13,1.7648870975688585e-14,5.995409750700563e-10,0.0,2.7107075873064903e-14,1.6763279577811145,2.1245357065002708e-11,0.0003245641762831834,1000000.0,778631.6328817133
8.295291462810643e-05,0.00011587528504668336,-7.35660884248492,363.98323830162195,0.0,0.019993219298038583,194.79803149230568,1.8621696224196619e-16,0.0,2.4502107145422463e-06,64.93600867961425,7.693946942275175e-13,1.793644640556215e-14,6.083297439380692e-10,2.528610740636822e-22,3.2782549244867905e-14,1.7013869020998964,2.3334486532434563e-11,0.00032464217965956325,1000000.0,794579.2628697789
8.303195872199244e-05,0.0001152870711713284,-7.525017036049168,365.98734985467803,0.0,0.02030080468758535,197.79494656663937,2.0132763429313166e-16,0.0,2.4879065442335955e-06,65.93503162470866,7.727364206510774e-13,1.823847696397665e-14,6.175056803253616e-10,5.296903290003971e-22,3.983601336731664e-14,1.7275622798028019,2.5687331602750577e-11,0.0003247228806108052,1000000.0,811326.2820525415
8.311100281587846e-05,0.00011468592479121586,-7.683707286451591,368.0552539490759,0.0,0.020621706068258434,200.92160906062875,2.186832092558228e-16,0.0,2.5272343643224323e-06,66.97730592856188,7.761607416837729e-13,1.8555338991264134e-14,6.270736673830985e-10,0.0,4.8687023491824436e-14,1.7548708853832538,2.833832642923865e-11,0.0003248062452378417,1000000.0,828893.9271406655
8.319004690976448e-05,0.00011407264410739763,-7.831910992130529,370.1856506413263,0.0,0.020956092201943815,204.17966438818345,2.3862753684156555e-16,0.0,2.5682148711709813e-06,68.06338009059824,7.796430970628775e-13,1.8887388446764828e-14,6.370376347485653e-10,0.0,5.979079472179783e-14,1.7833270900623295,3.132619855473584e-11,0.00032489222993966845,1000000.0,847302.3549994548
8.326909100365049e-05,0.0001134480900350589,-7.968809628743802,372.3769702316554,0.0,0.021304096175090197,207.570410555518,2.615599583026212e-16,0.0,2.61086439137406e-06,69.19368680173241,7.831565628136177e-13,1.923495432323585e-14,6.474003356491194e-10,5.538682426282939e-21,7.346486201723381e-14,1.812942230764949,3.469435573908653e-11,0.0003249807801663121,1000000.0,866570.1947627225
8.33481350975365e-05,0.0001128131901844666,-8.093534062890322,374.62733945734215,0.0,0.021665807271707315,211.09471900738646,2.8794316947590125e-16,0.0,2.6551938861463072e-06,70.36851655842658,7.866716811202527e-13,1.9598316997211348e-14,6.581630958712838e-10,2.1637269654608723e-20,8.987241004235011e-14,1.8437239187823864,3.849126896706023e-11,0.0003250718290724653,1000000.0,886714.027432577
8.342717919142251e-05,0.00011216894287341385,-8.205164452261869,376.9345452236642,0.0,0.022041261842165708,214.75294569298265,3.183117939004773e-16,0.0,2.7012078326902803e-06,71.58798801646914,7.901563016703071e-13,1.9977766544778716e-14,6.693255330301192e-10,4.0469423759629795e-20,1.096871450372411e-13,1.8756752630122857,4.277080916620789e-11,0.00032516529607668724,1000000.0,907747.7862647601
8.350622328530852e-05,0.0001115164211152834,-8.302730878010433,379.2959960355199,0.0,0.022430433116864656,218.54483185536282,3.532814738194128e-16,0.0,2.74890297630484e-06,72.85201491908478,7.935754407480234e-13,2.0373160129986602e-14,6.808852449093679e-10,2.274509745216252e-20,1.356814808900493e-13,1.9087940034428201,4.7592519282779545e-11,0.0003252610853322455,1000000.0,929682.0714750963
8.358526737919453e-05,0.00011085677652126856,-8.385214872829913,381.7086813164141,0.0,0.02283321992724606,222.4693941788105,3.9355830320857936e-16,0.0,2.7982669486354402e-06,74.16026947750998,7.968911656182183e-13,2.078675764792072e-14,6.928374661143271e-10,0.0,1.7396166542148118e-13,1.9430715516879733,5.302178423701552e-11,0.0003253590841165262,1000000.0,952523.3733045246
8.366431147308054e-05,0.00011019124304198472,-8.451552026546018,384.16912891118903,0.0,0.023249434320330768,226.52480415927508,4.399482644772287e-16,0.0,2.849276750369976e-06,75.51214215907547,8.000625130815476e-13,2.1203102505107704e-14,7.051746930694116e-10,1.6316878959043258e-19,2.3112171894889666e-13,1.9784919373959922,5.912984872941695e-11,0.0003254591611500149,1000000.0,976273.1987812748
8.374335556696655e-05,0.00010952114045541269,-8.50063586991651,386.6733612447677,0.0,0.02367878808743943,230.7082568986936,4.933663620554978e-16,0.0,2.901897100906086e-06,76.90669794973529,8.030454523603467e-13,2.1739776816117902e-14,7.178862785148028e-10,8.456799888342004e-19,3.029554245470555e-13,2.0150306622849103,6.599362554367601e-11,0.00032556116486237265,1000000.0,1000927.0996915781
8.382239966085257e-05,0.00010884787749007183,-8.531323254276112,389.216850797021,0.0,0.02412087827168149,235.01582995145958,5.548416364228799e-16,0.0,2.9560786628925134e-06,78.3426293004749,8.0579290382466e-13,2.1446051327597198e-14,7.309579980671761e-10,2.2327726325312557e-18,3.569231377898068e-13,2.052653467292464,7.369522467809755e-11,0.0003256649216300489,1000000.0,1026473.6022206118
8.390144375473858e-05,0.00010817295445555942,-8.542441456732647,391.79447574284177,0.0,0.024575171772867437,239.4423333772691,6.255571108608911e-16,0.0,3.011756156162656e-06,79.81820614236128,8.082548254569401e-13,2.8461005791009657e-14,7.443715931244718e-10,3.641513380684306e-18,3.2851284875569015e-13,2.0913150229215263,8.232112148308205e-11,0.0003257702340167943,1000000.0,1052893.0425385674
8.39804878486246e-05,0.00010749796523532218,-8.53279724571763,394.40047681989734,0.0,0.025040989234913665,243.98115280195904,7.064515416223148e-16,0.0,3.0688463837208542e-06,81.33122357080397,8.103783843461756e-13,0.0,7.581042964789334e-10,2.477912149175278e-18,1.7470952103406173e-13,2.130957558516739,9.196087237623478e-11,0.0003258768790562569,1000000.0,1080156.3175306018
8.40595319425106e-05,0.00010682459847804785,-8.50118813781834,397.0284167380102,0.0,0.025517488482305707,248.62408807261755,8.017073039277462e-16,0.0,3.1272462023107438e-06,82.8789480611651,8.121081965518355e-13,3.254807431289835e-13,7.721283494981214e-10,0.0,2.8014201577015366e-14,2.1715094530596284,1.0270527960999099e-10,0.0003259846066250574,1000000.0,1108223.5661096044
8.411559839859339e-05,0.00010634893170575587,-8.464795513122134,398.9018437445113,0.0,0.025861395943024557,251.97509374537918,8.962986878034214e-16,0.0,3.1693958580501936e-06,83.99600725816035,8.130664955680374e-13,0.0,7.822343520487954e-10,2.4931499396872902e-18,3.6372934724221415e-13,2.200777495947736,1.1104519260053735e-10,0.0003260615232410097,1000000.0,1128591.273207667
8.417166485467617e-05,0.00010587564195012305,-8.416326670356396,400.7799473630381,0.0,0.026209743991145115,255.36939101278207,9.605763502886296e-16,0.0,3.2120900445617044e-06,85.12749772665079,8.137785881678712e-13,0.0,7.924566926311648e-10,1.3991344681359653e-17,1.7850302190836662e-12,2.230423652269483,1.2001678188214905e-10,0.00032613873631267214,1000000.0,1149314.9874221242
8.422773131075896e-05,0.00010540541788069092,-8.355368172970524,402.6597563574649,0.0,0.026562056706251374,258.80234520938575,1.0497763782256532e-15,0.0,3.25527046602766e-06,86.27187449884303,8.142185556113291e-13,1.1348508390248959e-11,8.027801437040654e-10,3.356210062359169e-17,4.324170240345806e-12,2.260407442320518,1.2964900122987357e-10,0.00032621612953668183,1000000.0,1170368.4380399294
8.428379776684176e-05,0.00010493897105409121,-8.281518701732558,404.5381033954777,0.0,0.026917803243699488,262.2687859931049,2.303226650473166e-15,0.0,3.2988720887889547e-06,87.42741403887281,8.14394346805871e-13,1.2127022613157492e-10,8.131878258210736e-10,4.164271368531357e-17,5.336915159790856e-12,2.29068370759071,1.3996816889193005e-10,0.00032629357871348443,1000000.0,1191721.453297525
8.433986422292454e-05,0.0001044770351161994,-8.194393123272548,406.4116235921897,0.0,0.0272763950076076,265.7629843381459,1.190741017347753e-14,0.0,3.342822851989616e-06,88.59220657354645,8.147707261691759e-13,3.308155144933962e-11,8.236611449947312e-10,5.819537428303605e-20,1.4154387964161687e-12,2.321202410756734,1.5099703972576548e-10,0.0003263709516654879,1000000.0,1213339.7371298207
8.439593067900732e-05,0.000104020364745753,-8.093626954686071,408.2767546777758,0.0,0.02763718456606784,269.2786329150614,1.514856491028824e-14,0.0,3.3870434207214496e-06,89.76414955171893,8.155393570146751e-13,0.0,8.34179741961823e-10,0.0,1.5350243482830775e-12,2.3519084624689075,1.6275375507790197e-10,0.00032644810821939505,1000000.0,1235184.6659613838
8.445199713509011e-05,0.00010356973435599104,-7.978881116715211,410.1297392586643,0.0,0.027999463289260344,272.8088304206335,1.2988845643715042e-14,0.0,3.4314469889122363e-06,90.94094242089731,8.16219093178204e-13,1.811638566484732e-11,8.447214549728314e-10,6.28765501933899e-18,2.2403794577955047e-12,2.3827415859789194,1.752507315357938e-10,0.00032652490025952905,1000000.0,1257213.1118485774
8.45080635911729e-05,0.00010312593653905837,-7.849846954465535,411.96662926296443,0.0,0.028362460380719004,276.34607071217545,1.172094519613805e-14,0.0,3.4759391426991625e-06,92.12008300511242,8.162832082924315e-13,0.0,8.55262298060593e-10,0.0,1.2995490114647553e-12,2.4136362219619985,1.8849343389006195e-10,0.0003266011718623653,1000000.0,1279377.2988536186
8.456413004725568e-05,0.0001026897802204473,-7.706251537573303,413.7832929020533,0.0,0.028725342564367134,279.88223779718646,1.0955890915807294e-14,0.0,3.520417797404492e-06,93.29886583465435,8.156409414453669e-13,0.0,8.657764590794851e-10,6.701744264219036e-18,2.769935599541596e-12,2.4445214843631273,2.0247905823588556e-10,0.00032667675952330685,1000000.0,1301624.7015240917
8.462019650333846e-05,0.00010226208850064803,-7.547863215375613,415.57542444832904,0.0,0.029087214088442198,283.4086077127045,1.084190988914042e-14,0.0,3.564773221174385e-06,94.47438277261594,8.14502424247483e-13,1.1397738818352289e-11,8.762363200219564e-10,9.260385056211761e-18,3.767229707481217e-12,2.475321177185725,2.171952011006736e-10,0.00032675149248537764,1000000.0,1323897.9945522908
8.467626295942126e-05,0.00010184369617665234,-7.374497353521851,417.33855703016997,0.0,0.029447117815274353,286.9158582390175,1.19735410182544e-14,0.0,3.608888157211917e-06,95.64352625293515,8.130830200966291e-13,4.1685418163386535e-11,8.866125024903968e-10,0.0,0.0,2.505953879158411,2.3261851470904335e-10,0.0003268251931781333,1000000.0,1346135.0622576072
8.473232941550404e-05,0.00010143544694169608,-7.186022151168599,419.0680786777446,0.0,0.029804037001457225,290.3940873460487,1.4281195366822895e-14,0.0,3.6526380556881817e-06,96.80299542955365,8.114696472071097e-13,0.0,8.968739402255562e-10,1.2885980100929577e-17,2.318923537032409e-13,2.5363331051086826,2.4871341157878996e-10,0.0003268976777744423,1000000.0,1368269.0766216093
8.478839587158683e-05,0.00010103819026095168,-6.98236446192129,420.75925177780647,0.0,0.030156898620424876,293.83284125274486,1.4597340854579277e-14,0.0,3.695891426574806e-06,97.94930552987682,8.09488699441074e-13,7.894504984240728e-11,9.069879838318688e-10,6.080079411453272e-17,1.6103475564067133e-11,2.5663675501462313,2.6543083161453145e-10,0.0003269687568716742,1000000.0,1390228.6523819775
8.484446232766961e-05,0.0001006527779226636,-6.763515533960295,422.4072362555451,0.0,0.030504576233101592,297.2211529101088,1.4664327984598886e-14,0.0,3.738510323937421e-06,99.07880068345837,8.070509565746431e-13,0.0,9.169205351251338e-10,2.8250383861716566e-17,2.0872847079420742e-11,2.595961427915877,2.827072077919782e-10,0.00032703823630253243,1000000.0,1411938.0878892397
8.49005287837524e-05,0.00010028006027110908,-6.529536554876133,424.00711627913773,0.0,0.030845897187020008,300.5475915805293,1.822973217890102e-14,0.0,3.7803509700294074e-06,100.18767044859851,8.04144723064802e-13,4.460400881489576e-10,9.266362217551395e-10,0.0,0.0,2.6250148994256866,3.004636068177488e-10,0.0003271059180785938,1000000.0,1433317.6978832216
8.495659523983518e-05,9.992088213780127e-05,-6.28056382073743,425.5539309949232,0.0,0.031179644430582836,303.800323957695,2.976848164933589e-14,0.0,3.8212645229718975e-06,101.27197018823414,8.020814955515046e-13,0.0,9.360985966854371e-10,2.876369660806553e-16,6.064309804591563e-12,2.653424615999498,3.186052675948929e-10,0.000327171601466882,1000000.0,1454284.2453248557
8.501266169591797e-05,9.95760784949249e-05,-6.016813462329396,427.04270814897745,0.0,0.03150457415864538,306.9671870664937,5.938603275324435e-14,0.0,3.861097993208692e-06,102.3276453677298,8.009514571579118e-13,2.41687906845385e-09,9.452704018096101e-10,7.235011320992029e-16,9.375628945087425e-11,2.6810843354768585,3.3702120812097497e-10,0.0003272350841963098,1000000.0,1474751.4722497428
8.505224792664234e-05,9.934173085618636e-05,-5.821849371424399,428.0562286671537,0.0,0.031727987475175114,309.14472723612977,2.5119847840045504e-13,0.0,3.8884875510615805e-06,103.05352931968103,8.083406278932639e-13,7.759746178874516e-10,9.51550680168146e-10,1.07274923815131e-17,1.0530660563745359e-11,2.700103208133192,3.501212450161106e-10,0.00032727847127545016,1000000.0,1488853.7256795908
8.50918341573667e-05,9.911524187307596e-05,-5.619797945541154,429.03662791372324,0.0,0.03194591640862622,311.2688605679408,3.239456288249218e-13,0.0,3.915205346838769e-06,103.76161007814895,8.276974045017018e-13,0.0,9.576538166643507e-10,0.0,0.0,2.718655618361648,3.6324602384689584e-10,0.0003273205893500325,1000000.0,1502631.1749336638
8.513142038809107e-05,9.889688912122793e-05,-5.410813089442561,429.9822088954789,0.0,0.032157905843893074,313.3351516245682,2.7677330602027485e-13,0.0,3.941195590526186e-06,104.45040908809975,8.51590584660633e-13,3.0650777605856074e-10,9.635664079370254e-10,2.1432131503986978e-16,2.1442605729601108e-11,2.736702826280018,3.7634268917805436e-10,0.0003273613680375136,1000000.0,1516051.8264241905
8.517100661881544e-05,9.868694364904036e-05,-5.195071244618526,430.8913074217525,0.0,0.03236349939945759,315.33916576521875,2.4017732119164437e-13,0.0,3.966402501986223e-06,105.11844806048481,8.708883329489659e-13,2.8990247703010155e-11,9.692751171635706e-10,0.0,0.0,2.7542061016822195,3.8935558751903046e-10,0.00032740073780603273,1000000.0,1529083.5761253424
8.52105928495398e-05,9.84856690778076e-05,-4.972771596030989,431.7623004818801,0.0,0.03256224514485374,317.27649000123614,2.239660622974012e-13,0.0,3.990770573562265e-06,105.76425592332257,8.841156040857129e-13,0.0,9.74766724300151e-10,2.7724549216104427e-17,9.815445678862328e-12,2.7711268991919704,4.0222598407999656e-10,0.0003274386302658318,1000000.0,1541694.3762846654
8.525017908026417e-05,9.829332069100701e-05,-4.744136111283003,432.59361544967214,0.0,0.03275369432613063,319.1427548829387,2.1914924803738341e-13,0.0,4.014244845435869e-06,106.3863761187727,8.955172382678427e-13,8.97671661647934e-11,9.800281943678612e-10,1.3727775969778558e-16,1.619944844511428e-11,2.787427056236731,4.1489256862516593e-10,0.0003274749784711128,1000000.0,1553852.4139767347
8.528976531098853e-05,9.811014453146941e-05,-4.5094094358101255,433.38373925360617,0.0,0.03293740477731586,320.93365714316985,2.0921838925606697e-13,0.0,4.0367711904793604e-06,106.98337415104866,9.078230230300792e-13,0.0,9.850467554628912e-10,0.0,0.0,2.803068988748636,4.2729218745321756e-10,0.0003275097172241114,1000000.0,1565526.2967681258
8.535245386956234e-05,9.783940375531714e-05,-4.125897066051136,434.54721025416836,0.0,0.03321144519413655,323.6052952394695,1.5893287355155647e-13,0.0,4.070375615055715e-06,107.87396584722197,9.284235650720733e-13,1.3691961576050166e-10,9.92466965519889e-10,5.702616760038187e-17,9.41838503025479e-11,2.826403362185157,4.462240862939096e-10,0.0003275612834359731,1000000.0,1582947.640469038
8.539727864927685e-05,9.76607687690503e-05,-3.8433646403422546,435.3106217155551,0.0,0.03339391177199265,325.3843012372397,1.4382839953313643e-13,0.0,4.092752325192789e-06,108.46699825136955,9.369224195447445e-13,7.783901084635282e-11,9.973538527632966e-10,8.100831423581509e-19,1.2221996570438082e-11,2.8419413912292035,4.591077110582436e-10,0.00032759545098785386,1000000.0,1594547.330961933
8.544210342899138e-05,9.74949434271628e-05,-3.5544351295651637,436.01488940234435,0.0,0.033564481334213116,327.0474271891352,1.4206890667801714e-13,0.0,4.113671472038559e-06,109.02140199107203,9.402889645745892e-13,0.0,1.0018729686797473e-09,0.0,1.200498324885237e-11,2.8564673112355257,4.713397537130029e-10,0.00032762727054590104,1000000.0,1605385.6460765274
8.548692820870589e-05,9.734220332952481e-05,-3.2596113753738702,436.65843026222245,0.0,0.033722608640536535,328.58935902545466,1.3384820127128035e-13,0.0,4.133066214129681e-06,109.53540561894167,9.42546777873829e-13,6.111412121508387e-12,1.0060090424443263e-09,3.1177359852189735e-18,1.4028183391687787e-11,2.8699347087159848,4.828282468559413e-10,0.0003276566656841707,1000000.0,1615423.929512462
8.55317529884204e-05,9.720280084117631e-05,-2.959426821651304,437.23986027404334,0.0,0.03386778287900448,330.0051176183642,1.1804109611191096e-13,0.0,4.1508739225555795e-06,110.00734934064027,9.450020473902101e-13,5.6006531351977566e-12,1.0097479181111407e-09,0.0,1.1918454629204951e-11,2.8823000956671825,4.934849322102213e-10,0.0003276835657077141,1000000.0,1624626.1618034695
8.557657776813493e-05,9.707696377092284e-05,-2.654443123528714,437.75801877884584,0.0,0.03399953207847275,331.2901000853825,1.0188638556550747e-13,0.0,4.167036701052555e-06,110.43569878333274,9.459745578029547e-13,0.0,1.0130766769206217e-09,1.1682635155849574e-18,1.4895128928061635e-11,2.8935232698995965,5.032267922871796e-10,0.0003277079061451947,1000000.0,1632959.3453718731
8.562140254784944e-05,9.696489417106249e-05,-2.3452472884143907,438.2119969130835,0.0,0.03411742688644597,332.4401187281013,9.05626565947243e-14,0.0,4.181501875959325e-06,110.81905797598438,9.442012012407281e-13,8.815258207639775e-13,1.0159837476731052e-09,1.9363799618859279e-19,1.432581071296513e-11,2.9035676555244305,5.119776595005876e-10,0.00032772962920554207,1000000.0,1640393.8900287373
8.565217607541136e-05,9.689601739870924e-05,-2.1308517687323123,438.4861746278675,0.0,0.03419014388901399,333.14954986384396,8.439713223641716e-14,0.0,4.190425248985033e-06,111.05554713822818,9.418469367321616e-13,6.97309908173026e-14,1.017730101140462e-09,0.0,1.4554564700364705e-11,2.9097639027620357,5.173761869072093e-10,0.0003277430008774484,1000000.0,1644964.1385888427
8.568294960297328e-05,9.68337618747043e-05,-1.9149599748999682,438.7296896169601,0.0,0.03425603888589035,333.7925199797337,7.823876887194472e-14,0.0,4.198512661298513e-06,111.26988149042282,9.389600341021827e-13,0.0,1.019270039954672e-09,4.689104730613684e-19,1.5153854427198176e-11,2.9153796723240895,5.222563198772266e-10,0.0003277551004876537,1000000.0,1649091.3776810146
8.57137231305352e-05,9.677817049218431e-05,-1.6977776932698652,438.9425129286097,0.0,0.03431501282966719,334.36806248179147,7.22295468083524e-14,0.0,4.2057519548400225e-06,111.46173881807016,9.355378389818202e-13,2.293174859292537e-13,1.0206010575931415e-09,0.0,1.4950589491506902e-11,2.9204065218737685,5.266013893190182e-10,0.00032776591535364893,1000000.0,1652769.3946125633
8.574449665809712e-05,9.672927976107073e-05,-1.4795135867071,439.1247123519522,0.0,0.034366978569895706,334.87532660990524,6.684580281983155e-14,0.0,4.212132428567083e-06,111.63083551994254,9.314807568006802e-13,2.6437611755131513e-14,1.0217210117266605e-09,1.5350858871820523e-19,1.5370518023355593e-11,2.924837020774422,5.303975505783474e-10,0.00032777543453901007,1000000.0,1655993.0581766404
8.576578947870617e-05,9.669938946520373e-05,-1.3279697138747286,439.2329451537666,0.0,0.03439879269882077,335.18595787673075,6.34972187160849e-14,0.0,4.216039613143741e-06,111.73438457680994,9.28312260814948e-13,0.0,1.0223714424662537e-09,1.6853697510874515e-19,1.5465601423540723e-11,2.9275501072939107,5.326971417854705e-10,0.0003277812577631621,1000000.0,1657955.4974657993
8.577392096102384e-05,9.668882675362085e-05,-1.2700015312416375,439.27045151467274,0.0,0.03441004273947958,335.29582144347273,6.225610120900584e-14,0.0,4.217421499871139e-06,111.77100764034316,9.270400964675814e-13,5.083289175687025e-14,1.022592842615018e-09,1.1137861485755853e-19,1.5474952791116564e-11,2.9285096673612836,5.335040557671709e-10,0.00032778331619777765,1000000.0,1658646.8181621947
8.57820524433415e-05,9.667873560164062e-05,-1.2119866930529937,439.3058533169707,0.0,0.034420793977843936,335.4008251337926,6.104296961740256e-14,0.0,4.2187422580477e-06,111.80601066195244,9.257332798318598e-13,3.057428052386077e-14,1.0227992870558704e-09,1.5635641576725069e-19,1.5539392266726266e-11,2.9294267807466015,5.342713997660581e-10,0.00032778528302407714,1000000.0,1659305.9534741517
8.578296106405901e-05,9.667763731175157e-05,-1.205501325200383,439.3096787706469,0.0,0.03442196430561604,335.4122560574743,6.0909102225298e-14,0.0,4.2188860385734505e-06,111.80982116486065,9.255850496389656e-13,3.145368462862296e-14,1.022821425471554e-09,1.1511081158728505e-19,1.5515111234910134e-11,2.9295266196479894,5.343546817775334e-10,0.0003277854971041179,1000000.0,1659377.605302503
8.578386968477653e-05,9.66765449148405e-05,-1.1990154341375994,439.31347682440764,0.0,0.03442312839126336,335.4236261627393,6.077557021177999e-14,0.0,4.219029054112332e-06,111.81361139392317,9.254363914297999e-13,3.206565490037053e-14,1.0228433768501338e-09,1.275620959685566e-19,1.5531522534487167e-11,2.9296259273547602,5.344374667714477e-10,0.00032778571003871866,1000000.0,1659448.8501043192
8.578477830549405e-05,9.667545841137576e-05,-1.1925290367411905,439.3172446238076,0.0,0.03442428623338084,335.43493543642495,6.064237186736096e-14,0.0,4.2191713044987765e-06,111.81738134475218,9.252873057454053e-13,3.2453338173548214e-14,1.0228651411639003e-09,1.2313799865459388e-19,1.552985248342754e-11,2.929724703752008,5.345197471305471e-10,0.000327785921827727,1000000.0,1659519.676921054
8.578563695799928e-05,9.667443707513064e-05,-1.1863988948964703,439.3207758449916,0.0,0.03442537466262354,335.44556685656727,6.051680259807768e-14,0.0,4.219305028702759e-06,111.82092533283365,9.251460262981651e-13,3.2701358090358057e-14,1.0228855366414804e-09,1.2759968397858733e-19,1.553852300146194e-11,2.9298175597043574,5.345970268604147e-10,0.0003277861209167608,1000000.0,1659586.2185320435
8.578649561050452e-05,9.667342100273478e-05,-1.1802683177737998,439.3242782872094,0.0,0.03442645751387846,335.4561439294159,6.039152656230348e-14,0.0,4.219438069315018e-06,111.82445120422109,9.250043661593583e-13,3.2885141921674256e-14,1.0229057650170234e-09,1.2688106821361465e-19,1.554119689029475e-11,2.929909940981619,5.346738324329425e-10,0.00032778631898247715,1000000.0,1659652.3800116503
8.578780232805507e-05,9.667188482145545e-05,-1.170937836906924,439.3295532357768,0.0,0.034428094716370775,335.47213605688773,6.020143805657832e-14,0.0,4.219639221605104e-06,111.82978218618904,9.247880558235458e-13,3.3081126856797406e-14,1.0229362283350347e-09,1.2457314673595803e-19,1.554545650035199e-11,2.930049617920775,5.3478978865973e-10,0.0003277866184396267,1000000.0,1659752.3367953706
8.578868817275996e-05,9.667085035419745e-05,-1.1646119940317663,439.3330919506259,0.0,0.03442919725150189,335.4829057572716,6.007295630418575e-14,0.0,4.2197746851258346e-06,111.83337227003486,9.246409169262417e-13,3.316129851700197e-14,1.022956659734132e-09,1.254621498650341e-19,1.5549536469914357e-11,2.930143681627219,5.348677509247259e-10,0.00032778682009813545,1000000.0,1659819.6006508858
8.578957401746486e-05,9.666982149085148e-05,-1.158285704150464,439.3366005574547,0.0,0.034430293845641634,335.4936175733372,5.994478210755848e-14,0.0,4.2199094205653995e-06,111.83694305811794,9.244933761107805e-13,3.3212199984398016e-14,1.0229769131978668e-09,1.2644143335176123e-19,1.5553859190557603e-11,2.9302372397658165,5.349451873899166e-10,0.00032778702066701976,1000000.0,1659886.4616410222
8.579045986216975e-05,9.666879823181157e-05,-1.1519589732215627,439.34007889190633,0.0,0.034431384497610115,335.50427149355477,5.981691442886364e-14,0.0,4.220043427778777e-06,111.84049454659488,9.243454342002204e-13,3.324645584423878e-14,1.0229969887029334e-09,1.2604017505819355e-19,1.5557345115544208e-11,2.9303302922358663,5.350220959287343e-10,0.00032778722014614704,1000000.0,1659952.9190632333
8.579134570687466e-05,9.666778057746624e-05,-1.1456318068873153,439.3435268721183,0.0,0.034432469206239436,335.514867506491,5.968935237264446e-14,0.0,4.2201767066221565e-06,111.84402673165437,9.241970920420007e-13,3.3271259373852436e-14,1.0230168862263487e-09,1.261915541275048e-19,1.556103206526082e-11,2.9304228389375075,5.35098474162381e-10,0.00032778741853538605,1000000.0,1660018.9725298183
8.579223155157955e-05,9.666676852819878e-05,-1.139304210464989,439.34694450028957,0.0,0.03443354797037035,335.52540560080627,5.956209513903287e-14,0.0,4.220309256952906e-06,111.8475396095163,9.24048350510548e-13,3.328935736913773e-14,1.0230366057454373e-09,1.2684368451739884e-19,1.5564947850095634e-11,2.9305148797716987,5.351743197909861e-10,0.00032778761583460685,1000000.0,1660084.621973929
8.579508470469263e-05,9.666354699566918e-05,-1.118921254399833,439.3577453158603,0.0,0.03443698206373737,335.5589531647203,5.915428441834338e-14,0.0,4.220731225151611e-06,111.85872270305154,9.235665751862042e-13,3.333549355819321e-14,1.0230989087092248e-09,1.2605187286033203e-19,1.5576153972333667e-11,2.9308078877549746,5.354149672060245e-10,0.0003277882438907209,1000000.0,1660293.3186153746
8.579678147551084e-05,9.666165872815583e-05,-1.1067974884609748,439.3640194763716,0.0,0.03443899505735187,335.5786187965781,5.891324524011454e-14,0.0,4.220978583536081e-06,111.86527824910037,9.232781150409038e-13,3.3340732872166675e-14,1.0231350842729217e-09,1.2582631662239267e-19,1.55826641033621e-11,2.930979649470192,5.355554359598524e-10,0.00032778861203161584,1000000.0,1660415.4425961846
8.579847824632903e-05,9.665979103313609e-05,-1.0946722635014718,439.37018254974737,0.0,0.034440986216068316,335.5980716849854,5.867330808316649e-14,0.0,4.221223265988562e-06,111.87176287702732,9.22988209318752e-13,3.333598643575887e-14,1.0231706062752768e-09,1.2692703601976727e-19,1.5589554121651303e-11,2.931149553061286,5.356939290556362e-10,0.0003277889761705697,1000000.0,1660536.0836571564
8.580017501714724e-05,9.665794391305444e-05,-1.0825456176403025,439.37623436524444,0.0,0.03444295553222007,335.6173117549417,5.84344678592734e-14,0.0,4.2214652715656825e-06,111.87817656183091,9.226968640378708e-13,3.33325525833175e-14,1.023205474571336e-09,1.2660361324353436e-19,1.5595886240877437e-11,2.931317597873195,5.35830445232323e-10,0.0003277893363067406,1000000.0,1660655.2406490264
8.580187178796545e-05,9.66561173702905e-05,-1.0704175888532015,439.382174794768,0.0,0.034444902998265865,335.6363389326526,5.819671977051221e-14,0.0,4.221704599339238e-06,111.88451927891177,9.224040852150948e-13,3.333345094769183e-14,1.0232396890199127e-09,1.2669116137332774e-19,1.5602225631953675e-11,2.93148378326139,5.359649819340942e-10,0.0003277896924393046,1000000.0,1660772.9125926187
8.580356855878365e-05,9.665431140715894e-05,-1.0582882147831394,439.38800380118687,0.0,0.03444682860678783,335.6551531455308,5.79600591904461e-14,0.0,4.221941248396216e-06,111.89079100407292,9.2210987888275e-13,3.3335178648830676e-14,1.0232732494835948e-09,1.2752237162985742e-19,1.5608632274854708e-11,2.931648108591887,5.360975359532002e-10,0.00032779004456745607,1000000.0,1660889.0988630697
8.580632155190815e-05,9.665142503917135e-05,-1.0386056651183282,439.3972242120529,0.0,0.034449906366559875,335.68522574997786,5.757838135567e-14,0.0,4.222319507826618e-06,111.90081571840913,9.216295106159084e-13,3.33396847516481e-14,1.023326309306665e-09,1.269568537822163e-19,1.5618307946231938e-11,2.9319107659077175,5.363083791378522e-10,0.00032779060737041525,1000000.0,1661074.447768638
8.580907454503264e-05,9.664859286166242e-05,-1.0189198333305303,439.40615123742674,0.0,0.034452926537367104,335.7147372446003,5.719953385120032e-14,0.0,4.222690709499313e-06,111.91065338654101,9.211454259764083e-13,3.334292645472447e-14,1.0233776466313486e-09,1.2692012507049748e-19,1.562781445918294e-11,2.9321685224301377,5.365139877043717e-10,0.0003277911596265365,1000000.0,1661255.882185393
8.581182753815714e-05,9.664581488344625e-05,-0.999230879926085,439.41478483968956,0.0,0.034455889089591615,335.74368733948546,5.6823496646988424e-14,0.0,4.223054849767717e-06,111.92030391182595,9.206576505081923e-13,3.334357727394234e-14,1.0234272609329206e-09,1.2726983233221915e-19,1.5637081942075582e-11,2.9324213756270177,5.367143545793508e-10,0.00032779170133268124,1000000.0,1661433.4000338244
8.581458053128163e-05,9.664309111289542e-05,-0.9795389656727316,439.4231249320432,0.0,0.034458793994467676,335.7720757530228,5.645024972827008e-14,0.0,4.223411925089681e-06,111.9297672003891,9.201662096301374e-13,3.334507665294099e-14,1.023475151712266e-09,1.2705132449595964e-19,1.5645929864859592e-11,2.9326693230387444,5.369094734726936e-10,0.0003277922324858357,1000000.0,1661606.99909987
8.581917721488093e-05,9.663866406188051e-05,-0.9466531374368983,439.4363959804894,0.0,0.034463515765531964,335.8182233829083,5.583320318670038e-14,0.0,4.223992379492843e-06,111.94515053048336,9.193375481832398e-13,3.3346023866801884e-14,1.0235512724699054e-09,1.2745365635685552e-19,1.5660192174021645e-11,2.933072381326061,5.37223549176565e-10,0.00032779309582606924,1000000.0,1661888.1180022073
8.582377389848023e-05,9.663438819274959e-05,-0.9137602523260107,439.4488480887533,0.0,0.03446807661922274,335.8628031200108,5.52237893968207e-14,0.0,4.224553112609959e-06,111.96001120283591,9.184988554617255e-13,3.334834008878997e-14,1.023622584858951e-09,1.2768478868303272e-19,1.5673538725517094e-11,2.9334617454695966,5.375229446727598e-10,0.0003277939297249374,1000000.0,1662158.2959181047
8.582837058207954e-05,9.663026353644011e-05,-0.8808610596832528,439.4604809253129,0.0,0.034472476437352295,335.90581380653794,5.462191785932569e-14,0.0,4.225094109878085e-06,111.97434883149629,9.176502479036991e-13,3.335146137734084e-14,1.0236890870284406e-09,1.278403748774335e-19,1.568600727346491e-11,2.93383740535707,5.378076305446838e-10,0.0003277947341706848,1000000.0,1662417.523796772
8.583530287079185e-05,9.662432915357227e-05,-0.831235300350681,439.4764744213104,0.0,0.03447880703157259,335.9677086677856,5.3728298488717694e-14,0.0,4.225872636167912e-06,111.99498150679293,9.163519607101463e-13,3.335563470981043e-14,1.023780278550412e-09,1.2808257474889286e-19,1.5703171500642968e-11,2.934378001620508,5.382090878596309e-10,0.00032779589163452503,1000000.0,1662787.7394173788
8.584223515950416e-05,9.661873882593313e-05,-0.7815994730458419,439.49060305072624,0.0,0.03448477076538233,336.02602898765963,5.285132669412209e-14,0.0,4.226606201122684e-06,112.01442260716757,9.150317786028015e-13,3.3358818021315426e-14,1.0238605213419037e-09,1.2828326874353963e-19,1.5718347134713847e-11,2.9348873774561084,5.385769413271776e-10,0.0003277969820541759,1000000.0,1663133.0045568536
8.584916744821648e-05,9.661349261539318e-05,-0.73195615148766,439.5028660564824,0.0,0.03449036731935708,336.080771632374,5.199070339736597e-14,0.0,4.2272947653250215e-06,112.03267108797165,9.1369009064999e-13,3.3361316582500584e-14,1.0239298116317614e-09,1.2845085092908202e-19,1.5731529637054684e-11,2.9353655054930585,5.389111125154865e-10,0.00032779800540185195,1000000.0,1663453.2949690002
8.586488111412187e-05,9.66028750749084e-05,-0.6194136768444541,439.5237529778473,0.0,0.03450169237096406,336.1915988987827,5.00988941671539e-14,0.0,4.228688773312841e-06,112.06961539722572,9.105712252235742e-13,3.3369317730231107e-14,1.024046312130799e-09,1.287703013908643e-19,1.5754013521055586e-11,2.9363334825126626,5.395435337505174e-10,0.00032780007663071214,1000000.0,1664086.7356337302
8.588059478002726e-05,9.659402596240085e-05,-0.5068759137655708,439.53504703038953,0.0,0.03451112681021607,336.2840043220567,4.8286248565268223e-14,0.0,4.229851067474615e-06,112.10041877706455,9.073482245655459e-13,3.337806465717989e-14,1.0241065148142615e-09,1.2895957972265397e-19,1.5766189793428834e-11,2.9371405611782295,5.400018847255612e-10,0.0003278018029742772,1000000.0,1664591.551755865
8.589630844593266e-05,9.65869450176946e-05,-0.3943728386033263,439.5367470836285,0.0,0.03451866886009624,336.3579703367694,4.654952549444335e-14,0.0,4.23078142686922e-06,112.12507537204976,9.040254006283775e-13,3.337810105284069e-14,1.0241104337916732e-09,1.2895556771959886e-19,1.5768026484317036e-11,2.937786588071549,5.402857090887438e-10,0.0003278031843873636,1000000.0,1664967.6118455704
8.591202211183805e-05,9.658163147521213e-05,-0.2819343964792177,439.52885598998535,0.0,0.03452431770072791,336.4134887034926,4.488560798346567e-14,0.0,4.231479747859915e-06,112.14358243556875,9.006069503421565e-13,3.336841626622605e-14,1.02405811164757e-09,1.287794171069524e-19,1.5759525806700955e-11,2.9382714912286847,5.403947776108809e-10,0.0003278042209684207,1000000.0,1665214.8587733647
8.592773577774344e-05,9.657808406758927e-05,-0.16959047687833384,439.5113805596215,0.0,0.034528073466410666,336.45056048033405,4.3291498810932955e-14,0.0,4.2319460437563195e-06,112.1559403203464,8.970969590549235e-13,3.335912307958401e-14,1.023949619281839e-09,1.2847538127875268e-19,1.5740716262436496e-11,2.9385952798913753,5.40329080618929e-10,0.00032780491295857545,1000000.0,1665333.3095547007
8.595605797520416e-05,9.65761448122195e-05,0.03256334674933243,439.45571336894835,0.0,0.03453006577642265,336.4708287796345,4.058538595125034e-14,0.0,4.2322009813925125e-06,112.16269675209413,8.905521017138137e-13,3.333380342890291e-14,1.0236125452852322e-09,1.2759557076608164e-19,1.56809416350975e-11,2.9387723050090946,5.397700898194683e-10,0.00032780529120304233,1000000.0,1665221.8545720223
8.598438017266487e-05,9.657992323784434e-05,0.2341397316524601,439.3690376566694,0.0,0.03452592575570643,336.4313398626693,3.8080605545517383e-14,0.0,4.231704280176174e-06,112.1495330899091,8.837453294082802e-13,3.330512692489237e-14,1.023094123416164e-09,1.262880514265093e-19,1.5588291544912318e-11,2.938427404191934,5.386471224492111e-10,0.0003278045545532709,1000000.0,1664693.4139991808
8.601270237012559e-05,9.658940051903511e-05,0.43496648729345305,439.25148323876067,0.0,0.03451567661272038,336.33231843328826,3.576210437174217e-14,0.0,4.230458766482651e-06,112.11652423894189,8.766981956313951e-13,3.327728320760975e-14,1.022395429683085e-09,1.2458956156794082e-19,1.5463455442974962e-11,2.9375625400280656,5.369654142299887e-10,0.00032780270766312783,1000000.0,1663749.8297373296
8.60410245675863e-05,9.660455300938804e-05,0.6348733208489494,439.1032178612475,0.0,0.03449935101977025,336.17408143481964,3.3615809111077936e-14,0.0,4.228468426894818e-06,112.0637758524128,8.694312970346729e-13,3.324328213584932e-14,1.021517816918889e-09,1.2249180792604084e-19,1.5307339294547564e-11,2.936180480735147,5.347324091812772e-10,0.0003277997565536946,1000000.0,1662393.6779130395
8.606934676504702e-05,9.662535228375877e-05,0.8336922542520953,438.92444676554413,0.0,0.034476990986762004,335.95703682705494,3.162857798365283e-14,0.0,4.22573839281972e-06,111.99142392391926,8.619643028737469e-13,3.319856274673007e-14,1.0204629097852204e-09,1.199960789903213e-19,1.5121060946371758e-11,2.934284789478375,5.319576982737375e-10,0.00032779570859754043,1000000.0,1660628.2579156505
8.609766896250773e-05,9.665176519140287e-05,1.031257997304489,438.71541213605957,0.0,0.03444864769976829,335.6816820197545,2.9788160854734364e-14,0.0,4.222274920784852e-06,111.89963426524393,8.543159776011368e-13,3.314417020008027e-14,1.0192325987992437e-09,1.171350718356113e-19,1.4905938819348415e-11,2.9318798106885513,5.286529425991653e-10,0.00032779057249872297,1000000.0,1658457.578406756
8.610554228783918e-05,9.666009993899276e-05,1.085934967094591,438.65196317139015,0.0,0.034439713578440743,335.59485465864583,2.930106561603755e-14,0.0,4.221182787597617e-06,111.8706903228275,8.52160028999198e-13,3.312923796141348e-14,1.0188597089592776e-09,1.1629457734869542e-19,1.4841213155791264e-11,2.931121451101938,5.276418892884513e-10,0.00032778895273541836,1000000.0,1657782.7777603276
8.611341561317062e-05,9.666886473390677e-05,1.140499091575244,438.58620324104686,0.0,0.03443032308672381,335.50357957173327,2.8824196635283955e-14,0.0,4.220034709979574e-06,111.84026372909705,8.499918268789462e-13,3.311343203721854e-14,1.0184734783036657e-09,1.154158839213317e-19,1.4774405953115886e-11,2.9303242446014606,5.265912352495431e-10,0.0003277872498799638,1000000.0,1657077.1285432822
8.611835763671009e-05,9.667458561090561e-05,1.1746893812220571,438.5437486892943,0.0,0.03442419626861722,335.44402118165317,2.8529990959716585e-14,0.0,4.219285571785557e-06,111.82040991147767,8.486247688714882e-13,3.310241876613179e-14,1.0182242521203012e-09,1.1485245240344815e-19,1.4731425023851135e-11,2.9298040551709295,5.259116660134506e-10,0.00032778613867103537,1000000.0,1656618.4902599542
8.612091990888124e-05,9.667761817412247e-05,1.1923975810138854,438.5213806187617,0.0,0.03442094929071698,335.41245576287577,2.837898722282679e-14,0.0,4.218888535186303e-06,111.80988756416701,8.479141818883631e-13,3.3096659169256356e-14,1.018092979897398e-09,1.1455637529531848e-19,1.4708826734374193e-11,2.929528359384842,5.255532695635721e-10,0.00032778554971708406,1000000.0,1656375.9447054467
8.612238808508807e-05,9.66793762688227e-05,1.2025386428030622,438.50845392833685,0.0,0.034419067132634505,335.39415787692104,2.8292929828150086e-14,0.0,4.218658380457852e-06,111.80378795522037,8.475064655588544e-13,3.309335759539596e-14,1.0180171291669685e-09,1.1438580599548752e-19,1.4695781816258622e-11,2.9293685436675188,5.253460492463585e-10,0.0003277852083039862,1000000.0,1656235.504234656
8.612328752628651e-05,9.668046067477048e-05,1.2087492363292416,438.5004925960387,0.0,0.03441790629114585,335.3828722677767,2.8240376343617836e-14,0.0,4.218516427649252e-06,111.80002589207187,8.472564912042733e-13,3.3091325577446324e-14,1.0179704338611641e-09,1.142808515475851e-19,1.4687753126296846e-11,2.9292699739352694,5.252184286770981e-10,0.000327784997727467,1000000.0,1656148.9310863137
8.612418696748497e-05,9.668155066606708e-05,1.214958237122326,438.4924963182833,0.0,0.03441673953775457,335.37152904113043,2.818794965628082e-14,0.0,4.218373750115595e-06,111.79624462210428,8.47006367668462e-13,3.3089285430415444e-14,1.0179235659801732e-09,1.1417551160127542e-19,1.467969332041934e-11,2.929170900965584,5.250902869426835e-10,0.0003277847860737443,1000000.0,1656061.9397868232
8.612508640868341e-05,9.668264624127628e-05,1.2211656369113761,438.48446433548094,0.0,0.0344155668748031,335.3601282197625,2.8135649435845554e-14,0.0,4.218230348143414e-06,111.79244415291141,8.467560954941054e-13,3.308723768085529e-14,1.0178765256053485e-09,1.1406980913421795e-19,1.467160170048076e-11,2.9290713249574263,5.249616116223897e-10,0.00032778457334320247,1000000.0,1655974.5275871493
8.612598584988185e-05,9.66837473989551e-05,1.2273714311800945,438.476396843898,0.0,0.03441438830464482,335.34866982656,2.8083475352295493e-14,0.0,4.218086222020589e-06,111.7886244921227,8.465056752238711e-13,3.308518267079529e-14,1.01782931281842e-09,1.1396373208311324e-19,1.4663478512270865e-11,2.9289712461106965,5.248323921091218e-10,0.0003277843595362279,1000000.0,1655886.6953795059
8.612688529108031e-05,9.668485413765698e-05,1.2335756158593658,438.46829414943824,0.0,0.0344132038296407,335.33715388448405,2.8031427076044077e-14,0.0,4.217941372035929e-06,111.78478564739221,8.46255107399138e-13,3.308312034717809e-14,1.017781927701299e-09,1.1385729008464862e-19,1.4655324117577022e-11,2.9288706646259377,5.247026218270807e-10,0.00032778414465320794,1000000.0,1655798.4444740252
8.612778473227875e-05,9.668596645593202e-05,1.2397781860892723,438.4601563529909,0.0,0.034412013452158975,335.32558041656694,2.7979504278084443e-14,0.0,4.21779579847914e-06,111.7809276263978,8.460043925598593e-13,3.3081050540195883e-14,1.0177343703360595e-09,1.1375048500171915e-19,1.464713866794109e-11,2.9287695807043175,5.245722973424833e-10,0.0003277839286945308,1000000.0,1655709.7754004651
8.612868417347719e-05,9.668708435232607e-05,1.2459791365013937,438.45198342449345,0.0,0.034410817174576176,335.31394944592193,2.7927706630072637e-14,0.0,4.2176495016409456e-06,111.77705043684428,8.457535312449645e-13,3.3078973170914697e-14,1.0176866408049983e-09,1.1364331834068742e-19,1.4638922198185197e-11,2.9286679945477094,5.244414165567631e-10,0.0003277837116605858,1000000.0,1655620.6881904167
8.612958361467564e-05,9.668820782538e-05,1.2521784617252956,438.44377533313826,0.0,0.03440961499927785,335.3022609957505,2.7876033804351184e-14,0.0,4.217502481813178e-06,111.77315408646587,8.455025239926606e-13,3.307688825472941e-14,1.017638739190678e-09,1.1353578994445413e-19,1.4630674719126135e-11,2.9285659063587577,5.243099777086239e-10,0.00032778349355176397,1000000.0,1655531.1828732216
8.613048305587409e-05,9.668933687362974e-05,1.258376156559941,438.43553209089424,0.0,0.03440840692865857,335.2905150893417,2.7824485473951714e-14,0.0,4.217354739288771e-06,111.76923858302598,8.452513713404443e-13,3.3074795826836946e-14,1.0175906655759284e-09,1.1342790155829516e-19,1.462239629886245e-11,2.928463316340871,5.241779793281778e-10,0.0003277832743684574,1000000.0,1655441.259641688
8.613203785386755e-05,9.669130172064757e-05,1.269085796750818,438.4211998075826,0.0,0.034406304729232035,335.27007536740166,2.7735670311167084e-14,0.0,4.217097644092656e-06,111.76242499208493,8.448168808439976e-13,3.307116109317417e-14,1.0175071588460116e-09,1.1324055842496122e-19,1.460801329666659e-11,2.9282847935973093,5.239484817596991e-10,0.00032778289294946365,1000000.0,1655284.8311760568
8.61350690151465e-05,9.669518015142325e-05,1.2899506578396585,438.392957106519,0.0,0.03440215579876898,335.22973407604593,2.7563580878009935e-14,0.0,4.216590222699829e-06,111.74897720362043,8.43968584412574e-13,3.306401051875392e-14,1.0173428826654042e-09,1.1287227393976066e-19,1.4579709424653423e-11,2.927932448393099,5.234962484908175e-10,0.00032778214013269276,1000000.0,1654976.2824926134
8.613810017642546e-05,9.669912179834501e-05,1.310796647842022,438.36431720626103,0.0,0.034397940081907705,335.1887418761307,2.7392882917609208e-14,0.0,4.216074614042244e-06,111.73531243450728,8.431186736385161e-13,3.3056774943094345e-14,1.0171766588373817e-09,1.1250000845815953e-19,1.4551059950274439e-11,2.9275744180837746,5.230376547767235e-10,0.00032778137514026583,1000000.0,1654663.0054801742
8.61411313377044e-05,9.670312660395811e-05,1.3316235712063549,438.3352811093543,0.0,0.0343936576729867,335.147099685247,2.7223564142711976e-14,0.0,4.215550829661559e-06,111.72143099062497,8.422671688295084e-13,3.304945452809387e-14,1.0170084906081187e-09,1.1212382056042696e-19,1.4522067979645433e-11,2.9272107106836773,5.225727217139854e-10,0.0003277805979875936,1000000.0,1654345.0097593733
8.614416249898335e-05,9.670719451019087e-05,1.3524312328295138,438.3058497797987,0.0,0.03438930866747592,335.10480843202146,2.7055612368596257e-14,0.0,4.21501888123824e-06,111.70733318153154,8.414140901783174e-13,3.30420494279702e-14,1.0168383812557367e-09,1.1174376852677538e-19,1.4492736595670294e-11,2.92684133430353,5.221014782680719e-10,0.0003277798086902597,1000000.0,1654022.3048741564
8.614953786253525e-05,9.671456339205307e-05,1.3892829008834164,438.2526882578768,0.0,0.03438143281388787,335.02821729841025,2.6761096505362313e-14,0.0,4.214055501592955e-06,111.68180149128936,8.39897459733392e-13,3.3028709826265885e-14,1.01653195168016e-09,1.110604751197701e-19,1.4439896194633006e-11,2.926172379059617,5.212503649919314e-10,0.0003277783791599101,1000000.0,1653438.4798831076
8.61605867883406e-05,9.673033108693065e-05,1.4648338784689032,438.1395450228246,0.0,0.03436458982256714,334.864408457919,2.616882748066225e-14,0.0,4.2119950790147385e-06,111.62719573787219,8.367651877786465e-13,3.300046110410299e-14,1.015883036599192e-09,1.096197896003617e-19,1.4328036546622204e-11,2.9247416549379417,5.194395964677714e-10,0.00032777532140085535,1000000.0,1652192.2620524804
8.617163571414597e-05,9.674693203229155e-05,1.5401124890807492,438.02123150559424,0.0,0.034346870486896185,334.69205845334574,2.5593716436783074e-14,0.0,4.209827223878773e-06,111.56974278373379,8.336136886268106e-13,3.297110447268941e-14,1.0152086201828784e-09,1.0813277799080004e-19,1.4211933789716916e-11,2.9232363313739524,5.175475163119942e-10,0.0003277721036639556,1000000.0,1650884.3069694445
8.618268463995132e-05,9.676436317586287e-05,1.6151095198386813,437.89779295391344,0.0,0.03432827988098949,334.5112166518956,2.5035212280504644e-14,0.0,4.2075525571363095e-06,111.50945908545468,8.304438960304175e-13,3.2940649976973206e-14,1.0145088738781498e-09,1.066023100859819e-19,1.4091741556873317e-11,2.9216568395461455,5.155755958594044e-10,0.0003277687267708056,1000000.0,1649515.0993768151
8.619373356575667e-05,9.678262135906026e-05,1.6898158678831177,437.76927400797587,0.0,0.034308823270469656,334.32193428868743,2.449278110539515e-14,0.0,4.205171723233611e-06,111.44636172228526,8.272567242324325e-13,3.2909107813282845e-14,1.0137839745086893e-09,1.0503126250098417e-19,1.396761482946681e-11,2.9200036269475778,5.135253311066691e-10,0.00032776519157245375,1000000.0,1648085.1334245286
8.620478249156204e-05,9.680170332078532e-05,1.7642225406795313,437.6357188460726,0.0,0.03428850610649196,334.1242644085295,2.3965905308560845e-14,0.0,4.202685389379587e-06,111.38046837673662,8.240530687306055e-13,3.2876488329848375e-14,1.0130341040942215e-09,1.0342251325961138e-19,1.3839709820987779e-11,2.9182771568773265,5.113982398464658e-10,0.00032776149894821855,1000000.0,1646594.9128496104
8.62158314173674e-05,9.68216057005085e-05,1.838320657008289,437.49717132487007,0.0,0.03426733402048303,333.9182618146587,2.345408285314491e-14,0.0,4.200094244901029e-06,111.31179731749275,8.208338069002056e-13,3.284280206073722e-14,1.0122594496901888e-09,1.0177893621134942e-19,1.3708183870055713e-11,2.916477907992771,5.09195861504712e-10,0.0003277576498047033,1000000.0,1645044.9511686855
8.622688034317275e-05,9.684232504022266e-05,1.9121014488442485,437.3536750912012,0.0,0.03424531282003278,333.7039830287306,2.2956826763824165e-14,0.0,4.197399000739358e-06,111.24036738607325,8.175997983884882e-13,3.280805973009354e-14,1.0114602032603121e-09,1.0010339595207174e-19,1.357319522573854e-11,2.914606373960146,5.069197576129014e-10,0.00032775364507512766,1000000.0,1643435.771816488
8.62379292689781e-05,9.686385778582232e-05,1.9855562637537516,437.20527367150476,0.0,0.03422244848534845,333.4814862562924,2.247366473773641e-14,0.0,4.1946003890163275e-06,111.16619798532366,8.143518853973342e-13,3.277227224450826e-14,1.0106365615651993e-09,9.839874132158008e-20,1.3434902971192613e-11,2.9126630631529706,5.045715113707738e-10,0.0003277494857188161,1000000.0,1641767.9082251214
8.624897819478347e-05,9.688620028833749e-05,2.058676567323904,437.0520105432514,0.0,0.03419874716581606,333.25083135330163,2.20041387962918e-14,0.0,4.191699162612901e-06,111.08930906825456,8.110908929271346e-13,3.2735450689619224e-14,1.0097887260540823e-09,9.66678000456548e-20,1.329346675318451e-11,2.910648498359628,5.021527269796308e-10,0.00032774517272072596,1000000.0,1640041.9038386561
8.626002712058882e-05,9.690934880519332e-05,2.131453945487969,436.89392919372875,0.0,0.03417421517648988,333.01207979194356,2.1547804943490035e-14,0.0,4.188696094739288e-06,111.00972112664661,8.078176290161115e-13,3.269760632908487e-14,1.0089169027546178e-09,9.491337287913324e-20,1.3149046640778394e-11,2.9085632164848043,4.996650288005056e-10,0.00032774070709096757,1000000.0,1638258.312074923
8.627107604639417e-05,9.6933299501526e-05,2.2038801067285685,436.73107316920306,0.0,0.03414885899448042,332.7652946254556,2.1104232824114476e-14,0.0,4.1855919784924985e-06,110.92745517932497,8.045328849818311e-13,3.265875060220105e-14,1.0080213021599212e-09,9.313822788559074e-20,1.3001802871193746e-11,2.906407768242267,4.971100603911735e-10,0.00032773608986430715,1000000.0,1636417.696244655
8.628212497219953e-05,9.695804845154218e-05,2.2759468841723076,436.5634861161415,0.0,0.03412268525525725,332.510540452122,2.0673005383860938e-14,0.0,4.182387626403463e-06,110.84253276015664,8.012374356630436e-13,3.2618895120228026e-14,1.007102139113331e-09,9.134509520618326e-20,1.2851895685390454e-11,2.9041827178403827,4.944894834456995e-10,0.00032773132209965657,1000000.0,1634520.6294353146
8.629879591950308e-05,9.69968923281764e-05,2.3839854301471037,436.3017683731839,0.0,0.03408166123950574,332.111223763238,2.0044832459578903e-14,0.0,4.1773649363302665e-06,110.70942036126915,7.962465747804878e-13,3.255689388699402e-14,1.0056711685443612e-09,8.86114558390695e-20,1.2621024326961772e-11,2.9006950428595837,4.90415023499602e-10,0.00032772384583834677,1000000.0,1631552.7274651134
8.631546686680662e-05,9.703753015386891e-05,2.4911604753976775,436.02953094935896,0.0,0.034038815458989805,331.69414927587667,1.9442511496475268e-14,0.0,4.172118884937992e-06,110.57038839265773,7.912356034845013e-13,3.249268465625496e-14,1.0041878262025746e-09,8.585198385394997e-20,1.2385001157720941e-11,2.8970522693650516,4.862008587128757e-10,0.00032771603315355394,1000000.0,1628459.6818692845
8.633213781411017e-05,9.707994733159744e-05,2.5974456092126377,435.74692593411504,0.0,0.03399417261359887,331.2595574934129,1.8864768720496756e-14,0.0,4.166652497329043e-06,110.42551702622985,7.862069805156132e-13,3.242630938108161e-14,1.0026529020306134e-09,8.307540668027043e-20,1.2144369693913718e-11,2.893256497939138,4.818528928537429e-10,0.00032770788797321275,1000000.0,1625243.5811153115
8.634880876141371e-05,9.712412880562146e-05,2.702815148508113,435.45410659890973,0.0,0.03394775814924571,330.8076961995127,1.831039467526564e-14,0.0,4.160968890178826e-06,110.27488886078089,7.811630815184727e-13,3.2357810809977705e-14,1.0010672061352572e-09,8.029013198141409e-20,1.1899667963615985e-11,2.889309892751031,4.773770920589992e-10,0.0003276994143430336,1000000.0,1621906.5607421277
8.636547970871725e-05,9.71700590894752e-05,2.807244128356404,435.1512274650465,0.0,0.03389959820914606,330.3388199832143,1.7778239220802167e-14,0.0,4.155071265762129e-06,110.11858876367995,7.761062033623672e-13,3.2287232426841005e-14,9.994315673373169e-10,7.750420806797255e-20,1.1651426779932986e-11,2.885214677408765,4.727794719289744e-10,0.00032769061641786,1000000.0,1618450.8004955952
8.63821506560208e-05,9.721772229244107e-05,2.9107082920726826,434.8384443304955,0.0,0.03384971958664053,329.8531897790253,1.726720697713203e-14,0.0,4.148962906168368e-06,109.95670371756084,7.710385680745667e-13,3.2214618391389606e-14,9.977468317698833e-10,7.47253269840675e-20,1.1400168794855179e-11,2.8809731309423805,4.680660863713066e-10,0.0003276814984534691,1000000.0,1614878.5213852755
8.639882160332434e-05,9.726710213244724e-05,3.0131840990066334,434.51591429119037,0.0,0.03379814969215551,329.3510725449669,1.677625499232588e-14,0.0,4.142647169251949e-06,109.78932271299807,7.659623246100378e-13,3.2140013492960764e-14,9.960138618768058e-10,7.196073354039261e-20,1.1146405823669505e-11,2.8765875849919262,4.6324301673298855e-10,0.00032767206480194575,1000000.0,1611191.9834048043
8.642541064412809e-05,9.734937055931998e-05,3.1745245709543397,433.9817238713128,0.0,0.03371246893968478,328.51678973074854,1.6032330334307008e-14,0.0,4.132153383380549e-06,109.51121416441146,7.578533686900516e-13,3.2017016569613936e-14,9.931522588039001e-10,6.759786284640798e-20,1.0737725613331136e-11,2.8693008691412576,4.5533868772628415e-10,0.00032765637654118604,1000000.0,1605081.4673731623
8.645199968493184e-05,9.743589370726458e-05,3.333204461788944,433.4237920311409,0.0,0.03362267381105975,327.6423972045552,1.5333209148786212e-14,0.0,4.121155089134351e-06,109.21973502624525,7.497358311721934e-13,3.1889257716285726e-14,9.901738314775191e-10,6.331418520863097e-20,1.032590727718957e-11,2.8616638307725184,4.47195598078619e-10,0.0003276399150640981,1000000.0,1598695.65031539
8.64785887257356e-05,9.752659970396447e-05,3.489140011976279,432.8427763287105,0.0,0.03352888409736264,326.72906185400274,1.4675423087749884e-14,0.0,4.109666963871964e-06,108.91527428099914,7.416173222144333e-13,3.175692677151239e-14,9.870823012296482e-10,5.91322494183584e-20,9.9128203713283e-12,2.853686661607469,4.3883840693738747e-10,0.0003276226994041627,1000000.0,1592044.2298727497
8.650517776653935e-05,9.762141451393439e-05,3.6422523863300316,432.23934190368465,0.0,0.03343122253230587,325.77797930662905,1.40557810506935e-14,0.0,4.097704046448642e-06,108.59823049163717,7.335050257230022e-13,3.162021602998256e-14,9.838814632504095e-10,5.507169699054273e-20,9.500231313226554e-12,2.845379804385399,4.3029157471592597e-10,0.00032760474907933627,1000000.0,1585137.0769375244
8.65317668073431e-05,9.772026207629253e-05,3.792467705777537,431.61416079881303,0.0,0.033329814446231745,324.7903705568819,1.34713489200427e-14,0.0,4.0852816947898374e-06,108.26901067719264,7.254057160342039e-13,3.147931971950057e-14,9.805751763070867e-10,5.11491816627977e-20,9.089794060062431e-12,2.8367539234028825,4.2157925844127535e-10,0.00032758608404319226,1000000.0,1577984.2089838097
8.655835584814685e-05,9.782306443493277e-05,3.939717057854131,430.9679111719806,0.0,0.03322478743092475,323.7674786981723,1.2919431952134075e-14,0.0,4.072415544786289e-06,107.92802922339678,7.173257725510323e-13,3.133443348940204e-14,9.771673528390109e-10,4.737841457911951e-20,8.683041854630049e-12,2.8278198759711786,4.1272520887987564e-10,0.00032756672463919544,1000000.0,1570595.7637451892
8.658494488895061e-05,9.79297418676267e-05,4.0839364953213515,430.3012764404457,0.0,0.033116271009397444,322.71056570314465,1.2397558137392252e-14,0.0,4.059121469795589e-06,107.57570680938046,7.092711939667328e-13,3.1185753901570157e-14,9.736619492462213e-10,4.377048516791804e-20,8.281393318920814e-12,2.8185886842947707,4.037526803724337e-10,0.00032754669155566485,1000000.0,1562981.973152399
8.661153392975436e-05,9.804021301683992e-05,4.225067022816864,429.6149443717106,0.0,0.03300439630874903,321.62090923364497,1.1903462058873776e-14,0.0,4.045415540517299e-06,107.21246934427566,7.012476125199251e-13,3.1033477942687356e-14,9.700629563153506e-10,4.03331724406664e-20,7.886116914720717e-12,2.809071507609284,3.946843379354427e-10,0.000327526005780419,1000000.0,1555153.1375299215
8.663812297055811e-05,9.815439502142487e-05,4.363054569784386,428.9096061349618,0.0,0.032889295737876405,320.4997994977444,1.1435069365291856e-14,0.0,4.0313139854599474e-06,106.83874691950301,6.932603081629854e-13,3.0877802548548915e-14,9.663743898349433e-10,3.7074261837024755e-20,7.498418964344958e-12,2.7992796147303944,3.8554217961686807e-10,0.00032750468855559703,1000000.0,1547119.6002213224
8.666471201136187e-05,9.827220364757189e-05,4.49784994910733,428.18595532692893,0.0,0.03277110267250668,319.34853617791896,1.0990482106149861e-14,0.0,4.016833152303023e-06,106.45497278477924,6.853142223843726e-13,3.071892413420646e-14,9.626002814713469e-10,3.398925915328608e-20,7.119173829244055e-12,2.7892243572242252,3.7634746676101844e-10,0.0003274827613332984,1000000.0,1538891.7228410384
8.67071051538032e-05,9.846732432875953e-05,4.706055247892001,426.99602563648966,0.0,0.0325765937996273,317.45385356636865,1.0326624492451346e-14,0.0,3.993001434395486e-06,105.82337950280207,6.727416883121871e-13,3.0459470117478994e-14,9.564159897864398e-10,2.943712292380377e-20,6.534428536772661e-12,2.772675995792702,3.6162925351781483e-10,0.0003274465929099331,1000000.0,1525397.0358724967
8.673533949729919e-05,9.860209760539112e-05,4.840081242867166,426.1800616496017,0.0,0.032443144842227274,316.15390629561693,9.912519027196868e-15,0.0,3.9766504232291265e-06,105.3900415089783,6.644413159549728e-13,3.02828159357955e-14,9.521902958532215e-10,2.6682162044647493e-20,6.160115852131852e-12,2.7613221167245263,3.51820211963464e-10,0.00032742171800899893,1000000.0,1516170.549876853
8.676357384079518e-05,9.874060202969284e-05,4.970350818834539,425.34631394076257,0.0,0.03230676260174161,314.82535495192025,9.518891790849737e-15,0.0,3.959939624039997e-06,104.94716833539312,6.562047756256537e-13,3.0103347084088435e-14,9.47884765273294e-10,2.4157916040828493e-20,5.798427895998004e-12,2.7497184066249956,3.420314364097807e-10,0.00032739624498547264,1000000.0,1506767.4013814495
8.679180818429117e-05,9.888273110199506e-05,5.096831368364318,424.49561068612064,0.0,0.03216760748099137,313.46976283499157,9.144253712901522e-15,0.0,3.942888700340264e-06,104.49528110867907,6.480362946082191e-13,2.992128911020344e-14,9.435041792781851e-10,2.1770750237573485e-20,5.44948849243518e-12,2.7378785195213355,3.3228340697500516e-10,0.000327370200025186,1000000.0,1497199.732238565
8.682004252778716e-05,9.90283774701806e-05,5.2194959079553,423.62877622282855,0.0,0.03202583908195408,312.0886854866445,8.787255508852815e-15,0.0,3.925517218061561e-06,104.0348983693689,6.399397597487954e-13,2.973686406579012e-14,9.390532814984244e-10,1.941566317469125e-20,5.114595134725385e-12,2.7258160416824277,3.225953511281154e-10,0.0003273436092920448,1000000.0,1487479.550839202
8.684827687128315e-05,9.917743306963171e-05,5.3383229339230525,422.7466299711485,0.0,0.03188161589627345,310.68366767101617,8.44667655805205e-15,0.0,3.907844607571587e-06,103.56653506525141,6.319187314743516e-13,2.9550290093951014e-14,9.345367693402813e-10,1.7914186454318906e-20,4.7921366493108555e-12,2.7135444652437544,3.1298521901298026e-10,0.0003273164988855577,1000000.0,1477618.7089859059
8.687651121477914e-05,9.932978929666236e-05,5.453296250113239,421.8499851131475,0.0,0.03173509497769013,309.2562401779565,8.121410884197563e-15,0.0,3.88989012346644e-06,103.09070148578019,6.23976461022683e-13,2.9361781032551053e-14,9.29959284879886e-10,1.2492500685898175e-20,4.495661243499922e-12,2.7010771602878427,3.03469680341298e-10,0.0003272888947881193,1000000.0,1467628.8777124328
8.690474555827513e-05,9.948533717385755e-05,5.564404787043901,420.939647350426,0.0,0.031586431637520694,307.80791685235346,7.810454583711279e-15,0.0,3.871672807205159e-06,102.60790227179774,6.161159067305968e-13,2.917154605516632e-14,9.253254064640488e-10,3.7019826045855255e-20,4.145775745713007e-12,2.6884273488981845,2.9406411769451235e-10,0.00032726082281578074,1000000.0,1457521.5251505976
8.693297990177112e-05,9.964396748952745e-05,5.671642422126046,420.0164138785241,0.0,0.03143577918083952,306.34019201298565,7.512896359039499e-15,0.0,3.853211454641637e-06,102.1186355551091,6.083397477485375e-13,2.897978932336102e-14,9.206396414961049e-10,0.0,4.227003186621628e-12,2.6756080826145587,2.84782627651755e-10,0.00032723230857832847,1000000.0,1447307.8976839315
8.696121424526711e-05,9.98055709246922e-05,5.775007796793049,419.0810724783181,0.0,0.03128328866424352,304.8545381289832,7.22790949730387e-15,0.0,3.834524586810765e-06,101.62339218392906,6.006503966934383e-13,2.8786709699807346e-14,9.159064200100738e-10,4.68545878369674e-19,1.6172210378415503e-12,2.66263222214317,2.7563804215492854e-10,0.000327203377444228,1000000.0,1436999.003365403
8.69894485887631e-05,9.997003818211519e-05,5.874504126717229,418.1344006076286,0.0,0.031129108698005437,303.3524036171528,6.954743718753161e-15,0.0,3.815630422141046e-06,101.12265498861959,5.930500127068151e-13,2.8592500625870686e-14,9.111300886240375e-10,0.0,1.7384363343303423e-11,2.649512418090447,2.666419539368684e-10,0.0003271740545056312,1000000.0,1426605.596515433
8.704973357969306e-05,0.00010033028512936926,6.074035808241332,416.0786955326427,0.0,0.03079492358213522,300.09646178257003,6.4079897833429956e-15,0.0,3.7746764994190603e-06,100.03728535772404,5.771282685560422e-13,2.817491001341133e-14,9.008070598242029e-10,7.812580997729515e-21,2.907871287180247e-12,2.62107467271988,2.479771765628468e-10,0.0003271102476786383,1000000.0,1404179.1004174605
8.711001857062301e-05,0.00010070203353933434,6.25610477188939,413.9820823104999,0.0,0.03045507260462246,296.7852360341156,5.906346640397837e-15,0.0,3.7330272048703963e-06,98.93348681141937,5.616358665416045e-13,2.775475384920284e-14,8.903467505191186e-10,6.26770856236553e-20,2.1406791829917607e-12,2.5921540717357607,2.3011845927904607e-10,0.0003270450029250147,1000000.0,1381512.4622632375
8.714999503704907e-05,0.0001009543784548561,6.367311415637238,412.572641269644,0.0,0.030227228038756486,294.5652669272325,5.59620744772922e-15,0.0,3.7051039657554257e-06,98.19345914285866,5.516048192862241e-13,2.7475515746579522e-14,8.833531747931083e-10,2.3285663006747795e-19,4.92056606156448e-13,2.572764623371223,2.187509843925891e-10,0.0003270010562962211,1000000.0,1366394.2768292676
8.718997150347513e-05,0.00010121101869860852,6.471010959919621,411.15025552342576,0.0,0.029997833022530465,292.33016132495726,5.30261549589443e-15,0.0,3.676990336304012e-06,97.44838571747813,5.417698411279333e-13,2.719629620327148e-14,8.763264071423453e-10,1.5084374076151533e-19,9.697767489493872e-13,2.553242971243138,2.077777580281341e-10,0.00032695664166795146,1000000.0,1351235.954620046
8.722994796990119e-05,0.0001014716559350357,6.567294822681015,409.71682866720556,0.0,0.029767237347986922,290.0833293389659,5.024520866873919e-15,0.0,3.6487292099385268e-06,96.69940329745644,5.321325809430829e-13,2.691750705802786e-14,8.692764874557355e-10,0.0,3.6532357298785265e-12,2.5336188996318056,1.9720778834000776e-10,0.0003269118212650034,1000000.0,1336061.3161979208
8.726992443632725e-05,0.0001017359957157167,6.6562654623872435,408.27420045190365,0.0,0.029535775940552816,287.8280362145895,4.760983016153515e-15,0.0,3.620361657729661e-06,95.94760035371358,5.226940821860158e-13,2.6639534547065665e-14,8.622129966798555e-10,0.0,6.916263675737171e-12,2.513920927541046,1.8704674296979142e-10,0.00032686665532485545,1000000.0,1320892.8844978833
8.73099009027533e-05,0.00010200374790339698,6.738035285282557,406.8241450750492,0.0,0.029303768578037445,285.56739960743096,4.511153623902447e-15,0.0,3.5919268941325295e-06,95.19401615807021,5.134548355164859e-13,2.6362739538149338e-14,8.551450516351678e-10,0.0,4.8685994687170925e-12,2.494176284914441,1.7729726117183182e-10,0.0003268212020270061,1000000.0,1305751.881671472
8.734987736917936e-05,0.00010227462703690012,6.812725561792285,405.36837012633094,0.0,0.02907151974711057,283.3043880653542,4.274263857108901e-15,0.0,3.5634622581156415e-06,94.43964027721806,5.044148268276239e-13,2.608745812620417e-14,8.480813033330359e-10,0.0,0.0,2.474410899365401,1.6795926224696452e-10,0.0003267755174461561,1000000.0,1290658.235779439
8.738985383560542e-05,0.0001025483526575079,6.880465393809247,403.908515857414,0.0,0.028839318589794723,281.04182045976484,4.0496131164325905e-15,0.0,3.5350032060190655e-06,93.6854123831373,4.955735831131364e-13,2.5814002026503645e-14,8.410299379861099e-10,2.390356317168798e-19,4.00679652947576e-12,2.4546493912057596,1.5903025298351546e-10,0.00032672965551774457,1000000.0,1275630.594656377
8.742983030203148e-05,0.00010282464960460962,6.941390738351892,402.44615469127575,0.0,0.02860743890040092,278.78236622849977,3.8365584492619824e-15,0.0,3.5065833145690438e-06,92.93222233406392,4.869302167427017e-13,2.554265908150359e-14,8.339986802859807e-10,6.46538603519186e-19,1.1198182064395574e-11,2.434915075595793,1.5050562216230648e-10,0.00032668366801183815,1000000.0,1260686.345691198
8.746980676845754e-05,0.0001031032482754093,6.99564347345019,400.98279106585505,0.0,0.028376139222635852,276.52854640344003,3.63450547993406e-15,0.0,3.4782342939475522e-06,92.18091051704522,4.784834672139874e-13,2.527369404126223e-14,8.269947988725761e-10,1.3988981163978615e-19,0.0,2.4152299715283214,1.4237892039857057e-10,0.00032663760451834024,1000000.0,1245841.6413748593
8.75097832348836e-05,0.00010338388484461712,7.043370516109025,399.5198615914444,0.0,0.028145663122967218,274.282735384523,3.4429013494784057e-15,0.0,3.4499860098689554e-06,91.43226843930724,4.702317397809966e-13,2.5007349393984503e-14,8.200251138825689e-10,0.0,0.0,2.3956148172322003,1.3464212694282223e-10,0.0003265915124456472,1000000.0,1231111.4300490269
8.754975970130966e-05,0.00010366630144698624,7.084722980941416,398.05873556189226,0.0,0.027916239342919185,272.04716336631117,3.261229189910165e-15,0.0,3.4218665140916067e-06,90.68703953715293,4.621731412976075e-13,2.4743846072253278e-14,8.130960062916577e-10,8.044214372670517e-18,3.5792235528617313e-12,2.3760890914632142,1.272858980247445e-10,0.00032654543703100104,1000000.0,1216509.4912449308
8.758973616773572e-05,0.00010395024632792352,7.119855386310105,396.60071572339683,0.0,0.027688082127708992,269.8239193092881,3.089003469997396e-15,0.0,3.3939020819520892e-06,89.9459201664447,4.5430551380921203e-13,2.448338436134732e-14,8.062134287237548e-10,2.6451124364518375e-32,3.5190200198710982e-12,2.356671039432116,1.2029979744324977e-10,0.00032649942135964683,1000000.0,1202048.4745410716
8.762971263416178e-05,0.00010423547396510446,7.148924916781926,395.1470392359533,0.0,0.02746139158845879,267.6149543721626,2.9257659875330416e-15,0.0,3.3661172555878822e-06,89.20956074676464,4.4662646603755357e-13,2.422614486696451e-14,7.99382917477856e-10,1.5337443213587744e-22,5.499378139271239e-13,2.3373777027728466,1.1367250889162935e-10,0.0003264535063913596,1000000.0,1187739.941116901
8.766968910058783e-05,0.00010452174516199088,7.172090740940243,393.6988788119438,0.0,0.027236354101176766,265.4220857419835,2.7710825814501756e-15,0.0,3.3385348920078124e-06,88.47856703818498,4.391334026450853e-13,2.397228943626097e-14,7.926096055889619e-10,5.911497382345169e-19,5.111750833483079e-13,2.3182249529892847,1.0739202889984991e-10,0.0003264077309941103,1000000.0,1173594.4074581082
8.770966556701389e-05,0.00010480882711438328,7.189513377134664,392.2573440451134,0.0,0.027013142722957427,263.24700080093305,2.624540558984283e-15,0.0,3.3111762154507397e-06,87.75350153027036,4.3182355126558715e-13,2.3721962095360304e-14,7.858982367461949e-10,0.0,5.467198027510896e-13,2.2992275278598404,1.0144584095671768e-10,0.0003263621319844696,1000000.0,1159621.3907891572
8.774964203343995e-05,0.00010509649345215846,7.201354105619573,390.8234829056373,0.0,0.026791917654615964,261.09126156516555,2.4857466699060305e-15,0.0,3.2840608732578083e-06,87.03488492176665,4.2469398745606195e-13,2.3475290029683353e-14,7.792531798800345e-10,1.4443763802041756e-18,0.0,2.280399070199549,9.582107173565318e-11,0.0003263167441737357,1000000.0,1145829.4557017998
8.778961849986601e-05,0.00010538452425863514,7.207774429827533,389.39828335737445,0.0,0.026572826715868296,258.95630933370694,2.3543254506082096e-15,0.0,3.2572069943773317e-06,86.32319767031365,4.177416577460163e-13,2.323238454874687e-14,7.726784442389706e-10,9.0984953206606e-19,8.146953319207741e-13,2.261752168465828,9.050462965295496e-11,0.0003262716004186509,1000000.0,1132226.261429283
8.782959496629207e-05,0.00010567270606958686,7.20893558455001,387.98267508044444,0.0,0.0263560058290797,256.84346949345996,2.229917855081215e-15,0.0,3.2306312498229114e-06,85.61888159419563,4.1096340088471166e-13,2.299334202306264e-14,7.66177694801246e-10,8.529062027719226e-18,0.0,2.2432983987351,8.548332661357406e-11,0.00032622673167587634,1000000.0,1118818.6093597282
8.786957143271813e-05,0.00010596083185361387,7.2049980933625015,386.5775312535152,0.0,0.02614157954636549,254.75395643313863,2.1121801512950697e-15,0.0,3.2043489144054863e-06,84.92234151040333,4.0435596733928083e-13,2.2758244831194314e-14,7.597542678884556e-10,0.0,6.2784454776894315e-12,2.2250483675986246,8.07439838481325e-11,0.00032618216705966016,1000000.0,1105612.4903517053
8.790954789914419e-05,0.0001062487009753526,7.196121356125191,385.1836704857009,0.0,0.02592966149567847,252.68887852485375,2.0007830443525392e-15,0.0,3.178373929580419e-06,84.23394689524784,3.9791603712928704e-13,2.2527162242928504e-14,7.534111868656989e-10,6.746319117764265e-17,0.0,2.207011755737114,7.627352336808614e-11,0.0003261379339021309,1000000.0,1092613.1318539032
8.794952436557025e-05,0.00010653611914345649,7.182463303399438,383.80185863500395,0.0,0.025720355020935302,250.6492431327885,1.8954109681894948e-15,0.0,3.152718966127716e-06,83.55403355400465,3.9164023608958634e-13,2.230015139599181e-14,7.471511778142373e-10,3.03070997263893e-17,0.0,2.189197361540727,7.205904597147804e-11,0.0003260940578155662,1000000.0,1079825.0438334867
8.79895008319963e-05,0.00010682289834507181,7.164180067486252,382.43281080622336,0.0,0.025513753598042144,248.63596161390447,1.795761491639981e-15,0.0,3.1273954871777437e-06,82.88290528790104,3.855251506790464e-13,2.2077258098776263e-14,7.409766850800378e-10,0.0,1.2173262817474719e-12,2.171613144882687,6.808789615360561e-11,0.0003260505627560181,1000000.0,1067252.064167186
8.802947729842236e-05,0.0001071088567680623,7.1414256881629115,381.0771933782266,0.0,0.0253099413423793,246.6498542825537,1.7015448134366975e-15,0.0,3.102413810816103e-06,82.2208355490718,3.7956734142505596e-13,2.1858517637204138e-14,7.348898866219269e-10,4.0670531564990844e-22,1.6251093746388665e-13,2.1542662704824775,6.4347716093208e-11,0.00032600747108786176,1000000.0,1054897.4029039484
8.809096917479821e-05,0.00010754671362292321,7.098045095761808,379.01961065164096,0.0,0.025002052510299442,243.64953290939985,1.5665906703344776e-15,0.0,3.064675136502811e-06,81.22067712044797,3.7070210011714327e-13,2.153021370942323e-14,7.257027148811933e-10,1.0240726990810373e-18,1.0673346291550282e-13,2.1280611418710556,5.90178978332362e-11,0.0003259420223974413,1000000.0,1036325.5004004277
8.815246105117408e-05,0.00010798160254028161,7.044983844563995,376.99730978523456,0.0,0.024701174976370817,240.71752497003703,1.4428811211132004e-15,0.0,3.027795722913108e-06,80.24329100472879,3.621882439011903e-13,2.1211846738863972e-14,7.167334657750257e-10,2.1797871778230894e-17,0.0,2.102452670113212,5.416427752336684e-11,0.00032587764623577347,1000000.0,1018283.3098189001
8.821395292754994e-05,0.00010841294444964447,6.982766124541589,375.012107669435,0.0,0.024407502210306794,237.85571752316585,1.329523091957408e-15,0.0,2.991799305979544e-06,79.28930625372257,3.540132691614366e-13,2.0903425816556022e-14,7.07986874088269e-10,0.0,4.3822667891731755e-13,2.077457337000384,4.974720249451345e-11,0.00032581440414515794,1000000.0,1000775.2158192247
8.82754448039258e-05,0.000108840191998711,6.9118990660626825,373.06560404612014,0.0,0.024121189076171248,235.06562111270415,1.2256840072419935e-15,0.0,2.956704885666264e-06,78.35922640787489,3.461648065540233e-13,2.060492200667035e-14,6.994665892271505e-10,0.0,7.414238797329559e-13,2.053088335789793,4.5729452610830496e-11,0.0003257523505904087,1000000.0,983803.2139683572
8.833693668030167e-05,0.00010926282846072825,6.83287189890856,371.15919770980554,0.0,0.023842355608122114,232.3484065752861,1.1305892742720893e-15,0.0,2.9225271889529954e-06,77.45344176606395,3.386306780153756e-13,2.031627361832386e-14,6.911752859508376e-10,1.1859514228859734e-16,0.0,2.0293558926847384,4.207629477529177e-11,0.0003256915334924842,1000000.0,967367.2062988668
8.839842855667752e-05,0.0001096803666164154,6.746155326474972,369.29410213749674,0.0,0.023571090549546085,229.7049396613194,1.043519629414635e-15,0.0,2.889277105381201e-06,76.57224092654467,3.313989436705382e-13,2.003739098703665e-14,6.831147680447515e-10,2.030403656724488e-16,0.0,2.0062675692306122,3.8755479675771875e-11,0.00032563199474281573,1000000.0,951465.2735942617
8.845992043305338e-05,0.0001100923476126644,6.652201118030272,367.47136046252507,0.0,0.023307454672243294,227.13581347935587,9.638084235835995e-16,0.0,2.856962095157856e-06,75.71582160229349,3.244579397186806e-13,1.97681608190991e-14,6.752860650390059e-10,0.0,3.5149020207798003e-12,1.9838285456962084,3.573719437018274e-11,0.0003255737706968738,1000000.0,936093.925061869
8.852141230942925e-05,0.00011049833979507753,6.551441924110883,365.69185983683946,0.0,0.02305148387704016,224.64137883065163,8.908389474570634e-16,0.0,2.825586570760476e-06,74.88430073304686,3.1779630818848167e-13,1.9508450107596685e-14,6.67689522224356e-10,-1.1744977117940037e-31,4.454033541343514e-13,1.962041886029898,3.2993983331269847e-11,0.00032551689264575503,1000000.0,921248.3266741907
8.858290418580511e-05,0.00011089793752760471,6.444291302149791,363.9563449987779,0.0,0.022803192125392027,222.22177242030705,8.240417791804295e-16,0.0,2.795152251730897e-06,74.07772388949677,3.1140301960349165e-13,1.9258109679568696e-14,6.60324884002178e-10,7.087164187147532e-22,3.249979160666159e-14,1.9409087842208574,3.050064598834224e-11,0.00032546138726388565,1000000.0,906922.508558154
8.864439606218098e-05,0.00011129076001920588,6.33114388959039,362.2654310855595,0.0,0.02256257408312415,219.87694291576378,7.628921011911499e-16,0.0,2.765658492395049e-06,73.2960739599018,3.052673896364733e-13,1.901697732861881e-14,6.531913705666929e-10,0.0,3.250667795946573e-13,1.9204287919259526,2.8234118427267917e-11,0.000325407277031324,1000000.0,893109.5523467957
8.870588793855684e-05,0.00011167645016927492,6.212375682373277,360.6196157221023,0.0,0.022329607586756065,217.6066748944041,7.069069898733309e-16,0.0,2.7371025831008005e-06,72.53927913302961,2.993790906611494e-13,1.878488059946052e-14,6.462877481096258e-10,0.0,1.423293661730024e-13,1.900600027620726,2.617334546967157e-11,0.0003253545806303042,1000000.0,879801.759663742
8.876737981493269e-05,0.00011205467343483228,6.088344410433677,359.01929035931335,0.0,0.022104255894146396,215.41061078509338,6.556427287869696e-16,0.0,2.7094800262310924e-06,71.80722021237936,2.93728158920515e-13,1.856163926440388e-14,6.396123929036438e-10,0.0,5.180764033196739e-13,1.8814193682391944,2.4299147857435514e-11,0.00032530331331646336,1000000.0,866990.8029900583
8.882887169130856e-05,0.00011242511672169833,5.959390001188629,357.46475087233557,0.0,0.02188646973727645,213.28827091676686,6.086921879158405e-16,0.0,2.6827847883865565e-06,71.09973729938672,2.8830499793989305e-13,1.8347067494838802e-14,6.331633496373565e-10,0.0,5.636906525465322e-13,1.8628826242840788,2.2594088339801793e-11,0.00032525348726531665,1000000.0,854667.8602485621
8.889036356768442e-05,0.0001127874873048047,5.825835112820526,355.9562074414004,0.0,0.021676189197085083,211.2390717715674,5.6568228308822e-16,0.0,2.6570095299732822e-06,70.41663587811517,2.8310037878018187e-13,1.8140975761351625e-14,6.269383843277965e-10,8.13289984968645e-22,0.0,1.8449846992491779,2.1042339507559305e-11,0.00032520511189446506,1000000.0,842823.7343557006
8.895185544406028e-05,0.0001131415117834225,5.687985723348433,354.4937936792626,0.0,0.02147334540541075,209.26234253739375,5.262715197806971e-16,0.0,2.632145813370553e-06,69.75769233305485,2.7810543767638597e-13,1.7943172497666635e-14,6.209350321254357e-10,1.6827968184924305e-21,3.538393911531886e-13,1.827719734187078,1.9629555409195653e-11,0.0003251581941621396,1000000.0,831448.9587877035
8.901334732043615e-05,0.00011348693507453578,5.54613174766881,353.07757515689235,0.0,0.021277862072852493,207.35734006809892,4.901476327014802e-16,0.0,2.6081842911190185e-06,69.12265893611122,2.7331167152957205e-13,1.775346553765603e-14,6.151506403594591e-10,0.0,2.0468376651683514e-13,1.8110812383798556,1.8342748685538742e-11,0.00032511273884305495,1000000.0,820533.8906547971
8.9074839196812e-05,0.00011382351944529614,5.400547680544734,351.7075572929731,0.0,0.021089656875370778,205.52326236862433,4.57025336884733e-16,0.0,2.5851148755562003e-06,68.51126834188024,2.6871093164553486e-13,1.7571663354237224e-14,6.095824071911206e-10,0.0,0.0,1.7950622071163735,1.7170173972876206e-11,0.00032506874878270313,1000000.0,810068.7923012573
8.913633107318786e-05,0.00011415104358524027,5.251493261441481,350.38369260942994,0.0,0.020908642696676662,203.75926071827848,4.2664420061802627e-16,0.0,2.562926891299816e-06,67.92323762894841,2.6429541605887685e-13,1.7397576123921552e-14,6.042274162269929e-10,0.0,0.0,1.7796552275795048,1.610121835690367e-11,0.00032502622513122325,1000000.0,800043.9024700469
8.919782294956373e-05,0.00011446930171941453,5.09921415023925,349.10588741265263,0.0,0.020734728743977034,202.06445053687563,3.9876664299107945e-16,0.0,2.541609211913569e-06,67.35827192212484,2.6005766074076245e-13,1.7231016634508228e-14,5.990826674164162e-10,1.3830460141589212e-19,1.6454527000163585e-13,1.7648525737510548,1.512629919230676e-11,0.00032498516755794443,1000000.0,790449.4981158766
8.925931482593959e-05,0.00011477810276323648,4.943942602950666,347.8740079666757,0.0,0.02056782154349198,200.43792109398052,3.7317605555958046e-16,0.0,2.5211503820360746e-06,66.81606762902204,2.559905299505102e-13,1.70718010519852e-14,5.941451045417473e-10,1.3705331800076247e-18,4.174333121776081e-14,1.7506462912138059,1.4236769351603758e-11,0.00032494557444772245,1000000.0,781275.9478892491
8.932080670231545e-05,0.00011507726951904324,4.78589814290766,346.687886182746,0.0,0.020407825826992416,198.8787441596341,3.4967504747161244e-16,0.0,2.5015387262037603e-06,66.2963153237791,2.5208720595214343e-13,1.6919749561804557e-14,5.894116396016331e-10,1.2590229939180906e-17,0.0,1.7370282727087414,1.3424829835282505e-11,0.0003249074430802275,1000000.0,772513.7581570925
8.93822985786913e-05,0.00011536663791393216,4.62528823290669,345.5473247633418,0.0,0.020254645323196915,197.38598168985726,3.2808381304898546e-16,0.0,2.4827624454955886e-06,65.79870230902752,2.4834117828005103e-13,1.6774686905578e-14,5.848791743700973e-10,3.090259518831898e-23,4.929927949396975e-15,1.723990325258049,1.26834494544833e-11,0.00032487076979329264,1000000.0,764153.6121672653
8.944379045506717e-05,0.00011564605627824515,4.462308928470015,344.45210200260084,0.0,0.02010818345423416,195.95869263467495,3.0823861914531413e-16,0.0,2.464809703178909e-06,65.3229148853491,2.4474623270911483e-13,1.6636442822387666e-14,5.805446193959653e-10,0.0,4.691501776784294e-16,1.7115242296290483,1.200629154726323e-11,0.00032483555013146544,1000000.0,756186.4034937104
8.950528233144303e-05,0.00011591538466388064,4.2971455183109795,343.40197618633914,0.0,0.01996834395078856,194.59593895051452,2.8999040734992097e-16,0.0,2.447668700344879e-06,64.86864035551143,2.41296440061506e-13,1.6504852400529458e-14,5.76404910688454e-10,3.579075255652499e-18,6.644870783067548e-15,1.6996217928487334,1.138764700274185e-11,0.0003248017789807974,1000000.0,748603.2642447999
8.95667742078189e-05,0.00011617449420159996,4.129973152437138,342.39668959637294,0.0,0.0198350313956637,193.29679089241102,2.732035054265078e-16,0.0,2.43132774247062e-06,64.43556878862674,2.3798614496004157e-13,1.6379756360875176e-14,5.724570243145946e-10,0.0,8.363518442506173e-15,1.6882748944257786,1.0822373459181073e-11,0.0003247694506908666,1000000.0,741395.5886015143
8.962826608419476e-05,0.00011642326649644636,3.960957453793616,341.4359721752536,0.0,0.019708151701226924,192.06033165550537,2.577544423704337e-16,0.0,2.415775297793661e-06,64.02339456739735,2.34809954617729e-13,1.6261001280766556e-14,5.68697989115511e-10,0.0,3.463108897298678e-14,1.6774755268885695,1.030584017901866e-11,0.0003247385591849877,1000000.0,734555.0523094051
8.968975796057062e-05,0.00011666159306020327,3.790255109883658,340.5195449087159,0.0,0.01958761252529944,190.8856614304018,2.4353086130353336e-16,0.0,2.4010000483209896e-06,63.63181773997081,2.3176272773547374e-13,1.6148439760619388e-14,5.65124897733054e-10,0.0,0.0,1.6672158312052394,9.833878266594926e-12,0.00032470909805950204,1000000.0,728073.6286979362
8.975124983694648e-05,0.00011688937477967322,3.618014445431906,339.64712293730054,0.0,0.01947332363315706,189.7719009320905,2.304305241517554e-16,0.0,2.3869909342181746e-06,63.26054519630774,2.288395635676383e-13,1.6041930542219892e-14,5.617349161233573e-10,2.0408325246855197e-17,1.410927560213192e-13,1.657488127605657,9.40273556584042e-12,0.0003246810606730168,1000000.0,721943.6016536446
8.981274171332234e-05,0.00011710652141948594,3.444375973358235,338.81841846096995,0.0,0.019365197209208287,188.71819445725524,2.183604019229317e-16,0.0,2.3737371922714856e-06,62.90929168733663,2.2603579120240517e-13,1.5941338589772647e-14,5.585252917188348e-10,0.0,0.0,1.6482849422862182,9.009036196089668e-12,0.00032465444022640433,1000000.0,716157.5760436304
8.98742335896982e-05,0.00011731295115839714,3.2694729345189013,338.0331433377243,0.0,0.019263148131388887,187.72371251868253,2.0723584433654525e-16,0.0,2.3612283890101745e-06,62.57778070313527,2.233469590919072e-13,1.584653514089812e-14,5.554933603816903e-10,1.6054151801183683e-16,1.0503140375999387e-12,1.6395990304149004,8.649744084623798e-12,0.00032462922983424874,1000000.0,710708.4856931274
8.993572546607407e-05,0.00011750859015755852,3.0934317962143756,337.29101178575684,0.0,0.019167094191233195,186.7876541033261,1.969798231205349e-16,0.0,2.3494544491460577e-06,62.265745225657504,2.207688248598411e-13,1.5757397719366114e-14,5.526365522851547e-10,0.0,0.0,1.6314233958649922,8.32213037752791e-12,0.00032460542258855014,1000000.0,705589.6000751064
8.999721734244993e-05,0.00011769337216018922,2.916372776247149,336.591742390043,0.0,0.019076956313313086,185.90924859184125,1.8752224313550366e-16,0.0,2.3384056796547928e-06,61.97292836861084,2.182973454031723e-13,1.567381013613439e-14,5.499523968328403e-10,0.0,0.0,1.623751307957979,8.0237438509893e-12,0.0003245830116150518,1000000.0,700794.5282556241
9.005870921882578e-05,0.00011786723812157575,2.7384103093690935,335.93506050214773,0.0,0.018992658703836703,185.0877573760994,1.7879931618003981e-16,0.0,2.3280727901483536e-06,61.69908391665554,2.1592866730049708e-13,1.559566247063322e-14,5.474385267223297e-10,1.2488841560342082e-16,6.238459552095053e-14,1.6165763156084014,7.752384928268713e-12,0.00032456199012305094,1000000.0,696317.2226229026
9.012020109520165e-05,0.00011803013586760145,2.559653495790918,335.3207005937232,0.0,0.01891412898936766,184.32247521108323,1.7075299232978188e-16,0.0,2.318446909906262e-06,61.44397677605956,2.1365911753570557e-13,1.552285102359083e-14,5.450926812585112e-10,1.1275563454532834e-16,5.901584296112617e-14,1.6098922591313987,7.506082273332609e-12,0.00032454235144915443,1000000.0,692151.9816573774
9.018169297157751e-05,0.00011818201978059196,2.3802065490153432,334.74840841777507,0.0,0.018841298333099953,183.61273133146764,1.633304440049963e-16,0.0,2.309519601912415e-06,61.20738334691121,2.1148519453917728e-13,1.54552782656896e-14,5.429127090041607e-10,0.0,7.284042593347542e-14,1.603693279993302,7.283071894014562e-12,0.0003245240890954411,1000000.0,688293.4516124001
9.024318484795337e-05,0.00011832285051209448,2.200169232792332,334.21794318433365,0.0,0.01877410153079233,182.95789035639254,1.5648359834259927e-16,0.0,2.3012828742206265e-06,60.989091824725534,2.0940355954172022e-13,1.5392852784847035e-14,5.408965698351983e-10,5.175263362684288e-16,0.0,1.597973828710877,7.0817786693464424e-12,0.0003245071967624591,1000000.0,684736.6276781994
9.030467672432924e-05,0.00011845259472211376,2.0196372793770285,333.7290799538514,0.0,0.018712477085152345,182.3573530038179,1.5016871379080752e-16,0.0,2.2937291889268503e-06,60.788902438574894,2.0741102823332783e-13,1.5335489222340142e-14,5.390423364616626e-10,0.0,9.370114101392033e-14,1.5927286710894537,6.900799991469575e-12,0.00032449166837744697,1000000.0,681476.8551671884
9.036616860070509e-05,0.00011857122484369154,1.8387027882337479,333.28161241246477,0.0,0.018656367258802008,181.8105566364011,1.443459971872399e-16,0.0,2.2868514690755186e-06,60.606627633057435,2.0550456271790847e-13,1.528310819994171e-14,5.37348195476819e-10,9.660256878336705e-15,0.0,1.5879528929937146,6.738891424043731e-12,0.0003244774981181751,1000000.0,678509.8311662613
9.036979719188651e-05,0.00011857787735450769,1.8280153179068397,333.25649703151385,0.0,0.018653227390733676,181.77995829378688,1.440169875457783e-16,0.0,2.286466596678284e-06,60.5964276623158,2.0539468990005887e-13,1.528017131146751e-14,5.372531906298373e-10,0.0,3.4184896414892906e-14,1.5876856437888034,6.729908904495226e-12,0.00032447670425655057,1000000.0,678343.8098700836
9.037342578306794e-05,0.00011858449108290358,1.8173267677446432,333.2315221973195,0.0,0.018650106525539577,181.74954513748975,1.4368955764158957e-16,0.0,2.286084053587363e-06,60.586289423512994,2.0528510605780918e-13,1.5277251498072988e-14,5.37158736954388e-10,0.0,1.6429859852341399e-13,1.5874200120209696,6.7209884515315475e-12,0.0003244759151035266,1000000.0,678178.7873639448
9.037705437424936e-05,0.00011859106602497501,1.8066371461845743,333.2066834961487,0.0,0.018647004652615838,181.71931706420403,1.4336370040322598e-16,0.0,2.2857038385204485e-06,60.576212882212054,2.0517581061475855e-13,1.5274348736361004e-14,5.37064834116122e-10,1.0888499458460825e-13,1.033347311030998e-13,1.5871559967880808,6.712129045835613e-12,0.0003244751306580125,1000000.0,678014.7539194349
9.038068296543078e-05,0.00011859760217686115,1.795946468568771,333.18197971370915,0.0,0.018643921761590694,181.68927397117565,1.4303940875993234e-16,0.0,2.28532595022993e-06,60.566198004159844,2.0506680299799738e-13,1.527146299931788e-14,5.369714817825542e-10,4.862664481034851e-13,0.0,1.586893597192704,6.703329679871546e-12,0.00032447435091892933,1000000.0,677851.706366702
9.03843115566122e-05,0.00011860409953476168,1.7852547546878494,333.15741135683294,0.0,0.018640857843670266,181.65941575612248,1.427166756567574e-16,0.0,2.28495038752149e-06,60.556244755260614,2.049580826369036e-13,1.5268594262008864e-14,5.368786796227012e-10,1.455655022081428e-12,6.308361527450518e-13,1.5866328123401003,6.694589856449937e-12,0.0003244735758852011,1000000.0,677689.6450633421
9.038794014779361e-05,0.00011861055809494457,1.7745620205709653,333.1329788391034,0.0,0.0186378128806731,181.62974231719858,1.4239549407710973e-16,0.0,2.284577148947778e-06,60.54635310156393,2.0484964896123806e-13,1.526574250362194e-14,5.367864273068721e-10,2.2927987748102116e-17,1.7592820699593063e-15,1.5863736413454124,6.685909522633161e-12,0.00032447280555576377,1000000.0,677528.5701789132
9.039156873897503e-05,0.00011861697785373916,1.7638682813193927,333.108681927237,0.0,0.01863478687177773,181.60025355302525,1.4207585705375498e-16,0.0,2.284206233106902e-06,60.5365230092752,2.0474150140197602e-13,1.5262907706760118e-14,5.36694724506766e-10,0.0,6.4810223650758e-16,1.586116083317478,6.67728859028189e-12,0.0003244720399295538,1000000.0,677368.4805627202
9.039519733015645e-05,0.00011862335880753073,1.7531735541559017,333.08452025196186,0.0,0.01863177980287088,181.5709493627157,1.4175775766149432e-16,0.0,2.283837638783869e-06,60.52675444476373,2.0463363939232687e-13,1.526008985474516e-14,5.366035708956047e-10,2.07068404988527e-16,1.6913660222265808e-15,1.5858601373774586,6.668726741006193e-12,0.00032447127900550496,1000000.0,677209.37478987
9.039882592133787e-05,0.00011862970095276573,1.7424778577586573,333.06049372987343,0.0,0.01862879166375441,181.54182964585044,1.4144118900708856e-16,0.0,2.2834713648293436e-06,60.51704737455466,2.045260623811125e-13,1.5257288930499166e-14,5.365129661480783e-10,8.241582330423613e-14,3.471670239091108e-14,1.5856058026482647,6.660223643928486e-12,0.00032447052278255324,1000000.0,677051.2520241847
9.040245451251929e-05,0.00011863600428595769,1.7317812098733403,333.036602473095,0.0,0.018625822443641166,181.51289430244964,1.4112614423044165e-16,0.0,2.283107410008658e-06,60.507401765319656,2.044187697939658e-13,1.5254504917429406e-14,5.364229099402359e-10,2.936922972288241e-16,1.3637452488806168e-15,1.5853530782569398,6.651779134956351e-12,0.0003244697712596417,1000000.0,676894.111832882
9.040608310370071e-05,0.00011864226880368587,1.7210836271973122,333.01284652664026,0.0,0.01862287213301938,181.48414323297922,1.4081261651252999e-16,0.0,2.282745773028365e-06,60.497817583879,2.0431176105640893e-13,1.5251737800375536e-14,5.363334019494758e-10,1.9315966452090013e-14,7.680026892238027e-15,1.5851019633336998,6.643393119459862e-12,0.00032446902443571845,1000000.0,676737.9536493294
9.040971169488213e-05,0.00011864849450259,1.7103851263070518,332.989225808081,0.0,0.01861994072135033,181.45557633837416,1.4050059907811028e-16,0.0,2.282386452612919e-06,60.48829479720932,2.0420503560836863e-13,1.5248987565160978e-14,5.362444418546206e-10,0.0,0.0,1.5848524570135172,6.63506542102859e-12,0.0003244682823097343,1000000.0,676582.77664991
9.041334028606354e-05,0.00011865468137936896,1.6996857243204035,332.9657402120152,0.0,0.018617028198681978,181.42719352004445,1.4019008519119444e-16,0.0,2.2820294475350213e-06,60.4788333724456,2.0409859289957256e-13,1.5246254197676436e-14,5.361560293359527e-10,1.5234530612826323e-14,6.093118205201109e-15,1.5846045584352182,6.626795794827457e-12,0.00032446754488064223,1000000.0,676428.5799677648
9.041696887724496e-05,0.00011866082943078308,1.6889854384905192,332.9423896885622,0.0,0.018614134554784924,181.39899467986382,1.3988106815099195e-16,0.0,2.281674756578946e-06,60.46943327687741,2.0399243237630843e-13,1.5243537683625034e-14,5.360681640751845e-10,0.0,0.0,1.5843582667418583,6.618584026994354e-12,0.0003244668121473988,1000000.0,676275.362853183
9.042311175016591e-05,0.00011867114901104653,1.6708688667661487,332.90316713419645,0.0,0.018609278885308868,181.3516757134711,1.3936132384115568e-16,0.0,2.281079568683474e-06,60.453659478968255,2.0381335398967648e-13,1.5238977250930966e-14,5.359206627710082e-10,0.0,1.1239825540558665e-15,1.583944977816247,6.604813625315244e-12,0.0003244655823979636,1000000.0,676018.2110484004
9.042925462308685e-05,0.00011868135729609025,1.652749893100236,332.86433135076055,0.0,0.018604477244557382,181.30488326669501,1.3884581823908723e-16,0.0,2.280491003499867e-06,60.4380611966009,2.0363508005365795e-13,1.523446501294733e-14,5.357747274388862e-10,0.0,9.708504518584109e-16,1.5835362875693981,6.59120769454064e-12,0.0003244643660985479,1000000.0,675763.8609854536
9.04353974960078e-05,0.00011869145427141326,1.6346285988067966,332.8258822374761,0.0,0.018599729584533757,181.2586168724585,1.3833451956822152e-16,0.0,2.2799090551024617e-06,60.42263827407499,2.034576078743632e-13,1.523000090452385e-14,5.356303565621529e-10,0.0,7.342143966991273e-16,1.5831321919218058,6.577765421478728e-12,0.0003244631632441632,1000000.0,675512.3093857366
9.044154036892874e-05,0.00011870143992301196,1.6165050652186128,332.7878196557968,0.0,0.018595035857634716,181.21287606750838,1.3782739636200596e-16,0.0,2.2793337176369537e-06,60.4073905569649,2.0328093477752818e-13,1.522558486179044e-14,5.354875486358324e-10,0.0,1.0256296038053245e-15,1.5827326868273779,6.564485905072893e-12,0.0003244619738298491,1000000.0,675263.5529229101
9.044768324184968e-05,0.00011871131423737944,1.598379373932056,332.7501433569611,0.0,0.018590396016731514,181.16766039241259,1.3732441745956183e-16,0.0,2.278764985343182e-06,60.392317892118726,2.0310505811921175e-13,1.5221216821998313e-14,5.353463021666239e-10,4.030495716781732e-15,2.528118124346289e-15,1.58233776827339,6.551368218107077e-12,0.0003244607978506728,1000000.0,675017.5880750992
9.045816115508463e-05,0.00011872789992499646,1.5674575906429176,332.68676952150764,0.0,0.018582606040983083,181.09174637843225,1.3647596053535438e-16,0.0,2.2778101228385894e-06,60.36701192273004,2.0280689520194804e-13,1.5213876838166632e-14,5.351089766625672e-10,4.43746208154223e-17,1.1726624693440978e-15,1.581674727136353,6.529364363151011e-12,0.00032445882296858723,1000000.0,674604.4772367338
9.046863906831959e-05,0.00011874416158695135,1.536530166919355,332.624517771746,0.0,0.01857497247700633,181.0173566286436,1.3563932028111277e-16,0.0,2.2768744328220927e-06,60.34221406746854,2.025110287960553e-13,1.5206676027310706e-14,5.348761825137405e-10,0.0,1.1480926630838052e-15,1.5810249990861942,6.507824791147772e-12,0.0003244568871365851,1000000.0,674199.4614765953
9.047911698155453e-05,0.00011876009916623833,1.5055975020924368,332.5633869530627,0.0,0.018567495098787558,180.94448893960904,1.3481434797200767e-16,0.0,2.275957887616943e-06,60.317923591817326,2.0221744601047495e-13,1.5199614087113882e-14,5.346479125434735e-10,2.7704328014707184e-16,1.1993316206460522e-15,1.5803885648778333,6.4867454226592576e-12,0.0003244549903307832,1000000.0,673802.5240722627
9.048959489478948e-05,0.00011877571261002389,1.4746599934240798,332.5033759554464,0.0,0.01856017368359052,180.87314114009774,1.3400089731144434e-16,0.0,2.2750604599432125e-06,60.29413977199567,2.019261340501037e-13,1.519269072004818e-14,5.344241596734377e-10,0.0,1.1167510428543347e-15,1.5797654055474906,6.46612220001773e-12,0.00032445313252755153,1000000.0,673413.6486402225
9.05058077467117e-05,0.00011879923293715288,1.4267806470609044,332.41272342557977,0.0,0.01854915185475902,180.76573253651557,1.32764588014297e-16,0.0,2.2737094519140096e-06,60.258335067541736,2.0147982230695467e-13,1.518225036392154e-14,5.340868248434642e-10,1.1938205767991366e-16,1.157060619383148e-15,1.5788272872881601,6.435101095234348e-12,0.0003244503346933824,1000000.0,672827.7792533755
9.052202059863392e-05,0.00011882197692698482,1.3788921020059257,332.3247460548021,0.0,0.01853850211772692,180.66195004166025,1.315549984266351e-16,0.0,2.272404053856244e-06,60.223739127999316,2.0103887043679886e-13,1.517214002642331e-14,5.337602629945792e-10,2.316543282135275e-16,1.1702418477082839e-15,1.5779208398511915,6.405148904051185e-12,0.0003244476300997806,1000000.0,672261.1166764447
9.053823345055613e-05,0.00011884394444211043,1.3309958019954924,332.2394401819068,0.0,0.01852822369378234,180.56178606795763,1.3037161968193233e-16,0.0,2.2711441703080727e-06,60.19034942404723,2.00603232377155e-13,1.5162358673341695e-14,5.334444492941267e-10,1.0283118437998806e-16,1.1307812493368308e-15,1.5770459969659176,6.376252156740335e-12,0.00032444501866282695,1000000.0,671713.60461766
9.055444630247835e-05,0.00011886513536844719,1.2830931810345638,332.1568021020891,0.0,0.018518315823251936,180.4652332125696,1.2921395578942145e-16,0.0,2.2699297081565536e-06,60.15816348794617,2.0017286262879709e-13,1.515290529606855e-14,5.331393594715628e-10,0.0,1.0330502064607598e-15,1.5762026939751552,6.3483978355542675e-12,0.00032444250030008167,1000000.0,671185.1880992933
9.058710046741437e-05,0.00011890545828269909,1.1865995163220286,331.99844425638094,0.0,0.01849948222918385,180.2816987445112,1.2695841676455825e-16,0.0,2.2676211729256552e-06,60.096982193640805,1.993218676504944e-13,1.513485687906282e-14,5.325573354703764e-10,1.7436622553950873e-17,1.0756766130594069e-15,1.5745996842536623,6.2954103488738416e-12,0.00032443771027095133,1000000.0,670178.6544527628
9.061975463235038e-05,0.00011894263010889968,1.0900975073789385,331.8508641016487,0.0,0.018482143005099667,180.1127272194005,1.2480144202138735e-16,0.0,2.265495813440025e-06,60.040655462661704,1.9849170133886138e-13,1.5118127241748127e-14,5.320185311625705e-10,4.6410888347275925e-17,1.0631996783869789e-15,1.573123868837151,6.246504416812116e-12,0.00032443329683356516,1000000.0,669248.9484013077
9.06524087972864e-05,0.00011897665076127262,0.9935985416059193,331.71403262570965,0.0,0.018466292643418643,179.9582649665412,1.2273942409409351e-16,0.0,2.2635529546585406e-06,59.98916540385904,1.9768201150456313e-13,1.510270909087534e-14,5.315227689257245e-10,2.827092052590374e-17,1.0349248793181974e-15,1.5717747789599712,6.201590776154078e-12,0.0003244292593697667,1000000.0,668395.6745936602
9.068506296222241e-05,0.00011900752052375703,0.8971138803510904,331.58792153627866,0.0,0.018451925947195878,179.81826134348154,1.2076893917168967e-16,0.0,2.2617919595950883e-06,59.94249513554954,1.9689245423716643e-13,1.5088595551798152e-14,5.310698803003536e-10,7.055938429292423e-18,1.0287820705583117e-15,1.5705519723055144,6.160587405943668e-12,0.0003244255972863336,1000000.0,667618.4617216451
9.071771712715843e-05,0.00011903524004582595,0.8006546725947834,331.47250322574973,0.0,0.01843903802957642,179.6926687302467,1.188867384436358e-16,0.0,2.260212229259678e-06,59.900628783593994,1.9612269365649205e-13,1.5075780164888542e-14,5.306597059554876e-10,0.0,1.006766245951147e-15,1.5694550329558277,6.123419284755866e-12,0.00032442231001505463,1000000.0,666916.9622862958
9.077180460576921e-05,0.00011907422634148099,0.6409678362850653,331.304779098313,0.0,0.018420931965043193,179.51622606253326,1.1595513895525244e-16,0.0,2.257992896244985e-06,59.84181154396687,1.948903587407153e-13,1.5057392964108684e-14,5.300738756123564e-10,0.0,9.894143913328677e-16,1.5679139637780042,6.070112341966701e-12,0.00032441768819830435,1000000.0,665920.7264484051
9.082589208437997e-05,0.00011910457940444218,0.4814308338988825,331.1661985023967,0.0,0.01840685165530565,179.3790152473708,1.1324430746417527e-16,0.0,2.256267029732208e-06,59.79607225934435,1.9370999447867525e-13,1.5042525870769073e-14,5.296041980385518e-10,0.0,9.739696595961825e-16,1.5667155498063048,6.026872288155601e-12,0.0003244140909067292,1000000.0,665130.0042183436
9.087997956299075e-05,0.00011912630867442144,0.322092849273961,331.05664714990104,0.0,0.018396780456790753,179.28087410241739,1.1074231969827651e-16,0.0,2.255032589747748e-06,59.76335686617247,1.9258020904028141e-13,1.5031156874496354e-14,5.292501122186519e-10,0.0,9.610366217664035e-16,1.5658583745227712,5.993475822823994e-12,0.00032441151600804666,1000000.0,664543.6374299846
9.093406704160153e-05,0.00011913942624019433,0.16300270883227008,330.97601546157654,0.0,0.01839070401251704,179.2216627279827,1.0843829375077305e-16,0.0,2.2542878166070728e-06,59.74361872882876,1.9149966165495814e-13,1.5023266948622086e-14,5.290111238220083e-10,0.0,9.562569534291693e-16,1.5653412160285014,5.969745313008478e-12,0.0003244099615534678,1000000.0,664160.63985561
9.09881545202123e-05,0.00011914394682279486,0.004209034995761431,330.9241985656418,0.0,0.01838861023220852,179.20126331361521,1.0632231838280731e-16,0.0,2.254031228471908e-06,59.73681857514808,1.9046705980375902e-13,1.5018840008945247e-14,5.288868044367541e-10,0.0,9.472109150413319e-16,1.5651630453543708,5.955547376852518e-12,0.0003244094257738765,1000000.0,663980.1953555755
9.10732281466512e-05,0.00011913370447289091,-0.24483884206985534,330.90076120113673,0.0,0.018393352644601704,179.24748700497344,1.033532115926476e-16,0.0,2.2546126397875676e-06,59.75222726250679,1.8893691535293628e-13,1.501885326697721e-14,5.289224355502734e-10,9.34253888647715e-21,9.455736306753869e-16,1.5655667680269003,5.9523011133585515e-12,0.0003244106404867301,1000000.0,664104.7248442532
9.11583017730901e-05,0.00011910231775367123,-0.492843433709465,330.94799705766593,0.0,0.01840789713154924,179.38923420352026,1.0079648934910828e-16,0.0,2.256395565894707e-06,59.79947875227106,1.875176736897383e-13,1.5027365093721937e-14,5.292397813748916e-10,3.184947433007497e-20,9.519344109658687e-16,1.566804803251963,5.972287009526895e-12,0.0003244143661117247,1000000.0,664727.120966742
9.124337539952899e-05,0.00011904988355078426,-0.739613474826898,331.0655652752752,0.0,0.018432229703195385,179.6263686215968,9.862615356484127e-17,0.0,2.2593782925385537e-06,59.87852761289007,1.8620493264543627e-13,1.5044355558796473e-14,5.298381296638376e-10,4.951266915658198e-20,9.647047561002442e-16,1.5688759606785154,6.015618546827085e-12,0.00032442059824156286,1000000.0,665846.6885673575
9.132844902596789e-05,0.00011897651514366084,-0.9849544975719363,331.2531497546123,0.0,0.018466349338553827,179.95888035687668,9.682059174777768e-17,0.0,2.2635606951645625e-06,59.98937054341823,1.8499450460926e-13,1.506982145917361e-14,5.307171398360904e-10,5.681259172641498e-20,9.86976952492199e-16,1.5717801538185565,6.0826628037952604e-12,0.0003244293333436779,1000000.0,667463.7112003289
9.141352265240679e-05,0.00011888234253446203,-1.2286674481346442,331.5104568893055,0.0,0.01851026761954544,180.3868823265941,9.53622599129571e-17,0.0,2.2689441940687287e-06,60.13204518486355,1.8388239327058122e-13,1.5103775926430108e-14,5.318768307094891e-10,5.91694884576874e-20,1.0172728189324915e-15,1.5755183689032959,6.174044016465485e-12,0.0003244405686549713,1000000.0,669579.4310076439
9.147207533804363e-05,0.00011880551643903776,-1.3953528892627698,331.7279152540831,0.0,0.018546199496074757,180.73705251566116,9.455301401555982e-17,0.0,2.2733487084464245e-06,60.2487745686321,1.831720945111565e-13,1.5132091593889177e-14,5.328382449172202e-10,2.225285835705383e-20,1.0433305432701462e-15,1.5785767928727683,6.251528970927222e-12,0.00032444975291740435,1000000.0,671326.4256036485
9.153062802368046e-05,0.0001187189575403486,-1.5611014935889722,331.978186796429,0.0,0.018586795017264228,181.13267112059128,9.389824236645484e-17,0.0,2.278324882569848e-06,60.38065420146904,1.8250534620046858e-13,1.5164455511562414e-14,5.339329943489144e-10,7.645566387980563e-21,1.0742898583230099e-15,1.5820321681787117,6.341322967103631e-12,0.00032446011998254223,1000000.0,673311.6309600096
9.158918070931731e-05,0.00011862272276211579,-1.7258426673752831,332.26119005450585,0.0,0.018632067721123424,181.5738700903653,9.33953015712667e-17,0.0,2.2838743761211038e-06,60.527728068623865,1.8188097137127044e-13,1.5200884844733723e-14,5.351613608992966e-10,6.6025385169687084e-21,1.1102926030055686e-15,1.5858856472776615,6.443855391501205e-12,0.0003244716693971865,1000000.0,675536.211890636
9.161438114968338e-05,0.00011857834108397645,-1.7964173720624996,332.393047106646,0.0,0.01865299620381283,181.777825623962,9.322508989153613e-17,0.0,2.2864397717725535e-06,60.595716733851575,1.8162500261134951e-13,1.5217820019912167e-14,5.357312507107119e-10,6.726718212802944e-22,1.127463753861116e-15,1.58766701677238,6.492026607445336e-12,0.00032447700398550826,1000000.0,676567.6632080947
9.162549903915683e-05,0.00011855819595524881,-1.8274882931289658,332.45313943301255,0.0,0.018662506122076712,181.87050314657955,9.315879831649795e-17,0.0,2.2876054891685014e-06,60.626610826050744,1.8151447876751644e-13,1.5225532514702996e-14,5.359905707212012e-10,1.9816138320395064e-20,1.135388171474928e-15,1.588476472190077,6.514068783872001e-12,0.0003244794270864104,1000000.0,677036.9208671665
9.162670429422324e-05,0.00011855599133731018,-1.8308541644106886,332.4597239366199,0.0,0.018663547249380373,181.88064930011035,9.315193511276702e-17,0.0,2.2877331096242365e-06,60.62999305071316,1.8150258513546647e-13,1.5226377479236027e-14,5.36018973446878e-10,4.6366765460718385e-21,1.1362469119955799e-15,1.5885650897826966,6.516487579254276e-12,0.0003244796923268926,1000000.0,677088.3137514706
9.162790954928965e-05,0.00011855378266292488,-1.8342195597868618,332.466321414748,0.0,0.01866459037001037,181.89081487913893,9.314513510626789e-17,0.0,2.2878609744179737e-06,60.63338175087367,1.8149070866213879e-13,1.5227224180498787e-14,5.360474330433877e-10,0.0,1.1371141124100633e-15,1.5886538770396967,6.518912060689273e-12,0.0003244799580680846,1000000.0,677139.807323996
9.162911480435606e-05,0.00011855156993266698,-1.8375844785696782,332.4729318903676,0.0,0.018665635484131072,181.90099988526728,9.313839828657818e-17,0.0,2.2879890835698633e-06,60.63677692706628,1.8147884933788202e-13,1.5228072618184508e-14,5.360759495144966e-10,1.1208564539813185e-21,1.1379911045023345e-15,1.5887428339750689,6.52134218396392e-12,0.000324480224309983,1000000.0,677191.4016467591
9.163098332599354e-05,0.00011854813149327635,-1.842800209478975,332.4832059209655,0.0,0.018667259678603873,181.91682823355833,9.312807900096887e-17,0.0,2.288188175867877e-06,60.642053313806635,1.8146049756202628e-13,1.522939139360502e-14,5.36120271391326e-10,0.0,1.1393519303520246e-15,1.588881080465864,6.5251207249735415e-12,0.0003244806380578809,1000000.0,677271.5882338311
9.163466505410158e-05,0.0001185413278901082,-1.8530739001286896,332.503541393996,0.0,0.0186704740102925,181.94815302895626,9.310819011700311e-17,0.0,2.2885821857409167e-06,60.652495447884235,1.8142445770318059e-13,1.5232002112793163e-14,5.362080031664494e-10,0.0,1.142047030469608e-15,1.5891546745869323,6.532605251365595e-12,0.00032448145682689126,1000000.0,677430.2968367568
9.163834678220962e-05,0.00011853448647024819,-1.8633431096302757,332.5239983239209,0.0,0.01867370695265653,181.9796591903695,9.308889028720849e-17,0.0,2.288978476873891e-06,60.662998040401405,1.8138857736438608e-13,1.523462902739291e-14,5.362962658586775e-10,0.0,1.1447602862479153e-15,1.5894298527782214,6.540141943934273e-12,0.00032448228026800505,1000000.0,677589.946719417
9.164202851031766e-05,0.00011852760725022783,-1.8736078197505834,332.54457667311544,0.0,0.01867695851047288,182.01134676435498,9.307017920820856e-17,0.0,2.2893770498524033e-06,60.67356110687793,1.8135285627125137e-13,1.523727213696351e-14,5.363850595779029e-10,0.0,1.147504605183655e-15,1.589706615446365,6.547730978796976e-12,0.0003244831083811274,1000000.0,677750.5382383391
9.164571023842571e-05,0.00011852069024664625,-1.8838680121713276,332.5652764251309,0.0,0.018680228688554894,182.0432157978247,9.305205659190511e-17,0.0,2.2897779052665213e-06,60.68418466295194,1.813172941496833e-13,1.52399314427779e-14,5.364743844350254e-10,6.553152619116504e-20,1.150304675505302e-15,1.5899849630010972,6.555372448955572e-12,0.0003244839411661633,1000000.0,677912.071796315
9.164939196653375e-05,0.0001185137354761704,-1.8941236684942198,332.58609758202294,0.0,0.018683517491752177,182.07526633804406,9.303452216424933e-17,0.0,2.2901810437107607e-06,60.69486872437939,1.8128189072588796e-13,1.5242606947355334e-14,5.365642405419466e-10,0.0,1.1530571102767787e-15,1.590264895855239,6.563066414172334e-12,0.00032448477862301854,1000000.0,678074.5478369542
9.165972188179835e-05,0.00011849402081471347,-1.9228738407375754,332.6451640913663,0.0,0.01869284444761095,182.16616078481496,9.298846345980999e-17,0.0,2.2913243332032486e-06,60.725168427475545,1.8118340340254006e-13,1.5250200191523033e-14,5.368191892981826e-10,3.8723605593902116e-24,1.1610052893801847e-15,1.591058777697361,6.584935151904649e-12,0.0003244871532379527,1000000.0,678535.4462982038
9.167005179706297e-05,0.00011847400935335505,-1.95158775087784,332.7051860981474,0.0,0.018702318170123525,182.2584855121792,9.294702769979063e-17,0.0,2.2924856130662425e-06,60.755944915225555,1.8108615718353718e-13,1.5257921086407704e-14,5.370783235300668e-10,0.0,1.1691292459603102e-15,1.5918651517635185,6.607221669934124e-12,0.00032448956462703926,1000000.0,679003.7770159779
9.168038171232758e-05,0.0001184537014688015,-1.9802649877191778,332.76616360821214,0.0,0.01871193877094343,182.35224160833567,9.291021037228147e-17,0.0,2.293664896987338e-06,60.78719855038099,1.8099014605961913e-13,1.5265769764353905e-14,5.373416458346797e-10,0.0,1.1774375484208264e-15,1.592684027558157,6.629929269339635e-12,0.0003244920127881937,1000000.0,679479.550069714
9.169071162759218e-05,0.0001184330975420166,-2.008905137825026,332.8280965184406,0.0,0.01872170636392762,182.44743018295725,9.287800774457513e-17,0.0,2.2948621989242334e-06,60.818929702851776,1.8089536403934436e-13,1.5273746367083013e-14,5.3760915886991e-10,0.0,1.1859338948555614e-15,1.5935154147732788,6.653061520596432e-12,0.0003244944977193229,1000000.0,679962.7754926716
9.170104154285678e-05,0.00011841219795824718,-2.037507785507081,332.8909846113136,0.0,0.018731621065117155,182.5440523670025,9.285041686781007e-17,0.0,2.296077533102363e-06,60.85113874964344,1.8080180514864827e-13,1.5281851039053367e-14,5.378808653538672e-10,1.902781269823755e-25,1.1946208020425103e-15,1.5943593232867972,6.676621998050359e-12,0.00032449701941831855,1000000.0,680453.4632596629
9.172619086811165e-05,0.0001183600818859546,-2.1069847182200876,333.0480851660635,0.0,0.018756375295977165,182.7852908433757,9.280251378886319e-17,0.0,2.299111881459484e-06,60.931555699956704,1.8057910273135355e-13,1.530211915152906e-14,5.38559914929345e-10,4.732212572088891e-25,1.216586490921677e-15,1.5964663260006446,6.735794859205292e-12,0.0003245033124865715,1000000.0,681679.3606019707
9.174353717557436e-05,0.00011832311886288591,-2.1547710518277388,333.1597393637388,0.0,0.018773958539281665,182.95664554938253,9.278538904141857e-17,0.0,2.3012672170364583e-06,60.98867686522938,1.8042965709074016e-13,1.5316542779041132e-14,5.390427931551817e-10,4.99477603700403e-25,1.2324306660871695e-15,1.5979629563724596,6.778126996066587e-12,0.00032450777999447686,1000000.0,682550.7909520944
9.176088348303707e-05,0.00011828532789057438,-2.2024455267308185,333.2740837564708,0.0,0.018791958368905553,183.13206000382905,9.278126098198131e-17,0.0,2.3034736169842494e-06,61.0471513493987,1.8028357501819912e-13,1.5331329807203537e-14,5.39537537939957e-10,4.542128655810547e-25,1.248859770095507e-15,1.599495045022371,6.821719684263995e-12,0.00032451235114938463,1000000.0,683443.4151389382
9.177822979049978e-05,0.00011824671092710433,-2.250006094355033,333.39111730219213,0.0,0.018810375398765986,183.31154019004475,9.279013964090274e-17,0.0,2.3057311565624355e-06,61.10698114701015,1.8014082869466133e-13,1.534648103133405e-14,5.400441639232663e-10,4.851017333467621e-25,1.2658906788950942e-15,1.60106264420942,6.866591581491705e-12,0.0003245170259402687,1000000.0,684357.2856938118
9.179557609796248e-05,0.00011820726996628952,-2.297450684296732,333.5108388639459,0.0,0.018829210258873515,183.4950922482035,9.28120413344832e-17,0.0,2.308039913003415e-06,61.16816830489331,1.800013904052157e-13,1.5361997266903385e-14,5.405626861840629e-10,4.869666035574715e-25,1.2835410338175937e-15,1.602665807562543,6.912761903656503e-12,0.00032452180435564115,1000000.0,685292.4563186255
9.181292240542519e-05,0.00011816700703803738,-2.344777203968421,333.63324717335183,0.0,0.018848463595046373,183.68272247253904,9.284698868803204e-17,0.0,2.3103999654773858e-06,61.230714921233705,1.7986523253196952e-13,1.5377879350882642e-14,5.410931202318426e-10,4.829926296533826e-25,1.3018291847179474e-15,1.6043045900562518,6.960250457008008e-12,0.00032452668638347393,1000000.0,686248.9818014413
9.184177394392376e-05,0.0001180982241047484,-2.423226595024963,333.84279192542516,0.0,0.018881415693069455,184.00385167901499,9.293409097852733e-17,0.0,2.314439196261754e-06,61.33776348094438,1.7964595690501507e-13,1.540510813201185e-14,5.420017998359421e-10,4.943404319092807e-25,1.3337119383537897e-15,1.6071093669713734,7.042211752981178e-12,0.00032453503595127785,1000000.0,687887.3888472028
9.187062548242235e-05,0.00011802718270145446,-2.5013336112190534,334.0597589188851,0.0,0.01891553045782849,184.3363114019092,9.305753859243206e-17,0.0,2.3186209446677172e-06,61.44858907319904,1.7943555410627607e-13,1.5433355486878727e-14,5.429435529182874e-10,5.00219181000816e-25,1.3675052535797418e-15,1.610013105831573,7.1279742197005826e-12,0.00032454367206027944,1000000.0,689585.2930494694
9.189947702092093e-05,0.00011795389285051138,-2.5790881926367892,334.28414085323266,0.0,0.01895081113703465,184.6801332938256,9.321755313724842e-17,0.0,2.3229456088283924e-06,61.56320224940681,1.7923389849923039e-13,1.5462625660404823e-14,5.439184583120115e-10,5.081971149323802e-25,1.403308557172819e-15,1.6130160830940852,7.21764033853653e-12,0.0003245525946412073,1000000.0,691342.967983992
9.19283285594195e-05,0.00011787836486732845,-2.6564800893874274,334.5159299001164,0.0,0.018987261086234383,185.03535005834436,9.341440609484804e-17,0.0,2.3274136000962964e-06,61.68161391132024,1.7904086489014538e-13,1.5492923055037913e-14,5.449265977419351e-10,5.084014470823734e-25,1.441228193933821e-15,1.6161185843954846,7.311317608208916e-12,0.0003245618036170329,1000000.0,693160.6961149768
9.197354729694123e-05,0.00011775551331400228,-2.77702093353581,334.8940923342981,0.0,0.019046749435123647,185.615083527154,9.379783317952166e-17,0.0,2.334705609750973e-06,61.87486831360652,1.7875537269771818e-13,1.554248542886135e-14,5.46573709572821e-10,5.408157778139739e-25,1.5051919892514376e-15,1.6211820386609292,7.466478275209495e-12,0.0003245768127278028,1000000.0,696131.1208670699
9.201876603446295e-05,0.00011762723256012615,-2.896603930557382,335.29039369157084,0.0,0.019109132297471302,186.2230248815499,9.427405258198434e-17,0.0,2.342352424130813e-06,62.0775258267411,1.7849027341034747e-13,1.559460058639897e-14,5.483030035927185e-10,5.65970637982509e-25,1.5751140611792164e-15,1.6264918636230783,7.632230793959933e-12,0.0003245925247396971,1000000.0,699250.9404894573
9.206398477198466e-05,0.00011749356687075628,-3.0151865854016875,335.70479528451153,0.0,0.019174424020640124,186.85931395309163,9.484487957587379e-17,0.0,2.350355802066612e-06,62.289633063634604,1.7824508813396522e-13,1.5649287685156923e-14,5.501148321220482e-10,5.784690083731704e-25,1.6515252126464204e-15,1.6320492805857592,7.809069698481016e-12,0.00032460893919626,1000000.0,702521.367280689
9.210920350950639e-05,0.0001173545624633183,-3.1327250678569407,336.13725472373824,0.0,0.019242639450224273,187.52409542947646,9.551246015619022e-17,0.0,2.3587175634706867e-06,62.51123825599319,1.780193376704445e-13,1.5706566715557268e-14,5.520095602904316e-10,6.019469044776935e-25,1.7350149653713607e-15,1.6378555532668244,7.997525443940717e-12,0.0003246260555541185,1000000.0,705943.6611432525
9.21544222470281e-05,0.00011721026757096418,-3.2491741524792337,336.58772575428935,0.0,0.019313793875457,188.21751832258758,9.627928373687782e-17,0.0,2.3674395826458764e-06,62.742391076992284,1.7781254158094178e-13,1.5766458457400724e-14,5.5398756438627e-10,6.822010686230672e-25,1.826237278111721e-15,1.643911983152031,8.198166378389423e-12,0.00032464387316899767,1000000.0,709519.1273921855
9.219964098454982e-05,0.00011706073250544844,-3.3644871617194005,337.05615805003015,0.0,0.019387902972267702,188.93973541363684,9.714819747007106e-17,0.0,2.376523781306426e-06,62.98314245631459,1.7762421725606634e-13,1.582898443557277e-14,5.560492301390994e-10,7.637579822028287e-25,1.9259198418235667e-15,1.650219904648855,8.411600818229736e-12,0.00032466239128168346,1000000.0,713249.1143589526
9.224485972207153e-05,0.00011690600972284164,-3.4786159087461064,337.5424969649013,0.0,0.01946498274211359,189.69090265713524,9.812242238503773e-17,0.0,2.3859721210810078e-06,63.23354438146348,1.7745387897365097e-13,1.5894166868035107e-14,5.581949508795382e-10,7.5870520672788975e-25,2.034871675046984e-15,1.6567806798807077,8.638479313539145e-12,0.0003246816090032281,1000000.0,717135.0107115756
9.229007845959326e-05,0.00011674615389291981,-3.5915106390647353,338.0466832481381,0.0,0.019545049445877816,190.47117853679023,9.920557150461436e-17,0.0,2.3957865954110585e-06,63.493649683051046,1.773010369392849e-13,1.596202861249572e-14,5.604251255562915e-10,7.069404000481192e-25,2.1539899258750607e-15,1.663595693061273,8.879496960363726e-12,0.00032470152529915443,1000000.0,721178.2424715507
9.233529719711497e-05,0.00011658122197167777,-3.703119971788289,338.5686527306326,0.0,0.01962811953279241,191.28072337292485,1.0040166995027827e-16,0.0,2.4059692208393496e-06,63.76351180392592,1.7716519631242072e-13,1.6032593103431418e-14,5.627401566093075e-10,8.53013726539736e-25,2.2842683782748044e-15,1.670666344445431,9.13539597168048e-12,0.0003247221389728122,1000000.0,725380.2697324576
9.23805159346367e-05,0.000116411273276415,-3.8133908411536734,339.1083359808276,0.0,0.01971420956433832,192.11969858095293,1.0171517718157386e-16,0.0,2.4165220276829364e-06,64.04318455198572,1.7704585622133832e-13,1.6105884292768758e-14,5.651404476982637e-10,1.151971871062323e-24,2.426816301835521e-15,1.6779940438527023,9.406968114272005e-12,0.0003247434486478567,1000000.0,729742.5830657886
9.244873515380957e-05,0.00011614552427241608,-3.977096271664698,339.9558812288952,0.0,0.01984984068144952,193.4414678039446,1.0393000030552556e-16,0.0,2.4331475193166524e-06,64.48379689351395,1.7689591203487728e-13,1.6221668910705807e-14,5.689238753028544e-10,9.778987150933e-25,2.667867582986739e-15,1.6895385179434046,9.848217890348477e-12,0.00032477691099339995,1000000.0,736630.4627421432
9.251695437298242e-05,0.00011586872116605196,-4.137434119535586,340.8432867194453,0.0,0.019992439626440952,194.8311409613299,1.0644237379778036e-16,0.0,2.4506271209367e-06,64.94704504090554,1.7678058570886e-13,1.6343800410688554e-14,5.729036338977456e-10,7.2810384385912245e-25,2.944529745194454e-15,1.701676072276489,1.0330214948256736e-11,0.0003248119474482471,1000000.0,743891.9149134655
9.25851735921553e-05,0.00011558110060877435,-4.294198647417965,341.77023369135964,0.0,0.020142062011578026,196.28926009459647,1.0927404808755917e-16,0.0,2.468967650455002e-06,65.43310968392313,1.7669804810751744e-13,1.647236531349344e-14,5.770810449016559e-10,2.0048951723668655e-24,3.2624817444856057e-15,1.71441144110038,1.08564097293878e-11,0.00032484855037517515,1000000.0,751532.3188137466
9.265339281132817e-05,0.00011528291364893565,-4.447173919977609,342.73636480399756,0.0,0.02029876158366972,197.81634907495496,1.124497867015466e-16,0.0,2.488175697233906e-06,65.94216545525961,1.7664641233285157e-13,1.6607450629955582e-14,5.814573635354681e-10,2.195568779964197e-24,3.62844854041858e-15,1.7277491999623522,1.143058821798694e-11,0.00032488671067918817,1000000.0,759557.0887982665
9.272161203050104e-05,0.00011497442646950268,-4.596133379708981,343.7412798631467,0.0,0.020462589303752676,199.4129046357177,1.1599766471775468e-16,0.0,2.5082575092895507e-06,66.47437794117751,1.7662372543393498e-13,1.6749143018690713e-14,5.86033751730614e-10,0.0,4.050323352838793e-15,1.7416936873843623,1.2056898421548717e-11,0.00032492641761907594,1000000.0,767971.6257175241
9.278983124967391e-05,0.00011465592109224697,-4.74083949203716,344.78453150032277,0.0,0.020633592366277233,201.07938681517777,1.1994938926732913e-16,0.0,2.5292188730803873e-06,67.0299004956386,1.7662796027852209e-13,1.6897527861816352e-14,5.908112493359782e-10,1.2356764856305392e-24,4.537232501853049e-15,1.7562489213901273,1.273987815331731e-11,0.00032496765862136546,1000000.0,776781.2641450057
9.285805046884676e-05,0.00011432769610731653,-4.88104341778307,345.86562050887636,0.0,0.020811813119863215,202.8162084403845,1.2434065564788754e-16,0.0,2.551064981231892e-06,67.60887073471599,1.7665700738396212e-13,1.7052688250058386e-14,5.957907425262815e-10,1.3557388952970475e-23,5.09987782824238e-15,1.7714185076552977,1.3484484425118884e-11,0.0003250104190818522,1000000.0,785991.2131215531
9.292626968801964e-05,0.00011399006745922199,-5.016484697436995,346.98399065719036,0.0,0.020997287864053967,204.62372340265048,1.2921154638367758e-16,0.0,2.5738002850634253e-06,68.21140662822921,1.7670866663406013e-13,1.7214703783097054e-14,6.009729286816958e-10,1.3036474233062593e-23,5.751593427966608e-15,1.7872055371044733,1.4296122429368349e-11,0.00032505468214615404,1000000.0,795606.4887251963
9.29944889071925e-05,0.00011364336926713682,-5.146890972281649,348.1390230709511,0.0,0.02119004552414852,206.50221374505614,1.3460697074314228e-16,0.0,2.597428332172137e-06,68.8376021953583,1.7678063902207326e-13,1.7383649288483117e-14,6.063582778174428e-10,0.0,6.508373300302818e-15,1.8036124731320846,1.518067597920831e-11,0.0003251004284738469,1000000.0,805631.8383897622
9.306270812636538e-05,0.00011328795465053686,-5.271977772869356,349.3300303130019,0.0,0.02139010621073875,208.45187562651913,1.4057713899708579e-16,0.0,2.621951589886085e-06,69.48752282576022,1.7687051859141622e-13,1.7559593329176324e-14,6.11946990776489e-10,3.513124347310506e-23,7.386737307434256e-15,1.8206410290110702,1.6144536093049557e-11,0.0003251476359921762,1000000.0,816071.6571522562
9.313092734553823e-05,0.00011292419655461562,-5.3914483845512775,350.556250175026,0.0,0.021597479658471322,210.47280410903397,1.4717806955025453e-16,0.0,2.647371253914917e-06,70.16120020838856,1.7697578466408277e-13,1.774259679990922e-14,6.177389540452181e-10,1.7196792783641583e-22,8.402635052405516e-15,1.8382920350229937,1.719463004499703e-11,0.00032519627963973805,1000000.0,826929.8952857119
9.31991465647111e-05,0.00011255248858258936,-5.504993791974261,351.81683912682763,0.0,0.021812163531453696,212.5649766454918,1.544721329062522e-16,0.0,2.673687040656202e-06,70.85862682715116,1.770937944130097e-13,1.7932710530743768e-14,6.237336908481118e-10,2.4748828859702936e-22,9.579131875241358e-15,1.8565652942388933,1.8338447514664135e-11,0.0003252463310972938,1000000.0,838209.956320892
9.326736578388398e-05,0.0001121732458348794,-5.6122927123626365,353.11086540511513,0.0,0.022034141586551925,214.72823518279958,1.6252862639216154e-16,0.0,2.7008969620846805e-06,71.57974999497696,1.772217758786233e-13,1.812997552744546e-14,6.299303082927806e-10,0.0,1.0962021546634169e-14,1.8754594262060031,1.9584063645905805e-11,0.00032529775850468327,1000000.0,849914.5846619746
9.333558500305685e-05,0.00011178690574481471,-5.71301173614151,354.4373017790256,0.0,0.022263381692159273,216.9622668567023,1.714243748510782e-16,0.0,2.7289970829276796e-06,72.32446541842684,1.7735682158441875e-13,1.8334412812775366e-14,6.363274405240713e-10,0.0,1.261552498937312e-14,1.894971698334261,2.0940157923074916e-11,0.00032535052616541535,1000000.0,862045.7423612592
9.340380422222972e-05,0.00011139392889850554,-5.806805594683207,355.79501804169706,0.0,0.02249983370222828,219.26658327628195,1.8124434729656502e-16,0.0,2.7579812601011733e-06,73.09261029217217,1.774958829288572e-13,1.8546052236171177e-14,6.429231879128151e-10,1.858989951762701e-21,1.4559843425788125e-14,1.915097844964899,2.241602671469722e-11,0.00032540459424097826,1000000.0,874604.4747346736
9.347202344140258e-05,0.00011099479982960506,-5.893317572597597,357.1827732631045,0.0,0.02274342718491401,221.64049839176678,1.9208227991049011e-16,0.0,2.787840864326423e-06,73.88395592121944,1.7763576553386947e-13,1.8764803247388935e-14,6.497150522943493e-10,6.1122008372908084e-21,1.6688244715733944e-14,1.9358318740655174,2.402158760131696e-11,0.00032545991843613314,1000000.0,887590.7644591801
9.354024266057545e-05,0.00011059002778066677,-5.972180081839368,358.5992078376533,0.0,0.02299406900612665,224.08310494853978,2.0404128101565053e-16,0.0,2.8185644839635402e-06,74.69819987184383,1.7777312574175078e-13,1.8990994470282427e-14,6.566998683024156e-10,7.38464799676124e-21,1.8861887795122232e-14,1.957165861576868,2.57673733268351e-11,0.0003255164496762846,1000000.0,901003.3738421658
9.360846187974832e-05,0.00011018014742031872,-6.043015417381881,360.04283537801643,0.0,0.023251640771715643,226.59324956359262,2.1723443859520138e-16,0.0,2.850137611517868e-06,75.53495766331427,1.7790446847762515e-13,1.9222933600080515e-14,6.638737309463965e-10,0.0,2.1395725433822505e-14,1.9790897337279292,2.7664512671196588e-11,0.00032557413377879075,1000000.0,914839.6751592716
9.367668109892119e-05,0.00010976571950245136,-6.105436716520758,361.51203452809995,0.0,0.02351599613637241,229.16950650320175,2.31785233546049e-16,0.0,2.8825423138100587e-06,76.39375402667035,1.7802614671628926e-13,1.9468397027661865e-14,6.712319197091113e-10,0.0,2.5618557630221116e-14,2.001591038007316,2.972469520010252e-11,0.0003256329111209721,1000000.0,929095.4692288534
9.374490031809406e-05,0.00010934733145201017,-6.159049144580586,363.00504078257467,0.0,0.023786957991490446,231.81015028105688,2.47828485887289e-16,0.0,2.9157568873095445e-06,77.2740137702966,1.781343628245032e-13,1.9687804566822934e-14,6.787688195648366e-10,5.423839351628723e-20,3.313625357102677e-14,2.0246547038323954,3.196011651610959e-11,0.0003256927163081158,1000000.0,943764.7926603318
9.381311953726692e-05,0.00010892559786118081,-6.203451330073997,364.519938417304,0.0,0.024064315548490974,234.51312723768578,2.655067478725778e-16,0.0,2.949755500654589e-06,78.17505230591145,1.782251719091983e-13,1.9870350033074607e-14,6.864778394422665e-10,1.616074726061179e-19,4.0145779905559895e-14,2.048262794320942,3.4383400457323345e-11,0.00032575347784537045,1000000.0,958839.7145173528
9.388133875643979e-05,0.00010850116087861393,-6.2382370699056455,366.05465262621595,0.0,0.02434782133925662,237.2760263119182,2.849736269190401e-16,0.0,2.984507827009693e-06,79.09606590522189,1.7829448741089217e-13,2.016335750195851e-14,6.943513288069121e-10,1.25978214875465e-19,3.525739917046689e-14,2.0723942510059685,3.7007493460852444e-11,0.0003258151178170084,1000000.0,974310.1234320648
9.394955797561266e-05,0.00010807469047258794,-6.262997328859803,367.606942019119,0.0,0.024637188161541666,240.0960492756981,3.0640926891796615e-16,0.0,3.019978669672802e-06,80.03612177768541,1.7833809026007651e-13,2.0742640573114932e-14,7.023804932160553e-10,0.0,1.815477620395923e-14,2.097024633863366,3.9845528466982204e-11,0.00032587755157888654,1000000.0,990163.5067518771
9.401777719478553e-05,0.00010764688454721177,-6.277322554293645,369.17439163433335,0.0,0.024932086004210183,242.96998077180322,3.3002015197920863e-16,0.0,3.0561275852030565e-06,80.99414808257067,1.7835164231469538e-13,2.1293710938424766e-14,7.105553099008128e-10,3.968002149173515e-19,3.356843562936234e-14,2.1221258596181,4.291065253816155e-11,0.0003259406874698712,1000000.0,1006384.7237574961
9.40859964139584e-05,0.00010721846888937774,-6.280805324473825,370.75440663403856,0.0,0.02523213899457394,245.89415856692113,3.559837543861314e-16,0.0,3.092908509257106e-06,81.96892401280768,1.7833070093551596e-13,2.0730113386081274e-14,7.188644446430457e-10,2.049001997320202e-18,1.519285940737963e-13,2.147665941931408,4.6215814553108557e-11,0.0003260044265484389,1000000.0,1022955.7755378139
9.415421563313126e-05,0.00010679019692311868,-6.273043347013165,372.3442068783939,0.0,0.02553692241802513,248.8644445098823,3.8437247330100874e-16,0.0,3.1302693912961807e-06,82.959070113902,1.782707291410066e-13,1.8305766617817747e-14,7.27295171438732e-10,3.962096791072011e-18,3.1088184833921393e-13,2.173608737747049,4.977350932949167e-11,0.000326068662361626,1000000.0,1039855.5747463371
9.422243485230413e-05,0.00010636284924709644,-6.253642820416939,373.9408225995597,0.0,0.025845959868800686,251.87619676716923,4.152159418122718e-16,0.0,3.168151845361827e-06,83.96303902862996,1.7816710470253895e-13,1.6385330934277046e-14,7.358332966753667e-10,1.0874183387525921e-18,1.2413435774055555e-13,2.1999137047934485,5.359547459058553e-11,0.0003261332807544637,1000000.0,1057059.7191529819
9.4290654071477e-05,0.00010593723293022005,-6.222222165470007,375.5410914066443,0.0,0.026158720599891525,254.92424399349164,4.488675669848169e-16,0.0,3.206490825191724e-06,84.97910688678854,1.7801515312432174e-13,2.2980414712265586e-14,7.444630897939592e-10,0.0,0.0,2.2265356759864616,5.7692338496765626e-11,0.00032619815972871846,1000000.0,1074540.2736003378
9.435887329064987e-05,0.00010551418054029463,-6.178416119454783,377.14165681015123,0.0,0.02647461715039984,258.00286217940686,4.866022824774701e-16,0.0,3.2452143329726134e-06,86.00536558733981,1.7781024381215024e-13,5.136800637663648e-14,7.531672226416348e-10,2.813882040189853e-17,1.6370445512466693e-12,2.2534246572111436,6.207321671095821e-11,0.000326263169360221,1000000.0,1092265.565537389
9.442709250982274e-05,0.00010509454888063512,-6.1218802015787706,378.7389686591158,0.0,0.0267930033262885,261.10575500175423,5.310958044409232e-16,0.0,3.284243172183621e-06,87.0397162482197,1.7754796916513246e-13,1.1878864599909607e-13,7.61926719950999e-10,1.150479966808531e-16,6.015819445780124e-12,2.280525655703703,6.674526000675006e-11,0.00032632817178464903,1000000.0,1110200.0006005724
9.44953117289956e-05,0.000104679217409855,-6.052295536255675,380.3292857919352,0.0,0.02711317263066015,264.2260385825496,5.868302992024025e-16,0.0,3.323490755943638e-06,88.07986412570911,1.7722439113741386e-13,2.624565770614824e-13,7.707209235965819e-10,2.2124790162270335e-16,8.057921225229483e-12,2.307778546940447,7.171315567233255e-11,0.00032639302126211145,1000000.0,1128303.9051812405
9.456353094816847e-05,0.00010426908632116705,-5.969374007282905,381.9086811832382,0.0,0.02743435725033745,267.35623162997655,6.631239609774387e-16,0.0,3.362862983126475e-06,89.12331532792912,1.7683643753814474e-13,6.484448574479021e-13,7.795274734532906e-10,1.3351674944142565e-16,0.0,2.3351179885306688,7.697858889388632e-11,0.00032645756433116003,1000000.0,1146533.4035306578
9.463175016734134e-05,0.00010386507426171515,-5.8728636391297,383.4730493658557,0.0,0.02775572773088093,270.488251969349,7.939277653093837e-16,0.0,3.4022581945794033e-06,90.16737565843587,1.7638330235447506e-13,2.145221540086097e-12,7.883223077538358e-10,0.0,0.0,2.3624733898873025,8.253967246241609e-11,0.00032652164006232104,1000000.0,1164840.3359159313
9.469996938651421e-05,0.00010346811567772133,-5.762554162275483,385.018116481782,0.0,0.028076393448569055,273.61342048033475,1.91354448166315e-15,0.0,3.4415672222225898e-06,91.20915192867386,1.7588300586353954e-13,7.275066173701196e-11,7.970796858399765e-10,2.7549489411994645e-16,1.1294624854845281e-11,2.3897689464815626,8.839035795124549e-11,0.0003265850804206374,1000000.0,1183172.2263322882
9.474897776153097e-05,0.00010318782556054812,-5.674697883369996,386.1137010514738,0.0,0.028305793618309184,275.84913897809776,7.624336440582643e-15,0.0,3.469688560129427e-06,91.95442965343935,1.7577027570558128e-13,2.3821259484979432e-11,8.033325790440939e-10,3.424624171120857e-19,2.6393297832121444e-13,2.4092959515647787,9.27663881082134e-11,0.00032663016605088984,1000000.0,1196325.595370403
9.479798613654771e-05,0.00010291201866435525,-5.579591420870969,387.19535636240903,0.0,0.028533969587042098,278.0729368656889,9.763602925453675e-15,0.0,3.497659958084136e-06,92.69573363748182,1.760294268210543e-13,0.0,8.095413994304809e-10,0.0,2.382697422964896e-13,2.4287188407210043,9.728074416065233e-11,0.0003266747670468765,1000000.0,1209440.2524007463
9.484699451156447e-05,0.00010264105104593406,-5.477206627044334,388.2613641525635,0.0,0.028760535553679765,280.28105495991775,8.1480177768594e-15,0.0,3.525434132299563e-06,93.4318107554548,1.7637793890443744e-13,0.0,8.156951042600044e-10,3.6476131601106073e-16,9.22897095501618e-12,2.448004780860605,1.0192623378734069e-10,0.00032671881524410674,1000000.0,1222492.727025152
9.492554823208353e-05,0.0001022177163545313,-5.297892419919159,389.9330039799061,0.0,0.029119324666620656,283.7778491703244,2.1732541923403468e-15,0.0,3.5694175461912156e-06,94.59746861147458,1.765616734954675e-13,3.207260065275889e-11,8.254149569638515e-10,0.0,2.596712761735705e-14,2.4785461563221496,1.0962319500780771e-10,0.0003267880908598952,1000000.0,1243222.5562495266
9.497394317806252e-05,0.00010196419484793225,-5.178116305281819,390.9374401965988,0.0,0.02933705147193165,285.8998533494524,3.741909829002119e-15,0.0,3.596108561550522e-06,95.30483961820175,1.761613848788383e-13,0.0,8.312968705882221e-10,0.0,0.0,2.4970799683351848,1.1450206280909395e-10,0.0003268298472829076,1000000.0,1255836.7928597988
9.502233812404153e-05,0.00010171664084658522,-5.051284083312641,391.92041102203916,0.0,0.029551751720963325,287.9923736054488,4.922381260006329e-15,0.0,3.6224287218140674e-06,96.0023821462053,1.7567195810257467e-13,1.81937789090416e-12,8.370836081061013e-10,9.944553461523263e-17,2.0560532485205703e-12,2.5153562644984526,1.194701900134059e-10,0.0003268708167446676,1000000.0,1268300.2376611074
9.507073307002052e-05,0.00010147539458012065,-4.917449672988519,392.8801806498583,0.0,0.029763000364384357,290.0512684835858,5.0381144926063255e-15,0.0,3.6483259349687966e-06,96.68871563977035,1.7530178503628967e-13,4.463932199963989e-12,8.427631573479223e-10,0.0,0.0,2.5333388729920028,1.2451303149789554e-10,0.00032691092936054645,1000000.0,1280586.1966427725
9.511912801599953e-05,0.00010124079319782989,-4.776686992982393,393.81501210171865,0.0,0.029970364382205832,292.07231839516487,4.469186446520723e-15,0.0,3.67374712618696e-06,97.36243349718158,1.7495678832899326e-13,0.0,8.483233151487956e-10,3.315355739565733e-17,1.0903526483386603e-12,2.550990939497776,1.2961431058757348e-10,0.0003269501149158294,1000000.0,1292667.3181279844
9.516752296197852e-05,0.0001010131697927754,-4.6290907060391655,394.72317402735143,0.0,0.03017340435589767,294.05124116011086,3.851840311726146e-15,0.0,3.6986384332810693e-06,98.02210825185348,1.744622969127818e-13,1.251385631179943e-12,8.537517344013738e-10,1.24195708320156e-16,2.171616444231423e-12,2.568275062972899,1.3475603371376196e-10,0.00032698830310860295,1000000.0,1304515.699208721
9.521591790795753e-05,0.00010079285236543863,-4.474776880500129,395.6029483215703,0.0,0.03037167620598114,295.9837093081193,3.848600076294524e-15,0.0,3.7229454244114513e-06,98.66629733968958,1.738040219662838e-13,1.9472000377521213e-12,8.590359760767402e-10,0.0,0.0,2.585153446840857,1.3991853974045857e-10,0.0003270254238172408,1000000.0,1316103.0068177776
9.526431285393654e-05,0.00010058016276199392,-4.313883529348074,396.45263809097327,0.0,0.030564733146773354,297.8653688238436,4.035353942120161e-15,0.0,3.7466133338503095e-06,99.29354934779263,1.730870520716391e-13,0.0,8.641635653768921e-10,0.0,7.069897896424906e-13,2.6015880626647157,1.4508057728192853e-10,0.00032706140738107475,1000000.0,1327400.6105620535
9.531270779991553e-05,0.0001003754156045383,-4.14657101775198,397.27057584803543,0.0,0.030752127729614474,299.69185914115394,3.814615363760356e-15,0.0,3.7695873134261837e-06,99.9024106795586,1.7235123348799917e-13,0.0,8.691220512959215e-10,6.45727055162197e-16,8.709424260204719e-12,2.617540824785512,1.5021941441539184e-10,0.0003270961848888356,1000000.0,1338379.725976982
9.536110274589454e-05,0.00010017891720922855,-3.973022343950907,398.0551320899508,0.0,0.03093341399218868,301.4588343565148,3.3872148664574075e-15,0.0,3.7918126994670526e-06,100.49143262616738,1.7155179245843357e-13,0.0,8.738990693670929e-10,7.794782720242839e-16,4.9664279810424844e-12,2.6329737756361737,1.5531098564108046e-10,0.0003271296884764625,1000000.0,1349011.568461866
9.540949769187353e-05,9.999096448888097e-05,-3.793443272414641,398.8047243112638,0.0,0.031108149797880708,303.16198561036646,3.149333276593648e-15,0.0,3.813235294455418e-06,101.05917882742222,1.7065150186787214e-13,3.990912491145259e-12,8.784824074176402e-10,0.0,0.0,2.6478492811691114,1.603300691325565e-10,0.00032716185163583175,1000000.0,1359267.5176467774
9.545789263785254e-05,9.981184384952872e-05,-3.6080622475949102,399.51782617829684,0.0,0.031275899257863664,304.79706445014045,3.344314725747467e-15,0.0,3.8338016601695185e-06,101.60423305983286,1.6967089271370103e-13,0.0,8.828600737098343e-10,4.603962918562951e-16,2.922240544480754e-11,2.6621302349229734,1.652504996381124e-10,0.0003271926095317239,1000000.0,1369119.290153965
9.550628758383155e-05,9.964183009426686e-05,-3.4171302148417646,400.1929773175932,0.0,0.031436235130916305,306.35990692990435,3.4426485837791805e-15,0.0,3.853459421263887e-06,102.12520727022064,1.6864517200597455e-13,1.160967629599777e-11,8.870203670960395e-10,3.5172140630839175e-15,5.030097733276282e-11,2.6757802685180185,1.7004541331022786e-10,0.00032722189932211915,1000000.0,1378539.120843443
9.555468252981054e-05,9.948118534230928e-05,-3.2209203097514805,400.8287935879658,0.0,0.0315887411919035,307.8464582273546,3.8779524647578396e-15,0.0,3.872157576147279e-06,102.62074978184678,1.6760150707138096e-13,0.0,8.909519478724508e-10,2.613622938621356e-15,0.0,2.6887639669519645,1.7468753047171347e-10,0.00032724966047897793,1000000.0,1387499.9507001955
9.560307747578955e-05,9.933015797179194e-05,-3.0197271809639883,401.4239769351631,0.0,0.03173301536830116,309.2527975347436,4.088240409502583e-15,0.0,3.889846808481514e-06,103.08955359172722,1.6654569226559361e-13,4.987909146139606e-11,8.946439097151601e-10,0.0,0.0,2.7010470851563433,1.7914946039353324e-10,0.00032727583510747967,1000000.0,1395975.6166046981
9.565147242176854e-05,9.918898159871614e-05,-2.8138660834272495,401.97732552844815,0.0,0.03186867169455818,310.57516292499884,6.388659640974333e-15,0.0,3.906479797830991e-06,103.53036465993999,1.6556692171142987e-13,0.0,8.980858495523621e-10,1.0524718222961994e-14,2.0990839504393424e-10,2.7125967663085273,1.8340403015364466e-10,0.0003273003682596758,1000000.0,1403941.043427725
9.569986736774755e-05,9.905787409481698e-05,-2.60367225013008,402.48774614477395,0.0,0.0319953426847015,311.8099759723208,4.802233999657018e-15,0.0,3.9220115345385076e-06,103.94199011663686,1.6457797768341327e-13,0.0,9.012679383212212e-10,5.432310642528142e-16,2.9913988318488726e-12,2.7233817561920524,1.8742462472993425e-10,0.00032732320823889056,1000000.0,1411372.4437509507
9.574826231372656e-05,9.893703665188558e-05,-2.3894996326445845,402.954265543534,0.0,0.032112683168513595,312.9538658479389,3.2865918608946326e-15,0.0,3.936399621183637e-06,104.32330629458194,1.6340783976424476e-13,1.0201553776040295e-11,9.041809883542954e-10,0.0,0.0,2.7333726129163027,1.9118558892765188e-10,0.00032734430689466363,1000000.0,1418247.511886034
9.579665725970555e-05,9.882665290874652e-05,-2.171719402126844,403.37604282170196,0.0,0.03222037074139468,314.00369252673056,3.8669159903023854e-15,0.0,3.949604562107287e-06,104.67326646507009,1.6207144693349659e-13,0.0,9.068165175363665e-10,4.86920735029999e-16,3.4296015950158995e-12,2.7425419114829364,1.9466258026803037e-10,0.00032736361990190607,1000000.0,1424545.6166999028
9.584505220568456e-05,9.87268881532647e-05,-1.9507184299345965,403.7523838275645,0.0,0.032318109166825676,314.9565687683196,4.397645011489963e-15,0.0,3.961590040194916e-06,104.99090816530403,1.60711582125799e-13,0.0,9.091668098863083e-10,0.0,0.0,2.7508644345281086,1.978329470838718e-10,0.00032738110701966463,1000000.0,1430247.994852423
9.589344715166355e-05,9.863788860386138e-05,-1.7268976389424084,404.08275851533176,0.0,0.03240563030976625,315.8098806132104,4.329149187495689e-15,0.0,3.972323175955159e-06,105.27536003078774,1.5938543018373514e-13,2.0341702190006223e-12,9.112249715801418e-10,2.817295554127613e-16,3.1949536601650197e-12,2.7583173515017676,2.0067613657815796e-10,0.00032739673232745164,1000000.0,1435337.9457062846
9.592898910276922e-05,9.857945650157721e-05,-1.560963898589038,404.29590688724096,0.0,0.03246326037510332,316.3717941185733,4.22604195553378e-15,0.0,3.979391042073124e-06,105.46267413561479,1.5838542650688647e-13,0.0,9.125469303075011e-10,6.111199490848906e-16,0.0,2.763225164206101,2.0254524982202589e-10,0.00032740700361365445,1000000.0,1438677.5553056677
9.596453105387487e-05,9.852694260560038e-05,-1.393899027820235,404.4840079910166,0.0,0.03251516700354847,316.8779330126005,4.0951658708630665e-15,0.0,3.985757363451831e-06,105.63139574961279,1.5733724001523363e-13,6.132093558918713e-12,9.137059854516207e-10,0.0,1.3980920155508938e-12,2.7676458354425626,2.0422192057343977e-10,0.00032741624285820666,1000000.0,1441674.124356203
9.597765875321422e-05,9.85090504688509e-05,-1.3319400524087688,404.547149145386,0.0,0.03253287663002929,317.0506273982949,4.290805752940535e-15,0.0,3.987929549701636e-06,105.68896349584132,1.5694527493208915e-13,3.3952229100025384e-12,9.140925268534879e-10,0.0,2.75539683664829e-12,2.7691541666769184,2.0479146805272048e-10,0.00032741939252581054,1000000.0,1442693.3323109632
9.599078645255357e-05,9.849197252494025e-05,-1.2698584945888638,404.60687633643414,0.0,0.03254979184439788,317.21558029077676,4.455662467316518e-15,0.0,3.990004361823045e-06,105.74395061195983,1.5655643145354639e-13,0.0,9.144565151873579e-10,3.5398678607666354e-16,0.0,2.770594882890225,2.0533380885673314e-10,0.000327422399672982,1000000.0,1443664.993168403
9.599229822673829e-05,9.849005819514532e-05,-1.2627017577939157,404.61353544986423,0.0,0.032551688630992934,317.2340776012085,4.442977537954732e-15,0.0,3.990237024878769e-06,105.7501166981696,1.565117184953577e-13,3.672742606600926e-13,9.14496980142559e-10,1.7967539127930355e-16,6.398059250400422e-13,2.7707564403764566,2.0539450769669044e-10,0.0003274227368037813,1000000.0,1443773.8282084677
9.599381000092301e-05,9.848815468585416e-05,-1.2555435231841785,404.6201493570322,0.0,0.03255357483604568,317.2524717839656,4.442109763494596e-15,0.0,3.990468390771824e-06,105.75624840672444,1.5646696707543816e-13,2.0366082063011224e-13,9.145371448879731e-10,0.0,2.260132551392392e-12,2.770917097133713,2.0545484265008015e-10,0.00032742307203863057,1000000.0,1443882.0302802185
9.599441376264981e-05,9.848739749986074e-05,-1.2526843022832181,404.62277814252366,0.0,0.03255432517604897,317.2597890952894,4.439820912073974e-15,0.0,3.990560429449959e-06,105.75868763553004,1.564490805869708e-13,1.969125800854723e-13,9.145531016870757e-10,9.030942102311329e-17,1.7753146237542255e-12,2.770981007313554,2.054788370490072e-10,0.00032742320539243724,1000000.0,1443925.06633588
9.59950175243766e-05,9.848664204022667e-05,-1.249824845713851,404.6253996507946,0.0,0.032555073826412075,317.2670899476437,4.438166009450174e-15,0.0,3.990652261103879e-06,105.76112137773099,1.5643118411470546e-13,1.723965656577168e-13,9.145690105785238e-10,3.409028030679969e-17,6.259422560823708e-13,2.771044773739698,2.0550277330836335e-10,0.00032742333844371275,1000000.0,1443968.0011342098
9.599562128610338e-05,9.848588830709343e-05,-1.2469651563954582,404.6280133266122,0.0,0.03255582078965039,317.27437433813395,4.436766403447674e-15,0.0,3.990743885697066e-06,105.76354963236246,1.564132785299783e-13,1.3833048563597705e-13,9.145848715554172e-10,0.0,1.6075099247808931e-12,2.771108396384038,2.0552665110397265e-10,0.0003274234711924205,1000000.0,1444010.8326598918
9.599622504783016e-05,9.848513630060073e-05,-1.2441052373826516,404.6306185799955,0.0,0.03255656606338954,317.28164226388606,4.43496263584842e-15,0.0,3.9908353031931504e-06,105.76597239846637,1.5639536446700207e-13,1.1408126739343574e-13,9.146006846109411e-10,2.778924375146612e-16,2.621438897699511e-12,2.771171875223533,2.0555046960381417e-10,0.00032742360363852423,1000000.0,1444053.5587724233
9.599682880955695e-05,9.84843860208867e-05,-1.2412450902515575,404.6332152319183,0.0,0.03255730964018108,317.2888937220446,4.432708051439261e-15,0.0,3.99092651355674e-06,105.7683896750908,1.5637744146939656e-13,1.02614251482889e-13,9.146164497383526e-10,4.804550545986932e-16,0.0,2.771235210240398,2.0557422764029098e-10,0.00032742373578198756,1000000.0,1444096.1788105445
9.599769972308417e-05,9.848330680045196e-05,-1.2371189883370808,404.63694570418954,0.0,0.03255837925996006,317.29932478188,4.428934240326252e-15,0.0,3.991057717618046e-06,105.77186687327006,1.5635157108152458e-13,1.0228485175897871e-13,9.146391061570717e-10,0.0,0.0,2.771326316237491,2.0560838952597468e-10,0.00032742392586293176,1000000.0,1444157.4704518353
9.59985706366114e-05,9.848223117370039e-05,-1.2329924150814733,404.6406585470229,0.0,0.032559445377834506,317.30972156241575,4.425102359042154e-15,0.0,3.991188490505249e-06,105.77533264442995,1.5632567981609282e-13,1.047477107501472e-13,9.146616628155759e-10,0.0,9.880802236199398e-12,2.7714171228198072,2.0564242127418796e-10,0.00032742411531397537,1000000.0,1444218.5422590962
9.599944155013862e-05,9.848115914104173e-05,-1.2288653722023206,404.6443540174967,0.0,0.03256050796404114,317.32008405516336,4.421629133978356e-15,0.0,3.991318832112602e-06,105.77878698574082,1.5629976753956071e-13,9.651334607221637e-14,9.146841196938479e-10,7.541548267013922e-16,2.9134605708491563e-12,2.7715076299421115,2.0567632172888162e-10,0.00032742430413501046,1000000.0,1444279.3951078004
9.600094685016173e-05,9.847931469945503e-05,-1.2217310312052978,404.650700130073,0.0,0.032562336223444614,317.3379138707943,4.4158694885287995e-15,0.0,3.991543099282351e-06,105.78473056227104,1.5625493197164318e-13,7.43445689624348e-14,9.14722699167844e-10,0.0,0.0,2.771663357494578,2.0573460342091974e-10,0.00032742462901030054,1000000.0,1444384.0568207768
9.600245215018484e-05,9.847748099823117e-05,-1.2145953114647627,404.6569937958129,0.0,0.032564153925175844,317.3556411858372,4.409904285169886e-15,0.0,3.991766077187454e-06,105.79063997018588,1.5621003627006838e-13,5.679585806960875e-14,9.14760980395072e-10,0.0,0.0,2.771818189835394,2.0579248670397283e-10,0.00032742495200262044,1000000.0,1444488.0620355643
9.60047186060812e-05,9.84747403491447e-05,-1.203848839378006,404.66637068549784,0.0,0.03256687091727153,317.38213888510927,4.4003731367802875e-15,0.0,3.992099370830439e-06,105.79947298936459,1.561423245626159e-13,4.5932093450469145e-14,9.148180557377459e-10,0.0,0.0,2.7720496236693464,2.058788809361114e-10,0.0003274254347631316,1000000.0,1444643.4177624374
9.600698506197756e-05,9.847202405992754e-05,-1.1930993184122165,404.67562831584235,0.0,0.0325695640799334,317.40840397413865,4.390554814181618e-15,0.0,3.992429738647535e-06,105.80822846781834,1.5607447442976418e-13,4.396207387102466e-14,9.148744543902165e-10,0.0,0.0,2.77227902582047,2.0596436012387023e-10,0.0003274259132519177,1000000.0,1444797.2824796694
9.600925151787392e-05,9.846933213743741e-05,-1.1823467959317921,404.6847667023718,0.0,0.03257223334454687,317.4344363090358,4.3808182586948765e-15,0.0,3.9927571788456646e-06,105.81690635758142,1.5600648573120893e-13,4.022120374616283e-14,9.149301760165814e-10,0.0,0.0,2.772506395085889,2.060489210155361e-10,0.00032742638746716444,1000000.0,1444949.6553955362
9.601151797377028e-05,9.846666458842519e-05,-1.1715913175095398,404.6937858241803,0.0,0.032574878729417306,317.46023574759363,4.37117629985872e-15,0.0,3.993081689619991e-06,105.8255066112491,1.5593835880541332e-13,3.430953417074741e-14,9.149852202858969e-10,0.0,0.0,2.7727317301906664,2.061325606577193e-10,0.0003274268574070896,1000000.0,1445100.5355967379
9.601378442966664e-05,9.846402141953674e-05,-1.1608329293919968,404.7026856228629,0.0,0.03257750023548893,317.48580214927154,4.3615236885174314e-15,0.0,3.9934032691948045e-06,105.83402918197208,1.558700939755463e-13,2.950416498841765e-14,9.150395868721057e-10,5.423115010612677e-22,7.045680982429655e-13,2.7729550298919476,2.0621527666077483e-10,0.00032742732306993445,1000000.0,1445249.9220444215
9.602159141629005e-05,9.845510353143511e-05,-1.1237531853124805,404.7324278870598,0.0,0.032586347179194744,317.5720818643006,4.328536013501446e-15,0.0,3.994488513495978e-06,105.86279056114341,1.556339007252275e-13,9.856068793595153e-15,9.152216648946777e-10,1.500900312166362e-20,6.8052426164566465e-12,2.773708605993783,2.0649310597274225e-10,0.0003274288943181359,1000000.0,1445753.0482969387
9.602663371787663e-05,9.844949764500815e-05,-1.099787321786175,404.7508837135461,0.0,0.03259190997720249,317.62633428329883,4.30682853262892e-15,0.0,3.995170911765402e-06,105.88087562773835,1.5548048879859898e-13,1.8451494656870225e-14,9.153349819716631e-10,2.8403344928177126e-20,9.686731508548851e-12,2.774182452340885,2.0666668662053966e-10,0.00032742988212463236,1000000.0,1446068.557203055
9.603167601946322e-05,9.844401263431346e-05,-1.0758086073411322,404.7687472022965,0.0,0.03259735388490431,317.67942885756827,4.285447408815732e-15,0.0,3.99583874645225e-06,105.8985747262924,1.5532640416648792e-13,3.0087074173207606e-14,9.154449347106335e-10,3.2018962754199036e-21,1.7711673308826372e-13,2.7746461860258975,2.0683564840117862e-10,0.00032743084870676993,1000000.0,1446376.6403351761
9.603671832104979e-05,9.843864856284747e-05,-1.0518175574084525,404.78601797858613,0.0,0.0326026788150744,317.7313641932712,4.264820681333684e-15,0.0,3.996492000015164e-06,105.91588739216914,1.5517165476013753e-13,3.140793888314667e-14,9.155515199720429e-10,0.0,0.0,2.7750997948192624,2.0699997559547642e-10,0.0003274317940474956,1000000.0,1446677.2880959224
9.604176062263638e-05,9.843340549150841e-05,-1.027814686755687,404.8026956773681,0.0,0.032607884669136826,317.78213893802643,4.2446658500796674e-15,0.0,3.997130655412451e-06,105.93281317455175,1.5501625042616908e-13,2.752901922616825e-14,9.156547347376251e-10,5.869746890786956e-20,1.1821488814083686e-11,2.775543266869095,2.0715965487513352e-10,0.00032743271813038725,1000000.0,1446970.4911594386
9.604680292422295e-05,9.842828347859524e-05,-1.0038005125546412,404.8187798930423,0.0,0.03261297129389276,317.8317517809996,4.224723021390346e-15,0.0,3.997754696151265e-06,105.94935163647308,1.5486019890801037e-13,2.409260091632135e-14,9.157545761105992e-10,1.029158659482872e-19,8.686703301484495e-12,2.775976590745266,2.0731467385775167e-10,0.00032743362093964375,1000000.0,1447256.240290858
9.605547928810699e-05,9.841975348434243e-05,-0.9624540109507758,404.84506582299457,0.0,0.032621444473651416,317.91439793733883,4.190808435853562e-15,0.0,3.998794236827878e-06,105.9769017671583,1.5459017972742677e-13,2.4337245793536507e-14,9.15918470333429e-10,1.689596667631048e-21,1.2284311334117369e-12,2.776698431102815,2.0757047058341006e-10,0.000327435124576817,1000000.0,1447730.4590461296
9.60686191363054e-05,9.840751864716453e-05,-0.8997822432545649,404.8815219348935,0.0,0.03263360237739867,318.0329899333348,4.140919288763676e-15,0.0,4.000285911799619e-06,106.0164344583858,1.5417770079163355e-13,2.565892110438993e-14,9.161476168369059e-10,1.6798775548907292e-21,1.22933026506259e-12,2.77773422623689,2.0793137324667858e-10,0.0003274372815763818,1000000.0,1448406.4676634
9.60817589845038e-05,9.839610768778162e-05,-0.8370525060450257,404.9139342592232,0.0,0.03264494627089535,318.1436492675113,4.092797455555676e-15,0.0,4.001677808093919e-06,106.05332279336771,1.537610407477531e-13,2.7361675564659828e-14,9.163537651193891e-10,1.68255673256445e-21,1.2241501455857374e-12,2.77870073666015,2.0826018861538098e-10,0.0003274392936155099,1000000.0,1449031.5565482124
9.609489883270222e-05,9.838552131509404e-05,-0.7742740164253551,404.94229737023744,0.0,0.03265547431095266,318.24635797258856,4.046419464762133e-15,0.0,4.002969699712899e-06,106.08756078270403,1.5334030908337207e-13,2.8086423292671385e-14,9.165368791852812e-10,1.685046986537312e-21,1.2244254789913317e-12,2.779597805446726,2.0855672952185392e-10,0.0003274411604925291,1000000.0,1449605.5985795222
9.61154805118017e-05,9.837059795925741e-05,-0.6758646385796454,404.9785750809309,0.0,0.03267032137398518,318.3912190761033,3.9770489544066216e-15,0.0,4.004791793027464e-06,106.13585029120921,1.5267336859772843e-13,2.8074613885319283e-14,9.167773348475296e-10,1.695344716287835e-21,1.2281303922623815e-12,2.7808630377785133,2.089559604392902e-10,0.0003274437925308488,1000000.0,1450401.890645977
9.612984467545533e-05,9.836138322730537e-05,-0.6071452190750406,404.9979933849449,0.0,0.03267949209099905,318.4807104406002,3.930836435291062e-15,0.0,4.005917434150208e-06,106.16568227417923,1.522023615066413e-13,2.8008885526375193e-14,9.169115755260294e-10,1.6994058810770494e-21,1.2300352621071863e-12,2.781644664897348,2.091871377379847e-10,0.0003274454179097214,1000000.0,1450883.0662770455
9.614420883910894e-05,9.835315575762369e-05,-0.5384079815321192,405.01255744365994,0.0,0.03268768186291154,318.5606420838607,3.886330275309881e-15,0.0,4.00692283108527e-06,106.19232751994653,1.5172695304278306e-13,2.8050710078244418e-14,9.170181906370623e-10,1.702532679059428e-21,1.231466418282172e-12,2.782342796385329,2.0937913537591267e-10,0.00032744686923513993,1000000.0,1451302.82896628
9.615857300276256e-05,9.834591570136296e-05,-0.46966502895730877,405.0222653934552,0.0,0.03269488955531733,318.63100292039394,3.84345717805766e-15,0.0,4.007807844397865e-06,106.21578233315847,1.5124727593447597e-13,2.807070023102858e-14,9.170971691205166e-10,1.704553883374445e-21,1.2324213467473595e-12,2.7829573354211483,2.0953183427661386e-10,0.0003274481464316137,1000000.0,1451661.1022562196
9.617293716641618e-05,9.833966304502506e-05,-0.4009284617522784,405.0271164829475,0.0,0.03270111431590679,318.6917846123309,3.802140317731101e-15,0.0,4.0085723692129865e-06,106.23604393438349,1.5076346131633086e-13,2.8054776286532184e-14,9.171485078606705e-10,1.7054440917225877e-21,1.2328987166222614e-12,2.7834882091813737,2.0964514361886633e-10,0.0003274492494636927,1000000.0,1451957.829601626
9.61873013300698e-05,9.833439761049178e-05,-0.3322103725533088,405.0271110738805,0.0,0.03270635557513479,318.7429815735731,3.762301687469408e-15,0.0,4.009216335267474e-06,106.25311046149386,1.5027563871608477e-13,2.804693647072703e-14,9.171722116858745e-10,1.705261129257019e-21,1.2328982580056367e-12,2.7839353688764343,2.0971900214390418e-10,0.00032745017833598125,1000000.0,1452192.9744038826
9.623855549644219e-05,9.832364839592976e-05,-0.08734372850618183,404.98754585945096,0.0,0.03271704047088969,318.8475325757362,3.631124604507322e-15,0.0,4.010531399421684e-06,106.28796257599706,1.485042386050889e-13,2.796125955599525e-14,9.170318422303448e-10,1.6957247112194434e-21,1.2290104769796707e-12,2.7848485283537263,2.0966082239520567e-10,0.0003274520744496431,1000000.0,1452530.0754356892
9.626790512628321e-05,9.832313773142478e-05,0.0524878123305774,404.9371294491745,0.0,0.03271752559126526,318.852500644416,3.562860004567673e-15,0.0,4.010593888626054e-06,106.28961867972683,1.4746980691490747e-13,2.8045378152959372e-14,9.167936573110374e-10,1.6843224906903616e-21,1.2240731136559803e-12,2.7848919198926643,2.094017458822033e-10,0.0003274521645204773,1000000.0,1452370.4954368824
9.629725475612423e-05,9.832672535788521e-05,0.1919107657553038,404.86657161773326,0.0,0.0327139198574586,318.8176002186104,3.4989280683496282e-15,0.0,4.010154903511023e-06,106.27798460362597,1.4642202433634804e-13,2.8035955666491283e-14,9.164410977437902e-10,1.6684661318621748e-21,1.2171943832967238e-12,2.7845870957258314,2.0897938570153972e-10,0.00032745153208167704,1000000.0,1451954.9839952337
9.632660438596525e-05,9.83343977778861e-05,0.3308241661502018,404.7759563863225,0.0,0.032706238557809596,318.7429800042095,3.4388446693463448e-15,0.0,4.009216314532167e-06,106.25310991887228,1.4536187214458062e-13,2.7998908068998995e-14,9.15974767574454e-10,1.6483801194521242e-21,1.2084135147050518e-12,2.783935354667523,2.083952425929927e-10,0.0003274501800854975,1000000.0,1451284.650298178
9.635595401580626e-05,9.834613855145451e-05,0.46912805370326877,404.6653876019786,0.0,0.03269450193347066,318.62883697637403,3.3821617519085182e-15,0.0,4.007780599285702e-06,106.21506028722555,1.4429030363954707e-13,2.7979287661192515e-14,9.153954081105522e-10,1.6242958714633887e-21,1.1977798509314953e-12,2.7829384171207088,2.0765130701841613e-10,0.0003274481121974154,1000000.0,1450360.9522365364
9.638530364564729e-05,9.836192833482957e-05,0.6067236454951608,404.53498862523344,0.0,0.0326787351042591,318.4754156552209,3.328466734484e-15,0.0,4.005850833397552e-06,106.16391721957726,1.4320824497746686e-13,2.7957077707680843e-14,9.147038954156685e-10,1.5963983108902161e-21,1.1853541891341197e-12,2.7815984187505167,2.0675004553713328e-10,0.0003274453327847366,1000000.0,1449185.6906585763
9.64146532754883e-05,9.838174490998896e-05,0.7435135160811989,404.38490206746116,0.0,0.03265896799412778,318.2830073839693,3.2773788952121853e-15,0.0,4.0034306814441564e-06,106.09977783532004,1.4211659569534304e-13,2.7924358360070297e-14,9.139012378106944e-10,1.5649008515961947e-21,1.1712000000956572e-12,2.7799179041798237,2.056943861398078e-10,0.00032744184690701726,1000000.0,1447761.003521984
9.644400290532931e-05,9.84055632205419e-05,0.8794017732820214,404.2152894733358,0.0,0.03263523524169161,318.05194946080763,3.2285487353953832e-15,0.0,4.0005243860332895e-06,106.02275457295528,1.4101622927898222e-13,2.7888269302471038e-14,9.129885729665346e-10,1.5300748780292874e-21,1.1553973023591564e-12,2.777899819407181,2.0448769993288026e-10,0.00032743766030449785,1000000.0,1446089.3588946983
9.647335253517034e-05,9.84333554179764e-05,1.0142942234322063,404.0263309228544,0.0,0.032607576092397464,317.78262408946995,3.1816574176922594e-15,0.0,3.997136754604252e-06,105.93297484026718,1.3990799385235005e-13,2.784964277491963e-14,9.119671644933045e-10,1.492192757617996e-21,1.1380252187830174e-12,2.775547502641085,2.0313378001127244e-10,0.0003274327793836279,1000000.0,1444173.546566858
9.650270216501135e-05,9.846509091522011e-05,1.1480985279874296,403.8182245727471,0.0,0.032576034275692924,317.4754571824575,3.136414864207967e-15,0.0,3.9932731443744575e-06,105.83058061537626,1.3879271288389428e-13,2.7806494852295202e-14,9.108383981242e-10,1.4515795293955127e-21,1.119183570889564e-12,2.7728646738471228,2.016368179376672e-10,0.0003274272112003921,1000000.0,1442016.668518881
9.65109184061985e-05,9.847467706260656e-05,1.1853488805164802,403.75656506557385,0.0,0.032566515187601175,317.3827510089539,3.1240085250902716e-15,0.0,3.992107066549514e-06,105.79967697135383,1.3847934419192933e-13,2.779349350410248e-14,9.105033753969775e-10,1.4397426397734686e-21,1.1136529997320358e-12,2.7720549681619557,2.0119273948415405e-10,0.00032742553032841525,1000000.0,1441370.1323843724
9.651913464738566e-05,9.848456888150686e-05,1.22250491158372,403.6934267579081,0.0,0.03255669667847985,317.28712656841617,3.11170520607329e-15,0.0,3.990904282147595e-06,105.76780052176011,1.3816550334892008e-13,2.778037763404664e-14,9.101600909798964e-10,1.427739777598844e-21,1.1080211668410364e-12,2.7712197740197895,2.0073791154681957e-10,0.00032742379637299703,1000000.0,1440705.0481449233
9.652466897891057e-05,9.84914037552936e-05,1.2474784944925095,403.6500668010664,0.0,0.032549914887157555,317.22107612683936,3.1034733030269087e-15,0.0,3.9900734857495255e-06,105.74578257783541,1.3795384752234007e-13,2.777137176167281e-14,9.099242209623223e-10,1.419539475215733e-21,1.1041662652087324e-12,2.7706428823639455,2.0042554152369818e-10,0.00032742259857801757,1000000.0,1440246.6435554705
9.652513205044365e-05,9.849198191043957e-05,1.2495660987654202,403.6464084985952,0.0,0.032549341312968064,317.21548982697794,3.1027864803452027e-15,0.0,3.990003220090583e-06,105.74392038230559,1.3793612854576819e-13,2.7770609067342937e-14,9.099043162469325e-10,1.4188568070182657e-21,1.1038428291170103e-12,2.770594091020559,2.0039918687475997e-10,0.0003274224972690371,1000000.0,1440207.9085899824
9.652559512197674e-05,9.849256103222367e-05,1.25165339206782,403.64274533204303,0.0,0.032548766793974684,317.2098943186783,3.1020999563032247e-15,0.0,3.989932838605966e-06,105.74205511713895,1.37918408162956e-13,2.776984557609066e-14,9.098843854833771e-10,1.4181665848823475e-21,1.1035178883048242e-12,2.7705452192496867,2.0037279860197816e-10,0.00032742239579243806,1000000.0,1440169.1144512414
9.652605819350982e-05,9.849314112050155e-05,1.2537403728462049,403.6390769798241,0.0,0.032548191330387874,317.2042896039905,3.1014137299860933e-15,0.0,3.989862341321461e-06,105.74018678301884,1.3790068637696445e-13,2.7769081256462293e-14,9.098644286781593e-10,1.4174765228730457e-21,1.1031926937044138e-12,2.770496267069233,2.0034637647500972e-10,0.00032742229414825383,1000000.0,1440130.2599934489
9.652683866849208e-05,9.84941210059234e-05,1.2572571249941542,403.63288219800984,0.0,0.03254721928930801,317.1948224169071,3.100257814275916e-15,0.0,3.9897432610438045e-06,105.73703089201754,1.3787081436774523e-13,2.7767791102028746e-14,9.098307339502702e-10,1.4163143013599128e-21,1.102644061645998e-12,2.77041357963976,2.00301766206645e-10,0.0003274221224548636,1000000.0,1440064.6359701399
9.652761914347433e-05,9.849510363573434e-05,1.2607729846578555,403.6266721569877,0.0,0.032546244566556304,317.1853290931604,3.0991027372239883e-15,0.0,3.989623852013698e-06,105.73386628834834,1.3784093839612893e-13,2.7766498395139115e-14,9.097969652963399e-10,1.4151479520472588e-21,1.10209399216359e-12,2.7703306639298706,2.0025705694323467e-10,0.00032742195028567496,1000000.0,1439998.838787243
9.652839961845658e-05,9.84960890092369e-05,1.2642879501003939,403.62044685271917,0.0,0.032545267163148366,317.1758096426437,3.0979484943339317e-15,0.0,3.989504114355577e-06,105.73069297530907,1.3781105847695416e-13,2.7765203046096046e-14,9.097631227478e-10,1.4139781427826673e-21,1.1015426328523236e-12,2.770247520025971,2.0021224709661734e-10,0.00032742177764084993,1000000.0,1439932.8684863092
9.652918009343883e-05,9.849707712573248e-05,1.2678020198480549,403.6142063508908,0.0,0.03254428708010176,317.16626407526854,3.0967950810829714e-15,0.0,3.9893840481941146e-06,105.72751095620382,1.3778117462503514e-13,2.7763905016611095e-14,9.097292063361291e-10,1.4128070994191853e-21,1.1009902846506396e-12,2.770164148014632,2.0016733557384387e-10,0.00032742160452055053,1000000.0,1439866.7253598995
9.653035975150556e-05,9.849857583061578e-05,1.2731116981393384,403.60474527436156,0.0,0.03254280063842539,317.1517867680484,3.095053305668463e-15,0.0,3.98920194956785e-06,105.72268493944121,1.3773599889504343e-13,2.7761937965129834e-14,9.096778028565119e-10,1.4110345188181884e-21,1.1001535137689798e-12,2.7700377016574764,2.000992591949566e-10,0.0003274213419537592,1000000.0,1439766.424832432
9.65315394095723e-05,9.850008079789123e-05,1.2784193207990013,403.5952495939171,0.0,0.03254130808092855,317.1372498534994,3.093313399558698e-15,0.0,3.989019101188056e-06,105.71783905254985,1.3769081426538014e-13,2.7759964675094317e-14,9.096262308164621e-10,1.409257991776705e-21,1.0993143484672103e-12,2.769910734683523,2.0003094746010124e-10,0.00032742107830167205,1000000.0,1439665.730220105
9.653271906763903e-05,9.850159202513094e-05,1.2837248820164724,403.58571933609426,0.0,0.032539809411150124,317.1226533660936,3.091575347099517e-15,0.0,3.988835503488331e-06,105.71297330702107,1.3764562078696916e-13,2.775798507839616e-14,9.095744903253308e-10,1.4074772302307587e-21,1.0984727397576241e-12,2.7697832473938546,1.999623993027197e-10,0.00032742081356485256,1000000.0,1439564.6418137604
9.653459703832952e-05,9.850401075054736e-05,1.2921668658118464,403.57047623192807,0.0,0.03253741098418102,317.09929349198364,3.088812219599365e-15,0.0,3.988541678060878e-06,105.70518628266225,1.3757365636073113e-13,2.7754820514105074e-14,9.094917741659165e-10,1.4046334298238008e-21,1.0971278575870342e-12,2.76957921974296,1.9985278441064083e-10,0.00032742038987735374,1000000.0,1439402.9010998188
9.653825868027603e-05,9.85087723166746e-05,1.3086117770290104,403.5405039358558,0.0,0.032532690097275066,317.05331333639566,3.083437869417166e-15,0.0,3.987963329958477e-06,105.6898587774805,1.37433277747086e-13,2.7748603658890373e-14,9.093292701121346e-10,1.3990581855805755e-21,1.0944879605110167e-12,2.7691776241228347,1.996373315131766e-10,0.00032741955588437723,1000000.0,1439084.6774941245
9.654394545091149e-05,9.851628662052159e-05,1.3341117359257608,403.49329749268264,0.0,0.032525241926654534,316.9807693979638,3.0751247073911913e-15,0.0,3.987050856989121e-06,105.66567622356382,1.3721509757400126e-13,2.773882579048392e-14,9.090736862506603e-10,1.3903213376866998e-21,1.090342264832913e-12,2.768544017569045,1.9929820345708853e-10,0.00032741823998706673,1000000.0,1438582.9677494376
9.654963222154697e-05,9.852394579656047e-05,1.3595623774380723,403.4452937829776,0.0,0.03251765259299477,316.90684962070895,3.066850872890203e-15,0.0,3.986121078429484e-06,105.64103503318381,1.3699672411136584e-13,2.7728898437938058e-14,9.088142148912902e-10,1.3814914207814521e-21,1.0861416235471552e-12,2.7678983942915445,1.9895361022828626e-10,0.0003274168990216925,1000000.0,1438072.1778039483
9.655531899218243e-05,9.853174956275673e-05,1.3849630604579761,403.39649588671995,0.0,0.032509922508574284,316.8315580207339,3.0586146981779658e-15,0.0,3.985174044794951e-06,105.61593654511007,1.3677816296596474e-13,2.7718822239087024e-14,9.085508687079202e-10,1.3725716904107477e-21,1.0818870735653056e-12,2.7672407893674067,1.9860360049241987e-10,0.0003274155330537282,1000000.0,1437552.3414954673
9.65610057628179e-05,9.853969763327173e-05,1.4103131476451396,403.3469068989989,0.0,0.03250205209149906,316.75489867095393,3.050414554166605e-15,0.0,3.984209807315513e-06,105.59038211705075,1.3655941970769745e-13,2.7708597981599197e-14,9.082836605301893e-10,1.3635650185520769e-21,1.0775795661341416e-12,2.766571238369912,1.9824822530193934e-10,0.00032741414214953324,1000000.0,1437023.4930327265
9.657272132431471e-05,9.855652542118682e-05,1.4623757769078904,403.2422659792791,0.0,0.03248539737506321,316.5926758035445,3.03362798057934e-15,0.0,3.982169333856797e-06,105.53630505269999,1.3610822675657955e-13,2.768707043778319e-14,9.077210555232589e-10,1.344750229113235e-21,1.0685431831051529e-12,2.765154366417477,1.9749939259563262e-10,0.0003274111983739786,1000000.0,1435905.7293882486
9.658443688581154e-05,9.85739618453134e-05,1.5142154963093128,403.13430751167505,0.0,0.03246815265107481,316.4247024102232,3.0169742432932665e-15,0.0,3.980056529072918e-06,105.48031104806422,1.3565633220688578e-13,2.7664922428784754e-14,9.0714223039367e-10,1.3256055098557414e-21,1.0592950412930847e-12,2.763687268755541,1.9672841236955898e-10,0.00032740814965084207,1000000.0,1434750.168684762
9.659615244730837e-05,9.859200426706925e-05,1.5658268746279926,403.02305838004463,0.0,0.03245032179280093,316.25101622354606,3.000440494697955e-15,0.0,3.977871867571925e-06,105.42241268130759,1.3520378338257288e-13,2.764215934937892e-14,9.065473031123187e-10,1.3061568832381799e-21,1.0498439139986806e-12,2.7621702749443027,1.959357112235856e-10,0.0003274049965925699,1000000.0,1433557.121245914
9.660786800880518e-05,9.861064998163703e-05,1.6172045508100574,402.90854547374494,0.0,0.032431908773174936,316.07165594775904,2.984014537253695e-15,0.0,3.975615836183988e-06,105.36262285450746,1.347506269670029e-13,2.7618786783841567e-14,9.059363942993081e-10,1.286429784051949e-21,1.0401984807918866e-12,2.7606037230308,1.9512172252830234e-10,0.00032740173982682595,1000000.0,1432326.9027672173
9.6619583570302e-05,9.862989622027138e-05,1.6683432337285768,402.7907957261574,0.0,0.03241291766144844,315.8866612261674,2.9676847915630633e-15,0.0,3.973288933550961e-06,105.30095478277696,1.3429690902105838e-13,2.759481045268331e-14,9.053096271291401e-10,1.2664498830799367e-21,1.0303678192256764e-12,2.7589879592639175,1.9428688540719877e-10,0.0003273983799958866,1000000.0,1431059.8342656298
9.66372826532745e-05,9.866010474261717e-05,1.7451353059905306,402.6068285430517,0.0,0.032383140074759884,315.59658812378444,2.9431732386389415e-15,0.0,3.969640332883299e-06,105.20425878674051,1.3361049813877696e-13,2.7557456557826968e-14,9.043329534578679e-10,1.2358393880203693e-21,1.0151827379998833e-12,2.7564544296364337,1.929871158394424e-10,0.00032739311018637417,1000000.0,1429076.4714243868
9.6654981736247e-05,9.869166735422827e-05,1.8213523225229464,402.41562902455325,0.0,0.032352067364512106,315.2938918391443,2.9188208651503614e-15,0.0,3.965832955172772e-06,105.10335484747554,1.3292306342498198e-13,2.7518758399733493e-14,9.033208168628696e-10,1.2047933897436362e-21,9.996244760700024e-13,2.7538106477826054,1.91642324189403e-10,0.00032738760897277103,1000000.0,1427010.8982079134
9.66726808192195e-05,9.872457373657534e-05,1.8969769459720838,402.2172912218382,0.0,0.032319714720203604,314.97872035969283,2.8945949643822504e-15,0.0,3.961868661836677e-06,104.99829229666176,1.3223475603890408e-13,2.7478736775303993e-14,9.022736726036343e-10,1.1733953198728901e-21,9.837228706505727e-13,2.7510579062406686,1.9025407879735923e-10,0.00032738187874370423,1000000.0,1424864.2874141065
9.669037990219199e-05,9.875881325103568e-05,1.9719922405219874,402.01190986723793,0.0,0.03228609779116257,314.6512261562969,2.8704657219490563e-15,0.0,3.957749370685716e-06,104.88912196052914,1.3154572402379845e-13,2.7437412961699825e-14,9.011919880060417e-10,1.1417251818418975e-21,9.675075581828828e-13,2.7481975367075373,1.8882396736942222e-10,0.00032737592195895523,1000000.0,1422637.8382492838
9.670807898516449e-05,9.879437495679343e-05,2.046381667106393,401.79958043154494,0.0,0.03225123265975917,314.3115659221548,2.846405991397533e-15,0.0,3.953477052639962e-06,104.77589607282356,1.3085611242425836e-13,2.7394808653806397e-14,9.000762417080517e-10,1.1098614315262816e-21,9.510079019677694e-13,2.745230907758418,1.8735359408276593e-10,0.00032736974114477347,1000000.0,1420332.7750120242
9.672577806813698e-05,9.88312476278787e-05,2.1201290783763085,401.5803991568049,0.0,0.03221513581541628,313.9599003194857,2.822391086616802e-15,0.0,3.94905372854267e-06,104.65866819036577,1.3016606339101305e-13,2.7350945922572382e-14,8.98926922928729e-10,1.0778846577075487e-21,9.342549516344025e-13,2.7421594226343724,1.8584457718149901e-10,0.000327363338889406,1000000.0,1417950.345724189
9.674347715110948e-05,9.886941976089705e-05,2.1932187234954044,401.3544630840974,0.0,0.032177824137685045,313.5963938145959,2.7983986670243497e-15,0.0,3.944481467085701e-06,104.5374931380706,1.2947571622459898e-13,2.7305847208861453e-14,8.977445309828429e-10,1.0458615217711445e-21,9.172756762081076e-13,2.738984517801766,1.8429854672894252e-10,0.00032735671784073835,1000000.0,1415491.8211462756
9.677316428041825e-05,9.893633210901492e-05,2.314294908366187,400.9605973718973,0.0,0.03211256020166212,312.9605520970952,2.7581517567904336e-15,0.0,3.936483715918702e-06,104.32553502382179,1.283174840189217e-13,2.7227489650297467e-14,8.956884180127191e-10,9.922560225322579e-22,8.88371267805659e-13,2.7334310079951245,1.8162675558204294e-10,0.0003273451283845729,1000000.0,1411200.7794236874
9.680285140972704e-05,9.900680989672044e-05,2.4334077336597084,400.5484702960387,0.0,0.032044010808930046,312.29268683511924,2.717831303158705e-15,0.0,3.928083165871311e-06,104.10290184728456,1.2715942222856436e-13,2.7145828721175825e-14,8.935431518573188e-10,9.390395460162144e-22,8.590453796841344e-13,2.727597801120402,1.7886321830659948e-10,0.0003273329441259766,1000000.0,1406705.5249708893
9.68325385390358e-05,9.90807938385207e-05,2.5504907158194614,400.1185553613432,0.0,0.031972262293390896,311.5936392782913,2.677372129400188e-15,0.0,3.919290398358519e-06,103.86987403938608,1.2600213539286088e-13,2.7060976461566354e-14,8.913112595364541e-10,8.865022279559816e-22,8.294267375779579e-13,2.721492244742044,1.7601572925245595e-10,0.00032732017860303723,1000000.0,1402012.4390663411
9.686222566834457e-05,9.91582227234738e-05,2.665480744094108,399.67133235253704,0.0,0.03189740340627247,310.86427425082405,2.6367235946360864e-15,0.0,3.910116291321443e-06,103.62673988965268,1.2484620679550363e-13,2.6973047001961756e-14,8.889953287867066e-10,8.349031364392697e-22,7.996379666836211e-13,2.715121892327477,1.7309207017807096e-10,0.0003273068457384336,1000000.0,1397128.0389839953
9.689191279765336e-05,9.923903352124611e-05,2.778318117756913,399.2072869810868,0.0,0.031819525084793986,310.10547789681164,2.5958482538977133e-15,0.0,3.900571990867145e-06,103.37379479460216,1.2369219893105759e-13,2.688215626824459e-14,8.865980015224527e-10,7.844713879060252e-22,7.697956668301817e-13,2.708494483554252,1.7009997894949706e-10,0.00032729295980713717,1000000.0,1392058.9621695424
9.692159992696213e-05,9.932316148259726e-05,2.8889465681149313,398.7269104236765,0.0,0.03173872022719732,309.3181554874816,2.554720667156082e-15,0.0,3.8906688836877736e-06,103.11134052679022,1.225406538629341e-13,2.6788421692763876e-14,8.841219675035845e-10,7.354080900109474e-22,7.400101215202176e-13,2.701617925158346,1.6704711846244818e-10,0.00032727853540610044,1000000.0,1386811.9504084955
9.695128705627091e-05,9.941054023921286e-05,2.9973132727775007,398.2306987982612,0.0,0.03165508346993693,308.5032292494218,2.5133262656994416e-15,0.0,3.8804185697435645e-06,102.83968451084898,1.2139209355800433e-13,2.669196192850141e-14,8.815699580868665e-10,6.878840759242601e-22,7.103847262737162e-13,2.6945002719656634,1.6394104747749564e-10,0.00032726358742427036,1000000.0,1381393.8339849105
9.698097418557968e-05,9.950110190523533e-05,3.1033688627365934,397.7191525952839,0.0,0.031568710965360146,307.6616361975285,2.4716602432082748e-15,0.0,3.869832835005186e-06,102.55913910109926,1.2024702022602483e-13,2.659289656833698e-14,8.78944740013834e-10,6.420444478486236e-22,6.810157422749796e-13,2.6871497079647724,1.6078919249442125e-10,0.0003272481310122638,1000000.0,1375811.515840271
9.701066131488845e-05,9.959477718000284e-05,3.2070674206353886,397.1927760714947,0.0,0.03147970016093767,306.79432598300156,2.4297264829194137e-15,0.0,3.858923624385383e-06,102.27002086417892,1.1910591665602214e-13,2.6491345866170827e-14,8.762491092653999e-10,5.980014349090043e-22,6.519918089490042e-13,2.679574527511066,1.5759882213487892e-10,0.0003272321815519636,1000000.0,1370071.955825223
9.704034844419723e-05,9.969149545077694e-05,3.3083664694291843,396.65207661408255,0.0,0.03138814958175183,305.9022587730367,2.3875365382748913e-15,0.0,3.847703015069295e-06,101.97264987223733,1.1796924653746547e-13,2.638743046332983e-14,8.734858850306047e-10,5.558528806375472e-22,6.2339425211745e-13,2.6717831168077657,1.5437702346640083e-10,0.00032721575462645145,1000000.0,1364182.1551644083
9.708622239212095e-05,9.984676594524372e-05,3.4600901445862724,395.78958133501294,0.0,0.031241917965868036,304.47736224894425,2.3218829008121667e-15,0.0,3.829780366394683e-06,101.4976599972911,1.1622255705557677e-13,2.6222485847878207e-14,8.690896920218636e-10,4.945762141068774e-22,5.802103484327381e-13,2.6593379177267717,1.4935267036042814e-10,0.0003271894686739288,1000000.0,1354801.8402903092
9.711946647216746e-05,9.996356813158689e-05,3.5663300079265157,395.14500607338636,0.0,0.031132514635827575,303.41131136867216,2.2740029812961546e-15,0.0,3.816371353840493e-06,101.14229147373483,1.149649232709421e-13,2.609985734461249e-14,8.65813183586871e-10,4.531573163420387e-22,5.497950571669906e-13,2.6500269149958426,1.4568880806616212e-10,0.00032716976408558185,1000000.0,1347805.1231886994
9.715271055221396e-05,0.00010008384958801199,3.669402151831852,394.4848223758035,0.0,0.031020386624464383,302.3187001566578,2.2259188120814047e-15,0.0,3.802628259847357e-06,100.77806905224442,1.1371478071539895e-13,2.5974816937460378e-14,8.62465003403426e-10,4.1428453569527837e-22,5.202051646773606e-13,2.6404839314833115,1.4201574409711267e-10,0.0003271495339607613,1000000.0,1340652.3260481614
9.718595463226045e-05,0.00010020750439378192,3.769269167129175,393.8097507194038,0.0,0.03090567548299677,301.2009081692548,2.1776803580648854e-15,0.0,3.788568436765466e-06,100.40545260852477,1.1247265945791763e-13,2.584753176882391e-14,8.590491556308887e-10,3.779284252030283e-22,4.915042927646193e-13,2.6307210163822305,1.3834186558738746e-10,0.0003271288009628702,1000000.0,1333353.2735912735
9.721919871230695e-05,0.00010033442546555425,3.8658986973675,393.12051050159215,0.0,0.030788522646110036,300.05931384331944,2.129342160879623e-15,0.0,3.7742092228637254e-06,100.02490164509555,1.1123906209725666e-13,2.571816740202959e-14,8.555696313489245e-10,3.440339568884972e-22,4.637451937312492e-13,2.6207502091078307,1.346751257982198e-10,0.0003271075878184918,1000000.0,1325917.727331825
9.725244279235344e-05,0.00010046450470538911,3.959263333127977,392.41781903688496,0.0,0.030669069137423368,298.8952916246212,2.0809623412185844e-15,0.0,3.759567906210295e-06,99.63687433404567,1.1001446417351904e-13,2.5586887475525373e-14,8.520304006175945e-10,3.126142437125907e-22,4.3697045786494677e-13,2.61058351421676,1.3102302807967716e-10,0.0003270859172780563,1000000.0,1318355.3651338937
9.728568687239994e-05,0.00010059763317623457,4.049340488018432,391.70239038204704,0.0,0.030547455261091365,297.71020896100947,2.0326014454984576e-15,0.0,3.7446616868520144e-06,99.24182651470414,1.0879931471664623e-13,2.5453853359486214e-14,8.484354041836039e-10,2.8333249821532687e-22,4.112118751554798e-13,2.600232875145073,1.2739261620253796e-10,0.0003270638120693166,1000000.0,1310675.7600643225
9.731893095244644e-05,0.00010073370127530965,4.136112263643065,390.97493418649697,0.0,0.030423820307684573,296.50542343473313,1.9843213878301206e-15,0.0,3.7295076407441123e-06,98.84021073769756,1.0759403679909495e-13,2.531922383775262e-14,8.447885456081133e-10,2.574465231555714e-22,3.864947705166373e-13,2.589710149161609,1.2379046650355547e-10,0.0003270412948521367,1000000.0,1302888.3604520252
9.7375940346938e-05,0.00010097356619784686,4.277184299228521,389.7014675948019,0.0,0.030207494337216423,294.3973736828658,1.9018955595847563e-15,0.0,3.702992146971708e-06,98.13749144017318,1.0555124990315169e-13,2.508508520080142e-14,8.384250172871462e-10,2.232577505535118e-22,3.465689407722617e-13,2.5712982165770133,1.176963774800913e-10,0.0003270017865301971,1000000.0,1289309.7720484033
9.743294974142956e-05,0.00010122119440168176,4.408461132858097,388.3982048834798,0.0,0.029986315051105723,292.2420081202115,1.8202038690131204e-15,0.0,3.6758815049836e-06,97.4189993970003,1.0354048547542331e-13,2.4847476089300446e-14,8.319394023648468e-10,2.0521011082538796e-22,3.0976221406256276e-13,2.5524730226367045,1.1173069490910215e-10,0.0003269612455332849,1000000.0,1275487.288191395
9.74899591359211e-05,0.00010147602727946549,4.529940915924043,387.06858424410234,0.0,0.029760951098146957,290.0458438854978,1.7395481885515585e-15,0.0,3.6482576887220775e-06,96.68690709917335,1.0156337032422892e-13,2.4607130429756014e-14,8.253502800789254e-10,2.0431241960294127e-22,2.7604011062857986e-13,2.533291488728599,1.0591697745224474e-10,0.000326919782818875,1000000.0,1261465.1408126457
9.754696853041267e-05,0.00010173750707893339,4.641655090160676,385.71596428990097,0.0,0.029532051829803015,287.8152101055533,1.6602128000938369e-15,0.0,3.6202003072761565e-06,95.94332436383809,9.962133066935664e-14,2.436474910577958e-14,8.18675631852031e-10,2.0623484296462436e-22,2.4530287342751185e-13,2.5138088941245096,1.0027490655220905e-10,0.00032687750717069275,1000000.0,1247285.8036067076
9.760397792490423e-05,0.00010200507869822643,4.743665834905404,384.3436139103039,0.0,0.02930024485975368,285.5562240965452,1.5824593357836854e-15,0.0,3.5917863055357478e-06,95.1902904009643,9.771560019859112e-14,2.4120997873336677e-14,8.119327791240714e-10,1.7128928229537125e-22,2.1738155394143432e-13,2.4940786681192115,9.482047269337616e-11,0.0003268345248136228,1000000.0,1232989.848088906
9.766098731939578e-05,0.0001022781913797751,4.8360634966916525,382.95470321278736,0.0,0.029066133999238287,283.2747712288592,1.5065228285056856e-15,0.0,3.5630897109278894e-06,94.42976710129508,9.584722881791204e-14,2.3876505786206416e-14,8.051383316459828e-10,1.542380109291724e-22,1.9242190414194295e-13,2.4741522141681496,8.956620559524539e-11,0.00032679093906688613,1000000.0,1218615.829076985
9.771799671388734e-05,0.00010255630026825489,4.918964026143878,381.5522957583374,0.0,0.028830297581798964,280.9764885884161,1.4326090391294188e-15,0.0,3.534181427905365e-06,93.66363358983975,9.40170917974176e-14,2.3631864134037655e-14,7.983081465348061e-10,0.0,1.6815253668174931e-13,2.4540787671836357,8.452142832728782e-11,0.0003267468500444277,1000000.0,1204200.1998462232
9.777500610837889e-05,0.00010283886780098321,4.992506429333059,380.13934231671715,0.0,0.02859328718334494,278.66675249196174,1.3608932634145333e-15,0.0,3.505129080911279e-06,92.89368206409058,9.222589901175017e-14,2.33876258674621e-14,7.91457298192257e-10,1.4906582967448172e-21,1.621881237837555e-13,2.433905284492033,7.96925476372319e-11,0.0003267023544122427,1000000.0,1189777.2567995724
9.783201550287045e-05,0.00010312536493884789,5.05685025620161,378.7186760517279,0.0,0.02835562670594045,276.35066955075183,1.2915203035966928e-15,0.0,3.4759969019773675e-06,92.12161481509862,9.04742042775582e-14,2.314430545914485e-14,7.846000581547557e-10,0.0,1.3804125990225137e-14,2.413676367783227,7.508334478743048e-11,0.00032665754519864274,1000000.0,1175379.1108322532
9.788902489736202e-05,0.00010341527226053685,5.112173161262985,377.29300890941926,0.0,0.028117811783420096,274.0330708516106,1.224605192804376e-15,0.0,3.4468456575208013e-06,91.34904228772696,8.876241490501969e-14,2.2902379173917885e-14,7.777498835883176e-10,4.2012486862150715e-20,1.2849901787320483e-12,2.3934342122854684,7.06952717154618e-11,0.0003266125116478823,1000000.0,1161035.6816301264
9.794603429185356e-05,0.00010370808092978259,5.158668553980189,375.8649291268959,0.0,0.027880309452276472,271.71850893483594,1.1602344099335942e-15,0.0,3.417732610450441e-06,90.57748207323431,8.70908014342853e-14,2.2662285669303226e-14,7.709194134714089e-10,0.0,1.163781860381057e-27,2.3732185803897345,6.652774535448856e-11,0.00032656733911187914,1000000.0,1146774.7121447898
9.800304368634513e-05,0.0001040032935346072,5.196543397539142,374.43689955681657,0.0,0.027643558184706304,269.4112573353713,1.0984675464225214e-15,0.0,3.3887115138897518e-06,89.80835875632461,8.54595074015658e-14,2.2424426871779557e-14,7.64120471772847e-10,1.3911058542706834e-18,3.111783932782341e-11,2.3530667975627306,6.257842882592034e-11,0.00032652210897901883,1000000.0,1132621.8002402652
9.806005308083668e-05,0.00010430042479828447,5.226016042746903,373.0112574537986,0.0,0.027407967890764596,267.11531244825966,1.0393393781969156e-15,0.0,3.3598326354376423e-06,89.04300453699696,8.386855901764186e-14,2.2189168785758914e-14,7.573640769284837e-10,3.519671596759972e-23,8.039813915401207e-14,2.3330137688295616,5.884349873567849e-11,0.000326476898638868,1000000.0,1118600.4474694384
9.811706247532824e-05,0.00010459900217003941,5.247314256965388,371.590214748124,0.0,0.027173920620317905,264.8343974207551,9.82862169829162e-16,0.0,3.331142805849327e-06,88.28266052798267,8.231787470877066e-14,2.1956843285306764e-14,7.506604567522898e-10,6.863300721900577e-21,1.464092706026628e-13,2.3130920124655945,5.531790575345418e-11,0.0003264317814789292,1000000.0,1104732.119762861
9.81740718698198e-05,0.0001048985663073874,5.260673388975719,370.1758591016263,0.0,0.026941770833491658,262.57196775760275,9.290280765327189e-16,0.0,3.3026854892155224e-06,87.5284786232678,8.080727448941146e-14,2.172774925394242e-14,7.440190678884773e-10,1.1278564036201335e-20,1.6445212541272575e-13,2.2933317092585237,5.19955946234753e-11,0.0003263868269087824,1000000.0,1091036.3187935404
9.823108126431135e-05,0.00010519867145900577,5.266334645750865,368.77015573568815,0.0,0.02671184628972745,260.33121836649065,8.778115576876753e-16,0.0,3.274500871639297e-06,86.78152384669771,7.93364891089841e-14,2.1502154066946864e-14,7.374486190286754e-10,0.0,0.0,2.2737607638781054,4.886971946481243e-11,0.0003263421004078604,1000000.0,1077530.6620818577
9.828809065880291e-05,0.00010549888575379451,5.264543499981298,367.3749498957871,0.0,0.026484448866002014,258.11509181196453,8.29171756759665e-16,0.0,3.2466259652398654e-06,86.04277710342292,7.790516890312669e-14,2.1280295418659163e-14,7.309570972397516e-10,0.0,0.0,2.2544048769954874,4.593283618255344e-11,0.00032629766359414694,1000000.0,1064230.969789682
9.834510005329446e-05,0.0001057987914023457,5.255548242275256,365.99196978346635,0.0,0.026259855498372637,255.92628755834048,7.83054806261942e-16,0.0,3.2190947244676072e-06,85.31313826102833,7.651289229645018e-14,2.1062382993922007e-14,7.245517967882179e-10,0.0,0.0,2.235287626018669,4.317706792037493e-11,0.0003262535743111629,1000000.0,1051151.3562167892
9.840210944778602e-05,0.00010609798481916946,5.239598675835012,364.62282986472815,0.0,0.026038319207250093,253.76727198417296,7.393960131609963e-16,0.0,3.1919381719943175e-06,84.59342948786009,7.515917392429045e-14,2.084860012846487e-14,7.182393498572206e-10,0.0,0.0,2.2164305525622034,4.059425239630157e-11,0.0003262098867302582,1000000.0,1038304.3243566168
9.845911884227759e-05,0.00010639607667444316,5.216944940571663,363.26903452130784,0.0,0.025820070185139633,251.6402889667053,6.981218909550213e-16,0.0,3.165184531784427e-06,83.88439878135705,7.384347234942007e-14,2.0639105574162938e-14,7.12025758599416e-10,2.0572953686991594e-20,1.9460809200140085e-13,2.1978532548911724,3.8176070024442855e-11,0.000326166651465256,1000000.0,1025700.8621910318
9.851612823676913e-05,0.0001066926918827162,5.187836456794834,361.93198200549506,0.0,0.025605316924305954,249.54737086292215,6.591520215878097e-16,0.0,3.1388593672316023e-06,83.18672362858908,7.256519735140829e-14,2.0434035247424074e-14,7.0591642805023e-10,5.508313642991124e-20,3.112812697148108e-13,2.179573483829857,3.591415234374698e-11,0.00032612391569693315,1000000.0,1013350.5395804456
9.85731376312607e-05,0.0001069874695349025,5.152520987524329,360.61296861000125,0.0,0.02539424737001619,247.49034973889064,6.224007412396779e-16,0.0,3.112985722436458e-06,82.5010147495629,7.132371677041789e-14,2.023350389895736e-14,6.999161994981753e-10,0.0,6.744420422804838e-13,2.1616072408388622,3.38001736745504e-11,0.0003260817233051992,1000000.0,1001261.6046423725
9.863014702575225e-05,0.00010728006277974175,5.111243812120839,359.31319301296804,0.0,0.02518703007942343,245.47086871614292,5.87778650673262e-16,0.0,3.087584264952664e-06,81.82781987954348,7.011836289810279e-14,2.0037606724901793e-14,6.94029383958646e-10,3.8603521538299697e-19,0.0,2.1439688771208463,3.182592658604597e-11,0.0003260401150071523,1000000.0,989441.0787901526
9.868715642024381e-05,0.00010757013866149964,5.0642470239992425,358.0337605916106,0.0,0.024983815401405974,243.49039331495143,5.551939489289779e-16,0.0,3.0626734283661623e-06,81.16762755033986,6.894843841197182e-14,1.9846421023369212e-14,6.882597954289827e-10,0.0,5.430903913456958e-12,2.1266711926778346,2.9983384186550145e-11,0.00032599912849900044,1000000.0,977894.8492490039
9.874416581473537e-05,0.00010785737791971513,5.011768895400875,356.77568804057523,0.0,0.024784736593669154,241.55022269530912,5.24553595191338e-16,0.0,3.038269553797832e-06,80.52087083749053,6.781322185900383e-14,1.9660007770972787e-14,6.826107836621885e-10,1.8323428831166264e-24,1.623861568663971e-14,2.1097255345272945,2.8264749244703447e-11,0.0003259587986002962,1000000.0,966627.7595147861
9.880117520922692e-05,0.00010814147475631318,4.954043357863221,355.5399078187689,0.0,0.02458991101180992,239.65150071256343,4.957643078696305e-16,0.0,3.014387028929431e-06,79.88793104566389,6.671197269458195e-14,1.9478412949749315e-14,6.770852662417428e-10,0.0,2.6913008843557984e-14,2.093141893208408,2.666249177608013e-11,0.0003259191573989742,1000000.0,955643.6960654975
9.885818460371848e-05,0.00010842213657533135,4.891299569151168,354.3272725761371,0.0,0.02439944116364229,237.79522671668346,4.68733414662517e-16,0.0,2.991038423797439e-06,79.26914130859859,6.564393589009927e-14,1.9301669022594762e-14,6.716857597739042e-10,0.0,2.743813137891043e-14,2.0769289971576326,2.5169377463443607e-11,0.00032588023439612546,1000000.0,944945.6714864941
9.891519399821003e-05,0.00010869908370000228,4.823761549760431,353.13855959330675,0.0,0.024213415813895814,235.9822660379154,4.4336956483127707e-16,0.0,2.9682346226918144e-06,78.66479008450122,6.460834612337917e-14,1.912979629375128e-14,6.664144100517639e-10,4.046971777583244e-21,0.0,2.0610944042625996,2.3778487809216065e-11,0.0003258420566494261,1000000.0,934535.903910574
9.89722033927016e-05,0.0001089720490712327,4.751647887908074,351.97447517162976,0.0,0.024031911018304118,234.21336011529385,4.195833148318738e-16,0.0,2.945984951578041e-06,78.07512453238986,6.360443156871027e-14,1.896280410193126e-14,6.612730210831382e-10,0.0,8.882094863393256e-14,2.0456445903306375,2.2483232968399004e-11,0.00032580464891427416,1000000.0,924415.8924924071
9.902921278719316e-05,0.00010924077793116338,4.675171511500385,350.8356589134251,0.0,0.023854991121156844,232.48913623459208,3.97287600008134e-16,0.0,2.92429730059091e-06,77.50035375824413,6.263141730604226e-14,1.880069198522277e-14,6.562630829021817e-10,2.8621595732965533e-21,1.1186323553912542e-13,2.0305850341425673,2.1277358657831602e-11,0.0003257680337818945,1000000.0,914586.4887116003
9.90862221816847e-05,0.00010950502749539846,4.594539521127674,349.72268787254296,0.0,0.0236827097114237,230.81011684966938,3.7639810566640983e-16,0.0,2.90317824127232e-06,76.9406519222801,6.168852837031207e-14,1.8643450796955755e-14,6.513857981046071e-10,1.904690512598267e-20,0.0,2.015920298866524,2.0154948102865573e-11,0.0003257322318138193,1000000.0,905047.9634559333
9.914323157617627e-05,0.00010976456661727021,4.509953076662926,348.63608056956,0.0,0.023515110535211683,229.17672846844076,3.5683354994158216e-16,0.0,2.8826331383292805e-06,76.39616120109228,6.077499246232145e-14,1.849106371789978e-14,6.466421070659063e-10,3.452711892247439e-21,4.296447516656607e-14,2.0016541096681513,1.9110419858908962e-11,0.0003256972616722412,1000000.0,895800.0699144021
9.920024097066782e-05,0.00011001917544696925,4.4216073268541525,347.57630090470644,0.0,0.023352228360432645,227.5893100930075,3.3851588961699933e-16,0.0,2.8626662558013607e-06,75.86699460117471,5.98900423428879e-14,1.8343507189724456e-14,6.420327118243546e-10,1.1290944447310194e-19,0.0,1.9877894274288324,1.8138522375229286e-11,0.00032566314024583856,1000000.0,886842.1024494837
9.925725036515938e-05,0.00011026864508795847,4.329691382580157,346.54376191000415,0.0,0.02319408979832395,226.0481212100429,3.2137045937954566e-16,0.0,2.843280857565232e-06,75.35323862251943,5.903291793272554e-14,1.820075179104567e-14,6.375580986280261e-10,4.851719203163089e-19,0.0,1.9743285185328119,1.723432606551709e-11,0.0003256298827707963,1000000.0,878172.9514090146
9.931425975965094e-05,0.00011051277725287125,4.234388326885726,345.53882935238903,0.0,0.0230407140769316,224.55334933205728,3.0532605404325963e-16,0.0,2.824479302188711e-06,74.85495577250043,5.820286813914877e-14,1.806276305816543e-14,6.332185591570784e-10,0.0,0.0,1.9612730207336093,1.6393213051174124e-11,0.0003255975029467598,1000000.0,869791.1540440755
9.937126915414249e-05,0.00011075138392083627,4.135875254578864,344.56182521268346,0.0,0.02289211376788422,223.1051170942895,2.9031496293291727e-16,0.0,2.8062631322037002e-06,74.37218693162548,5.739915243148926e-14,1.7929502215927963e-14,6.290142104431356e-10,0.0,0.0,1.9486240051403483,1.5610865839650354e-11,0.00032556601304762267,1000000.0,861694.9417462208
9.942827854863405e-05,0.00011098428699799993,4.034323343638997,343.6130309781015,0.0,0.02274829547030256,221.70348891494996,2.762729644618142e-16,0.0,2.7886331578752368e-06,73.90495357373098,5.6621042186028015e-14,1.780092685188649e-14,6.24945013515214e-10,8.096568067977133e-18,1.4859275633815159e-13,1.93638203438842,1.488325467217025e-11,0.0003255354240270629,1000000.0,853882.2836057283
9.94852879431256e-05,0.00011121131798277123,3.9298979491168904,342.6926908001271,0.0,0.02260926044981054,220.34847722946859,2.6313928791788186e-16,0.0,2.771589535619512e-06,73.45325984417123,5.5867821820104556e-14,1.7676991551315076e-14,6.210107908090744e-10,1.631510125289995e-16,1.116143060101917e-13,1.9245472170906515,1.4206624221453651e-11,0.00032550574561879286,1000000.0,846350.9265928804
9.954229733761716e-05,0.00011143231763707117,3.8227587185595935,341.801014495129,0.0,0.02247500523655163,219.04004831182002,2.5085654865615127e-16,0.0,2.755131841297505e-06,73.01709450035965,5.513878973611378e-14,1.755764846374289e-14,6.172112423829593e-10,3.4728306602143925e-14,0.0,1.9131192586806351,1.3577479922366906e-11,0.0003254769864315267,1000000.0,839098.4324787246
9.959930673210873e-05,0.00011164713566471282,3.7130597267420207,340.93818038229705,0.0,0.022345522181886183,217.77812769749747,2.3937066216714715e-16,0.0,2.739259138220143e-06,72.59643271951943,5.4433259084104754e-14,1.7442847815372865e-14,6.13545960986193e-10,5.846692227481812e-20,2.9760996458924617e-15,1.9020975087770524,1.2992574141361283e-11,0.00032544915403871864,1000000.0,832122.2116578806
9.965631612660028e-05,0.00011185563039786751,3.6009496244506622,340.1043379864088,0.0,0.022220799975228453,216.56260522396008,2.2863074184605965e-16,0.0,2.7239700406680217e-06,72.19123777891883,5.3750558375911664e-14,1.7332538381611902e-14,6.100144460300007e-10,0.0,2.761059308034796e-15,1.8914810052081081,1.2448892414080445e-11,0.00032542225506316386,1000000.0,825419.5541164058
9.971332552109184e-05,0.00011205766849239263,3.4865717996565264,339.2996106016869,0.0,0.022100824122915315,215.3933397054005,2.1858898457601234e-16,0.0,2.7092627727986416e-06,71.80146261420697,5.3090031957153605e-14,1.7226667914090056e-14,6.066161165122065e-10,6.444737547480027e-15,0.0,1.8812685148418506,1.1943639881624186e-11,0.0003253962952565743,1000000.0,818987.6577067771
9.977033491558339e-05,0.00011225312463264094,3.3700645486018717,338.5240977262859,0.0,0.021985577392407203,214.2701632593116,2.0920054760044472e-16,0.0,2.6951352229718097e-06,71.4270512616767,5.2451040348678466e-14,1.7125183523284073e-14,6.033503229486997e-10,0.0,9.570061172988636e-15,1.8714585713746736,1.1474228084208256e-11,0.00032537127957426177,1000000.0,812823.6539211147
9.982734431007495e-05,0.00011244188124632093,3.2515612575112742,337.77787734302996,0.0,0.021875040222594268,213.19288530216843,2.0042341961398626e-16,0.0,2.6815849940184664e-06,71.06794019022685,5.1832960474806293e-14,1.7028032024551934e-14,6.00216358363639e-10,4.159746740118191e-15,1.0364743032520863e-15,1.8620495102297192,1.1038262173346741e-11,0.0003253472122450633,1000000.0,806924.6312645952
9.988435370456651e-05,0.0001126238282298741,3.131190589803879,337.0610080903655,0.0,0.021769191101510137,212.16129623154683,1.922182885558976e-16,0.0,2.66860944952657e-06,70.72405952879812,5.123518579213968e-14,1.69351602504288e-14,5.972134683899245e-10,7.25241034787602e-15,0.0,1.8530395007168536,1.0633528653035274e-11,0.00032532409683666764,1000000.0,801287.65649095
9.994136309905806e-05,0.00011279886268468457,3.009076677763557,336.3735313253694,0.0,0.021668006913544487,211.17517081214956,1.8454840817450714e-16,0.0,2.6562057563942047e-06,70.39533419510627,5.065712633007915e-14,1.6846515329169935e-14,5.943408605314894e-10,0.0,1.2154343006396956e-14,1.8444265756067706,1.025798367287606e-11,0.00032530193631651093,1000000.0,795909.7938518991
9.999837249354962e-05,0.00011296688866438211,2.885339320068398,335.7154730557935,0.0,0.021571463258196668,210.23427128270643,1.7737946504442737e-16,0.0,2.6443709240083166e-06,70.08168493132867,5.009820865261565e-14,1.676204493296347e-14,5.915977126371998e-10,1.4611151399469941e-15,0.0,1.8362086582670476,9.909741905597511e-12,0.0003252807331084056,1000000.0,790788.1224457341
0.00010005538188804117,0.00011312781693341966,2.760094180086396,335.08684579568984,0.0,0.02147953474188285,209.33835020029815,1.7067944741207437e-16,0.0,2.6331018399433874e-06,69.78302925226083,4.9557875750095425e-14,1.6681697500190464e-14,5.889831806346467e-10,0.0,4.6082979844876944e-14,1.8283835875046779,9.587066059375778e-12,0.0003252604891450829,1000000.0,785919.7519282816
0.00010011239128253273,0.00011328156473708971,2.6334529885120124,334.48765030177674,0.0,0.02139219524440579,208.4871530378334,1.6441851690976235e-16,0.0,2.6223953027244687e-06,69.4992823111865,4.9035586870602386e-14,1.6605422431743124e-14,5.864964055695141e-10,0.0,6.513836783174632e-14,1.8209491402528373,9.288357031952187e-12,0.0003252412059168037,1000000.0,781301.8366074804
0.0001001694006770243,0.00011342805558307464,2.5055237454204913,333.9178772482029,0.0,0.021309418161803727,207.6804205498623,1.5856888406165356e-16,0.0,2.6122480516149757e-06,69.23035768852269,4.853081729872931e-14,1.6533170265553767e-14,5.841365199944794e-10,1.6807261846155523e-14,0.0,1.8139030522340254,9.012144593573626e-12,0.00032522288451622216,1000000.0,776931.5881746557
0.00010022641007151585,0.00011356721903449278,2.3764109205272628,333.37750886009513,0.0,0.02123117662691463,206.91789092168796,1.5310468819828802e-16,0.0,2.6026567934607545e-06,68.97616810822677,4.804305808876726e-14,1.646489282996642e-14,5.819026537506526e-10,6.480300875684699e-15,1.6464210408288312e-15,1.8072430367304126,8.757078840433433e-12,0.00032520552567967374,1000000.0,772806.2872286484
0.0001003120200877084,0.00011376229482495224,2.18052212284118,332.6212241522396,0.0,0.021122143073862978,205.85526745557553,1.455709409511351e-16,0.0,2.5892908919471667e-06,68.62194211767167,4.734147247160424e-14,1.6369725718947552e-14,5.787829055949322e-10,0.0,2.1142851740808425e-15,1.7979619694807711,8.411087850920451e-12,0.00032518126710000077,1000000.0,767065.7311073417
0.00010039763010390096,0.0001139405078765529,1.9825211071493736,331.9310867966653,0.0,0.02102318616629986,204.89084982200265,1.3877822142920497e-16,0.0,2.577160244099768e-06,68.30045308372486,4.6675529359537734e-14,1.6283265105081574e-14,5.75942478952559e-10,3.7079939593353206e-15,4.513598256173773e-16,1.7895386424984823,8.106263462608274e-12,0.00032515918026838436,1000000.0,761863.0542993477
0.00010048324012009352,0.00011410169093982087,1.7827229817974706,331.3069764401417,0.0,0.020934217153715497,204.02377314883307,1.3266008503048492e-16,0.0,2.5662539712809523e-06,68.01141270088563,4.6043695334121206e-14,1.6205367914665583e-14,5.733785377372978e-10,3.034369833820307e-15,9.360146498956074e-16,1.7819655018975624,7.839334435755986e-12,0.00032513926422174334,1000000.0,757190.2136928692
0.00010050893568175517,0.00011414672490218829,1.7224491199095886,331.13251612941036,0.0,0.020909449270053615,203.78238975862706,1.30946323976573e-16,0.0,2.5632178001759466e-06,67.9309474436862,4.586048714642151e-14,1.6183637931353657e-14,5.726625133869506e-10,0.0,1.1128103521509021e-14,1.779857233494781,7.7661759844603e-12,0.0003251337097752901,1000000.0,755889.9226747385
0.0001005207933895229,0.00011416698406248386,1.694591416227017,331.05400920182564,0.0,0.02089831982876219,203.67392422709509,1.3017374037870672e-16,0.0,2.5618534978798887e-06,67.89479041198386,4.577692320557177e-14,1.617386531267166e-14,5.72340385914274e-10,0.0,0.0,1.7789098839164958,7.733460583469692e-12,0.0003251312124385791,1000000.0,755305.6926324072
0.00010052207228460007,0.00011416914934487441,1.6915852870221986,331.0456172090365,0.0,0.02089713079037203,203.66233607390848,1.3009109427391057e-16,0.0,2.561707739649192e-06,67.89092749612273,4.576794731035036e-14,1.617282090421611e-14,5.723059558664347e-10,0.0,0.0,1.778808671744486,7.729971084574902e-12,0.0003251309455767818,1000000.0,755243.2763001139
0.00010052335117967723,0.00011417131078254593,1.6885788526006784,331.03723926221835,0.0,0.02089594395319922,203.65076937361033,1.300085798484985e-16,0.0,2.561562251257612e-06,67.88707173159119,4.575897855637936e-14,1.6171778363450333e-14,5.722715866357911e-10,0.0,0.0,1.7787076469443064,7.72648909413381e-12,0.0003251306791987322,1000000.0,755180.9743258826
0.00010052614870536259,0.00011417602542523338,1.682001351821645,331.01896153416766,0.0,0.020893355472590955,203.62554251113832,1.298285414297223e-16,0.0,2.561244942469981e-06,67.87866234610925,4.573938468227683e-14,1.6169504358883468e-14,5.721966174623987e-10,0.0,0.0,1.778487312823576,7.718898302095419e-12,0.0003251300981950865,1000000.0,755045.0894022877
0.00010052894623104797,0.00011418072166516713,1.6754224036192131,331.00075040778034,0.0,0.02089077752051277,203.60041825919564,1.2964913035540161e-16,0.0,2.560928924338483e-06,67.87028716589148,4.5719824908408995e-14,1.6167239276809866e-14,5.721219391637715e-10,0.0,0.0,1.7782678749142489,7.711342668941114e-12,0.0003251295195060248,1000000.0,754909.749950868
0.00010053174375673333,0.00011418539949831081,1.6688420180541506,330.9826059212545,0.0,0.02088821009424116,203.57539658992778,1.2947034474462068e-16,0.0,2.560614196514142e-06,67.86194618165258,4.570029918662581e-14,1.616498310821381e-14,5.720475516488012e-10,5.209944055495348e-15,3.503150135775837e-14,1.7780493329729246,7.70382192398471e-12,0.0003251289431314579,1000000.0,754774.9558333687
0.00010053751101108026,0.00011419498500583555,1.6552716962051939,330.9454109197318,0.0,0.02088295040759193,203.52413664096267,1.2910373411276625e-16,0.0,2.5599694380932337e-06,67.84485865556354,4.566015308386091e-14,1.6160359989508512e-14,5.718951149228381e-10,5.904355151112177e-14,2.21628020963601e-13,1.7776016230841483,7.688427124623208e-12,0.00032512776220697796,1000000.0,754498.7915700116
0.00010054126498050046,0.00011420118226037094,1.6464354061724282,330.92135247005797,0.0,0.020879550836878886,203.4910050461163,1.2886651943186706e-16,0.0,2.559552701938985e-06,67.83381422413626,4.563409899219789e-14,1.615737106343335e-14,5.71796555603346e-10,1.1638225876669926e-13,2.3028982900789714e-13,1.7773122481834929,7.678485806483104e-12,0.0003251269988148264,1000000.0,754320.2770714684
0.00010054501894992065,0.00011420734633902705,1.637596605788063,330.89741373375756,0.0,0.020876170196257062,203.45805794853493,1.2863041623507616e-16,0.0,2.5591382864326826e-06,67.82283129495178,4.5608105836427906e-14,1.6154398138423644e-14,5.716985191686597e-10,5.4221830278318565e-14,0.0,1.7770244847022614,7.668606643385169e-12,0.0003251262395895749,1000000.0,754142.7421105669
0.00010054877291934085,0.00011421347723242201,1.6287553182858339,330.8735948633361,0.0,0.020872808479087127,203.42529528157687,1.2839542006947539e-16,0.0,2.558726190687636e-06,67.81190984579509,4.5582173501140166e-14,1.6151441199787508e-14,5.716010054007056e-10,0.0,0.0,1.7767383320580303,7.658789202761802e-12,0.00032512548453099833,1000000.0,753966.1865006057
0.00010055252688876105,0.00011421957493126564,1.619911569606635,330.8498960213158,0.0,0.02086946568074076,203.39271697874818,1.2816152649801185e-16,0.0,2.5583164139456473e-06,67.80104985450038,4.555630187135427e-14,1.6148500235310154e-14,5.715040140818607e-10,4.621032528257281e-13,6.84386042425126e-13,1.776453789668588,7.649033362177092e-12,0.0003251247336388631,1000000.0,753790.6100797895
0.00010055628085818125,0.00011422563942636315,1.6110653836456852,330.8263172065195,0.0,0.020866141790248666,203.36032297368314,1.279287311098291e-16,0.0,2.5579089553811586e-06,67.79025129894461,4.553049083208306e-14,1.614557523454966e-14,5.71407544994884e-10,7.412862872751723e-14,1.9482065852406747e-15,1.7761708569573673,7.639339123023023e-12,0.0003251239869129342,1000000.0,753616.0123126989
0.00010056003482760144,0.0001142316707086094,1.6022167827264138,330.80285832643733,0.0,0.020862836804986372,203.328113200175,1.2769702952483326e-16,0.0,2.557503814107474e-06,67.77951415705773,4.550474026846989e-14,1.614266618728161e-14,5.713115979230253e-10,0.0,7.135567184506258e-16,1.7758895333430686,7.629706312362507e-12,0.0003251232443529765,1000000.0,753442.3924567006
0.00010056378879702164,0.00011423766876898332,1.593365789917479,330.7795193247932,0.0,0.020859550716528973,203.29608759220648,1.2746641738725236e-16,0.0,2.5571009892692626e-06,67.76883840683287,4.5479050066008466e-14,1.613977308278522e-14,5.71216172650128e-10,2.003426740675615e-17,1.0949397708364786e-15,1.7756098182503068,7.620134628798667e-12,0.0003251225059587518,1000000.0,753269.7498546599
0.00010056754276644185,0.00011424363359854959,1.5845124293944521,330.75630020390963,0.0,0.020856283517815388,203.26424608394035,1.2723689035965346e-16,0.0,2.5567004800600267e-06,67.75822402632315,4.5453420110575656e-14,1.6136895910248845e-14,5.711212689605992e-10,0.0,8.279743064612427e-16,1.775331711104203,7.610623846854066e-12,0.0003251217717300179,1000000.0,753098.08398613
0.00010057129673586205,0.00011424956518846374,1.5756567253260125,330.73320097303866,0.0,0.020853035202236615,203.23258860969307,1.2700844412504846e-16,0.0,2.556302285677939e-06,67.74767099363294,4.5427850290676264e-14,1.613403465931491e-14,5.710268866393232e-10,0.0,0.0,1.7750552113309837,7.6011738406789e-12,0.00032512104166652976,1000000.0,752927.3943487133
0.00010057711782007414,0.00011425869724051465,1.5619200684789323,330.6976192521361,0.0,0.020848035536278193,203.18386280699193,1.2665633180261056e-16,0.0,2.5556894022855507e-06,67.73142822629316,4.538831915656609e-14,1.6129629329712752e-14,5.708815634499845e-10,1.4698803321464781e-19,8.971454955964516e-16,1.774629634947604,7.586639985852015e-12,0.00032511991783174834,1000000.0,752664.6441035818
0.00010058726592062644,0.00011427442619865403,1.5379593957217526,330.63627748606575,0.0,0.020839427904732446,203.0999744679051,1.260486244111356e-16,0.0,2.554634237235392e-06,67.70346401228782,4.531974696882685e-14,1.6122040741161453e-14,5.706312106034104e-10,1.8282800869747227e-18,4.644612246460361e-16,1.7738969452028293,7.561648902792384e-12,0.00032511798255639794,1000000.0,752212.1862149771
0.00010059741402117874,0.00011428991191874504,1.5139824979981624,330.57581113261784,0.0,0.02083095801123119,203.0174285152392,1.2544865244171264e-16,0.0,2.5535959570717835e-06,67.67594728337447,4.5251609866868947e-14,1.6114568124892592e-14,5.703846596271347e-10,8.530491981427885e-18,0.0,1.7731759800050924,7.53709505402959e-12,0.0003251160777102233,1000000.0,751766.8409662808
0.00010060756212173103,0.00011430515423848628,1.4899898322338039,330.51621966478336,0.0,0.020822625725974788,202.93622367482558,1.2485633383842767e-16,0.0,2.5525745456202575e-06,67.64887761480844,4.518390564751117e-14,1.6107211291005342e-14,5.701419063438099e-10,8.254815147177743e-18,0.0,1.7724667282252868,7.512974971786152e-12,0.00032511420328804595,1000000.0,751328.5971200002
0.00010061771022228333,0.000114320153000197,1.4659818567757867,330.4575026877005,0.0,0.0208144309193473,202.85635868202328,1.2427158771259661e-16,0.0,2.5515699869524547e-06,67.6222545850211,4.511663210720406e-14,1.6099970048153854e-14,5.699029466053834e-10,1.4241171045747094e-18,5.029535343542283e-16,1.7717691788178371,7.489284983526637e-12,0.0003251123592845612,1000000.0,750897.4438630358
0.00010062785832283561,0.00011433490805082715,1.4419590302084047,330.39965988718865,0.0,0.02080637346216613,202.77783228169145,1.2369433432307193e-16,0.0,2.550582265338866e-06,67.59607777561074,4.504978704652431e-14,1.6092844206341946e-14,5.696677762929476e-10,4.116700895919581e-21,8.888957010188098e-16,1.7710833208203671,7.466021635556123e-12,0.0003251105456943386,1000000.0,750473.3706880471
0.00010064360533511738,0.0001143573209203064,1.4046539916587064,330.3116338821777,0.0,0.02079414216510104,202.65862848174126,1.2281324869361567e-16,0.0,2.5490828947840546e-06,67.55634113749744,4.494690539775351e-14,1.6082014927341458e-14,5.69310350421147e-10,5.689550072782106e-20,8.8193172389537395e-16,1.770042182054443,7.430760497682566e-12,0.0003251077917082601,1000000.0,749829.3202358156
0.00010065935234739914,0.00011437914608507439,1.3673159851290453,330.2257105094498,0.0,0.020782240801698066,202.54264018725962,1.2194972713695015e-16,0.0,2.5476239695455794e-06,67.51767638951797,4.484504210302888e-14,1.6071462384116708e-14,5.68962023882864e-10,2.942651890513159e-20,8.717704298674976e-16,1.7690291278579537,7.396506854111748e-12,0.00032510511091757776,1000000.0,749202.2535401034
0.0001006750993596809,0.00011440038303925409,1.3299466933405346,330.14188832096943,0.0,0.020770668904747873,202.42986284674294,1.2110348783026946e-16,0.0,2.5462054323956983e-06,67.48008201442663,4.4744189136750367e-14,1.6061185903776076e-14,5.686227817097796e-10,2.946647265806349e-20,8.672194778130446e-16,1.7680441184776439,7.363248887491117e-12,0.0003251025033002854,1000000.0,748592.1324482859
0.00010069084637196267,0.00011442103130338726,1.2925477881750458,330.0601658065673,0.0,0.020759426013239397,202.32029196667227,1.2027425525957629e-16,0.0,2.5448272268004436e-06,67.44355651430692,4.4644338546341796e-14,1.605118482373131e-14,5.682926091094247e-10,0.0,8.874394551410651e-16,1.767087114666599,7.330975117768923e-12,0.0003250999688337249,1000000.0,747998.919373105
0.00010072952121930401,0.00011446924248285714,1.2005804195477363,329.8683557787074,0.0,0.02073320678536073,202.06476501162282,1.1830814265507712e-16,0.0,2.5416131550798205e-06,67.35837649365224,4.4403308854333706e-14,1.602778677085343e-14,5.675201009151047e-10,6.425392094023161e-21,8.395897024557186e-16,1.7648553148524297,7.255818174966862e-12,0.0003250940544578636,1000000.0,746613.5077614752
0.00010076819606664536,0.00011451389396965112,1.108468827807258,329.68917866652953,0.0,0.020708962805760137,201.82848867201264,1.1643916760343645e-16,0.0,2.5386412217445166e-06,67.279613673951,4.4168163007378713e-14,1.600603666024465e-14,5.668020008181872e-10,1.547520061775121e-20,8.212882108346518e-16,1.7627916519770723,7.186375963217499e-12,0.0003250885808246822,1000000.0,745329.3345943547
0.0001008068709139867,0.00011455498065356267,1.016237087955635,329.5226104694427,0.0,0.02068668772382069,201.611401049587,1.1466370440325926e-16,0.0,2.5359106480686734e-06,67.20724742139329,4.393878833955706e-14,1.598592553409457e-14,5.6613810371451e-10,1.0419240754326104e-20,8.099099489633716e-16,1.7608955854140824,7.1225042576713635e-12,0.0003250835475531517,1000000.0,744145.8939974257
0.00010084554576132804,0.00011459249834987966,0.9239089859595813,329.3686265989169,0.0,0.02066637542603726,201.41344256460238,1.1297832853017266e-16,0.0,2.533420684603992e-06,67.1412578750458,4.371507451749219e-14,1.5967444849037632e-14,5.655282114047291e-10,1.4072189314220785e-20,7.900597363874441e-16,1.7591665947874693,7.0640702509792986e-12,0.0003250789542430999,1000000.0,743062.7048088596
0.0001008842206086694,0.0001146264437876708,0.8315080439540553,329.22720190817597,0.0,0.020648020042377143,201.2345560165092,1.113798072154786e-16,0.0,2.531170611923306e-06,67.08162596708057,4.3496913477137064e-14,1.595058647518284e-14,5.649721327360725e-10,0.0,7.793366362699375e-16,1.7576041805016547,7.010952153360564e-12,0.0003250748004765877,1000000.0,742079.3107122773
0.00010094577546929575,0.00011467309839720254,0.6843499543717413,329.0279485449458,0.0,0.02062282777024148,200.98903983448966,1.0900726216273467e-16,0.0,2.5280824576159143e-06,66.99978304189302,4.316087997083822e-14,1.5927081642795584e-14,5.641976116129574e-10,0.0,7.605975642983912e-16,1.755459815850621,6.93710219513232e-12,0.0003250690947779815,1000000.0,740718.9014816014
0.00010100733032992212,0.00011471069321847999,0.5371589999230203,328.8603373556947,0.0,0.020602557235733773,200.79149057409708,1.068356773732666e-16,0.0,2.525597641354278e-06,66.93392991070186,4.283822963319865e-14,1.5907638063959076e-14,5.635582427763616e-10,0.0,7.45299398459899e-16,1.7537343994342123,6.87604532089303e-12,0.00032506449958513435,1000000.0,739608.5956231434
0.00010106888519054848,0.00011473922905871323,0.3900267106412384,328.72425768905856,0.0,0.02058718874088209,200.64171628028683,1.0485472379547346e-16,0.0,2.5237137487239116e-06,66.88400258520994,4.252855997173628e-14,1.589222942513715e-14,5.63053368798834e-10,1.2397386950747745e-21,7.334871885906742e-16,1.7524262546965936,6.827449834999969e-12,0.00032506101296582364,1000000.0,738746.9407517406
0.00010113044005117485,0.00011475871232693047,0.24304366632218227,328.619595578568,0.0,0.020576704252779514,200.53954122169935,1.0305505687846911e-16,0.0,2.522428569324607e-06,66.84994248529252,4.2231480961621726e-14,1.588083203953631e-14,5.626823792705409e-10,1.4472152385705212e-20,7.233612088482285e-16,1.751533846781187,6.791044614787533e-12,0.00032505863289591247,1000000.0,738132.6431436996
0.0001011919949118012,0.00011476915497928949,0.0962997322693044,328.54623393779036,0.0,0.02057108740794149,200.48480593600337,1.014282540058379e-16,0.0,2.5217400973815083e-06,66.83169645411246,4.1946614375189515e-14,1.5873424821822396e-14,5.624447106626692e-10,0.0,7.176136845673301e-16,1.751055782926823,6.766616997319329e-12,0.0003250573572606283,1000000.0,737764.5669706957
0.00010125354977242758,0.00011477057448495651,-0.05011572343826264,328.50405263473215,0.0,0.020570323500701114,200.47736711849782,9.996676165292967e-17,0.0,2.5216465303674837e-06,66.82921672098564,4.1673593120052946e-14,1.5869989251314586e-14,5.623398457617408e-10,0.0,7.121409801220204e-16,1.7509908114948456,6.754010946594529e-12,0.00032505718385243893,1000000.0,737641.7327519325
0.00010131510463305393,0.00011476299380488272,-0.19611361677607472,328.4929284655658,0.0,0.020574399459977973,200.5170973956624,9.866384824410172e-17,0.0,2.522146266152791e-06,66.84246082589388,4.1412060582847884e-14,1.5870509328784426e-14,5.623673127853406e-10,0.0,7.145580866441127e-16,1.7513378199912728,6.753125646264898e-12,0.0003250581103663416,1000000.0,737763.315225536
0.00010137665949368029,0.00011474644138140345,-0.341604933282848,328.5127350576082,0.0,0.020583303815452744,200.603884994966,9.751356140440479e-17,0.0,2.523237898842652e-06,66.87139150941547,4.116166997608625e-14,1.5874971525593952e-14,5.625266842091639e-10,6.17931458090265e-20,7.104446176681395e-16,1.7520958321828422,6.763914390863071e-12,0.0003250601343928368,1000000.0,738128.6407470313
0.00010143821435430666,0.00011472095113986996,-0.48650051436228414,328.5633427097535,0.0,0.020597026652376855,200.7376333042244,9.651069001039435e-17,0.0,2.524920213230143e-06,66.91597656583691,4.092208368768879e-14,1.5883364724741718e-14,5.628175752873543e-10,2.799676412089088e-20,7.2534544687895345e-16,1.753264004248379,6.786383831933647e-12,0.0003250632534084636,1000000.0,738737.1842047762
0.00010149976921493301,0.0001146865625034807,-0.6307108471064489,328.64461816552716,0.0,0.020615559554265982,200.918260313209,9.565073144686041e-17,0.0,2.5271921777729426e-06,66.97618865701288,4.069297263389758e-14,1.5895680154480027e-14,5.632396422464663e-10,1.757068537181952e-19,7.136939693752768e-16,1.7548416199017478,6.820593556105619e-12,0.00032506746476375787,1000000.0,739588.5654084876
0.00010156132407555938,0.00011464332042138271,-0.7741458583662559,328.7564243138673,0.0,0.020638895533256957,201.14569793510586,9.492986397221421e-17,0.0,2.530052936060062e-06,67.05200508617433,4.047401561617849e-14,1.591191131370794e-14,5.637925801463526e-10,0.0,7.554289970498833e-16,1.7568280844654098,6.866655970372169e-12,0.00032507276566861513,1000000.0,740682.5449227572
0.00010162287893618574,0.00011459127540954691,-0.9167147121700028,328.8986198164833,0.0,0.020667028948114046,201.41989120755565,9.434492383672524e-17,0.0,2.533501796763109e-06,67.14340753159478,4.026489868220909e-14,1.593205388801819e-14,5.644761204068446e-10,0.0,7.511823337898095e-16,1.7592229178922192,6.9247364986780905e-12,0.00032507915317507764,1000000.0,742019.0193315399
0.00010168443379681211,0.00011453048360392023,-1.0583256120297508,329.07105866382193,0.0,0.020699955409775803,201.7407973722011,9.389338687989322e-17,0.0,2.5375382220585315e-06,67.25038173975715,4.006531449123905e-14,1.5956105658208815e-14,5.652900279969655e-10,0.0,7.969886168140013e-16,1.7620257467260942,6.995054030291096e-12,0.0003250866241576624,1000000.0,743598.0159215748
0.00010174598865743846,0.00011446100682563652,-1.1988856041574636,329.2735896582801,0.0,0.02073767167409415,202.10838482940875,9.357335440663461e-17,0.0,2.5421618144795974e-06,67.37291717690965,3.9874961682926315e-14,1.5984066396830093e-14,5.662340982771491e-10,3.2215125289272407e-19,7.46275626135693e-16,1.7652362949724414,7.077881768404313e-12,0.00032509517529105594,1000000.0,745419.6867544195
0.00010180754351806482,0.00011438291265815585,-1.338300385043194,329.50605582568096,0.0,0.020780175521294575,202.5226319635781,9.338354329738805e-17,0.0,2.5473723021407613e-06,67.51100663748228,3.969354425011666e-14,1.601593775716718e-14,5.673081534817094e-10,9.647886390641025e-20,8.494985200356496e-16,1.7688543738382816,7.173548230155651e-12,0.00032510480302528326,1000000.0,747484.302095242
0.00010186909837869119,0.00011429627453614911,-1.4764741129894163,329.7682937537979,0.0,0.020827465621631853,202.98352583394256,9.332328028775673e-17,0.0,2.5531695222703083e-06,67.66464580766457,3.952077091549586e-14,1.6051723151380203e-14,5.685120388273524e-10,5.042018270200496e-19,7.698112053862584e-16,1.7728798702975639,7.282438602967651e-12,0.0003251155035582921,1000000.0,749792.243157198
0.00010193065323931755,0.00011420117184588993,-1.6133092233972126,330.0601328566409,0.0,0.020879541386672886,203.4910607252765,9.339250034819756e-17,0.0,2.559553402980891e-06,67.83383278228325,3.935635451197592e-14,1.6091427616137774e-14,5.698456182322119e-10,4.767742506550837e-20,9.21769071652382e-16,1.7773127344328863,7.404996364616233e-12,0.0003251272728059047,1000000.0,752343.9941158033
0.00010194734204742369,0.00011417393995435321,-1.6501644989674005,330.1443341711044,0.0,0.020894484840465345,203.636700833044,9.343363568904028e-17,0.0,2.561385294916922e-06,67.88238197493533,3.931318073556356e-14,1.6102868456173636e-14,5.702295114338369e-10,0.0,8.669615461773109e-16,1.7785847707429563,7.440643652686011e-12,0.0003251306472847571,1000000.0,753077.9124422137
0.00010196403085552982,0.00011414609388775326,-1.6869120702059972,330.23069462674,0.0,0.020909780074892654,203.78576939185623,9.348434411240364e-17,0.0,2.563260310631981e-06,67.93207404322034,3.927059476662031e-14,1.611459799189279e-14,5.706229266879774e-10,0.0,9.033213928127185e-16,1.7798867515119046,7.477343085307242e-12,0.00032513409990796583,1000000.0,753829.8070904494
0.00010196622437783248,0.00011414238831972316,-1.6917339355573935,330.24220591168853,0.0,0.020911816587848207,203.80561740518002,9.349172200179089e-17,0.0,2.5635099631220265e-06,67.93869038701055,3.9265040817349414e-14,1.611616115803797e-14,5.706753438041181e-10,3.1446756518655162e-21,8.732080371947958e-16,1.7800601061874675,7.482245554115652e-12,0.00032513455951502164,1000000.0,753929.9709966125
0.00010196841790013515,0.00011413867217690547,-1.6965539024763887,330.2537537185085,0.0,0.02091385917817546,203.8255246485241,9.349926569966856e-17,0.0,2.563760360619737e-06,67.94532647515354,3.9259496913383726e-14,1.6117729314133182e-14,5.707279253754207e-10,0.0,8.772531774532498e-16,1.7802339781843757,7.487166362303031e-12,0.0003251350204702326,1000000.0,754030.4440875
0.00010197061142243781,0.00011413494546346684,-1.7013719686703197,330.2653370946177,0.0,0.02091590784589779,203.84549112211772,9.350697525457041e-17,0.0,2.564011503127996e-06,67.95198230772574,3.925396304212235e-14,1.6119302459072323e-14,5.707806713969651e-10,8.531688356954545e-21,8.794384987285319e-16,1.780408367504632,7.492105381638885e-12,0.000325135482773382,1000000.0,754131.2242227263
0.00010197297257398426,0.0001141309221457143,-1.7065561037127157,330.27784500731224,0.0,0.02091811986488193,203.8670496291343,9.351545937699469e-17,0.0,2.5642826705678087e-06,67.9591688453252,3.924801746942465e-14,1.6121001397074744e-14,5.708376320518012e-10,1.593341049083474e-20,8.797598933052183e-16,1.780596661815429,7.4974420109728e-12,0.0003251359819119333,1000000.0,754240.0482235185
0.0001019753337255307,0.00011412688659004499,-1.7117380267938787,330.29039359399195,0.0,0.020920338925686822,203.88867676568847,9.352413577416365e-17,0.0,2.564554701244394e-06,67.96637826061057,3.9242083491286324e-14,1.612270611123145e-14,5.708947832403039e-10,9.04475890600799e-21,8.814006294613228e-16,1.780785555543963,7.502799435168856e-12,0.00032513648261178816,1000000.0,754349.2268684744
0.00010197769487707715,0.00011412283880168756,-1.7169177322166802,330.30298287027296,0.0,0.020922565028347485,203.91037253212266,9.353300449448647e-17,0.0,2.564827595162059e-06,67.97361055369603,3.923616109210537e-14,1.6124416599807374e-14,5.709521249565325e-10,2.8754602750453387e-21,8.827542148852133e-16,1.7809750486932248,7.50817761216616e-12,0.00032513698487267247,1000000.0,754458.7602549744
0.00010198005602862359,0.00011411877878588458,-1.7220952142504253,330.31561286337353,0.0,0.02092479817289931,203.93213692878308,9.354206558644687e-17,0.0,2.565101352325157e-06,67.98086572469697,3.9230250256283174e-14,1.612613286152897e-14,5.710096571945518e-10,0.0,8.841210937750035e-16,1.781165141266238,7.513576550692607e-12,0.00032513748869431145,1000000.0,754568.6485073066
0.00010198549169288353,0.00011410938567780632,-1.7340059393425182,330.34484342959007,0.0,0.020929965915203318,203.98250213614799,9.356365681717148e-17,0.0,2.5657348565064233e-06,67.99765498826501,3.92166866444511e-14,1.613010584908496e-14,5.711428276864398e-10,0.0,8.871062996178422e-16,1.7816050363852127,7.526084671063597e-12,0.0003251386544851744,1000000.0,754822.9740606335
0.00010199092735714349,0.00011409992785932917,-1.7459047816372442,330.37428975808325,0.0,0.02093517097857332,204.03323107440403,9.358626847844924e-17,0.0,2.5663729357714135e-06,68.01456550168233,3.9203184042958406e-14,1.6134109423043023e-14,5.712770077970647e-10,0.0,8.901860022658593e-16,1.782048108368775,7.538703365797568e-12,0.0003251398285428435,1000000.0,755079.1813470888
0.00010200021559847271,0.00011408361715081432,-1.7662093393474116,330.4251054717096,0.0,0.0209441515522352,204.12075641238025,9.362726991793702e-17,0.0,2.5674738478985767e-06,68.04374211079522,3.918025200131559e-14,1.614102135139664e-14,5.715086256578394e-10,0.0,8.955228175824069e-16,1.7828125640511217,7.560522748133665e-12,0.0003251418538468754,1000000.0,755521.334290394
0.00010200950383980193,0.00011406711801216728,-1.7864786525822416,330.47655035966727,0.0,0.020953241101943444,204.20934383038394,9.367125649494588e-17,0.0,2.568588119091923e-06,68.07327276474285,3.9157496598915e-14,1.6148022592800605e-14,5.717431908971726e-10,0.0,9.00962185591177e-16,1.7835862960542592,7.582668203017033e-12,0.0003251439032617295,1000000.0,755968.9858371291
0.00010201879208113115,0.00011405043077205847,-1.8067123739438316,330.52862392349857,0.0,0.020962439630437535,204.29899335518817,9.371823216252481e-17,0.0,2.56971574968821e-06,68.10315747245006,3.913491688967903e-14,1.6155113167718815e-14,5.719807031661458e-10,0.0,9.064997945340353e-16,1.7843693046120264,7.60514178258977e-12,0.00032514597677008766,1000000.0,756422.1387550335
0.00010202808032246039,0.00011403355576267877,-1.8269101548188225,330.581325617603,0.0,0.020971747140410876,204.3897050131175,9.376820123635465e-17,0.0,2.5708567400185534e-06,68.13339624269214,3.9112511928425046e-14,1.616229310479751e-14,5.72221162113392e-10,3.77108222862288e-20,9.121761793171013e-16,1.7851615899543454,7.62794558469018e-12,0.0003251480743544093,1000000.0,756880.7957458071
0.00010203736856378961,0.00011401649331961495,-1.8470716453737501,330.6346548696235,0.0,0.0209811636345689,204.48147883061432,9.382116838401662e-17,0.0,2.5720110904155513e-06,68.16398908428367,3.9090280770910395e-14,1.6169562434376765e-14,5.724645673866866e-10,0.0,9.178589458246774e-16,1.7859631523121664,7.651081721890356e-12,0.00032515019599693425,1000000.0,757344.9594939325
0.00010205471400968213,0.00011398412916969725,-1.8846241027798745,330.7359235648788,0.0,0.02099904039637279,204.65570699329433,9.392812723308559e-17,0.0,2.5742025689248345e-06,68.22206811735727,3.9049227003872154e-14,1.6183377082731344e-14,5.729270051049149e-10,4.486192694077311e-25,9.28863502600437e-16,1.7874848797578216,7.69518480019319e-12,0.00032515422243782193,1000000.0,758226.5216007367
0.00010207205945557465,0.00011395111478049901,-1.9220464777444533,330.83937508419496,0.0,0.02101729726055186,204.83363963345334,9.404559501818567e-17,0.0,2.576440643131744e-06,68.28138203959453,3.900876994072983e-14,1.6197503784381565e-14,5.733997143997688e-10,0.0,9.40217856543733e-16,1.7890389625068142,7.740468560203705e-12,0.00032515833259787777,1000000.0,759127.3158449053
0.00010208940490146718,0.00011391745242853566,-1.9593364573012086,330.94500555745356,0.0,0.021035934246556903,205.01527694116587,9.417361161184608e-17,0.0,2.578725315427078e-06,68.34193091435692,3.89689034582918e-14,1.6211942749914308e-14,5.738826929935195e-10,0.0,9.519473203421565e-16,1.790625402219276,7.786947631617018e-12,0.0003251625263553963,1000000.0,760047.3606723058
0.00010210675034735971,0.00011388314443041056,-1.9964917130107316,331.0528110169033,0.0,0.021054951373910225,205.200619107211,9.43122210371032e-17,0.0,2.581056588210495e-06,68.40371480524068,3.8929621443008125e-14,1.622669419533412e-14,5.743759385951366e-10,0.0,9.64062300354613e-16,1.7922442005614916,7.834637039019001e-12,0.0003251668035859174,1000000.0,760986.6748343054
0.00010213794555183057,0.00011381982542765422,-2.0629676891874698,331.25215574290536,0.0,0.02109010971764514,205.54327456405767,9.458831830144978e-17,0.0,2.5853665806838137e-06,68.51793914937384,3.88604254008285e-14,1.6254011229635223e-14,5.752888535621234e-10,3.7638145225329223e-25,9.868502260549644e-16,1.7952369900455853,7.92349998086506e-12,0.00032517470569207467,1000000.0,762724.5513885847
0.00010216914075630143,0.0001137544397878812,-2.128986543161347,331.4584974445147,0.0,0.021126497785591156,205.8979149203054,9.48991509918982e-17,0.0,2.5898273217449507e-06,68.6361586648859,3.8793064608570306e-14,1.6282341009976676e-14,5.762349556113243e-10,3.6985927052725134e-25,1.0109771571639478e-15,1.7983344569255557,8.016420732031584e-12,0.00032518287661189796,1000000.0,764524.9280757067
0.00010221693086543257,0.00011365029601855834,-2.2292069763285784,331.7881173083341,0.0,0.021184628380785282,206.46445916332385,9.544353839261934e-17,0.0,2.596953434504793e-06,68.82501643233,3.869334847686069e-14,1.6327708659888825e-14,5.777486866642278e-10,2.8427653765305607e-25,1.050685538769678e-15,1.8032827150633852,8.166865610160112e-12,0.00032519591373460737,1000000.0,767404.527611877
0.00010226472097456372,0.00011354139014002504,-2.328270873897811,332.1339983579854,0.0,0.02124564543098402,207.05913483330613,9.607179777307882e-17,0.0,2.604433390275414e-06,69.0232518230722,3.8597729379518046e-14,1.6375461378069145e-14,5.79340214974949e-10,0.0,1.0939430012290522e-15,1.808476676099355,8.32743237713239e-12,0.00032520957684594424,1000000.0,770431.4959813711
0.00010231251108369488,0.00011342777865301341,-2.4261262919183046,332.49603483730095,0.0,0.0213095489113042,207.6819417002701,9.678567687976542e-17,0.0,2.6122671861640425e-06,69.23086476044762,3.850608028085128e-14,1.6425604306250907e-14,5.810094775296778e-10,0.0,1.141033245405516e-15,1.81391633802477,8.498515252772348e-12,0.0003252238627301446,1000000.0,773606.255972244
0.00010236030119282603,0.00011330952056784653,-2.522720230588371,332.87411393307957,0.0,0.02137633850448365,208.33287668533092,9.75871815827355e-17,0.0,2.6204547834438056e-06,69.4478542181084,3.8418274048681424e-14,1.6478142629615457e-14,5.827564022495782e-10,1.7642848519368325e-25,1.1922675850770845e-15,1.819601673948314,8.680534220265769e-12,0.00032523876795806394,1000000.0,776929.2317542795
0.00010240809130195718,0.00011318667746136435,-2.617998593994173,333.26811549253057,0.0,0.021446013514649257,209.01193302033562,9.847858295862715e-17,0.0,2.628996096983444e-06,69.67421793988765,3.8334183293285443e-14,1.6533081501029937e-14,5.845809055889453e-10,0.0,1.247979756508981e-15,1.8255326247562083,8.873935875396154e-12,0.00032525428887091273,1000000.0,780400.8443991957
0.00010248524891580137,0.00011297883325190342,-2.768908988375347,333.9375129964183,0.0,0.021564591257289375,210.16759784877073,1.0011407255787288e-16,0.0,2.6435322924912618e-06,70.05945930825449,3.820593453346249e-14,1.6626860165030302e-14,5.876900664531392e-10,3.685587903028031e-25,1.3483482785617906e-15,1.8356263252263574,9.211425657854063e-12,0.00032528063696861154,1000000.0,786320.5553897031
0.00010256240652964556,0.00011275949067160869,-2.9160070279350987,334.6474991099703,0.0,0.02169067895004536,211.39645495290426,1.0200289343683507e-16,0.0,2.658989115851636e-06,70.46909935325483,3.808649623336711e-14,1.6726929334377137e-14,5.910006834722723e-10,7.2363186471982595e-25,1.4631641772128798e-15,1.8463592948768826,9.581985704041999e-12,0.00032530856180062204,1000000.0,792630.4509908974
0.00010263956414348975,0.00011252895335041098,-3.05904576789716,335.39743777292193,0.0,0.0218242636339203,212.69837810582777,1.0415934207949424e-16,0.0,2.6753649793558897e-06,70.90309599709308,3.7975321800679786e-14,1.683330677182022e-14,5.945121108543249e-10,1.9388466169865318e-26,1.5945000319874626e-15,1.8577304312284053,9.987973537251739e-12,0.00032533804354454985,1000000.0,799332.057758001
0.00010271672175733394,0.00011228754429057564,-3.1977698467865268,336.1866332482786,0.0,0.02196532629481737,214.0731820741998,1.0659986402038197e-16,0.0,2.6926575531000047e-06,71.36138749215374,3.7871857617610576e-14,1.694600687268243e-14,5.982235284607073e-10,4.357522471180041e-25,1.7447772160894424e-15,1.8697381164330342,1.043196043256902e-11,0.00032536906023379055,1000000.0,806426.6975228537
0.00010279387937117812,0.00011203560652566222,-3.331915290127222,337.0143258175499,0.0,0.022113840575414632,215.52061006491067,1.0934319408846036e-16,0.0,2.7108636070861305e-06,71.84388823634161,3.777554152628979e-14,1.7065039474302307e-14,6.021339063427523e-10,1.533919283725919e-24,1.9167947347319404e-15,1.8823801076321898,1.0916740966731596e-11,0.00032540158754843694,1000000.0,813915.4158489535
0.00010287103698502232,0.00011177350379480487,-3.461209372554992,337.8796870658974,0.0,0.022269771380985223,217.04032013819418,1.1241050869268235e-16,0.0,2.729978840323837e-06,72.35048424388668,3.768580139081521e-14,1.719040855087639e-14,6.062419664598687e-10,0.0,2.113788486494988e-15,1.8956534182872637,1.1445341818645112e-11,0.000325435598595129,1000000.0,821798.9032286599
0.0001029481945988665,0.00011150162122209623,-3.5853705556396793,338.7818148590824,0.0,0.022433073378153298,218.63187057734626,1.1582558861576716e-16,0.0,2.7499976968073584e-06,72.88102826833361,3.760205375909542e-14,1.7322110795695433e-14,6.105461415688137e-10,0.0,2.3395494751202563e-15,1.9095541903971767,1.2021029167053017e-11,0.0003254710636773057,1000000.0,830077.4089404927
0.0001030253522127107,0.00011122036599450103,-3.704108519045123,339.7197280240714,0.0,0.022603689383881444,220.2947041886945,1.196149914926504e-16,0.0,2.7709131680373024e-06,73.43533456892969,3.7523702650246265e-14,1.7460134071866077e-14,6.150445312292131e-10,9.93567811451042e-24,2.5985086375813437e-15,1.9240775573726243,1.2647314803133837e-11,0.0003255079500560721,1000000.0,838750.6472017771
0.00010310250982655488,0.00011093016803357422,-3.817124295875601,340.69236072137363,0.0,0.022781548641393125,222.02813149969182,1.238082313598395e-16,0.0,2.7927165816827376e-06,74.0131733097022,3.7450138489622766e-14,1.760445575335801e-14,6.197348548537228e-10,1.709788692555911e-23,2.895684097085376e-15,1.9392174972864307,1.3327959506096601e-11,0.00032554622170169754,1000000.0,847817.695164606
0.00010317966744039907,0.00011063148065388406,-3.9241105212147014,341.69855653834503,0.0,0.022966564981852903,223.83131284365697,1.2843796001791737e-16,0.0,2.815397376239283e-06,74.61426458739888,3.7380737213989994e-14,1.77550408909642e-14,6.246144017900234e-10,0.0,3.2367101249032723e-15,1.9549666763997495,1.406697344350047e-11,0.00032558583903663133,1000000.0,857276.8824801652
0.00010325682505424326,0.00011032478119802665,-4.024751806861182,342.7370623670746,0.0,0.023158634873494656,225.7032393476291,1.3354014514709615e-16,0.0,2.8389428618903405e-06,75.238272093781,3.7314859574145567e-14,1.7911840347230326e-14,6.296799785031649e-10,0.0,3.628357094201649e-15,1.9713162831079463,1.4868612743422617e-11,0.00032562675867168323,1000000.0,867125.6723579245
0.00010333398266808744,0.00011001057163687243,-4.118725258960657,343.8065221303449,0.0,0.02335763536207022,227.64271286106566,1.3915423870312973e-16,0.0,2.8633379680460352e-06,75.88479642484627,3.7251850666803784e-14,1.8074788527263956e-14,6.349278529894769e-10,1.0133505719626076e-22,4.0791302167035006e-15,1.9882558526356966,1.573737109331263e-11,0.0003256689331372173,1000000.0,877360.5341486417
0.00010341114028193164,0.00010968937912338453,-4.205701155673865,344.9054704096245,0.0,0.023563421908448248,229.64832488219056,1.453233275172743e-16,0.0,2.8885649782743755e-06,76.5533680559177,3.719103972935981e-14,1.824380171641448e-14,6.403536966086989e-10,2.2209841435677076e-22,4.598380800568724e-15,2.00577308297745,1.6677965326556565e-11,0.0003257123106112766,1000000.0,887976.807559557
0.00010348829789577582,0.00010936175648751011,-4.285343801092831,346.03232603454,0.0,0.02377582613185793,231.71843456476174,1.520942562215643e-16,0.0,2.9146032536657563e-06,77.24344001019031,3.713174023166163e-14,1.8418774127034606e-14,6.45952523595067e-10,0.0,5.193924843905595e-15,2.023853642806181,1.7695313787132156e-11,0.000325756834646896,1000000.0,898968.5587643393
0.00010356545550962002,0.00010902828265809588,-4.357312571547796,347.185385711254,0.0,0.023994653470828697,233.85114592268872,1.5951771009806413e-16,0.0,2.9414289461078287e-06,77.95438025988032,3.707325029955682e-14,1.8599580509404037e-14,6.517186286065453e-10,0.0,5.873257592253978e-15,2.0424809723760755,1.8794506086123687e-11,0.00032580244390142157,1000000.0,910328.42890473
0.0001036426131234642,0.00010868956299617324,-4.4212631711502075,348.3628177841581,0.0,0.02421968077797346,236.044284389843,1.6764824358451014e-16,0.0,2.9690147034498655e-06,78.68546391242798,3.7014853505519097e-14,1.8786056825974625e-14,6.576455227845676e-10,1.840072165310207e-21,6.653796025811712e-15,2.0616360787934016,1.9980762777015717e-11,0.0003258490718712116,1000000.0,922047.4757513489
0.0001037197707373084,0.00010834622952266369,-4.476849113640036,349.5626562368194,0.0,0.024450653869185386,238.29537293550266,1.7654423651725154e-16,0.0,2.9973293690777917e-06,79.4358652485707,3.695582006107093e-14,1.8978056030717756e-14,6.637258689181976e-10,5.312738263235153e-21,7.57132954825818e-15,2.0812973274062423,2.1259383397887076e-11,0.0003258966466355781,1000000.0,934115.0095794288
0.00010379692835115258,0.00010799894102243035,-4.523723446786478,350.7827950489467,0.0,0.02468728505265874,240.6016079830389,1.8626776178658117e-16,0.0,3.0263376790143527e-06,80.2046496948268,3.689540844352058e-14,1.9175230966740605e-14,6.699514164386035e-10,3.523266210849227e-21,8.6542511944268e-15,2.101440231475723,2.263568128603558e-11,0.0003259450906143145,1000000.0,946518.4246378894
0.00010387408596499676,0.00010764838300546068,-4.561540734033895,352.0209830402477,0.0,0.024929250668520798,242.95983543184315,1.9688433184028454e-16,0.0,3.055999960317867e-06,80.9907658303945,3.683286748534358e-14,1.937785817384213e-14,6.763129371153396e-10,0.0,9.856514352779513e-15,2.1220372427489504,2.4114903587760275e-11,0.0003259943203437117,1000000.0,959243.0279636496
0.00010395124357884096,0.0001072952675048463,-4.589959306102287,353.27481934838454,0.0,0.025176188675737083,245.36652713974354,2.0846253521997845e-16,0.0,3.086271835273109e-06,81.79303754755544,3.676743894970948e-14,1.9583490212002774e-14,6.828001624840117e-10,1.875898285726923e-20,1.1052669167427714e-14,2.1430575460539223,2.5702134970312663e-11,0.0003260442462765578,1000000.0,972271.8677148131
0.00010402840119268514,0.00010694033269029677,-4.608643792537456,354.54174970958854,0.0,0.025427696329171932,247.81775828376604,2.210732812269625e-16,0.0,3.117103936630195e-06,82.61015650487457,3.669836059702378e-14,1.9792973449125115e-14,6.894017242005344e-10,5.919682644933996e-20,1.2439748559478173e-14,2.164466861565983,2.7402184251311743e-11,0.00032609477261243244,1000000.0,985585.5636691826
0.00010410555880652934,0.00010658434227526237,-4.6172679404841235,355.81906369799805,0.0,0.025683327996116365,250.3091860797595,2.347894423122075e-16,0.0,3.1484416399355413e-06,83.44067503337801,3.662486976232516e-14,2.0012379663965852e-14,6.961050986898247e-10,2.603797299623128e-20,1.469896488344454e-14,2.18622725894275,2.9219450035239054e-11,0.00032614579716403326,1000000.0,999162.1429441484
0.00010418271642037352,0.0001062280846954037,-4.615517722677652,357.10389313710743,0.0,0.025942593168082603,252.8360304046324,2.4968534951790646e-16,0.0,3.1802248197942725e-06,84.28299967696731,3.65462074871957e-14,2.0238175235625644e-14,7.028965576228812e-10,0.0,1.772061652528604e-14,2.2082969880766554,3.1157771257810126e-11,0.0003261972112676149,1000000.0,1012976.8846194026
0.00010425987403421772,0.00010587237203618543,-4.603094731398155,358.3932118831955,0.0,0.026204954730017507,255.39305692682933,2.6583435464742934e-16,0.0,3.2123876376818415e-06,85.13538556895658,3.646162311564311e-14,2.045076220725644e-14,7.097611259220378e-10,3.076457232756577e-19,1.902794978427571e-14,2.2306303317547203,3.322025546463836e-11,0.000326248899745014,1000000.0,1027002.1773882075
0.0001043370316480619,0.00010551803868785342,-4.57971984890197,359.6838371815337,0.0,0.026469827555056353,257.97456340881166,2.83305820365738e-16,0.0,3.244858369653763e-06,85.99593186599859,3.6370379140737785e-14,2.065217050361833e-14,7.166825491460351e-10,9.691276789199382e-19,1.6819011460504965e-14,2.25317748602295,3.540908916892981e-11,0.0003263007409247263,1000000.0,1041207.3948405334
0.0001044141892619061,0.00010516593970706656,-4.545137177344803,360.9724328088807,0.0,0.026736577498202282,260.5743698966422,3.02166574448316e-16,0.0,3.2775592829480667e-06,86.86257847777848,3.6271756424795917e-14,2.0901673124479543e-14,7.236432722356434e-10,6.982444614497353e-19,1.8620698150946358e-14,2.27588447450111,3.772533250002195e-11,0.0003263526067299988,1000000.0,1055558.7934696986
0.00010449134687575028,0.00010481694886608689,-4.499118202611299,362.2555142237231,0.0,0.027004520866505673,263.18581355276905,3.224849690566215e-16,0.0,3.3104065709907935e-06,87.73310434452026,3.616506034668823e-14,2.123031342685008e-14,7.306244316980402e-10,0.0,3.983955863822943e-14,2.298693103251707,4.016869968681391e-11,0.00032640436284218883,1000000.0,1070019.438924932
0.00010456850448959446,0.00010447195637276598,-4.441466157033377,363.52945594154767,0.0,0.027272924446050298,265.80174891479834,3.44322015144355e-16,0.0,3.3433103566510207e-06,88.60512752324881,3.604962754982027e-14,2.1465016693920994e-14,7.376058633636521e-10,2.964754168736922e-18,7.047587696340805e-14,2.3215409630401735,4.2737330124685156e-11,0.00032645586894741496,1000000.0,1084549.1663558865
0.00010464566210343866,0.00010413186624766157,-4.372020535673471,364.79050133849483,0.0,0.02754100616694653,268.4145543712812,3.6770321993328687e-16,0.0,3.376174773695459e-06,89.47610734649638,3.592483092461115e-14,2.1311585148225848e-14,7.445661278509036e-10,1.30743092955535e-17,3.797025247331959e-14,2.3443614858951287,4.54275559300842e-11,0.00032650697907394974,1000000.0,1099104.58088625
0.00010472281971728284,0.00010379759334854937,-4.29066170949555,366.0347750650433,0.0,0.027807936486099454,271.01614563075947,3.9261161114584087e-16,0.0,3.408898136205602e-06,90.34334891221489,3.579008140641801e-14,2.100208801571393e-14,7.514825558094717e-10,2.0072545312516436e-17,0.0,2.3670840627483893,4.8233673044769786e-11,0.00032655754202705984,1000000.0,1113639.1042832558
0.00010479997733112704,0.00010347006003745993,-4.197315565652099,367.2582982136424,0.0,0.028072840563255205,273.5979969176436,4.190678603399757e-16,0.0,3.4413732051779945e-06,91.20401014943104,3.564483275001307e-14,2.194901669081935e-14,7.583313148681668e-10,0.0,2.2760830836354916e-13,2.3896342285616288,5.114772478213116e-11,0.00032660740192703026,1000000.0,1128103.073695463
0.00010487713494497122,0.00010315019249096223,-4.0919581005325085,368.4570064048994,0.0,0.028334801296766365,276.1511705555433,4.472637697497146e-16,0.0,3.4734875606298347e-06,92.05511167986253,3.5488602052095056e-14,2.5780434314752667e-14,7.650874999836432e-10,0.0,8.157747451930001e-13,2.4119339207109443,5.41593082762242e-11,0.00032665639885482074,1000000.0,1142443.8981158417
0.00010495429255881542,0.0001028389166607231,-3.974619877270823,369.6267708907514,0.0,0.0285928632764791,278.6663554920786,4.775010098357811e-16,0.0,3.50512408618464e-06,92.89354966018071,3.532100418645614e-14,3.060180212204234e-14,7.717252485625257e-10,1.6846547554571571e-16,8.21967146562199e-13,2.433901815467711,5.7255415454853915e-11,0.0003267043696081071,1000000.0,1156606.2775213034
0.0001050314501726596,0.00010253715389841178,-3.8453902519837944,370.76342271517547,0.0,0.028846037697020977,281.1339151760367,5.094917502013552e-16,0.0,3.5361615713058832e-06,93.7161117418814,3.514175967951319e-14,2.1430714027485767e-14,7.7821788130863e-10,6.816273091345511e-16,0.0,2.455453746163128,6.042031652793573e-11,0.0003267511485685074,1000000.0,1170532.4886954904
0.00010510860778650378,0.0001022458162685212,-3.704421212268002,371.8627796482109,0.0,0.029093308260950714,283.5439450017865,5.429821490316892e-16,0.0,3.5664754337671304e-06,94.51949622040553,3.4950573868529347e-14,7.668172853969102e-14,7.845380691628144e-10,1.4541562186620172e-15,5.219518606504175e-13,2.4765032049059843,6.363552557749096e-11,0.00032679656867778294,1000000.0,1184162.7395993106
0.00010518576540034798,0.00010196580158095495,-3.551930780539096,372.9206761813192,0.0,0.02933363805137791,285.88633931597667,5.73349507125726e-16,0.0,3.595938562447554e-06,95.30033437185126,3.474708451281526e-14,0.0,7.906580261003151e-10,1.6124331074134766e-15,7.1797888931742775e-12,2.4969619278310096,6.687979594965539e-11,0.0003268404625181924,1000000.0,1197435.5946243603
0.00010526292301419216,0.00010169798818253832,-3.3882058556401544,373.93299640555034,0.0,0.02956597735958148,288.15086773851436,6.200476868503508e-16,0.0,3.6244222773077446e-06,96.05521589460432,3.45309168691399e-14,1.048308875118535e-12,7.965497268428773e-10,0.0,2.2692960998454262e-11,2.516740561696304,7.01292403413906e-11,0.0003268826634903386,1000000.0,1210288.4700780385
0.00010534008062803636,0.00010144322955404366,-3.213604396213785,374.89570976688043,0.0,0.02978927239475235,290.3272602786158,5.988428037652075e-16,0.0,3.651797400143335e-06,96.78071728281506,3.43030680302649e-14,0.0,8.021851477773117e-10,0.0,3.5437950270095726e-11,2.5357494073348117,7.335752926072699e-11,0.0003269230070776977,1000000.0,1222658.1980274234
0.00010541723824188054,0.00010120234876662568,-3.0285568630633195,375.8049096871899,0.0,0.03000247487345783,292.40530043482147,8.624914479837897e-16,0.0,3.6779354261106174e-06,97.47343286131277,3.4059030914285365e-14,1.7179369050787203e-11,8.075365285766712e-10,1.3002540210450929e-14,5.567593557198063e-12,2.553899232716075,7.65361925475769e-11,0.0003269613321844229,1000000.0,1234481.6546741033
0.00010549439585572474,0.00010097613286057748,-2.8335667689853445,376.6568544626048,0.0,0.030204552054165782,294.37492514582254,0.0,0.0,3.702709781509406e-06,98.13000810433442,3.3818171676483033e-14,0.0,8.125766511019441e-10,5.555690314448593e-14,0.0,2.5711021463837596,7.963502957181075e-11,0.00032699748252983265,1000000.0,1245696.445366467
0.0001055483462351642,0.00010082706969129482,-2.6916232669293425,377.21663784832054,0.0,0.03033870090126959,295.682471760161,0.0,0.0,3.719156379265078e-06,98.56587932939593,3.349889548518018e-14,0.0,8.15901767169219e-10,1.077142024388128e-17,1.2422612197211105e-13,2.58252239895025,8.173761086906852e-11,0.0003270213872332505,1000000.0,1253143.8318982034
0.00010558493456849713,0.00010073038842794751,-2.592861799534421,377.5787734138727,0.0,0.030426133405903704,296.5346793844605,1.8880346856594506e-15,0.0,3.729875626159515e-06,98.84996310658124,3.327733832866845e-14,6.251735368566285e-12,8.180584236557777e-10,0.0,1.1593543907256198e-13,2.58996567165008,8.312703621099155e-11,0.00032703692710379234,1000000.0,1257997.8999886848
0.00010562152290183005,0.00010063735631408828,-2.492164853988162,377.92637078821616,0.0,0.030510582864289523,297.35781582808465,3.105797560326834e-15,0.0,3.740229209389338e-06,99.12435599312748,3.3238965469849464e-14,0.0,8.201325008976383e-10,2.263217816914418e-16,1.7519765288254993e-13,2.597155033499588,8.448297206960879e-11,0.0003270519066986326,1000000.0,1262685.907016444
0.00010565811123516298,0.0001005480427951701,-2.3896080269901816,378.259107414714,0.0,0.030591950556873228,298.1509194024187,2.6005182632377556e-15,0.0,3.75020503300919e-06,99.38873740972686,3.3312078663953014e-14,0.0,8.221214407358382e-10,0.0,5.882528489449986e-16,2.604082085073806,8.580199508463603e-11,0.0003270663116997324,1000000.0,1267201.870576219
0.0001056946995684959,0.00010046251448884272,-2.2852701531902206,378.5766764908254,0.0,0.030670140660921812,298.9130561819511,1.881447042047002e-15,0.0,3.7597913499027476e-06,99.64279603191021,3.3332751466006635e-14,1.8601476539882147e-12,8.240227673630754e-10,6.669172002021464e-16,2.1439594145082776e-13,2.6107386693740784,8.708071241189029e-11,0.00032708012829523413,1000000.0,1271539.9840619375
0.00010573128790182882,0.0001003808350685325,-2.179233239201154,378.8787884818083,0.0,0.030745060494699918,299.6433225846645,1.9158283855527447e-15,0.0,3.768976794456852e-06,99.88623065022067,3.326056254731098e-14,1.229348258817789e-13,8.258340942878026e-10,0.0,1.2891886914152706e-13,2.617116894384386,8.831577488411738e-11,0.00032709334321226165,1000000.0,1275694.6369054425
0.00010576787623516176,0.00010030306515089178,-2.071582402212208,379.1651727369514,0.0,0.030816620741546914,300.34084791349176,2.176482393983082e-15,0.0,3.777750414801749e-06,100.11875101741416,3.317187520507146e-14,0.0,8.275531311666679e-10,0.0,0.0,2.623209155319851,8.950389733272266e-11,0.00032710594374854205,1000000.0,1279660.4350307244
0.00010580446456849468,0.00010022926218452635,-1.9624057429825228,379.4355787405936,0.0,0.03088473569114729,301.00479687301845,2.206258743054805e-15,0.0,3.7861017044819574e-06,100.34007868740818,3.3121679744511255e-14,0.0,8.291776905455824e-10,1.1524610500241776e-15,3.3769521061025816e-13,2.629008156640569,9.064188126641444e-11,0.0003271179178031565,1000000.0,1283432.219961006
0.0001058410529018276,0.00010015948034249256,-1.851794175862337,379.6897772202382,0.0,0.03094932352160004,301.6343720301765,1.9916884607861655e-15,0.0,3.7940206332722307e-06,100.54994783554872,3.3088001522384917e-14,6.539550828020091e-13,8.307056944184886e-10,0.0,2.1756327043048734e-13,2.634506933493872,9.172663405161529e-11,0.000327129253906342,1000000.0,1287005.0871518964
0.00010587764123516053,0.00010009377042176034,-1.7398412578098947,379.92756145481104,0.0,0.03101030654869005,302.22881618064037,1.8458046520802022e-15,0.0,3.8014976768875906e-06,100.74810604744958,3.3028807935125176e-14,0.0,8.321351804976343e-10,0.0,0.0,2.639698872377314,9.275518867348892e-11,0.00032713994124794265,1000000.0,1290374.4045223119
0.00010591422956849346,0.00010003217975008723,-1.626643023368158,380.1487488484578,0.0,0.031067611456712354,302.78741460718203,1.798086569646125e-15,0.0,3.8085238454365972e-06,100.9343150718151,3.29382302783979e-14,1.3185758819008436e-13,8.334643081585451e-10,2.334713482208257e-15,4.760043928354402e-13,2.644577730861152,9.372472459807477e-11,0.00032714996970424544,1000000.0,1293535.831325613
0.00010595081790182639,9.997475209914257e-05,-1.5122978113734742,380.35318269280504,0.0,0.031121169501191384,303.309497230995,1.8013455072063954e-15,0.0,3.815090710514642e-06,101.10835153758852,3.2837631617664217e-14,0.0,8.346913640638903e-10,0.0,3.168016537364357e-13,2.649137656407307,9.463258827602485e-11,0.0003271593298631547,1000000.0,1296485.3370779078
0.00010598740623515931,9.992152760366304e-05,-1.3969060694391486,380.540734099083,0.0,0.03117091672738287,303.79444064896796,1.7548535522797343e-15,0.0,3.821190430832662e-06,101.27000763307603,3.274056722878945e-14,4.061713295801191e-13,8.358147674473118e-10,0.0,0.0,2.653373204147442,9.547631405096712e-11,0.0003271680130476731,1000000.0,1299219.2204211487
0.00010600435371636402,9.989830896037838e-05,-1.3431311275365054,380.6218570282944,0.0,0.031192651349660726,304.0063161392864,1.7411111054297487e-15,0.0,3.82385544531806e-06,101.34063641820657,3.2693912842615497e-14,4.0095471137676877e-13,8.362995890437092e-10,1.5805308339991666e-16,1.660648980509603e-13,2.6552237473667475,9.584475173550511e-11,0.00032717180340373494,1000000.0,1300411.5229557825
0.00010602130119756874,9.98760033109393e-05,-1.2891638836703896,380.69932868731775,0.0,0.0312135501548826,304.2100459459137,1.7353011638076016e-15,0.0,3.826418001678902e-06,101.40854983616607,3.264565635424594e-14,9.425617395565785e-14,8.367617273248958e-10,0.0,1.4602873213869272e-14,2.6570031453122938,9.619873345462821e-11,0.0003271754460749197,1000000.0,1301556.5326248382
0.00010602381968821295,9.987276668171209e-05,-1.2811282852236532,380.7105251426391,0.0,0.031216584178375768,304.23962298919133,1.7303553080934285e-15,0.0,3.826790027950239e-06,101.41840935615835,3.2638408460341936e-14,1.3617974832860952e-13,8.368284599404196e-10,1.8105867284686543e-17,1.5536912987002093e-13,2.6572614743748173,9.625008787680138e-11,0.0003271759747492041,1000000.0,1301722.618640659
0.00010602633817885717,9.986955029504318e-05,-1.2730887422532655,380.7216300899965,0.0,0.03121959961079328,304.26901884986324,1.7289722070197833e-15,0.0,3.827159775269136e-06,101.4282084788509,3.2631112630213995e-14,7.926992875361822e-14,8.368946884195727e-10,0.0,1.6474337294027569e-13,2.6575182209693713,9.630110395950542e-11,0.00032717650014445015,1000000.0,1301887.615921397
0.00010602885666950138,9.986635416081963e-05,-1.2650452928356035,380.7326427113032,0.0,0.031222596435806226,304.29823336666226,1.7267315019780929e-15,0.0,3.827527241606682e-06,101.43794715048523,3.262378530521594e-14,3.9923340707662607e-14,8.369604123671837e-10,9.035341107781921e-17,1.4079435212192265e-13,2.6577733836870996,9.635177006537492e-11,0.00032717702225846547,1000000.0,1302051.5207837203
0.0001060313751601456,9.986317828883011e-05,-1.2569979712735808,380.7435632770683,0.0,0.031225574637122507,304.32726637960207,1.7228652252591106e-15,0.0,3.827892424950346e-06,101.44762531772982,3.261642727622339e-14,4.1285442595268476e-14,8.370256313918468e-10,0.0,1.8022090731590295e-13,2.6580269611305214,9.640207986646214e-11,0.00032717754108907616,1000000.0,1302214.3333058793
0.00010603389365078981,9.986002268878096e-05,-1.248946811929294,380.7543920320986,0.0,0.031228534198188763,304.35611772983157,1.7188426670363762e-15,0.0,3.828255323302232e-06,101.4572429276316,3.2609030462545345e-14,4.806748192725971e-14,8.370903451052254e-10,2.9707733577567487e-16,5.802959041566852e-14,2.6582789519125094,9.645203231490658e-11,0.00032717805663412666,1000000.0,1302376.0534837763
0.00010603641214143403,9.985688737029572e-05,-1.2408918505531703,380.76512882343957,0.0,0.031231475103174776,304.38478725964126,1.715509197247575e-15,0.0,3.828615934678684e-06,101.46679992761803,3.260159158489743e-14,3.8168838225980986e-14,8.371545531220823e-10,5.798101060476517e-17,1.4525785430600288e-13,2.6585293546552866,9.650162726944003e-11,0.00032717856889148065,1000000.0,1302536.6799469574
0.00010603893063207824,9.985377234290722e-05,-1.2328331233087428,380.7757733953236,0.0,0.031234397335973857,304.413274812537,1.7123422854732251e-15,0.0,3.828974257111007e-06,101.47629626552173,3.259411421607546e-14,2.3287257017703165e-14,8.372182550606316e-10,0.0,3.764402873923927e-13,2.6587781679920566,9.655086299838497e-11,0.0003271790778590208,1000000.0,1302696.2109762523
0.00010604144912272246,9.985067761605412e-05,-1.2247706658687187,380.7863256605617,0.0,0.03123730087999131,304.441580233273,1.7087174832949666e-15,0.0,3.829330288646709e-06,101.48573188959145,3.258660120435126e-14,1.916450901386171e-14,8.372814505426744e-10,7.066222330126659e-16,6.377918910762405e-14,2.6590253905675434,9.659973752684151e-11,0.00032717958353464734,1000000.0,1302854.645440512
0.00010604583567531397,9.984533590986864e-05,-1.2107191715163204,380.8044842945332,0.0,0.031242313426681028,304.49044554532304,1.701189358328217e-15,0.0,3.82994492681908e-06,101.50202116219386,3.257342933979843e-14,4.267392253451231e-14,8.373903101800639e-10,0.0,8.713219028368919e-14,2.6594521854345246,9.66839987923449e-11,0.0003271804564231753,1000000.0,1303127.9752836493
0.00010604906341024022,9.984144472558388e-05,-1.2003726819108054,380.8176670309529,0.0,0.031245965498655204,304.52604823416556,1.6963615982192176e-15,0.0,3.830392744927147e-06,101.51388933369465,3.2563656825909076e-14,4.5908158468886446e-14,8.37469428751802e-10,0.0,1.684479154358695e-13,2.6597631431304283,9.674529804921906e-11,0.0003271810923282818,1000000.0,1303326.9696091441
0.00010605229114516647,9.983758694655185e-05,-1.190020299436819,380.83069817662516,0.0,0.03124958677113799,304.56135075851375,1.6923789260795949e-15,0.0,3.830836787503618e-06,101.52565744523186,3.255381660271168e-14,3.0571600266464635e-14,8.375477130075653e-10,3.9603206472839393e-16,7.437822254736095e-14,2.660071479157675,9.680600076588759e-11,0.0003271817228127372,1000000.0,1303524.1574956242
0.0001060555188800927,9.983376259167383e-05,-1.1796620997237481,380.8435774752885,0.0,0.03125317721235855,304.59635280467444,1.6882180847531982e-15,0.0,3.8312770506025196e-06,101.5373253922357,3.254391639820201e-14,1.9594496861747462e-14,8.376251621879373e-10,0.0,1.9239749482105032e-13,2.6603771907760034,9.686610455461867e-11,0.0003271823478723266,1000000.0,1303719.536378877
0.00010605874661501895,9.982997167960654e-05,-1.1692981585104745,380.85630467106347,0.0,0.03125673679014016,304.63105406226106,1.6834806568771018e-15,0.0,3.8317135303192745e-06,101.54889307123868,3.253395846408169e-14,2.2483247905128433e-14,8.377017755428206e-10,0.0,1.737775332518642e-13,2.660680275274794,9.69256073610356e-11,0.0003271829675028862,1000000.0,1303913.1037128593
0.0001060619743499452,9.982621422875995e-05,-1.1589285511815492,380.86887965382465,0.0,0.03126026547285958,304.66545422421973,1.678649185645643e-15,0.0,3.83214622279192e-06,101.56036037988429,3.252393902702669e-14,2.8851895604587855e-14,8.377775523315344e-10,9.31383373994774e-16,0.0,2.6609807299723425,9.698450793588963e-11,0.0003271835817003021,1000000.0,1304104.857471988
0.00010606520208487144,9.982249025729995e-05,-1.148553352951044,380.88130238172295,0.0,0.0312637632300068,304.69955298680964,1.6741500737864771e-15,0.0,3.832575124199845e-06,101.57172721692035,3.2513855674178956e-14,2.8969724281238064e-14,8.378524918227069e-10,0.0,2.515626246632827e-13,2.6612785522151055,9.704280511193672e-11,0.0003271841904605112,1000000.0,1304294.7958836958
0.00010606842981979768,9.981879978315038e-05,-1.1381726392393237,380.8935727727773,0.0,0.03126723003032644,304.73335004958864,1.6698713969008313e-15,0.0,3.833000230763504e-06,101.5829934821944,3.250371025187744e-14,2.4819236097472405e-14,8.379265932941943e-10,0.0,3.9017663970089207e-13,2.6615737393794276,9.710049731823657e-11,0.0003271847937795017,1000000.0,1304482.9170539554
0.00010607380238793169,9.98127313142503e-05,-1.1208819045295877,380.9136587832687,0.0,0.03127293179261689,304.7889354632305,1.6629683953649195e-15,0.0,3.833699395786923e-06,101.60152290350639,3.248668885187977e-14,1.432877617711481e-14,8.380480750079076e-10,1.0017464256751947e-15,4.213220040677096e-14,2.662059228332929,9.71951805675698e-11,0.0003271857859278039,1000000.0,1304792.0099511913
0.0001060791749560657,9.980675578070272e-05,-1.1035764477023509,380.9333219532284,0.0,0.03127854756478522,304.84368282672045,1.6560213360237448e-15,0.0,3.834388019641048e-06,101.61977296043892,3.2469502619221916e-14,6.94446957519723e-15,8.381672297335036e-10,1.7800777227913764e-15,0.0,2.6625373976662017,9.72881769067177e-11,0.0003271867629719611,1000000.0,1305096.0537139713
0.00010608454752419972,9.980087326066591e-05,-1.086256619084031,380.9525616694874,0.0,0.03128407721054436,304.8975908159304,1.6487333078785811e-15,0.0,3.8350660856699646e-06,101.6377432115934,3.245215407236298e-14,9.80172601827574e-15,8.382840543128028e-10,2.076060509522925e-15,0.0,2.6630082358146265,9.73794792656715e-11,0.000327187724894419,1000000.0,1305395.039113639
0.00010608992009233374,9.979508383041336e-05,-1.0689227693865533,380.97137739239486,0.0,0.03128952059672279,304.9506581325017,1.6412791132149153e-15,0.0,3.835733577540531e-06,101.65543322416134,3.243464296025789e-14,1.903978798074753e-14,8.383985456598868e-10,7.762964436807104e-16,2.413025239641865e-14,2.6634717314381935,9.746908094889206e-11,0.0003271886716780188,1000000.0,1305688.95730908
0.00010609529266046775,9.978938756433025e-05,-1.0515752495090174,380.98976872071745,0.0,0.03129487759312502,305.00288350393686,1.6340862438947183e-15,0.0,3.83639047924594e-06,101.6728425739552,3.241696806890458e-14,2.4951325063948452e-14,8.385107007613197e-10,0.0,2.7919243252054224e-13,2.6639278734224607,9.755697592611266e-11,0.0003271896033059968,1000000.0,1305977.8000719314
0.00010610066522860177,9.978378453491456e-05,-1.0342144108849058,381.007735292769,0.0,0.031300148071440756,305.05426568364885,1.6272636923869867e-15,0.0,3.837036775107788e-06,101.68997084542467,3.239913083905866e-14,2.490546625392737e-14,8.386205166761812e-10,1.2237323028328952e-15,2.6996745159765377e-13,2.6643766508800595,9.764315829033949e-11,0.0003271905197619859,1000000.0,1306261.5594453798
0.00010610603779673578,9.977827481277591e-05,-1.016840605759998,381.02527669922523,0.0,0.03130533190635103,305.104803451029,1.6206027371079884e-15,0.0,3.837672449774294e-06,101.7068176316793,3.238113473666789e-14,2.330754938987292e-14,8.387279905361868e-10,1.876210054794624e-16,0.0,2.6648180531501775,9.772762187669198e-11,0.00032719142103001815,1000000.0,1306540.2274430962
0.00010611655593129052,9.976775857504543e-05,-0.9827908795214313,381.0583858915413,0.0,0.031315229229828156,305.2012943302593,1.607791565839529e-15,0.0,3.838886132348808e-06,101.73898290730354,3.234545089299061e-14,2.13129267944424e-14,8.389316057973355e-10,0.0,2.5166749513469206e-13,2.665660814816936,9.788798162348201e-11,0.00032719314145348774,1000000.0,1307071.0186653303
0.00010612707406584525,9.975760071954156e-05,-0.9486954601939636,381.089861070839,0.0,0.03132479311384995,305.29453553793115,1.5953634153617049e-15,0.0,3.8400589398734935e-06,101.770064903513,3.230917744816756e-14,1.9501737939231285e-14,8.391262136734286e-10,0.0,5.945006163751446e-13,2.6664751935031883,9.804168809090408e-11,0.00032719480349321673,1000000.0,1307582.2090844186
0.00010613759220039998,9.974780171288811e-05,-0.9145570091759798,381.11969910864315,0.0,0.031334022707605734,305.384518788156,1.5832322141101206e-15,0.0,3.841190768118995e-06,101.80006085820328,3.227232464171034e-14,1.937568681657633e-14,8.393117950814124e-10,0.0,5.331189771873478e-13,2.6672611168400544,9.818869855112556e-11,0.0003271964070427387,1000000.0,1308073.7431244976
0.00010614811033495472,9.973836199367828e-05,-0.8803781951735321,381.1478970262462,0.0,0.03134291720073789,305.4712361840102,1.5712875786972816e-15,0.0,3.842281517754432e-06,101.82896813893149,3.223490261822208e-14,2.254327197287937e-14,8.394883320237755e-10,0.0,4.087982553240153e-13,2.6680185158553784,9.832897240744059e-11,0.00032719795200151586,1000000.0,1308545.5677564612
0.00010615862846950945,9.972928197239658e-05,-0.846161692073953,381.1744523356741,0.0,0.03135147582373529,305.5546802196761,1.5596874667199043e-15,0.0,3.843331094373983e-06,101.85678424363012,3.2196920893291823e-14,2.4970228368851237e-14,8.396558075936803e-10,0.0,5.554270917711033e-13,2.6687473249922755,9.846247222985434e-11,0.00032719943827495715,1000000.0,1308997.6336926501
0.00010616914660406418,9.972056203136862e-05,-0.8119101789890745,381.1993628914976,0.0,0.031359697846793974,305.6348437822644,1.5485230511150914e-15,0.0,3.844339408515432e-06,101.88350680121461,3.2158390105689165e-14,2.478903981342341e-14,8.398142059788332e-10,0.0,1.6812807955392584e-13,2.6694474821263534,9.858916279735512e-11,0.0003272008657744386,1000000.0,1309429.8948867267
0.0001061796647386189,9.971220252471499e-05,-0.7776263408865913,381.22262660946194,0.0,0.03136758258170368,305.71172015353346,1.537704662696296e-15,0.0,3.845306375676381e-06,101.90913357215618,3.211932182540528e-14,2.403661937192294e-14,8.399635124651069e-10,0.0,0.0,2.670118928579,9.870901020282797e-11,0.0003272022344173272,1000000.0,1309842.3075702921
0.00010619018287317363,9.970420377829416e-05,-0.7433128680029736,381.2442414202394,0.0,0.031375129380977786,305.78530301164454,1.5271485430459665e-15,0.0,3.846231916335216e-06,101.93366244906726,3.207972670307198e-14,2.4299543530272283e-14,8.401037134405621e-10,2.2413358036839756e-21,7.161821997373289e-13,2.670761609133775,9.882198205026819e-11,0.000327203544127004,1000000.0,1310234.8301031184
0.00010620070100772837,9.969656608964199e-05,-0.7089724554412706,381.2642054015236,0.0,0.03138233763524021,305.85558643288306,1.5168693383902639e-15,0.0,3.847115955980384e-06,101.95709145727511,3.203961417711813e-14,2.5041127330855564e-14,8.402347963994614e-10,3.533384629399606e-21,2.8763314235965934e-13,2.6713754720542444,9.892804821547012e-11,0.0003272047948328744,1000000.0,1310607.4234413528
0.0001062112191422831,9.968928972792049e-05,-0.6746078025839316,381.2825168619342,0.0,0.031389206778444624,305.92256489322796,1.5069065716323495e-15,0.0,3.847958425132693e-06,101.97941875534498,3.1998993688952316e-14,2.518830478017591e-14,8.403567499457344e-10,0.0,0.0,2.671960469092624,9.902718069358303e-11,0.0003272059864703798,1000000.0,1310960.0514384226
0.00010622748101680421,9.967875161500785e-05,-0.6214358874261598,381.3075718284402,0.0,0.031399158369536544,306.0196022477467,1.4920837088709216e-15,0.0,3.849178981370275e-06,102.01176619844149,3.19352140977692e-14,2.4530434008514123e-14,8.405273075767197e-10,0.0,5.422811732618784e-13,2.6728080037258506,9.916673987967505e-11,0.0003272077124431812,1000000.0,1311465.8692633957
0.00010624374289132531,9.966907852796545e-05,-0.5682224906593332,381.3286682868265,0.0,0.03140829637421591,306.10871037455934,1.4778590217317044e-15,0.0,3.850299802107075e-06,102.04147043006583,3.187027927974926e-14,2.437333979987954e-14,8.406759855721543e-10,1.39350222867391e-21,7.883776816567726e-13,2.673586283632739,9.928957547474732e-11,0.00032720929689537126,1000000.0,1311923.7726695933
0.00010626000476584642,9.966027105993346e-05,-0.5149776277504313,381.34580243994964,0.0,0.031416619280998745,306.18987454371114,1.4641950914617487e-15,0.0,3.851320702070297e-06,102.06852653998155,3.1804223201314284e-14,2.4849225278985822e-14,8.408027575653802e-10,0.0,6.354813710271059e-13,2.6742951801617307,9.939561225903708e-11,0.0003272107396740489,1000000.0,1312333.6664546544
0.00010627626664036754,9.965232964110073e-05,-0.46171132375813906,381.35897141909936,0.0,0.03142412581614529,306.2630823425074,1.4511076089815647e-15,0.0,3.852241525135964e-06,102.09293039041168,3.1737078183143293e-14,2.4983651863935173e-14,8.409076035952013e-10,3.2922254640353215e-22,3.9603335507206396e-13,2.674934584900488,9.948478654112698e-11,0.00032721204066113696,1000000.0,1312695.4708321805
0.00010629252851488864,9.964525453859522e-05,-0.40843360817853397,381.3681732686979,0.0,0.03143081494600835,306.32832368237916,1.4385654812951968e-15,0.0,3.853062144408446e-06,102.11467861832769,3.166887576206227e-14,2.4850452120034054e-14,8.409905101166717e-10,3.910408361968624e-21,2.2493788413171478e-13,2.675504409734213,9.955704606096518e-11,0.0003272131997734378,1000000.0,1313009.1214236873
0.00010632519368358441,9.963366087616835e-05,-0.30142085818977477,381.3746663414096,0.0,0.03144177839236342,306.4352718940354,1.4148812800835577e-15,0.0,3.854407361473799e-06,102.15032984907857,3.152880654696442e-14,2.4102029726126663e-14,8.410907255816007e-10,6.561421290490335e-23,1.6702512205192732e-13,2.6764385068391094,9.965093054697765e-11,0.0003272150992044522,1000000.0,1313493.4597518172
0.0001063578588522802,9.962556178941815e-05,-0.19448373024382318,381.36515376640364,0.0,0.03144943723850734,306.5100131875104,1.3929622649361617e-15,0.0,3.85534747314998e-06,102.17524488978286,3.138483453541741e-14,2.4069334262204937e-14,8.411024165541875e-10,6.512216452813435e-23,1.6687673674013795e-13,2.6770913052713277,9.967623494465084e-11,0.00032721642606528735,1000000.0,1313783.1207368057
0.00010639052402097597,9.962095348445885e-05,-0.08770324277510574,381.3396553311488,0.0,0.03145379186779637,306.55255113973476,1.3726040342910861e-15,0.0,3.855882524411548e-06,102.18942493281371,3.123718517366046e-14,2.4690932065027722e-14,8.410257080151935e-10,6.517583237272693e-23,1.6643136081568857e-13,2.6774628362667228,9.963297234136931e-11,0.00032721718095762777,1000000.0,1313878.1563078666
0.00010642318918967175,9.96198295259668e-05,0.01883992334358714,381.2982066677676,0.0,0.0314548465528851,306.562927278626,1.3536646760297202e-15,0.0,3.856013037603065e-06,102.19288382152209,3.108607158451582e-14,2.4923317729114103e-14,8.40860828918317e-10,6.404920881508445e-23,1.6583316826921427e-13,2.6775534625337793,9.952135021642538e-11,0.0003272173650488333,1000000.0,1313778.873606554
0.00010645585435836752,9.962218085058034e-05,0.12506557288262007,381.2408591241557,0.0,0.03145260944002019,306.541220914474,1.3359659000229912e-15,0.0,3.855740010312609e-06,102.18564799402915,3.0931696284188944e-14,2.4833864470548836e-14,8.406081114556905e-10,3.281599337990742e-23,1.6457804640887224e-13,2.6773638767792733,9.934176864242014e-11,0.00032721698006867505,1000000.0,1313485.833584904
0.0001064885195270633,9.962799578503039e-05,0.2308941328924469,381.1676795677938,0.0,0.03144709252420068,306.4875488650621,1.3193285586578728e-15,0.0,3.855064911904104e-06,102.16775639159496,3.0774251352214936e-14,2.480443691990235e-14,8.402679900407434e-10,6.561699377449457e-23,1.639395248716645e-13,2.676895099304046,9.90948175857827e-11,0.0003272160283046824,1000000.0,1312999.8487156439
0.00010652118469575909,9.96372600687103e-05,0.3362467840635235,381.07875020543054,0.0,0.031438311611372075,306.4020650781878,1.3036040377834547e-15,0.0,3.853989678766549e-06,102.13926033278594,3.061391875182881e-14,2.4823463269395592e-14,8.398410000147539e-10,5.782875751613158e-23,1.6255280320038527e-13,2.6761484747051036,9.878127326059082e-11,0.0003272145125961872,1000000.0,1312321.9801234887
0.00010657408914835696,9.965953771683703e-05,0.5056671768725857,380.9015645644267,0.0,0.031417217521290654,306.1966339208082,1.2797345470631621e-15,0.0,3.851405722310677e-06,102.07077976536823,3.0348557624688215e-14,2.480546026541761e-14,8.389668319111317e-10,6.09431840705468e-23,1.600443536702228e-13,2.674354216891595,9.81347106779002e-11,0.0003272108703044962,1000000.0,1310820.491175519
0.00010662699360095484,9.96907328776875e-05,0.6733099744444473,380.68382247514256,0.0,0.03138771786660532,305.90927929729816,1.2573975302893433e-15,0.0,3.847791315252466e-06,101.97498997526804,3.0076759859913127e-14,2.4749711636222675e-14,8.378697332648723e-10,5.971340525405817e-23,1.5695149607679634e-13,2.671844430745584,9.732107793683454e-11,0.00032720577513398397,1000000.0,1308826.064422847
0.00010667989805355273,9.97307430589861e-05,0.8388581484781967,380.4261201553006,0.0,0.031349940931883036,305.54125107990086,1.2361523230695776e-15,0.0,3.8431621787471454e-06,101.8523076079428,2.9799160630559736e-14,2.4703129574145816e-14,8.365535870879439e-10,5.44453081730753e-23,1.5332943683258005e-13,2.668630032784939,9.634654421867765e-11,0.00032719924801120247,1000000.0,1306347.1824716865
0.00010673280250615061,9.977944924780018e-05,1.0020043383824326,380.1291499592881,0.0,0.031304038700342575,305.0940301375977,1.215628967690929e-15,0.0,3.837536939477377e-06,101.70322631171162,2.9516350264125724e-14,2.464816430989255e-14,8.350228950125065e-10,5.492768400949897e-23,1.493092548471166e-13,2.664723957078417,9.521831845789889e-11,0.00032719131330940685,1000000.0,1303393.8583367453
0.00010678570695874849,9.983671648124754e-05,1.1624521523378555,379.79369604762303,0.0,0.031250185716317554,304.5693172475225,1.1955173970847127e-15,0.0,3.83093699017719e-06,101.52831304137058,2.922888040326136e-14,2.4581806766314025e-14,8.332827444777884e-10,5.2901125509779525e-23,1.448648734321127e-13,2.6601410583962575,9.394454458813473e-11,0.00032718199869179653,1000000.0,1299977.5538213686
0.0001068039929499817,9.985847445692689e-05,1.217230034711493,379.66895552837536,0.0,0.03122975789294759,304.3702745138208,1.1886135487221893e-15,0.0,3.828433388734082e-06,101.46196205953379,2.9128530318491266e-14,2.4560335614902783e-14,8.326335746079407e-10,5.198391422031364e-23,1.4324377624814977e-13,2.6584025978058947,9.347203522239664e-11,0.00032717846377329653,1000000.0,1298691.360596957
0.00010682227894121491,9.988123075436925e-05,1.2716400610873881,379.539759138155,0.0,0.031208412087595016,304.16228461134074,1.1817190212175656e-15,0.0,3.825817247918813e-06,101.39262853513871,2.902770606152726e-14,2.4535873102507827e-14,8.319602975945253e-10,4.930282820058544e-23,1.4156898563536695e-13,2.656585991684692,9.298359280902024e-11,0.0003271747690063393,1000000.0,1297351.9421388754
0.00010682466463892072,9.988427293898761e-05,1.2787109959785015,379.5225768814972,0.0,0.03120555995805603,304.1344937608921,1.1808197513902642e-15,0.0,3.825467688746687e-06,101.38336444306547,2.9014518021828275e-14,2.453274620618519e-14,8.31870693428711e-10,5.135850073551346e-23,1.4136510538344047e-13,2.6563432634155824,9.291871366509992e-11,0.0003271742752502284,1000000.0,1297173.2990660104
0.00010682705033662651,9.988733198499771e-05,1.2857754537837296,379.5053195394278,0.0,0.03120269237511668,304.1065522925953,1.1799204762984214e-15,0.0,3.825116235071563e-06,101.37405014246781,2.900132229657545e-14,2.4529658252208316e-14,8.317806838243569e-10,4.959982450909147e-23,1.4113456792259493e-13,2.6560992196340467,9.285357101085166e-11,0.0003271737788001476,1000000.0,1296993.7612457338
0.00010682832037030696,9.988896734980386e-05,1.2895335889061565,379.4961016941964,0.0,0.03120115951221078,304.0916161985046,1.1794417376220498e-15,0.0,3.82492836573327e-06,101.36907118901301,2.899429439107128e-14,2.452798729616883e-14,8.317326017576907e-10,5.0706528047570664e-23,1.4102447932781058e-13,2.655968766185991,9.28187848372332e-11,0.00032717351341566685,1000000.0,1296897.8183683264
0.0001068295904039874,9.98906074863933e-05,1.2932898725743311,379.4868611729224,0.0,0.03119962227862431,304.0766375051973,1.1789629905650508e-15,0.0,3.824739960573065e-06,101.36407803509107,2.898726432657089e-14,2.452630276359504e-14,8.316844050403413e-10,5.112193278287333e-23,1.409091983829456e-13,2.6558379406718133,9.278392354013334e-11,0.00032717324726909164,1000000.0,1296801.6175445807
0.00010683086043766783,9.989225239241011e-05,1.2970442970138913,379.4775968736793,0.0,0.03119808067743783,304.0616162426926,1.1784842321334264e-15,0.0,3.824551019968535e-06,101.35907069070888,2.898023210978575e-14,2.4524611796118046e-14,8.31636093759983e-10,5.0203739796995584e-23,1.4078713523404879e-13,2.655706743353704,9.274898564539057e-11,0.00032717298036090436,1000000.0,1296705.1551304804
0.00010683213047134828,9.989390206548944e-05,1.3007968573842665,379.46830852445675,0.0,0.031196534711742142,304.0465524411092,1.1780054595126909e-15,0.0,3.824361544298519e-06,101.35404916590652,2.897319774747141e-14,2.45229151670351e-14,8.315876680046258e-10,5.0888391538410277e-23,1.406726533723635e-13,2.655575174494723,9.27139693769355e-11,0.0003271727126915895,1000000.0,1296608.4303441015
0.00010683340050502872,9.989555650326115e-05,1.3045475508103002,379.45899640257056,0.0,0.031194984384634823,304.03144613063205,1.1775266699399916e-15,0.0,3.82417153394269e-06,101.34901347074616,2.896616124637844e-14,2.4521210927955194e-14,8.315391278624624e-10,5.065666804647935e-23,1.4055325556618202e-13,2.655443234358509,9.267887359514756e-11,0.0003271724442616328,1000000.0,1296511.4442975668
0.00010683467053870915,9.989721570335211e-05,1.3082963741802545,379.4496607130127,0.0,0.03119342969921802,304.01629734149077,1.1770478605670068e-15,0.0,3.823980989281282e-06,101.34396361530484,2.895912261322414e-14,2.4519499120073337e-14,8.314904734217685e-10,5.2270026878014836e-23,1.4044156172046696e-13,2.6553109232090906,9.26436980314096e-11,0.00032717217507152025,1000000.0,1296414.197853769
0.0001068359405723896,9.989887966338536e-05,1.3120433234729378,379.4403014023268,0.0,0.03119187065859931,304.00110610396786,1.1765690284958754e-15,0.0,3.823789910695197e-06,101.3388996096773,2.895208185470054e-14,2.451778168527139e-14,8.314417047709378e-10,4.8113787447687567e-23,1.4030694723793957e-13,2.655178241310959,9.26084427744702e-11,0.00032717190512173886,1000000.0,1296316.6909849676
0.00010683721060607004,9.990054838097853e-05,1.3157883944673776,379.43091836178587,0.0,0.031190307265893204,303.98587244841303,1.1760901708722645e-15,0.0,3.823598298566175e-06,101.33382146398054,2.8945038977499645e-14,2.4516059951504222e-14,8.313928219985522e-10,5.48810663064464e-23,1.4021193956225838e-13,2.6550451889291904,9.257310771293442e-11,0.0003271716344127767,1000000.0,1296218.923473317
0.00010683848063975048,9.990222185374346e-05,1.31953158333537,379.42151159398486,0.0,0.03118873952422128,303.97059640524606,1.1756112848990467e-15,0.0,3.823406153276848e-06,101.32872918835507,2.893799398831909e-14,2.451433379988177e-14,8.313438251933973e-10,4.069784510603428e-23,1.400480551085433e-13,2.654911766329476,9.253769257014048e-11,0.00032717136294512265,1000000.0,1296120.8954850512
0.00010684053555390255,9.99049395973818e-05,1.3255840659883456,379.40624122941324,0.0,0.031186193715669663,303.94579007407754,1.1748363803348285e-15,0.0,3.823094134017203e-06,101.32045998708485,2.892659074170509e-14,2.4511531581072907e-14,8.31264307086117e-10,4.4887462251069523e-23,1.398720491993331e-13,2.654695105172033,9.248022115616305e-11,0.0003271709221049036,1000000.0,1295961.7350759448
0.00010684259046805462,9.99076697732665e-05,1.331631595833069,379.39090893927334,0.0,0.03118363654333421,303.9208729846594,1.1740613824258932e-15,0.0,3.822780721616981e-06,101.3121538645045,2.8915182011838355e-14,2.4508717903966176e-14,8.311844910603063e-10,4.5114136943200707e-23,1.39678598292532e-13,2.654477476640169,9.242254035142937e-11,0.00032717047928185216,1000000.0,1295801.8944977932
0.00010684464538220671,9.991041237120379e-05,1.337674157655821,379.37551498791925,0.0,0.031181068020540496,303.8958452668457,1.173286279483787e-15,0.0,3.822465917709515e-06,101.30381086390095,2.890376782689638e-14,2.450589239236149e-14,8.311043774946237e-10,3.7487494085914063e-23,1.3946727911159517e-13,2.654258881868045,9.236465089724533e-11,0.00032717003447805534,1000000.0,1295641.3753327394
0.00010684670029635878,9.991316738096863e-05,1.3437117359579067,379.36005954742944,0.0,0.03117848816065555,303.87070705089457,1.1725110599442118e-15,0.0,3.822149723933217e-06,101.29543102869577,2.8892348214974035e-14,2.450305514538108e-14,8.310239667687567e-10,4.8739411329239857e-23,1.3929908989963112e-13,2.6540393219933476,9.230655361972138e-11,0.00032716958769560614,1000000.0,1295480.178846841
0.00010684875521051086,9.991593479230417e-05,1.3497443146999821,379.34454262745095,0.0,0.03117589697708808,303.84545846747153,1.1717357123592232e-15,0.0,3.821832141931628e-06,101.28701440244643,2.8880923204087634e-14,2.4500207013240706e-14,8.309432592634414e-10,4.3319782892803754e-23,1.3910207967078056e-13,2.653818798157325,9.224824929465029e-11,0.0003271691389366043,1000000.0,1295318.3057485356
0.00010685081012466293,9.99187145949207e-05,1.3557718777647445,379.3289642080188,0.0,0.031173294483289718,303.82009964765905,1.1709602254009494e-15,0.0,3.821513173353529e-06,101.27856102884927,2.886949282219212e-14,2.4497348709073835e-14,8.308622553605094e-10,7.228380316405456e-23,1.38946935243534e-13,2.653597311504864,9.218973855837978e-11,0.0003271686882031562,1000000.0,1295155.7566464222
0.000106852865038815,9.992150677849513e-05,1.361794409340556,379.31332434799737,0.0,0.03117068069275498,303.79463072296005,1.170184587861036e-15,0.0,3.821192819852991e-06,101.27007095174086,2.8858057097190256e-14,2.449448025670111e-14,8.30780955442905e-10,1.0927613118666911e-23,1.386627261666985e-13,2.6533748631845264,9.213102194630078e-11,0.00032716823549737466,1000000.0,1294992.532422812
0.00010685642252145194,9.992636986732228e-05,1.3722087192701737,379.2861034501848,0.0,0.031166129011897716,303.7502788157905,1.1688414098176375e-15,0.0,3.820634952220813e-06,101.2552862242271,2.883824693510842e-14,2.448949030730071e-14,8.306395097305482e-10,2.305774700257538e-23,1.3834817388974686e-13,2.6529874888697713,9.202888635297546e-11,0.0003271674471131208,1000000.0,1294708.364039546
0.00010685998000408888,9.99312699778496e-05,1.382607821126947,379.25869906265564,0.0,0.03116154358495313,303.70559799845677,1.1674976904286883e-15,0.0,3.8200729474873585e-06,101.24039185436871,2.8818420986687534e-14,2.448446943436231e-14,8.304971799902724e-10,1.5423290171533237e-23,1.3799843730721787e-13,2.6525972418183974,9.192613891355786e-11,0.0003271666528350236,1000000.0,1294422.1801064864
0.00010686353748672583,9.993620705583073e-05,1.392991634676567,379.2311117980753,0.0,0.031156924482828724,303.6605889619401,1.1661533738453021e-15,0.0,3.819506814343938e-06,101.22538807250467,2.8798579395320134e-14,2.447941687125955e-14,8.303539682315817e-10,0.0,1.3760786067046155e-13,2.6522041280655113,9.182278338433485e-11,0.00032716585267417956,1000000.0,1294133.9863027495
0.00010686709496936277,9.994118104673447e-05,1.4033600798056562,379.2033422120246,0.0,0.03115227177680201,303.6152524008276,1.1648084052241353e-15,0.0,3.818936561527211e-06,101.21027511017583,2.8778722303789206e-14,2.4474332636743946e-14,8.30209876473311e-10,3.729093708386201e-23,1.3732916650468523e-13,2.6518081536777096,9.171882372440108e-11,0.00032716504664174085,1000000.0,1293843.7881284733
0.0001068706524519997,9.99461918957454e-05,1.4137130760778276,379.17539067974695,0.0,0.03114758553851826,303.5695890132943,1.1634627307465441e-15,0.0,3.818362197818973e-06,101.19505320011916,2.875884985427436e-14,2.4469217599532225e-14,8.30064906743582e-10,6.012154497656815e-23,1.3697984348878394e-13,2.651409324752929,9.161426374119341e-11,0.0003271642347489164,1000000.0,1293551.590480651
0.00010687637362288565,9.995432754388657e-05,1.430330241864947,379.1300582120019,0.0,0.031139978949738398,303.4954691312864,1.1612969934788021e-15,0.0,3.8174299023284695e-06,101.17034530527944,2.872685897559857e-14,2.4460927752745213e-14,8.298299291113034e-10,3.434479254730181e-23,1.3640571838810305e-13,2.6507619537531104,9.144485955536275e-11,0.00032716291679426993,1000000.0,1293077.4951034454
0.00010688209479377158,9.996255814599375e-05,1.4469069135010373,379.0842578668626,0.0,0.031132286123300615,303.42050872209654,1.1591290798654508e-15,0.0,3.816487034510155e-06,101.14535722034242,2.869482932823084e-14,2.4452559155502208e-14,8.295926945508418e-10,2.3400989138814413e-23,1.358299174745834e-13,2.650107241498821,9.12739265007795e-11,0.0003271615837590306,1000000.0,1292598.2622464914
0.00010688781596465753,9.997088346944985e-05,1.4634427617189776,379.03799132196144,0.0,0.031124507363141027,303.34471074755953,1.1569587817186995e-15,0.0,3.815533631618613e-06,101.12008993263699,2.866276149457337e-14,2.4444111766391653e-14,8.293532116482512e-10,2.7037816000795067e-23,1.3524730793712454e-13,2.649445213859044,9.110147920625702e-11,0.00032716023569072465,1000000.0,1292113.9129671112
0.00010689353713554346,9.997930327976064e-05,1.4799374595858235,378.9912603352733,0.0,0.03111664297559406,303.2680781928882,1.1547858970367082e-15,0.0,3.814569731202478e-06,101.09454443728518,2.863065605340822e-14,2.4435585980341587e-14,8.291114890501941e-10,3.4153446357906185e-23,1.3471309660060357e-13,2.648775896906948,9.092753282179132e-11,0.000327158872637243,1000000.0,1291624.468714211
0.00010690261718483654,9.999285972905729e-05,1.5060308571338963,378.91614483821934,0.0,0.031103986401862672,303.1447489588888,1.151331531169611e-15,0.0,3.8130184701169003e-06,101.05343258362407,2.857962582873595e-14,2.4421894412765623e-14,8.287232753340296e-10,4.758167045431709e-23,1.3381869954155313e-13,2.647698726149109,9.06484232237564e-11,0.00032715667869429407,1000000.0,1290837.2674860999
0.00010691169723412961,0.00010000665262853827,1.5320184991874555,378.8398716288132,0.0,0.03109111616801492,303.0193372512683,1.1478694077466046e-15,0.0,3.8114410152398012e-06,101.01162653648662,2.852850460443719e-14,2.440800757513729e-14,8.283294771656807e-10,4.8165301814091827e-23,1.3289134728369616e-13,2.646603366843528,9.036563801660102e-11,0.00032715444732195657,1000000.0,1290037.3761965816
0.00010692077728342268,0.00010002068101214222,1.557899112631992,378.76244811424766,0.0,0.031078033534923097,302.89185535727995,1.144398813901128e-15,0.0,3.8098375211228363e-06,100.96913039183396,2.8477294639744374e-14,2.4393927016272346e-14,8.279301300249857e-10,4.6109783375161735e-23,1.319659835116761e-13,2.64548992630839,9.00792389587596e-11,0.00032715217871721273,1000000.0,1289224.8836208247
0.00010692985733271576,0.00010003494390230756,1.5836714375579786,378.6838816350257,0.0,0.031064739777865138,302.76231570460686,1.1409190740903672e-15,0.0,3.808208144084022e-06,100.92594829243963,2.8425998172516874e-14,2.437965404018194e-14,8.275252697538423e-10,4.050217773551384e-23,1.3101726450124673e-13,2.6443585130884135,8.978928772047181e-11,0.0003271498730792515,1000000.0,1288399.878985852
0.00010694581632782431,0.00010006057748611164,1.6287023970638377,378.5430466453077,0.0,0.031040867109744245,302.5296897704452,1.134779036898195e-15,0.0,3.8052821260824006e-06,100.84840233642696,2.833563715642328e-14,2.4354106053631287e-14,8.268004415782291e-10,4.334527484968349e-23,1.2935723350417575e-13,2.6423267332301097,8.92712527100638e-11,0.0003271457315830257,1000000.0,1286919.8123701222
0.00010696177532293286,0.00010008692697468456,1.6733883342690898,378.39874391911934,0.0,0.03101635334924243,302.29081529404544,1.128605583154511e-15,0.0,3.802277512601342e-06,100.76877342617486,2.8245027649697892e-14,2.4327976139757057e-14,8.260588938020632e-10,4.3224788519839343e-23,1.2767332636502285e-13,2.6402403779343824,8.874277428912e-11,0.000327141477419065,1000000.0,1285401.8671241736
0.00010697773431804141,0.00010011398680937191,1.7177227175800003,378.2510139942862,0.0,0.030991205729278267,302.04576276177266,1.1223958332009897e-15,0.0,3.7991951902331883e-06,100.68708505834363,2.8154181352697805e-14,2.4301272585725555e-14,8.253008287580828e-10,4.025811282274934e-23,1.2596864211543196e-13,2.638100062836702,8.820419240219907e-11,0.00032713711171642487,1000000.0,1283846.5444786574
0.00010699369331314996,0.00010014175132837426,1.7616991493430927,378.0998977917203,0.0,0.03096543160702234,301.7946038712604,1.1161472199805007e-15,0.0,3.7960360608058736e-06,100.60336113337034,2.806310978808489e-14,2.4274003729482448e-14,8.245264518733681e-10,4.1281811369516086e-23,1.2425592624329243e-13,2.6359064141518846,8.76558487352924e-11,0.00032713263562341306,1000000.0,1282254.3527000966
0.0001070096523082585,0.00010017021476898016,1.8053113670320986,377.94543656835543,0.0,0.03093903845953834,301.53741148892885,1.1098574757577549e-15,0.0,3.792801040848574e-06,100.51762594130766,2.7971824308558317e-14,2.4246177940169808e-14,8.237359715506369e-10,3.7982625181017307e-23,1.2251492960630296e-13,2.633660068303057,8.709808616785778e-11,0.00032712805030698144,1000000.0,1280625.806674094
0.0001070351696718999,0.00010021716344942119,1.8742724122615244,377.69161690088276,0.0,0.03089557036532136,301.11382678569095,1.0997102942721638e-15,0.0,3.7874731032337304e-06,100.37642379703769,2.7825448318287095e-14,2.4200550252605274e-14,8.224391149889461e-10,3.6992649585283177e-23,1.197144934464673e-13,2.6299604340805636,8.618754810038039e-11,0.00032712049471315523,1000000.0,1277947.63622905
0.00010706068703554127,0.00010026585949742544,1.9422623825284673,377.42952299596203,0.0,0.030850570747948003,300.67531462146417,1.0894463230744596e-15,0.0,3.7819574048728078e-06,100.23024557723683,2.7678598911961452e-14,2.4153555384939384e-14,8.211025075501822e-10,3.683230913451279e-23,1.1688809903738763e-13,2.6261304218144175,8.525521660291039e-11,0.0003271126678512451,1000000.0,1275180.0182073384
0.00010708620439918266,0.000100316277831571,2.0092578692446494,377.1593280463065,0.0,0.030804071913741925,300.2221898379412,1.0790605949459986e-15,0.0,3.7762579059109084e-06,100.07919623451919,2.7531320030584556e-14,2.410522901660083e-14,8.197270439767258e-10,3.467352101684691e-23,1.1403587586191008e-13,2.622172781365713,8.430249980360405e-11,0.0003271045747661755,1000000.0,1272325.1501227107
0.00010711172176282404,0.00010036839278510765,2.0752363786825354,376.8812070401088,0.0,0.030756106805629974,299.754773483122,1.0685496946720593e-15,0.0,3.7703786445573794e-06,99.92338279037416,2.7383654709928064e-14,2.405560730121886e-14,8.183136344787936e-10,3.5176884466684e-23,1.1117366772424022e-13,2.618090316802099,8.333080301601487e-11,0.00032709622060481585,1000000.0,1269385.2627998996
0.00010713723912646542,0.00010042217813016067,2.140176339245403,376.59533668593383,0.0,0.03070670895676492,299.27339235929816,1.0579116392195394e-15,0.0,3.7643237314002513e-06,99.76291418448662,2.7235645135068506e-14,2.4004726834846965e-14,8.168632034855458e-10,3.040542672236613e-23,1.0829379711206515e-13,2.6138858824498215,8.234152562525243e-11,0.00032708761060955147,1000000.0,1266362.617448842
0.0001071627564901068,0.00010047760710067028,2.2040571064520154,376.301895319748,0.0,0.030655912445484705,298.77837858405655,1.0471457700238526e-15,0.0,3.7580973438844602e-06,99.59790112839741,2.7087332683563996e-14,2.395262458798412e-14,8.153766884352709e-10,4.1990275628680976e-23,1.0543568285941439e-13,2.609562379059485,8.133605816643153e-11,0.000327078750112242,1000000.0,1263259.5027462146
0.00010720526122143207,0.00010057351103788349,2.308059804719397,375.7967843270447,0.0,0.030568288519870306,297.9244745852708,1.0289310831068201e-15,0.0,3.74735675955823e-06,99.31325186115491,2.683972339106307e-14,2.3863225765748535e-14,8.128230405945635e-10,3.095308242053758e-23,1.0063918862293844e-13,2.6021042899776266,7.962902131807714e-11,0.00032706344958857475,1000000.0,1257918.217758443
0.00010724776595275735,0.00010067377046599479,2.4089839706609877,375.2720057324885,0.0,0.030477042475831863,297.03526580080955,1.0103729879249489e-15,0.0,3.736172104207726e-06,99.0168337284585,2.6591569373724433e-14,2.3770714961598775e-14,8.101763609162332e-10,2.8788916168171705e-23,9.588648318367323e-14,2.5943378451153185,7.788715715673159e-11,0.00032704749456052205,1000000.0,1252370.90439497
0.00010729027068408262,0.00010077825282112457,2.506751424411115,374.72840832192145,0.0,0.03038233978643108,296.1123649191973,9.914882155684898e-16,0.0,3.7245636625687326e-06,98.70918432072277,2.6343048548151178e-14,2.3675268123480666e-14,8.074411661944882e-10,2.847788792996048e-23,9.118920349596879e-14,2.5862771298669878,7.611659423909457e-11,0.0003270309110410428,1000000.0,1246628.5088883152
0.00010733277541540789,0.0001008868223728333,2.601291153163966,374.16684826779584,0.0,0.030284348283867325,295.1574076342202,9.722996531030886e-16,0.0,3.712552008742047e-06,98.39084889717607,2.6094333909166852e-14,2.357706219724739e-14,8.046220243846583e-10,2.396750021851059e-23,8.656150488017008e-14,2.577936430557475,7.432328243963475e-11,0.0003270137254796978,1000000.0,1240702.0674392544
0.00010737528014673317,0.0001009993405514767,2.692539261649285,373.5881872496536,0.0,0.030183237586752815,294.17204706245377,9.5283518345724e-16,0.0,3.700157935975973e-06,98.06237852494091,2.5845593803254206e-14,2.347627457299178e-14,8.017235394605191e-10,1.8104831681254247e-23,8.202181367382716e-14,2.5693301856841275,7.251296537329648e-11,0.0003269959646801615,1000000.0,1234602.6684164032
0.00010744069421805973,0.00010117989268821068,2.826408740596358,372.66622252735664,0.0,0.030021929980259567,292.60003505461685,9.224154846522097e-16,0.0,3.6803848379193695e-06,97.53834764326307,2.5463113207810494e-14,2.3316528515299874e-14,7.971184711251281e-10,2.147562499505838e-23,7.526637223089453e-14,2.555600064278539,6.970632393842698e-11,0.00032696756975504236,1000000.0,1224903.477495166
0.0001075061082893863,0.00010136893754569402,2.9521739518776373,371.70896761554513,0.0,0.029854265438162983,290.9660599909799,8.915495992368888e-16,0.0,3.659832355507923e-06,96.9936613503807,2.5081535309312295e-14,2.3151729765305865e-14,7.923533312071559e-10,2.332342192539048e-23,6.880759511446616e-14,2.5413287509061075,6.68913103957023e-11,0.00032693797627183086,1000000.0,1214861.3147874067
0.00010757152236071286,0.0001015659403079795,3.0696973384339454,370.7195815513653,0.0,0.029680869817133748,289.27622166695215,8.603791342350528e-16,0.0,3.638577213252317e-06,96.43035301571823,2.470141193233871e-14,2.2982512507467117e-14,7.874449501833606e-10,1.3433713512297953e-23,6.267303985504844e-14,2.526569521833627,6.408529285238793e-11,0.0003269072844881455,1000000.0,1204516.189408536
0.00010763693643203943,0.00010177035834771124,3.1788777184346335,369.70120553896317,0.0,0.02950236509126714,287.5365820857081,8.290509285585478e-16,0.0,3.6166956603045134e-06,95.85044341064143,2.4323270124611254e-14,2.2809498841919694e-14,7.824099975579138e-10,1.7507104188912297e-23,5.691890740676058e-14,2.5113753232464404,6.130399843750622e-11,0.00032687559470654406,1000000.0,1193907.4957982106
0.000107702350503366,0.00010198164354921993,3.279648634676657,368.65694924534125,0.0,0.029319365754138536,285.75313038542976,7.977122025778978e-16,0.0,3.594263029305232e-06,95.25592901693881,2.394761158161013e-14,2.2633295273162747e-14,7.77264889285747e-10,3.061511236852061e-23,5.1540061728975194e-14,2.495798464919218,5.856145889762433e-11,0.0003268430067537511,1000000.0,1183073.786318696
0.00010776776457469257,0.00010219924453508028,3.3719765634573085,367.5898780746049,0.0,0.029132475558797475,283.9317510602792,7.665064537248524e-16,0.0,3.5713533366606573e-06,94.64877143326923,2.3574912038267292e-14,2.245448964061966e-14,7.720257044950636e-10,3.8164850762360183e-23,4.6574420766940307e-14,2.479890342654533,5.586999567961673e-11,0.00032680961949668513,1000000.0,1172052.5698929075
0.00010783317864601913,0.00010242260876762213,3.45585899663146,366.5030015680452,0.0,0.028942284622273183,282.07819573420267,7.355701678979992e-16,0.0,3.548038927507409e-06,94.0308879659473,2.3205620597654814e-14,2.2273648520969793e-14,7.667081121448343e-10,0.0,4.1769423949044695e-14,2.463701191752236,5.324023716497572e-11,0.00032677553040263367,1000000.0,1160880.1379577848
0.00010789859271734569,0.0001026511845089884,3.531322396539397,365.39926300542066,0.0,0.02874936690470565,280.19805858618076,7.050303949609047e-16,0.0,3.5243901666061658e-06,93.40414343694026,2.2840158962549965e-14,2.2091315079760303e-14,7.613273078253345e-10,1.189429185191274e-22,3.833986648122381e-14,2.447279872370968,5.0681168840226636e-11,0.00032674083514852597,1000000.0,1149591.4179174155
0.00010796400678867226,0.00010288442264079621,3.5984200584798525,364.2815302198705,0.0,0.02855427805355135,278.29675533404463,6.750030595645865e-16,0.0,3.5004751739957273e-06,92.77034317811396,2.247892067572203e-14,2.1908007346978387e-14,7.558979603728895e-10,0.0,2.989706231636037e-14,2.4306736859705587,4.820020467516447e-11,0.00032670562727771734,1000000.0,1138219.8531409581
0.00010802942085999882,0.00010312177834677404,3.6572299329899116,363.1525876267663,0.0,0.02835755359801381,276.37950563151423,6.455918398519335e-16,0.0,3.476359603578978e-06,92.13122716327825,2.2122270513372773e-14,2.172421692571516e-14,7.504341678231537e-10,1.803245650298336e-21,5.3377957050033646e-14,2.4139282215658344,4.5803277625905886e-11,0.00032666999790101185,1000000.0,1126797.3081966995
0.0001080948349313254,0.00010336271265622196,3.7078524459530757,362.01512946404193,0.0,0.0281597074801723,274.45131875079807,6.168875125561195e-16,0.0,3.4521064630374276e-06,91.48846523547536,2.1770544093096074e-14,2.1540408100112464e-14,7.449494222895467e-10,0.0,0.0,2.3970872306772146,4.349494504882959e-11,0.00032663403544052634,1000000.0,1115353.9980067236
0.00010816024900265196,0.00010360669384485143,3.7504083385475173,360.8717542061082,0.0,0.027961230910215407,272.5169824095227,5.889677247484224e-16,0.0,3.427775973286383e-06,90.84365338243215,2.1424047686485073e-14,2.135701724761676e-14,7.394565833329167e-10,2.991227011938859e-20,4.915837669523155e-13,2.3801925297427,4.127850323629935e-11,0.00032659782541600755,1000000.0,1103918.4393915029
0.00010822566307397852,0.00010385319869331305,3.7850365349091044,359.72496015969887,0.0,0.02776259151725893,270.58105455248784,5.618971405847042e-16,0.0,3.403425465143395e-06,90.19831099700484,2.1083058226478806e-14,2.117445254712977e-14,7.339678592654871e-10,0.0,0.0,2.3632839283451594,3.915610764659105e-11,0.0003265614502722483,1000000.0,1092517.4233961964
0.00010829107714530509,0.00010410171360830611,3.811892092469075,358.5771419307903,0.0,0.027564232807170602,268.6478578517477,5.357278771882382e-16,0.0,3.3791093100064214e-06,89.55387904377861,2.0747823523207045e-14,2.0993094100487506e-14,7.284947957085357e-10,6.103504021323078e-19,7.702816505998055e-12,2.3463991811536227,3.712889470903099e-11,0.00032652498924482496,1000000.0,1081176.0056219054
0.00010835649121663165,0.00010435173561092137,3.8311441708809504,357.43058828194063,0.0,0.027366573804064237,266.7214766863914,5.10500149076732e-16,0.0,3.3548788820818963e-06,88.9117190522762,2.0418562699552794e-14,2.081329432226343e-14,7.230482707233232e-10,5.322317506600905e-24,1.734328169150155e-14,2.3295739615932383,3.51971032627339e-11,0.00032648851826120646,1000000.0,1069917.5143515968
0.00010842190528795823,0.00010460277319721749,3.8429741376541497,356.28748059365324,0.0,0.02717000904591017,264.8057563608001,4.86243060880656e-16,0.0,3.3307825484788584e-06,88.27311285636372,2.009546683794427e-14,2.0635378205831484e-14,7.176384958339106e-10,2.0754247994065184e-21,2.8997225697183925e-14,2.312841854941842,3.3360195018760125e-11,0.0003264521098743522,1000000.0,1058763.5722752784
0.00010848731935928479,0.00010485434707743635,3.847573774454591,355.14989215967455,0.0,0.02697490863299682,262.9043043134428,4.629755094338358e-16,0.0,3.3068656843262014e-06,87.63926299720325,1.9778699807253392e-14,2.045964419059545e-14,7.122750222546155e-10,0.0,0.0,2.2962343689634537,3.1616962783302675e-11,0.0003264158332260214,1000000.0,1047734.1307921516
0.00010855273343061136,0.00010510599080076232,3.8451435732543384,354.019788336826,0.0,0.026781618573073464,261.0204930721986,4.407071549565503e-16,0.0,3.2831707099560847e-06,87.01129370841055,1.9468399245447563e-14,2.0286365063681045e-14,7.069667516486041e-10,0.0,0.0,2.2797809596785976,2.996563859668153e-11,0.0003263797540369472,1000000.0,1036847.5152753694
0.00010861814750193792,0.00010535725127232363,3.8358911370707816,352.89902742615874,0.0,0.02659046123234558,259.15746472403123,4.1943942184577707e-16,0.0,3.2597371471766734e-06,86.39025240602349,1.9164677679175755e-14,2.0115788854221866e-14,7.017219507797223e-10,1.7400713413506763e-20,9.807745660785652e-14,2.2635090704106338,2.840399288361574e-11,0.0003263439346209915,1000000.0,1026120.4793611785
0.00010868356157326448,0.00010560768916943455,3.8200297003064785,351.7893621313805,0.0,0.026401735924226555,257.3181366766658,3.991664964624452e-16,0.0,3.236601691766346e-06,85.77711160915902,1.8867623758699116e-14,1.9948139929184424e-14,6.965482694512817e-10,0.0,0.0,2.2474441821113444,2.692942347427785e-11,0.00032630843392042176,1000000.0,1015568.2663544529
0.00010874897564459105,0.00010585687926497837,3.7977767767515247,350.6924414570344,0.0,0.02621571961258775,255.50520849688323,3.7987629917536716e-16,0.0,3.2137982994556172e-06,85.17277121956194,1.857730358185908e-14,1.9783620185813574e-14,6.914527611492878e-10,0.0,0.0,2.2316098730857674,2.5539037043271246e-11,0.0003262733075595053,1000000.0,1005204.6760044766
0.00010881438971591762,0.00010610441066602615,3.7693529199541227,349.6098130784634,0.0,0.026032667702526085,253.7211696234989,3.6155141494070687e-16,0.0,3.191358282925488e-06,84.57806109272931,1.8293762080617468e-14,1.962241023902685e-14,6.864419058472758e-10,8.622480383897319e-20,3.0046882577163633e-13,2.2160278863588148,2.4229722051742077e-11,0.00032623860791377565,1000000.0,995042.1355277913
0.00010887980378724419,0.00010634988697511909,3.7349805905431785,348.54292614004083,0.0,0.025852814901612876,251.96830777320048,3.4416996997855668e-16,0.0,3.169310417552911e-06,83.99374384000043,1.8017024447258635e-14,1.946467065064273e-14,6.815216344864441e-10,9.144633581336747e-20,8.17353522944552e-14,2.20071820309399,2.2998212817658122e-11,0.00032620438419254363,1000000.0,985091.7736723215
0.00010894521785857075,0.00010659292638136192,3.6948831417692083,347.49313430367334,0.0,0.025676376140937807,250.2487178744825,3.277064445879475e-16,0.0,3.147681053777623e-06,83.42051780668758,1.7747097580287848e-14,1.9310543199611087e-14,6.766973546927141e-10,4.321522135423548e-19,1.804445878975945e-12,2.185699120618932,2.1841145607073953e-11,0.00032617068253234903,1000000.0,975363.4963666961
0.00010901063192989731,0.00010683316168814331,3.649283899536713,346.46169916336646,0.0,0.025503547519899954,248.5643113819825,3.1213241727717057e-16,0.0,3.126494234291912e-06,82.85902017701399,1.7483971532695138e-14,1.916015213882756e-14,6.719739773405976e-10,2.5113258822827785e-19,9.958234606472169e-14,2.1709873337886965,2.075510660833722e-11,0.00032613754609939335,1000000.0,965866.0634713459
0.00010907604600122388,0.00010707024028459004,3.5984053625396153,345.44979370878843,0.0,0.02533450730535148,246.91682583568385,2.974172359142446e-16,0.0,3.1057718142525327e-06,82.30983016067833,1.7227620944315456e-14,1.901360541666574e-14,6.673559436070363e-10,6.928789496341613e-19,8.369367401482744e-14,2.1565980184584963,1.973667395568688e-11,0.00032610501519876297,1000000.0,956607.1650174304
0.00010914146007255045,0.00010730382406773432,3.542468496674738,344.4585059617199,0.0,0.025169416907538364,245.30783454405557,2.8352861730628154e-16,0.0,3.0855335830628735e-06,81.77347222073338,1.6978006444344866e-14,1.887099590429324e-14,6.628472521997829e-10,0.0,0.0,2.1425449160748262,1.878245151710408e-11,0.0003260731273887667,1000000.0,947593.4966907802
0.00010920687414387702,0.00010753358932155219,3.4816921151399454,343.48884276168997,0.0,0.02500842188472488,243.73875628871116,2.7043317697175143e-16,0.0,3.065797386447043e-06,81.25041930863833,1.673507601237439e-14,1.8732402584115095e-14,6.584514864949234e-10,9.58332482069051e-26,3.931917747329736e-15,2.1288404184280583,1.788909763651144e-11,0.0003260419175988528,1000000.0,938830.834003274
0.00010927228821520358,0.00010775922655830427,3.416292342715541,342.54173363122163,0.0,0.024851652930024806,242.2108649647775,2.5809689154281507e-16,0.0,3.04657924772154e-06,80.74109607787987,1.649876628837503e-14,1.8597891687803177e-14,6.541718413628561e-10,3.619167269858209e-20,2.3955305727036582e-14,2.1154956518547183,1.705334865493408e-11,0.0003260114182497099,1000000.0,930324.1045701422
0.00010933770228653015,0.00010798044032746417,3.3464821636149353,341.61803464196555,0.0,0.02469922684643621,240.72529908266125,2.464854973203732e-16,0.0,3.027893487312566e-06,80.24588205139004,1.6269003823981074e-14,1.8467517796685842e-14,6.500111494931926e-10,0.0,0.0,2.1025205602267576,1.6272037277794268e-11,0.0003259816593742976,1000000.0,922077.4579706825
0.00010940311635785671,0.00010819694899752865,3.2724710467618556,340.7185322502324,0.0,0.024551247501055987,239.28307106642214,2.3556482956907787e-16,0.0,3.009752839706049e-06,79.76511472116303,1.6045706269232514e-14,1.834132489606137e-14,6.45971907054806e-10,9.1532789658079e-20,4.898188499915788e-15,2.089923986164324,1.5542106890248665e-11,0.00032595266873869713,1000000.0,914094.3328697889
0.00010946853042918329,0.00010840848451560801,3.1944646382220054,339.84394711245426,0.0,0.0244078067524403,237.88507629527976,2.253011076458516e-16,0.0,2.992168567170548e-06,79.29909256224535,1.582878349065952e-14,1.8219347374048708e-14,6.420562985575015e-10,0.0,0.0,2.0777137500055325,1.4860622325275907e-11,0.00032592447196183073,1000000.0,906377.5212587997
0.00010953394450050985,0.0001086147921490677,3.1126645159784134,338.9949378492799,0.0,0.02426898534801923,236.53210184653477,2.156611711287134e-16,0.0,2.97515056972741e-06,78.84807794719231,1.561813861838636e-14,1.8101610964647104e-14,6.38266220812981e-10,5.433909059759125e-19,9.45868820459384e-14,2.065896726167662,1.4224777443497548e-11,0.00032589709263327075,1000000.0,898929.2296227929
0.00010959935857183641,0.00010881563021292753,3.0272679987248106,338.17210477052936,0.0,0.0241348537863441,235.22483490842043,2.066126718353869e-16,0.0,2.958707490975838e-06,78.41229995049574,1.541366902091935e-14,1.7988133641408217e-14,6.346033059197696e-10,0.0,0.0,2.0544789166267927,1.3631900113135183e-11,0.000325870552428459,1000000.0,891751.137013556
0.00010966477264316298,0.00010901076978663855,2.9384680138704216,337.375993442244,0.0,0.024005473145759862,233.96387083752154,1.9812422655451806e-16,0.0,2.9428468194328907e-06,77.99195703452808,1.521526720748111e-14,1.7878926457646752e-14,6.310689432128222e-10,3.9019941380376194e-18,4.901429008666226e-13,2.043465521290168,1.3079454905433714e-11,0.0003258448712207481,1000000.0,884844.4496934462
0.00010973018671448954,0.00010919999442324814,2.8464529959800853,336.6070983257918,0.0,0.023880895867379535,232.7497208441145,1.9016553540801262e-16,0.0,2.9275749852232045e-06,77.5872196114537,1.5022821658797115e-14,1.7773994323731927e-14,6.276643001413465e-10,0.0,0.0,2.032861005126295,1.2565044117471512e-11,0.00032582006718985946,1000000.0,878209.9529865342
0.0001097956007858161,0.00010938309985441653,2.751406861057918,335.8658659668984,0.0,0.02376116651400121,231.58281928982873,1.8270747014635892e-16,0.0,2.9128974518320983e-06,77.19823247590753,1.4836217587852412e-14,1.7673336735918343e-14,6.24390342040902e-10,0.0,0.0,2.022669161893308,1.2086406889672467e-11,0.0003257961569262723,1000000.0,871848.0589897366
0.00010986101485714268,0.00010955989369395571,2.653508988524304,335.1526983740679,0.0,0.023646322470501253,230.46353059050082,1.757221366092278e-16,0.0,2.8988188029470497e-06,76.82511710606447,1.4655337632522994e-14,1.757694846325831e-14,6.212478507877801e-10,0.0,0.0,2.0128931744370586,1.164141757414177e-11,0.0003257731555312878,1000000.0,865758.8519114159
0.00010992642892846924,0.00010973019514163619,2.5529342368126935,334.4679562830964,0.0,0.023536394612112196,229.39215572552354,1.6918291516684902e-16,0.0,2.885342824349646e-06,76.4679738335336,1.4480062483102628e-14,1.7484820166315982e-14,6.182374423457162e-10,0.0,0.0,2.003535671544027,1.1228082921782274e-11,0.0003257510767126027,1000000.0,859942.1303279162
0.00010999184299979581,0.00010989383468918132,2.4498530003677663,333.81196219127173,0.0,0.02343140793264617,228.36893835575404,1.630644825185509e-16,0.0,2.8724725808636357e-06,76.12688388276561,1.4310271447719338e-14,1.7396938974235057e-14,6.153595832165559e-10,2.062696596567906e-18,3.338550443223603e-14,1.9945987813752482,1.0844538517291732e-11,0.0003257299328752339,1000000.0,854397.4461659447
0.00011005725707112237,0.00011005065383073516,2.3444312953100743,333.18500325298226,0.0,0.023331382133290526,227.3940705512724,1.5734281790664677e-16,0.0,2.8602104883915284e-06,75.80191128040349,1.4145842958642794e-14,1.7313289022918746e-14,6.126146058039514e-10,5.544489873201034e-18,0.0,1.986084181492022,1.0489044732204421e-11,0.00032570973520763244,1000000.0,849124.140759351
0.00011012267114244894,0.00011020050477977399,2.2368308661230185,332.58733408245797,0.0,0.023236332171395233,226.46769813344545,1.5199519648454914e-16,0.0,2.848558381103849e-06,75.49310463606183,1.3986655022747426e-14,1.7233851943382267e-14,6.100027227071573e-10,1.0730159166818066e-18,0.0,1.9779931455133677,1.0159982252720905e-11,0.0003256904937628847,1000000.0,844121.3782114983
0.00011018808521377551,0.00011034325019369649,2.1272093079367704,332.0191794989578,0.0,0.02314626876895955,225.58992564103187,1.470001723312631e-16,0.0,2.8375175739076196e-06,75.20049879778006,1.3832585619655051e-14,1.7158607305154775e-14,6.075240399755609e-10,0.0,4.4896259217811464e-14,1.970326586491536,9.855847424876661e-12,0.0003256722175350069,1000000.0,839388.1762807245
0.00011025349928510208,0.00011047876290694105,2.0157202050634173,331.4807371953302,0.0,0.023061198884089792,224.76082093270435,1.423375532640333e-16,0.0,2.827088920344212e-06,74.92411638627527,1.3683513051120066e-14,1.7087533023799254e-14,6.051785693611788e-10,6.313237502098076e-17,0.0,1.9630850971116818,9.575247479629113e-12,0.00032565491453038446,1000000.0,834923.4348722642
0.00011031891335642864,0.00011060692567372215,1.9025132909228144,330.9721802663136,0.0,0.022981126148016496,223.98041943684717,1.3798836925834842e-16,0.0,2.8172728660385723e-06,74.66396921161393,1.3539316245099094e-14,1.702060573145212e-14,6.029662396019071e-10,0.0,4.314177844080103e-14,1.9562689868090453,9.316895683487914e-12,0.0003256385918343792,1000000.0,830725.9620997461
0.0001103843274277552,0.00011072763092155746,1.7877346192944494,330.49365969876897,0.0,0.022906051265458895,223.24872805882885,1.3393483610848275e-16,0.0,2.8080694978491785e-06,74.42005957570301,1.3399875017568652e-14,1.6957801111306026e-14,6.008869067661353e-10,0.0,9.034738808417282e-16,1.9498783158960062,9.07960662452055e-12,0.00032562325567313743,1000000.0,826794.4982954045
0.00011048362285328123,0.00011089638666703719,1.6108208782318243,329.8249791222496,0.0,0.022801637600535083,222.231096966766,1.2830980783822512e-16,0.0,2.795269519739071e-06,74.0808318129867,1.3197031657879903e-14,1.687028933661867e-14,5.979842644973929e-10,0.0,9.610766582150115e-16,1.9409902168752893,8.757252495207486e-12,0.0003256018733807301,1000000.0,821332.1517398609
0.00011048904760922425,0.00011090509853388764,1.6010703781198632,329.7904578482972,0.0,0.022796264575611954,222.17873069126387,1.2801994808425338e-16,0.0,2.7946108457016628e-06,74.06337549249952,1.318624946612302e-14,1.686577860898233e-14,5.978344824595402e-10,0.0,1.8396156225266498e-15,1.9405328442127818,8.740898634344147e-12,0.0003256007713818555,1000000.0,821051.2094047288
0.00011049447236516727,0.00011091375748408486,1.591311564402784,329.7561418712104,0.0,0.0227909258592824,222.1266987950088,1.277318390648689e-16,0.0,2.7939563775568122e-06,74.04603063747825,1.3175497868308812e-14,1.6861295777736885e-14,5.976856106405047e-10,0.0,9.347194708943159e-16,1.940078392054455,8.72467088581808e-12,0.0003255996762544883,1000000.0,820772.0643332945
0.0001104998971211103,0.00011092236347269139,1.581544499002405,329.72202560413933,0.0,0.02278562144802359,222.07500124365876,1.2744547248217284e-16,0.0,2.793306114872563e-06,74.02879723647503,1.3164776798654158e-14,1.6856840810484698e-14,5.975376488625186e-10,4.2837985264086934e-19,5.619049782834629e-16,1.9396268601003608,8.708567184309067e-12,0.0003255985880008707,1000000.0,820494.7016248326
0.00011050532187705332,0.0001109309164551339,1.5717692526147022,329.6881070669608,0.0,0.022780351338263186,222.0236380024073,1.2716083995527647e-16,0.0,2.7926600572111113e-06,74.01167527788705,1.3154086191739172e-14,1.6852413668671803e-14,5.973905969471999e-10,0.0,1.2712595858635039e-15,1.939178248046494,8.692585590002819e-12,0.0003255975066232316,1000000.0,820219.1154348138
0.00011051074663299634,0.00011093941638723287,1.561985902055827,329.6543867499968,0.0,0.022775115526360173,221.97260903580954,1.2687793307162822e-16,0.0,2.792018204126623e-06,73.99466474989877,1.31434259823236e-14,1.6848014319588836e-14,5.972444547147853e-10,5.9859501374049545e-19,4.4026809959489093e-16,1.9387325555832788,8.676725228013072e-12,0.00032559643212377447,1000000.0,819945.3061161948
0.00011051617138893936,0.00011094786322523056,1.5521945246217912,329.6208653389131,0.0,0.02276991400859672,221.92191430762,1.265967434744771e-16,0.0,2.7913805551631957e-06,73.97776564042773,1.3132796105175334e-14,1.684364274210451e-14,5.970992219834093e-10,3.597998166269288e-20,7.949765626813195e-16,1.9382897823941392,8.660985984596077e-12,0.0003255953645046676,1000000.0,819673.2745118609
0.00011052159614488238,0.00011095625692579184,1.542395195602246,329.58754275470585,0.0,0.02276474678116788,221.87155378079314,1.2631726289929676e-16,0.0,2.790747109854863e-06,73.96097793712482,1.3122196495060614e-14,1.6839298921305357e-14,5.969548985690886e-10,8.583272574368106e-19,0.0,1.9378499281555197,8.645367550386688e-12,0.0003255943037680434,1000000.0,819403.0195495504
0.0001105270209008254,0.00011096459744598855,1.532587989384228,329.55441863299546,0.0,0.022759613840202895,221.82152741758281,1.2603948314321952e-16,0.0,2.7901178677268448e-06,73.94430162740733,1.3111627086832925e-14,1.6834982840746482e-14,5.968114842861311e-10,0.0,1.7859801454908484e-15,1.937412992537736,8.629869177810695e-12,0.0003255932499160048,1000000.0,819134.5394446421
0.00011053244565676844,0.00011097288474329156,1.5227729809029524,329.5214929076225,0.0,0.022754515181754177,221.77183517959475,1.2576339602828239e-16,0.0,2.7894928282962103e-06,73.92773669847648,1.3101087815474866e-14,1.6830694481668915e-14,5.966689789473432e-10,1.3105172252891046e-18,0.0,1.936978975205456,8.614490183536098e-12,0.00032559220295062834,1000000.0,818867.8331622203
0.00011053787041271146,0.00011098111877557641,1.5129502456388142,329.48876578337035,0.0,0.02274945080181986,221.72247702775846,1.254889934093087e-16,0.0,2.7888719910715216e-06,73.91128313730815,1.3090578616059268e-14,1.682643382716497e-14,5.965273823638922e-10,0.0,2.7468313655446223e-15,1.9365478758174246,8.599230217003293e-12,0.0003255911628739609,1000000.0,818602.9003478386
0.00011054329516865448,0.00011098929950112989,1.5031198588749553,329.45623742456866,0.0,0.02274442069630494,221.67345292229234,1.2521626720426307e-16,0.0,2.7882553555524e-06,73.8949409306411,1.3080099423705449e-14,1.6822200863721315e-14,5.963866943451401e-10,2.1397882499639296e-18,0.0,1.9361196940261984,8.58408898197159e-12,0.00032559012968801673,1000000.0,818339.740547386
0.0001105487199245975,0.00011099742687864901,1.4932818953943248,329.42390783809947,0.0,0.022739424861068846,221.62476282271572,1.249452094012607e-16,0.0,2.7876429212296683e-06,73.87871006498108,1.3069650173583825e-14,1.681799557857627e-14,5.962469146986804e-10,0.0,4.579973044164564e-15,1.9356944294781984,8.569065987266128e-12,0.00032558910339477813,1000000.0,818078.3529145464
0.00011055414468054052,0.0001110055008672358,1.4834364297088345,329.39177698221624,0.0,0.02273446329186939,221.57640668788446,1.2467581204018107e-16,0.0,2.7870346875858104e-06,73.86259052661268,1.305923080094513e-14,1.6813817957365274e-14,5.961080432304788e-10,3.641142587399638e-18,0.0,1.9352720818140874,8.554160662664554e-12,0.0003255880839961981,1000000.0,817818.7364835636
0.00011055956943648354,0.00011101352142639459,1.4735835363277099,329.359844871815,0.0,0.022729535984441784,221.5283844760126,1.2440806720033609e-16,0.0,2.7864306540952274e-06,73.84658230160655,1.3048841241131541e-14,1.680966798477489e-14,5.959700797449487e-10,0.0,7.285764063745304e-15,1.934852650668878,8.539372541001876e-12,0.0003255870714942013,1000000.0,817560.8904327137
0.00011057235384780609,0.00011103221175464213,1.4503344716748996,329.2853770911537,0.0,0.02271805939050059,221.4165320354734,1.2378356956389884e-16,0.0,2.7850237505509424e-06,73.80929624238821,1.3024473926222543e-14,1.6799997104914202e-14,5.956485342380631e-10,0.0,5.092859614069074e-15,1.933875719465612,8.504982518178047e-12,0.0003255847126404059,1000000.0,816960.2270816786
0.00011058073485181597,0.00011104430306610836,1.4350715188180487,329.23715808755696,0.0,0.022710638966106447,221.34421158302862,1.2337907906935748e-16,0.0,2.784114088675182e-06,73.7851881884238,1.3008588837559876e-14,1.6793740420174372e-14,5.954404752156658e-10,0.0,7.684360271393625e-15,1.9332440648831295,8.482787131708296e-12,0.0003255831870631062,1000000.0,816571.7824965807
0.00011058911585582584,0.00011105626638785386,1.4197917054505813,329.18941417291126,0.0,0.022703300268200097,221.27268765568903,1.229784420280091e-16,0.0,2.7832144456598413e-06,73.76134565644604,1.299277415491812e-14,1.678754956566481e-14,5.952345811019215e-10,1.4930160819749256e-18,0.0,1.9326193672362637,8.460866518215918e-12,0.0003255816779686545,1000000.0,816187.5554011059
0.00011059749685983572,0.0001110681015797141,1.4044953032245235,329.14214529831327,0.0,0.02269604327950868,221.20196008509146,1.2258163041776608e-16,0.0,2.7823248193872317e-06,73.73776859033103,1.2977029641550013e-14,1.6781424489857452e-14,5.950308511403985e-10,1.2608576429916743e-20,3.678853498567429e-16,1.9320016250545062,8.4392187760233e-12,0.00032558018536347566,1000000.0,815807.5425571732
0.0001106058778638456,0.00011107980850379858,1.389182582930009,329.0953513685016,0.0,0.02268886798238309,221.1320286995245,1.2218861648068487e-16,0.0,2.781445207697553e-06,73.7144569328387,1.2961355061169014e-14,1.677536514030943e-14,5.948292845664923e-10,0.0,1.3919588908925459e-15,1.9313908368381363,8.417842398603858e-12,0.0003255787092538315,1000000.0,815431.740625364
0.00011061425886785546,0.00011109138702447929,1.3738538150236557,329.0490324528675,0.0,0.02268177435886776,221.0628933240369,1.21799372712701e-16,0.0,2.780575608390227e-06,73.69141062564891,1.2945750177983477e-14,1.676937146450495e-14,5.946298806077598e-10,0.0,7.398864333996686e-15,1.9307870010591093,8.396735966997467e-12,0.0003255772496458243,1000000.0,815060.1466920675
0.00011062263987186534,0.0001111028370083897,1.3585092694828684,329.00318871634016,0.0,0.02267476239066239,220.9945537804819,1.2141387188727897e-16,0.0,2.7797160192244883e-06,73.66862960937645,1.2930214756669887e-14,1.676344341064445e-14,5.944326384839839e-10,2.100688472415263e-18,0.0,1.9301901161614907,8.375897877104857e-12,0.00032557580654539643,1000000.0,814692.7580965742
0.00011063102087587523,0.00011111415832442479,1.3431492155169984,328.9578202793971,0.0,0.02266783205919663,220.9270098875556,1.2103208706307096e-16,0.0,2.7788664379198463e-06,73.64611382358355,1.2914748562342463e-14,1.6757580927612078e-14,5.942375574072145e-10,0.0,8.443405314144147e-15,1.9296001805617136,8.355326530835532e-12,0.0003255743799583285,1000000.0,814329.5720817309
0.00011063940187988509,0.00011112535084373477,1.3277739214705968,328.91292719230916,0.0,0.022660983345502705,220.860261460871,1.2065399157374055e-16,0.0,2.778026862157058e-06,73.62386320680466,1.2899351360559593e-14,1.6751783964171218e-14,5.940446365819673e-10,3.325827109380314e-18,0.0,1.9290171926493656,8.335020461276874e-12,0.0003255729698902412,1000000.0,813970.5857301854
0.00011064778288389497,0.00011113641443971585,1.312383654999318,328.8685094928469,0.0,0.02265421623040279,220.79430831304953,1.2027955902106783e-16,0.0,2.7771972895792173e-06,73.60187769657716,1.2884022917347421e-14,1.674605246860875e-14,5.938538752054962e-10,0.0,2.010417166094927e-14,1.928441150787811,8.314978208681863e-12,0.000325571576346598,1000000.0,813615.7961088242
0.00011066048732544705,0.0001111529392046523,1.289026188470296,328.8020850452479,0.0,0.02264411377331485,220.69584852408002,1.1971889746795832e-16,0.0,2.7759588416256836e-06,73.5690560835244,1.2860917710513535e-14,1.673748903724166e-14,5.935688233044701e-10,0.0,6.011863331119201e-15,1.9275811924386366,8.285096637928835e-12,0.00032556949544883474,1000000.0,813085.9803292623
0.00011068262462807415,0.0001111810235893256,1.2482481689831293,328.68895236681277,0.0,0.022626958082738607,220.52864710641222,1.1876165350697693e-16,0.0,2.773855746994967e-06,73.51331941894196,1.2821031039549786e-14,1.672292601337892e-14,5.930839677881252e-10,0.0,1.4975975538317008e-14,1.92612083733717,8.234453631116519e-12,0.00032556596032226034,1000000.0,812185.7804427037
0.00011070476193070126,0.00011120820419912073,1.2073752447431993,328.57913834628425,0.0,0.022610370965404233,220.36698713987957,1.1782904561670859e-16,0.0,2.7718223539031844e-06,73.45942999948058,1.2781615719957706e-14,1.670881790475214e-14,5.926141486885161e-10,0.0,5.537941418660635e-14,1.9247088818638376,8.18559933504244e-12,0.0003255625406626366,1000000.0,811314.7581815615
0.00011072689923332835,0.00011123447898686588,1.1664122640472334,328.47264381399697,0.0,0.022594352031136453,220.21086482191265,1.1692062101404403e-16,0.0,2.7698586145206165e-06,73.40738655755216,1.2742667501078612e-14,1.669516377679903e-14,5.921593503688712e-10,0.0,3.3894795601258766e-14,1.9233452928065151,8.138508681605142e-12,0.00032555923655096843,1000000.0,810472.86193795
0.00011074903653595546,0.00011125984601237406,1.1253640439655572,328.369469241955,0.0,0.022578900877693188,220.06027623227018,1.1603593927918306e-16,0.0,2.7679644795377457e-06,73.35718778634254,1.2704182155722441e-14,1.6681962703458708e-14,5.917195569105477e-10,0.0,2.141450690863359e-15,1.9220300359253142,8.09315754462247e-12,0.00032555604806104767,1000000.0,809660.0400667965
0.00011077117383858257,0.0001112843034417281,1.0842353715353616,328.2696147998344,0.0,0.022564017091450013,219.91521734097174,1.151745720884545e-16,0.0,2.766139898264785e-06,73.30883234245596,1.2666155480475378e-14,1.6669213764152002e-14,5.912947521335255e-10,0.0,0.0,1.9207630760219974,8.04952250191508e-12,0.0003255529752595912,1000000.0,808876.2410566943
0.0001108049220330082,0.00011131983445429571,1.021390875518539,328.12377607693816,0.0,0.022542417659149553,219.70470723810874,1.139053483130484e-16,0.0,2.7634920578737045e-06,73.23865870900391,1.2609057198871685e-14,1.6650646046906825e-14,5.906759449831625e-10,3.688471923157603e-24,2.4699151319608213e-15,1.9189244582220057,7.986252557796867e-12,0.0003255485135420775,1000000.0,807737.0769690904
0.00011083867022743385,0.00011135324184502823,0.9583871879426721,327.98565262675436,0.0,0.02252213430173594,219.50702392678915,1.1268792034281678e-16,0.0,2.7610055555668597e-06,73.17276089203366,1.2553000498651253e-14,1.6633123795401944e-14,5.900918753833726e-10,4.30482867041693e-24,0.0,1.9171978709939899,7.9268424592544e-12,0.00032554432101270783,1000000.0,806665.0671110093
0.0001108724184218595,0.00011138452052219765,0.8952408981828535,327.85524247296365,0.0,0.02250316542569417,219.32215187941048,1.1152092506022306e-16,0.0,2.7586801960347937e-06,73.1111337154122,1.2497970811904212e-14,1.6616643850996236e-14,5.895424830726747e-10,1.6528446018369003e-24,6.905007661614733e-16,1.915583178718231,7.871220458877641e-12,0.00032554039781663665,1000000.0,805660.0352866364
0.00011090616661628514,0.00011141366595150743,0.8319684588614236,327.7325426046319,0.0,0.022485509395144366,219.15007515515717,1.1040305840371584e-16,0.0,2.7565157787705984e-06,73.05377186526172,1.2443953703265799e-14,1.6601203104911534e-14,5.890277068361444e-10,0.0,0.0,1.9140802421659393,7.819319107302794e-12,0.00032553674406381243,1000000.0,804721.8081779014
0.00011096236929239397,0.00011145745836016979,0.7263617171887407,327.5453045208172,0.0,0.022459015011348043,218.89185988177684,1.086470938678537e-16,0.0,2.753267892700751e-06,72.9676956926466,1.2356204692082193e-14,1.6577786914174626e-14,5.882470800135391e-10,6.6827466645105985e-25,0.0,1.9118249622932957,7.740972887908091e-12,0.00032553125746016023,1000000.0,803307.1329753677
0.0001110185719685028,0.00011149530857158591,0.6205250009382758,327.37941348994457,0.0,0.0224361490962343,218.66900859838262,1.0701852836700587e-16,0.0,2.750464822341493e-06,72.8934081213138,1.2271159119530527e-14,1.6557230608338598e-14,5.875619942309338e-10,2.187045398517829e-24,0.0,1.9098785552990947,7.672504894668079e-12,0.0003255265184698101,1000000.0,802076.4967500708
0.00011107477464461164,0.00011152720574274666,0.5145321148432621,327.23483685917023,0.0,0.022416903506309593,218.48144194840884,1.0551235338393661e-16,0.0,2.7481055695292416e-06,72.83088269771783,1.2188752763846746e-14,1.6539520859087925e-14,5.869721539042222e-10,3.223405161282763e-24,0.0,1.9082403280745615,7.613678826988132e-12,0.0003255225269818914,1000000.0,801029.1596013859
0.00011113097732072047,0.00011155314315611287,0.408456113589684,327.1115345901578,0.0,0.022401269925356192,218.32907889179475,1.0412395051544231e-16,0.0,2.7461891149250453e-06,72.7800924071193,1.2108922415723585e-14,1.65246448114023e-14,5.864772598278389e-10,4.014726657358972e-24,4.965358113264623e-16,1.9069095728071197,7.564288003010972e-12,0.0003255192826398296,1000000.0,800164.4101792626
0.00011118717999682931,0.00011157311817806641,0.30236939824499354,327.0094594764034,0.0,0.022389239895856176,218.21183701112056,1.0284907387616989e-16,0.0,2.7447144218652427e-06,72.74100977563572,1.2031605865842198e-14,1.6512590099677155e-14,5.860770099021702e-10,0.0,2.337749951290317e-16,1.905885569654203,7.524154500365707e-12,0.0003255167848465759,1000000.0,799481.567068218
0.00011124338267293814,0.00011158713222656581,0.19634380572736454,326.9285572984556,0.0,0.02238080483988042,218.1296327150566,1.0168383463452467e-16,0.0,2.7436804389204737e-06,72.71360693806112,1.195674188588991e-14,1.6503344855254755e-14,5.857710995880014e-10,0.0,1.4583378853871273e-15,1.9051675885201773,7.493128300823988e-12,0.0003255150327678481,1000000.0,798979.9795893857
0.00011129958534904698,0.00011159519074357006,0.09045069728258416,326.86876693061066,0.0,0.022375956072239384,218.08238136668865,1.0062468676066115e-16,0.0,2.7430861015098252e-06,72.69785568064356,1.1884270205708742e-14,1.649689770833912e-14,5.855592221599883e-10,0.0,0.0,1.9047548901771645,7.471086625058664e-12,0.0003255140253340874,1000000.0,798659.0281598057
0.00011135578802515581,0.00011159730317108292,-0.015238952064331662,326.8300204138831,0.0,0.022374684806759502,218.0699973445609,9.966841368053158e-17,0.0,2.7429303326685677e-06,72.69372746143368,1.1814131487641759e-14,1.649323778420603e-14,5.854410687798631e-10,9.327667634263643e-25,3.719580059161484e-15,1.9046467267981777,7.457933262628439e-12,0.0003255137612413642,1000000.0,798518.1242770758
0.00011141199070126464,0.00011159348293155222,-0.12065446454938086,326.81224300130475,0.0,0.022376982155239162,218.09239403297713,9.881211599121208e-17,0.0,2.743212042926286e-06,72.70119340705173,1.1746267298057896e-14,1.6492354693234565e-14,5.854163283806247e-10,0.0,0.0,1.9048423418724565,7.453598014196229e-12,0.00032551423895112343,1000000.0,798556.710133385
0.00011149692415184525,0.00011157649251680027,-0.2792816768266203,326.82498286743976,0.0,0.022387205196283497,218.192039875401,9.770210211807235e-17,0.0,2.744465409302918e-06,72.73441039134917,1.1647899216323019e-14,1.649626719829528e-14,5.855554909633051e-10,0.0,0.0,1.9057126593351201,7.463686595499481e-12,0.00032551636439774026,1000000.0,798954.43180223
0.00011158185760242586,0.00011154607135741706,-0.43687915784451065,326.88511159330585,0.0,0.02240552575078339,218.37060641286433,9.680687619011879e-17,0.0,2.7467114567953164e-06,72.79393562330087,1.1554399224306136e-14,1.6506466350922044e-14,5.859061696786302e-10,0.0,2.9153298214581313e-15,1.9072722786059535,7.493771994590684e-12,0.0003255201726385087,1000000.0,799759.160587163
0.00011166679105300646,0.00011150231722387829,-0.5932042051828914,326.9922822098793,0.0,0.02243191131037733,218.62777684766172,9.612024399464964e-17,0.0,2.749946200655268e-06,72.87966349825477,1.1465576342607987e-14,1.6522921923118707e-14,5.864672460112157e-10,0.0,0.0,1.909518432739845,7.54393754084675e-12,0.0003255256552278322,1000000.0,800969.3332086289
0.00011175172450358707,0.00011144534851771069,-0.7480134655253419,327.1461107806794,0.0,0.022466328212527992,218.96322313338734,9.563743272373807e-17,0.0,2.754165514646044e-06,72.99148466179965,1.138124337271166e-14,1.6545605491471554e-14,5.872375713201369e-10,0.0,0.0,1.9124482565443086,7.614393792895824e-12,0.0003255328023906888,1000000.0,802583.5048538846
0.00011183665795416768,0.00011137530435185135,-0.9010623055887622,327.346175039542,0.0,0.022508741264493728,219.3766023105813,9.535504655688981e-17,0.0,2.7593650849513126e-06,73.12928478825127,1.1301216575986344e-14,1.657449007013352e-14,5.88215956377656e-10,0.0,2.2752332959837485e-15,1.9160587545746508,7.705477707989285e-12,0.00032554160295874933,1000000.0,804600.3265138796
0.00011192159140474827,0.00011129234469045515,-1.0521042816796944,327.5920126548782,0.0,0.022559113274181617,219.86755193453678,9.527103872116974e-17,0.0,2.765540352665171e-06,73.29294305650997,1.1225315335437854e-14,1.6609549667535487e-14,5.894011585250368e-10,2.2689561793751325e-23,5.7929538226522005e-15,1.9203467611999414,7.817652417802217e-12,0.0003255520442947154,1000000.0,807018.5173961768
0.00011200652485532887,0.00011119665052897198,-1.200890640538592,327.8831191466856,0.0,0.022617404497056175,220.4356846851536,9.53846934238762e-17,0.0,2.772686445993903e-06,73.48233035325299,1.1153361814750445e-14,1.6650758770937736e-14,5.907918666664295e-10,0.0,0.0,1.925308893524913,7.951507691589124e-12,0.0003255641122043823,1000000.0,809836.8327125368
0.00011209145830590948,0.00011108842410884711,-1.3471698183641994,328.21894544604334,0.0,0.022683571999825358,221.08058216508812,9.56966147662601e-17,0.0,2.7807981022476007e-06,73.697307205545,1.1085180622270864e-14,1.669809176391258e-14,5.923866841102921e-10,7.848851263797372e-23,6.688585619787875e-15,1.9309414972222865,8.10776075757592e-12,0.0003255777908352986,1000000.0,813054.0267234776
0.00011217639175649009,0.00011096788917224322,-1.490686968835154,328.59889508486776,0.0,0.02275756893418742,221.8017878227343,9.620872477900856e-17,0.0,2.789869578824145e-06,73.93772142171092,1.1020598479428836e-14,1.6751522266893936e-14,5.94184109101966e-10,0.0,0.0,1.9372405847214251,8.287257624643741e-12,0.000325593062561939,1000000.0,816668.8106412669
0.00011220779538181432,0.00011092025368143435,-1.5430005446726964,328.75042463809825,0.0,0.022786901326093328,222.0876736231869,9.644937485704214e-17,0.0,2.793465510601696e-06,74.03302157625416,1.0997596650582923e-14,1.677281641295219e-14,5.948996805338938e-10,3.017300202901799e-25,7.345182036263169e-16,1.9397375419385188,8.359702624440874e-12,0.0003255991087627269,1000000.0,818105.7636801507
0.00011223919900713856,0.00011087098201048783,-1.5948880119287165,328.90786385009426,0.0,0.022817294294866248,222.38389615870597,9.671803431767273e-17,0.0,2.7971914600088244e-06,74.1317674858793,1.0975054776134611e-14,1.6794938881721816e-14,5.956426420973833e-10,3.671007455240927e-25,7.530542439394543e-16,1.9423247813074145,8.435511365572298e-12,0.00032560536905114595,1000000.0,819596.8101952181
0.00011224307200240309,0.00011086479268087363,-1.6012571066734789,328.92768723559215,0.0,0.022821115971146562,222.42114380184805,9.675311946816227e-17,0.0,2.7976599687049635e-06,74.1441840037416,1.097230613634423e-14,1.6797724538199133e-14,5.957361641368678e-10,3.015723002539175e-25,7.497810409354978e-16,1.942650106214136,8.445096423164937e-12,0.00032560615590630294,1000000.0,819784.4407133951
0.00011224694499766764,0.0001108585786967502,-1.60761950312149,328.9475962447754,0.0,0.022824953729406454,222.4585481853607,9.678863463239719e-17,0.0,2.7981304489144795e-06,74.15665277107388,1.0969564345910058e-14,1.6800522760984696e-14,5.958301012439987e-10,3.203080449417683e-25,7.532534749146801e-16,1.9429768001080512,8.454732937441544e-12,0.0003256069459990656,1000000.0,819972.8835045634
0.00011225081799293217,0.00011085234008410292,-1.6139751795983945,328.9675896764093,0.0,0.02282880756407428,222.4961092549459,9.682458021543888e-17,0.0,2.798602899954399e-06,74.16917376977585,1.0966829388932002e-14,1.680333353897588e-14,5.959244532464633e-10,2.717852701663323e-25,7.509962190769389e-16,1.9433048625149154,8.464420393433507e-12,0.0003256077393273243,1000000.0,820162.1355697209
0.0001122546909881967,0.00011084607686900358,-1.620324111835083,328.9876673476148,0.0,0.022832677469556962,222.53382695609648,9.686095659953187e-17,0.0,2.7990773211391195e-06,74.18174698167752,1.0964101249554898e-14,1.680615686146232e-14,5.960192199714483e-10,3.6337532077306696e-25,7.598519859066324e-16,1.9436342929586565,8.474158553720609e-12,0.00032560853588895877,1000000.0,820352.1964662687
0.00011225856398346125,0.00011083978907761953,-1.62666627452399,329.007829462913,0.0,0.022836563440234176,222.5717012340401,9.689776416360897e-17,0.0,2.7995537117797033e-06,74.19437238852052,1.0961379911925178e-14,1.6808992720561405e-14,5.961144012454068e-10,2.695012052611834e-25,7.545827628474882e-16,1.9439650909608879,8.483947524190742e-12,0.0003256093356818396,1000000.0,820543.0667245948
0.00011226243697872578,0.00011083347673621768,-1.6330016427570944,329.0280760507816,0.0,0.02284046547045576,222.60973203371307,9.693500329937416e-17,0.0,2.8000320711835485e-06,74.20704997194936,1.0958665360174638e-14,1.6811841111035498e-14,5.962099968939571e-10,2.752949530552741e-25,7.571412771914122e-16,1.944297256040677,8.493787508793093e-12,0.00032561013870382864,1000000.0,820734.7464328095
0.00011226630997399032,0.00011082713987116191,-1.6393301921321277,329.048406934531,0.0,0.022844383554543102,222.64791929977497,9.697267441090078e-17,0.0,2.8005123986545705e-06,74.21977971351625,1.0955957578434536e-14,1.6814702028417034e-14,5.963060067419485e-10,3.4501949892120137e-25,7.633510970506948e-16,1.9446307877146747,8.503678599943358e-12,0.0003256109449527785,1000000.0,820927.2351632161
0.00011227304154950205,0.00011081606761734333,-1.650313418257911,329.08394406670163,0.0,0.02285123168129383,222.71466396914116,9.703917890926984e-17,0.0,2.8013519271557454e-06,74.24202907775783,1.0951267299457176e-14,1.6819704326191338e-14,5.964738646023375e-10,3.083913282041855e-25,7.642207895280465e-16,1.9452137428093932,8.520991983144196e-12,0.000325612353950089,1000000.0,821263.7207058067
0.00011227977312501378,0.00011080492149905696,-1.6612758408815873,329.1197352666733,0.0,0.02285812825811659,222.78188084928803,9.710699177554933e-17,0.0,2.8021973952235244e-06,74.26443585366634,1.0946597341056766e-14,1.6824744431138144e-14,5.966429722667393e-10,3.071503133608184e-25,7.673678202536089e-16,1.9458008222436753,8.538460426292757e-12,0.00032561377267788173,1000000.0,821602.6489056837
0.00011228650470052551,0.00011079370165677838,-1.6722173303845458,329.1557800713092,0.0,0.02286507325459889,222.84956964383198,9.717611523218699e-17,0.0,2.80304879912993e-06,74.28699994244212,1.0941947620079085e-14,1.6829822323492385e-14,5.968133287996909e-10,3.1000528297219742e-25,7.707481582845144e-16,1.9463920234288734,8.556084453981988e-12,0.00032561520112467645,1000000.0,821944.0186784151
0.00011229323627603725,0.00011078240823185824,-1.6831377566121657,329.19207815283306,0.0,0.022872066640066767,222.91773005384087,9.724655155490174e-17,0.0,2.8039061351149325e-06,74.30972124443609,1.0937318053408892e-14,1.6834937985629053e-14,5.969849332587406e-10,3.118613639908892e-25,7.741299129627735e-16,1.9469873437540839,8.57386474802987e-12,0.0003256166392789059,1000000.0,822287.8292771779
0.00011229996785154898,0.00011077104136652468,-1.6940369890549238,329.22862924587787,0.0,0.02287910838358064,222.98636177779423,9.731830308111394e-17,0.0,2.8047693993859432e-06,74.3325996591362,1.093270855796492e-14,1.6840091400843223e-14,5.971577846943303e-10,3.137490097202064e-25,7.775469307819505e-16,1.9475867805857927,8.591801958280194e-12,0.00032561808712891586,1000000.0,822634.080109456
0.00011231013692502007,0.00011075373102812573,-1.7104614641933145,329.28432435409627,0.0,0.022889837647961354,223.09093358794425,9.74291941937513e-17,0.0,2.8060847256266054e-06,74.36745871702885,1.0925783088671212e-14,1.6847947978076397e-14,5.974212657877383e-10,3.145504272033292e-25,7.826602918604772e-16,1.9485001219817513,8.619197689464579e-12,0.000325620292688186,1000000.0,823161.770845132
0.00011232030599849118,0.0001107362539178532,-1.7268368246744834,329.340594995969,0.0,0.0229006770885251,223.1965792127594,9.75431007331608e-17,0.0,2.807413558534171e-06,74.40267573150213,1.0918902947628873e-14,1.685589061396643e-14,5.976875870484371e-10,3.1591514694330988e-25,7.878941357907904e-16,1.9494228421900703,8.64695487180493e-12,0.00032562252030619594,1000000.0,823695.0260863168
0.00011233047507196227,0.00011071861053716456,-1.7431626189548428,329.3974399728181,0.0,0.022911626595235487,223.30329757988252,9.766003151159361e-17,0.0,2.8087558846203065e-06,74.43825034508532,1.0912067848922905e-14,1.686391924986546e-14,5.979567451126358e-10,3.1731183927075014e-25,7.93215694916951e-16,1.9503549318446673,8.675075608622339e-12,0.00032562476994164787,1000000.0,824233.8430413859
0.00011234064414543338,0.00011070080139224733,-1.7594383945760492,329.4548580561228,0.0,0.022922686056503487,223.4110876018249,9.777999564961774e-17,0.0,2.810111690206348e-06,74.47418219526358,1.0905277506797295e-14,1.6872033826335145e-14,5.982287365751367e-10,3.1870080140084713e-25,7.98624190974315e-16,1.9512963814472997,8.703562025773099e-12,0.00032562704155276323,1000000.0,824778.2188215553
0.00011235866682365041,0.00011066883254968237,-1.788159716537033,329.55802437967907,0.0,0.0229425565411974,223.60475343583212,9.800008996125315e-17,0.0,2.8125476598336112e-06,74.53874078433175,1.089335203358835e-14,1.6886626253014324e-14,5.987177378278203e-10,3.212782716003168e-25,8.084334334681616e-16,1.9529878795951312,8.754953584580478e-12,0.0003256311213915181,1000000.0,825756.6645823546
0.00011237668950186745,0.00011063634752357502,-1.8167199700318974,329.66297995414584,0.0,0.02296277139875584,223.8017756467039,9.822979700128261e-17,0.0,2.8150258466756156e-06,74.60441822307179,1.08815646571481e-14,1.6901488089573638e-14,5.992156085227777e-10,3.239024375737194e-25,8.185292952374716e-16,1.9547086926981825,8.80751265227914e-12,0.00032563526988468855,1000000.0,826752.5447649729
0.00011239471218008449,0.00011060334923668745,-1.8451166149236273,329.7697176519579,0.0,0.022983329973557235,224.00214784507975,9.846917441745333e-17,0.0,2.8175461703656397e-06,74.67121238158757,1.0869913790847996e-14,1.691661898580995e-14,5.997223287848352e-10,3.2659167208639676e-25,8.289194353877945e-16,1.9564587649510938,8.861251622400758e-12,0.00032563948678883756,1000000.0,827765.8420851855
0.00011241273485830152,0.00011056984065959874,-1.8733471013361147,329.8782301913872,0.0,0.02300423159273059,224.20586347348828,9.8718282930327e-17,0.0,2.820108548422428e-06,74.73912107394322,1.0858397849216357e-14,1.6932018581229477e-14,6.00237878279609e-10,3.293494996724035e-25,8.3961087002475e-16,1.9582380390802077,8.916183137110578e-12,0.00032564377185549377,1000000.0,828796.5385636921
0.00011244616862123827,0.0001105063380622001,-1.9252685591786505,330.08420583001026,0.0,0.02304391214461875,224.592606121736,9.92063932658833e-17,0.0,2.8249730788624456e-06,74.86804190208981,1.0837386612018807e-14,1.696129657340911e-14,6.012175813830157e-10,3.346480886985018e-25,8.602668002853413e-16,1.961615890814176,9.021288390336594e-12,0.0003256519006979757,1000000.0,830754.5894934766
0.00011247960238417502,0.00011044110948716843,-1.976592959725156,330.29621470163016,0.0,0.023084766279406095,224.99078692373098,9.972864829125876e-17,0.0,2.8299814808080954e-06,75.00077564370903,1.0816824144604845e-14,1.699149550181841e-14,6.022274600754416e-10,3.401904227207274e-25,8.820319088579044e-16,1.9650936446087333,9.1306265641622e-12,0.0003256602615713385,1000000.0,832772.3262728975
0.00011251303614711178,0.00011037417512940345,-2.0273037734009387,330.5142062116354,0.0,0.023126789247015663,225.40035958739242,1.0028551571165794e-16,0.0,2.8351331719878377e-06,75.13730686731579,1.0796700363104238e-14,1.702261278799663e-14,6.032673724333314e-10,3.4598379101725913e-25,9.049565598140032e-16,1.9686708961438835,9.244285121341452e-12,0.0003256688527555501,1000000.0,834849.615488286
0.00011254646991004852,0.00011030555577516228,-2.07738435003208,330.7381277843424,0.0,0.02316997604875445,225.82127539765216,1.0087750056827155e-16,0.0,2.840427539653289e-06,75.27761933372108,1.0777005189201085e-14,1.705464569209177e-14,6.043371699337283e-10,3.520364357932947e-25,9.290940177126626e-16,1.9723472199369998,9.362354405314966e-12,0.0003256776724643694,1000000.0,836986.3130058445
0.00011257990367298527,0.00011023527279372177,-2.1268179213791076,330.9679248816601,0.0,0.023214321432365497,226.2534831682335,1.0150514473150669e-16,0.0,2.8458639399726813e-06,75.42169597995745,1.0757728550296575e-14,1.708759130586151e-14,6.0543669732545e-10,3.5835787964354485e-25,9.545005498790096e-16,1.9761221689216535,9.484927580594699e-12,0.00032568671884485755,1000000.0,839182.2636615769
0.00011263729316373801,0.0001101108160544944,-2.210114014355871,331.37590924858534,0.0,0.023293126045497284,227.0215442336871,1.0266732793842122e-16,0.0,2.855524773733146e-06,75.67772946650734,1.0725586686308904e-14,1.7146261872579144e-14,6.073928939481373e-10,3.698635446297758e-25,1.0012432781197213e-15,1.9828304965745782,9.706105700341222e-12,0.00032570276997735513,1000000.0,843089.3033749496
0.00011269468265449073,0.00010998163718905497,-2.291367843840898,331.8007395991036,0.0,0.023375298365305067,227.8224282282056,1.039394627543814e-16,0.0,2.8655984612047642e-06,75.94470449058107,1.0694597496928727e-14,1.7207595745806345e-14,6.094353406264058e-10,3.8223847917208435e-25,1.0522247865775426e-15,1.9898255032073684,9.941344354674078e-12,0.00032571947312839944,1000000.0,847169.5128797434
0.00011275207214524345,0.00010984785590720865,-2.37049232056495,332.24210015498153,0.0,0.02346080627100859,228.6558221144562,1.0532503201098573e-16,0.0,2.876081064938053e-06,76.22251670104873,1.0664710154476792e-14,1.727157441184676e-14,6.115631048948138e-10,3.9553586970377292e-25,1.107798750526963e-15,1.9971044547184034,1.0191174008012016e-11,0.0003257368175214498,1000000.0,851421.8591362743
0.00011280946163599619,0.00010970959692605264,-2.4473994241785024,332.6996574868498,0.0,0.023549614951441956,229.52138663484018,1.0682783726507166e-16,0.0,2.886968317679504e-06,76.51105300624339,1.0635873847058192e-14,1.733817743436639e-14,6.13775183161523e-10,4.098134184844274e-25,1.1683518620013224e-15,2.0046643879954487,1.0456149344749434e-11,0.00032575479174051173,1000000.0,855845.1845721329
0.00011286685112674891,0.0001095669900376631,-2.5220002362410288,333.17305994221715,0.0,0.023641686678191623,230.418754100489,1.0845200264080811e-16,0.0,2.8982555945611114e-06,76.8101908369221,1.0608037764451103e-14,1.7407382246946116e-14,6.160704948246293e-10,4.251329409378739e-25,1.2343062949995748e-15,2.012502091604512,1.0736848560289818e-11,0.0003257733836996481,1000000.0,860438.1939194214
0.00011292424061750165,0.00010942017016728306,-2.594204985091306,333.6619370828683,0.0,0.02373698057513753,231.34752614520247,1.1020197834845971e-16,0.0,2.9099378848489333e-06,77.11979739754018,1.0581151088001296e-14,1.747916393763171e-14,6.184478763079352e-10,4.415712122978308e-25,1.3061231283663107e-15,2.0206140861724986,1.103387249051394e-11,0.0003257925806142212,1000000.0,865199.4406871309
0.00011301133696956023,0.00010918961783065243,-2.6990049366872157,334.43255879314944,0.0,0.02388765755080926,232.81608373095153,1.1310895482192206e-16,0.0,2.928409711298353e-06,77.60934170044989,1.0542046815708528e-14,1.759296300876571e-14,6.222098308729165e-10,4.687970940408506e-25,1.4274486748040166e-15,2.0334406255005506,1.151723324775871e-11,0.00032582283977102764,1000000.0,872743.0228066494
0.0001130984333216188,0.00010895019881909611,-2.7977578416111633,335.23646843604007,0.0,0.024045482151728668,234.3543051600899,1.1633494276221035e-16,0.0,2.947757784234206e-06,78.12210847551499,1.0504834458802171e-14,1.7712524676292487e-14,6.261530974863877e-10,4.990270527393234e-25,1.5653897646115527e-15,2.046875616301989,1.20418924567861e-11,0.0003258544103673523,1000000.0,880663.8954734768
0.00011318552967367738,0.00010870245381875909,-2.8901409244072087,336.07210523613475,0.0,0.024210262310124343,235.96031858608958,1.1989984875947773e-16,0.0,2.9679585591767537e-06,78.65747374188814,1.0469336323707394e-14,1.783772370960426e-14,6.302723169354668e-10,5.326139479482636e-25,1.7221536519744314e-15,2.0609027096685932,1.2610202392904863e-11,0.0003258872375919295,1000000.0,888954.5465605576
0.00011327262602573597,0.00010844695174092515,-2.9758292188097455,336.9377930870754,0.0,0.02438178269231581,237.63202541356773,1.2382531007120647e-16,0.0,2.9889856395514203e-06,79.21473793189347,1.043537490615719e-14,1.7968416195699275e-14,6.345615211277982e-10,5.698570373059976e-25,1.9002213117508477e-15,2.075503576243341,1.3224586812521675e-11,0.0003259212621523782,1000000.0,897606.261170688
0.00011335972237779454,0.00010818428988340146,-3.0544966913513627,337.8317355790805,0.0,0.02455980257348864,239.36707958561388,1.2813464810080147e-16,0.0,3.010809516160441e-06,79.79311898644829,1.0402773137427942e-14,1.8104437459353326e-14,6.390140789594495e-10,6.110413139850598e-25,2.102374334812108e-15,2.090657725313705,1.388751640163446e-11,0.0003259564200376536,1000000.0,906608.9873464812
0.00011344681872985312,0.0001079150939477411,-3.125817519661961,338.7520116908295,0.0,0.02474405370968383,241.16286684388555,1.3285278910157065e-16,0.0,3.0333973063119726e-06,80.39174544140702,1.0371354691634446e-14,1.824559996713902e-14,6.436226423601829e-10,6.569306646941606e-25,2.3317410017744974e-15,2.1063423236671044,1.4601478526058833e-11,0.00032599264231390567,1000000.0,915951.1998756293
0.00011353391508191169,0.00010764001793730841,-3.1894675846434595,339.6965717709081,0.0,0.024934238203366165,243.016483926046,1.380061425765957e-16,0.0,3.0567124921610865e-06,81.00964949301796,1.0340944380184062e-14,1.839169113353556e-14,6.483790924686052e-10,7.0856958084950255e-25,2.5917934714370735e-15,2.1225320138990966,1.53689395067528e-11,0.0003260298549322175,1000000.0,925619.7611942153
0.00011362101143397028,0.0001073597439375736,-3.2451262228174307,340.66323367554855,0.0,0.025130026377226628,244.92471784336723,1.4362242360238952e-16,0.0,3.0807146600591003e-06,81.6457600901036,1.031136864723845e-14,1.854247125183043e-14,6.532744863583895e-10,7.657646553450446e-25,2.886280432397118e-15,2.1391987334217415,1.6192300749347283e-11,0.0003260679785404812,1000000.0,935599.7797468808
0.00011370810778602886,0.00010707498174193041,-3.292478236771661,341.6496793666901,0.0,0.025331054701018298,246.8840256750893,1.4973041124474216e-16,0.0,3.105359246402774e-06,82.29889619850135,1.0282456157752953e-14,1.8697671047596442e-14,6.582990054990638e-10,8.263830965009252e-25,3.2192481628147365e-15,2.1563115379853715,1.7073845216486384e-11,0.0003261069283128232,1000000.0,945874.4685728897
0.00011379520413808743,0.00010678646828342341,-3.331216147117606,342.6534523364617,0.0,0.02553692382393179,248.8905153912321,1.5635963006224168e-16,0.0,3.1305972964195978e-06,82.96776040833976,1.025403846279769e-14,1.8856990428989496e-14,6.634419073257334e-10,8.909128061768177e-25,3.595309498354208e-15,2.173836434182973,1.8015676467633762e-11,0.00032614661381260966,1000000.0,956425.0075224825
0.00011388230049014601,0.00010649496685120014,-3.3610426858340667,343.67195602982713,0.0,0.025747196757851438,250.93992814573272,1.6353994662158354e-16,0.0,3.156375241447148e-06,83.65093303144815,1.0225950731885183e-14,1.9020093893460604e-14,6.686914811105007e-10,9.704808863391385e-25,4.019795480933847e-15,2.191736224796548,1.901964836491941e-11,0.00032618693889527523,1000000.0,967230.4118891816
0.0001139693968422046,0.00010620126607950791,-3.3816735409533374,344.70245333449157,0.0,0.025961397255543125,253.0276224692099,1.7130106609860504e-16,0.0,3.1826347001063534e-06,84.34686683200789,1.0198032544147985e-14,1.918661705640439e-14,6.740350092965149e-10,1.0810022346011201e-24,4.497913332741511e-15,2.2099703707350327,2.0087285473036344e-11,0.0003262278016522098,1000000.0,978267.4100720953
0.00011405649319426317,0.000105906178691312,-3.392840353298874,345.74206727255677,0.0,0.026179008436852648,255.14856087863862,1.7967191923487505e-16,0.0,3.209312309875159e-06,85.0538825628817,1.0170128723328302e-14,1.9356136595802964e-14,6.794587356816217e-10,1.2054647304038763e-24,5.033210326601169e-15,2.228494874081753,2.1219694893995118e-11,0.00032626909440018327,1000000.0,989510.3335673393
0.00011414358954632175,0.00010561053997207338,-3.3942939503908,346.7877831181435,0.0,0.026399471725901444,257.2972995177813,1.8867993041283332e-16,0.0,3.236339596783694e-06,85.77016551224688,1.0142090192720159e-14,1.952822386762823e-14,6.84947842082176e-10,1.2596590607686815e-24,5.630136390139534e-15,2.2472621876128462,2.2417470546823407e-11,0.00032631070372518404,1000000.0,1000931.023399727
0.00011423068589838034,0.0001053152059504205,-3.3858077989219884,347.83645215563325,0.0,0.026622186166526913,259.4679814837395,1.983501635068201e-16,0.0,3.263642891474231e-06,86.49376327899853,1.0113774823617848e-14,1.9702380631282403e-14,6.904864352109801e-10,1.1708888095069977e-24,6.2984488718358425e-15,2.266221156510643,2.368058638776522e-11,0.0003263525105886771,1000000.0,1012498.7574365298
0.00011431778225043891,0.00010502105126822211,-3.3671816433792117,348.88479729162015,0.0,0.026846508183413772,261.6543344969467,2.0870433687515302e-16,0.0,3.2911432998938728e-06,87.22258499604071,1.0085048241014172e-14,1.9878207340796352e-14,6.960575454880419e-10,1.1454055833987743e-24,7.052147934895113e-15,2.2853169980131445,2.500829332231258e-11,0.00032639439050496797,1000000.0,1024180.2032166609
0.00011440487860249749,0.00010472896672687702,-3.338245300822792,349.929420671387,0.0,0.02707175185654635,263.8496735737094,2.1975973415454931e-16,0.0,3.3187567369103284e-06,87.95440222117905,1.0055784554215588e-14,2.005502459220908e-14,7.016431395027841e-10,1.7944409903684952e-24,7.882103734511753e-15,2.3044913247562753,2.6399003299847486e-11,0.00032643621379467157,1000000.0,1035939.4009213484
0.00011449197495455606,0.00010443985649839732,-3.298862578229089,350.9668134438673,0.0,0.02729718977747521,266.0469093688182,2.3152795035245636e-16,0.0,3.346394031247044e-06,88.68685171813401,1.002586697605859e-14,2.0232253240220828e-14,7.072241478568861e-10,3.529274095545803e-24,8.745113529065711e-15,2.3236822176391465,2.785017294221131e-11,0.0003264778459190378,1000000.0,1047737.7812595128
0.00011457907130661465,0.0001041546349927488,-3.2489352454643625,351.9933678656375,0.0,0.027522054554462935,268.2385628418618,2.440135551125111e-16,0.0,3.373961109959182e-06,89.41744034556284,9.995188279070776e-15,2.0408470819551658e-14,7.12780510043231e-10,4.800608198195191e-24,9.63144474230846e-15,2.3428243539212192,2.9358206908736395e-11,0.0003265191479029826,1000000.0,1059534.223227987
0.00011466616765867323,0.00010387422337821538,-3.1884070074718323,353.00539186428506,0.0,0.027745541028460982,270.4167868510413,2.5721275513417285e-16,0.0,3.4013592700451714e-06,90.14355225536706,9.963651058527624e-15,2.0586677373341694e-14,7.182912378807853e-10,7.798055438498007e-25,1.0712015952709083e-14,2.3618491958249908,3.0918348557735295e-11,0.00032655997685090553,1000000.0,1071285.156360531
0.0001147532640107318,0.00010359954575813176,-3.1172674042884876,353.99912615176976,0.0,0.027966809253527288,272.57339519700713,2.711121522920108e-16,0.0,3.428485543766196e-06,90.86245857446795,9.931167784494363e-15,2.075981104280395e-14,7.237344987852956e-10,2.4106575286921436e-24,1.2028036946661383e-14,2.380685244207978,3.252459794953455e-11,0.00032660018655825953,1000000.0,1082944.711661433
0.00011484036036279038,0.00010333152501376292,-3.035555567088703,354.97076393814547,0.0,0.028184988284564224,274.69989953466455,2.8568654276209686e-16,0.0,3.4552331629306666e-06,91.57132970937295,9.897660540233221e-15,2.093047445656323e-14,7.290877198640204e-10,2.7608891085959393e-24,1.3292681532411008e-14,2.3992583609543914,3.4169639742728795e-11,0.0003266396282202399,1000000.0,1094464.9248025746
0.00011492745671484897,0.00010307107833020487,-2.943363729828284,355.9164732671906,0.0,0.028399180801329773,276.78755443520964,3.0089837816119695e-16,0.0,3.4814921256940026e-06,92.26725036762485,9.863060466283417e-15,2.1099735220776056e-14,7.34327713428353e-10,2.4208581000045894e-24,1.4639262014461258e-14,2.4174921625517842,3.58448100559042e-11,0.000326678151237834,1000000.0,1105795.9943737614
0.00011501455306690755,0.00010281911243030616,-2.8408404031722996,356.8324219328822,0.0,0.028608468580134803,278.8274107097473,3.1669658683663944e-16,0.0,3.507149867274315e-06,92.94723733325283,9.827306949986701e-15,2.1264545855667385e-14,7.394308240572277e-10,3.719859769411276e-24,1.609064428889984e-14,2.435308485825249,3.7540082648572417e-11,0.0003267156041186364,1000000.0,1116886.5968517142
0.00011510164941896612,0.0001025765185501137,-2.7281931177614784,357.71480487838755,0.0,0.028811918804010413,280.8103769047777,3.3301506821289546e-16,0.0,3.5320920334555956e-06,93.60825996631945,9.790346515736697e-15,2.142422796056431e-14,7.443730968002493e-10,3.5077683613335115e-24,1.7570453683664787e-14,2.4526279250455905,3.9244095692947136e-11,0.0003267518354671925,1000000.0,1127684.2586267786
0.0001151887457710247,0.00010234416719778586,-2.605690638411962,358.55987392967603,0.0,0.02900859117894251,282.7272886539046,3.4977204241372676e-16,0.0,3.556203352908102e-06,94.24726332134261,9.752131393762466e-15,2.1578773277842287e-14,7.491304654977096e-10,3.0908934845570202e-24,1.9139777993253958e-14,2.4693704376545793,4.0944224011002464e-11,0.0003267866950571729,1000000.0,1138135.7839299103
0.00011527584212308329,0.00010212290274641306,-2.473664548619583,359.36396967165643,0.0,0.029197545798284364,284.56898532175586,3.668698581538205e-16,0.0,3.5793686012317257e-06,94.86119369657936,9.712617830633653e-15,2.1726732823745916e-14,7.536789595295181e-10,7.40117678553532e-24,2.084701706066687e-14,2.485456013681171,4.262669567853172e-11,0.0003268200349751579,1000000.0,1148187.735847035
0.00011536293847514186,0.00010191353791967317,-2.3325101103676675,360.12355522566946,0.0,0.029377851670241477,286.3263931108608,3.841950595022758e-16,0.0,3.6014736462918012e-06,95.44702633773953,9.671764237331125e-15,2.1867831120707446e-14,7.579949266028852e-10,9.445176784921543e-24,2.2432235778943416e-14,2.50080540160588,4.4276760998127185e-11,0.00032685171082235087,1000000.0,1157786.9657961829
0.00011545003482720044,0.00010171684823721705,-2.1826863146437283,360.83525168153176,0.0,0.029548595795493463,287.9906135309985,4.016189748144558e-16,0.0,3.622406561005191e-06,96.00179492928079,9.629529243125631e-15,2.199953394551375e-14,7.620552684843614e-10,0.0,2.380834529864941e-14,2.5153408810615483,4.587890732320777e-11,0.0003268815829585263,1000000.0,1166881.1850939183
0.00011553713117925903,0.00010153356649359984,-2.0247150502367446,361.495874945988,0.0,0.029708892654900367,289.55301586625427,4.1899884211388593e-16,0.0,3.6420587864103883e-06,96.52262241834225,9.585869736507295e-15,2.2124978382896064e-14,7.658376858984188e-10,0.0,2.5644215865040083e-14,2.5289870704505346,4.741712648077541e-11,0.0003269095177694315,1000000.0,1175419.5705406675
0.0001156242275313176,0.00010136437735020372,-1.8591793330742814,362.10247384371,0.0,0.029857893942059816,291.00533202961856,4.361797646677134e-16,0.0,3.6603263247686203e-06,97.00675263456533,9.540739010389701e-15,2.223545784137168e-14,7.693209281899071e-10,3.368951782072144e-23,2.7973233258623212e-14,2.5416717554149364,4.8875226113429636e-11,0.00032693538893641437,1000000.0,1183353.3945569799
0.00011571132388337618,0.00010120991212382276,-1.6867205560265515,362.65236948740886,0.0,0.02999479835343876,292.3397519800582,4.529969081686516e-16,0.0,3.677110939739891e-06,97.45158209741601,9.494085128810193e-15,2.2348497449649208e-14,7.724850428128592e-10,3.768617230810347e-23,2.877426193361422e-14,2.553326722219531,5.023717883746163e-11,0.0003269590786852928,1000000.0,1190636.6695259858
0.00011579842023543475,0.00010107074385823488,-1.5080347389289785,363.1431962942348,0.0,0.030118861231138886,293.5490177047688,4.692788614106056e-16,0.0,3.6923213385115354e-06,97.85469134520861,9.445849654855793e-15,2.2420048123551557e-14,7.753116192934975e-10,0.0,2.797166345151174e-14,2.563888578602821,5.1487502287798366e-11,0.00032698047899021093,1000000.0,1197226.7959792048
0.00011588551658749334,0.00010094738276602708,-1.3238677781886736,363.57294572842403,0.0,0.03022940384123538,294.6265136512461,4.84850431573813e-16,0.0,3.7058743092717826e-06,98.21387508067609,9.395966807262547e-15,2.2554528628739283e-14,7.777840220480713e-10,4.133588044845777e-23,3.1515623271703935e-14,2.573299543620445,5.261166009101557e-11,0.00032699949270739796,1000000.0,1203085.205732421
0.00011588636384250632,0.00010094626188164265,-1.3220518897262687,363.5768206394683,0.0,0.0302304107239171,294.6363281581243,4.84997968676731e-16,0.0,3.705997758204578e-06,98.21714675074803,9.395473230785812e-15,2.2553774197531368e-14,7.778062837559731e-10,1.9742946827434722e-23,3.154693847428091e-14,2.573385264574809,5.2621931490156985e-11,0.0003269996656573854,1000000.0,1203138.4858464946
0.0001158872110975193,0.00010094514253596875,-1.320235557827259,363.58068961415677,0.0,0.030231416268839174,294.6461296270185,4.851455828214034e-16,0.0,3.7061210431428667e-06,98.22041407460242,9.394979491970079e-15,2.2548521151883108e-14,7.778285105328721e-10,0.0,3.149208585852483e-14,2.573470871654025,5.263218983251738e-11,0.00032699983837328737,1000000.0,1203191.6934392906
0.00011588792409843361,0.00010094420175183074,-1.3187066946577555,363.58394091910475,0.0,0.03023226144043832,294.65436787107643,4.852696921632752e-16,0.0,3.7062246655102118e-06,98.22316029678798,9.394563863992269e-15,2.2545190513322817e-14,7.778471882293234e-10,3.7387835782219094e-23,3.153542333193813e-14,2.573542825360074,5.264081234677052e-11,0.00032699998353958654,1000000.0,1203236.4136626485
0.00011588863709934793,0.00010094326205788493,-1.3171775188865036,363.58718787770846,0.0,0.03023310566397038,294.66259687514486,4.853937027738554e-16,0.0,3.7063281716550243e-06,98.22590343881909,9.394148120834087e-15,2.2542744556405012e-14,7.778658411716411e-10,1.4178471642219932e-23,3.157482433705485e-14,2.5736146983630634,5.2649425414178986e-11,0.00032700012854001715,1000000.0,1203281.0820198955
0.00011588935010026225,0.000100942323454354,-1.3156480317648183,363.59043025961904,0.0,0.03023394893912722,294.6708166362213,4.8551764568489375e-16,0.0,3.7064315615395374e-06,98.22864349969481,9.39373226241594e-15,2.2540393723446422e-14,7.778844693524198e-10,0.0,3.1512955563132347e-14,2.5736864906367707,5.265802898543542e-11,0.0003270002733745355,1000000.0,1203325.697727193
0.000115890469544199,0.0001009408520045182,-1.3132460407733777,363.59551154464833,0.0,0.03023527100543708,294.6837033804658,4.857121139222259e-16,0.0,3.706593653720416e-06,98.23293930140866,9.393079113076002e-15,2.2536669620944905e-14,7.779136664701761e-10,1.8415832437530367e-22,3.15628059189934e-14,2.5737990448413743,5.267151753745347e-11,0.0003270005004364925,1000000.0,1203395.6395992336
0.00011589158898813575,0.00010093938324400446,-1.310843286169,363.6005812580105,0.0,0.03023659073201865,294.69656732139913,4.859063982709565e-16,0.0,3.7067554590764465e-06,98.23722750162894,9.392425679319097e-15,2.2533629914951574e-14,7.779428025030352e-10,3.494176644180372e-22,3.17233616879948e-14,2.5739113998794143,5.268498185769162e-11,0.00032700072708919645,1000000.0,1203465.4506257498
0.00011589270843207251,0.0001009379171736661,-1.3084397697067212,363.60563940155464,0.0,0.03023790811768842,294.70940844748867,4.861004803236107e-16,0.0,3.7069169774625673e-06,98.24150809651118,9.391771960928478e-15,2.2531781969833527e-14,7.779718774226149e-10,1.7029216038187124e-22,3.165094762537762e-14,2.574023555650163,5.269842152829826e-11,0.0003270009533324819,1000000.0,1203535.1307562122
0.00011589469862426087,0.00010093531738063998,-1.3041648262753096,363.6146034057707,0.0,0.030240244434570927,294.73218154288736,4.864450723401228e-16,0.0,3.707203422248646e-06,98.24909951761673,9.390609050668783e-15,2.2530411949485044e-14,7.780234169833693e-10,0.0,3.1378836879965804e-14,2.5742224583047224,5.2722253641654065e-11,0.0003270013545453569,1000000.0,1203658.687495048
0.00011589668881644925,0.00010093272609795549,-1.2998874900560191,363.62353091637453,0.0,0.03024257334214576,294.75488242614716,4.867891338090309e-16,0.0,3.707488958735238e-06,98.25666686677465,9.3894452387773e-15,2.253029273680754e-14,7.780747631341259e-10,1.8610380640840342e-22,3.145333712487621e-14,2.5744207302507207,5.274600649536693e-11,0.0003270017544627239,1000000.0,1203781.830264037
0.00011589867900863763,0.00010093014333036494,-1.2956077707515972,363.63242199622965,0.0,0.030244894833815126,294.77751103295964,4.871326940644629e-16,0.0,3.7077735861134613e-06,98.26421012254777,9.388280524179753e-15,2.253072673700028e-14,7.781259157167086e-10,0.0,3.1646501595890326e-14,2.574618370926482,5.276967969810816e-11,0.00032700215308365834,1000000.0,1203904.558957012
0.00011590066920082599,0.00010092756908260109,-1.2913256783767526,363.64127661971304,0.0,0.030247208903004075,294.8000672992407,4.874757601626721e-16,0.0,3.70805730357725e-06,98.27172926357356,9.38711490595242e-15,2.2531510055817272e-14,7.781768745735419e-10,0.0,3.162655337304964e-14,2.5748153797722884,5.279327298189161e-11,0.0003270025504072393,1000000.0,1204026.8731733444
0.00011590265939301437,0.00010092500335937689,-1.2870412230928063,363.6500947219901,0.0,0.030249515543161368,294.8225511611324,4.878183328371258e-16,0.0,3.7083401103233876e-06,98.27922426856503,9.385948383224832e-15,2.2532574718740656e-14,7.782276395476655e-10,7.435139858298711e-22,3.150641534920055e-14,2.5750117562303996,5.281678608449371e-11,0.00032700294643254964,1000000.0,1204148.7723824603
0.00011590580682593074,0.00010092096315258215,-1.2802606789188176,363.6639656655198,0.0,0.030253148249129364,294.8579608043904,4.883590989628001e-16,0.0,3.708785500267499e-06,98.29102808831068,9.38410171190152e-15,2.25346244694726e-14,7.783075267788115e-10,6.41758448556312e-22,3.186553395896801e-14,2.575321027847493,5.285380715465289e-11,0.0003270035700830925,1000000.0,1204340.7043563607
0.00011590895425884711,0.00010091694429630372,-1.2734742900523492,363.67774504803594,0.0,0.03025676233267631,294.89318895085955,4.888986366470102e-16,0.0,3.7092286073067908e-06,98.30277140602362,9.382252772723328e-15,2.2536943935513728e-14,7.783869280930399e-10,0.0,3.220330721221235e-14,2.5756287142521805,5.2890626264113985e-11,0.00032700419048071295,1000000.0,1204531.5956271528
0.00011591210169176349,0.00010091294680887472,-1.266682096354916,363.69143276231915,0.0,0.03026035776824984,294.9282353514809,4.894369422438459e-16,0.0,3.709669428308549e-06,98.31445413867996,9.380401562268659e-15,2.2539412931508735e-14,7.78465842879109e-10,5.339143049763313e-22,3.179733192673977e-14,2.5759348132691566,5.292724268198027e-11,0.00032700480762183935,1000000.0,1204721.4446111026
0.00011591896116495614,0.00010090430885928522,-1.2518593617015672,363.720945578532,0.0,0.03026812888330893,295.0039841485051,4.906058207463735e-16,0.0,3.710622212617124e-06,98.33970503260717,9.376359173435437e-15,2.2544958568976787e-14,7.786361401840064e-10,2.3472880882464662e-21,3.130436364713921e-14,2.5765964113760593,5.3006338624880584e-11,0.0003270061413115983,1000000.0,1205131.5806338845
0.00011593003644856049,0.00010089057694023749,-1.2278698790718723,363.76767456442855,0.0,0.030280488231711873,295.1244569131696,4.924804620416313e-16,0.0,3.712137544401649e-06,98.37986468029598,9.369809449401693e-15,2.2553939743990585e-14,7.789062021549592e-10,5.615308559937119e-21,3.134885075610104e-14,2.5776486334067483,5.3131991047735347e-11,0.0003270082619074306,1000000.0,1205783.2806251748
0.00011595082039641659,0.0001008655262578292,-1.1826674320137969,363.8522792754688,0.0,0.030303052234418735,295.3444004053273,4.959550706130474e-16,0.0,3.7149040399272103e-06,98.4531829375747,9.357441387791777e-15,2.257031618466089e-14,7.793965894245105e-10,1.821747603886292e-20,2.985191093135499e-14,2.579569643425524,5.3360851765888304e-11,0.0003270121317063581,1000000.0,1206971.0447155684
0.00011597160434427267,0.00010084141744452546,-1.137235241785797,363.93283424379257,0.0,0.03032478892458029,295.5562807723354,4.993708583664378e-16,0.0,3.717569115767206e-06,98.52381334861317,9.344972244817976e-15,2.2585599072413848e-14,7.798654243488479e-10,2.546715563785021e-20,2.855159683190505e-14,2.581420229245095,5.358050756287847e-11,0.0003270158575367611,1000000.0,1208112.5034583886
0.00011599238829212877,0.00010081825517076108,-1.0915850703734469,364.0093147120619,0.0,0.0303456916742271,295.7600334084045,5.027251375328634e-16,0.0,3.7201319592964113e-06,98.59173437704385,9.332400962850921e-15,2.2600215996895096e-14,7.803125501913727e-10,5.635987564699494e-21,3.1924564320547845e-14,2.5831998265915725,5.3790785522611396e-11,0.00032701943848274583,1000000.0,1209207.2549603232
0.00011601317223998486,0.00010079604385021483,-1.0457287932679484,364.0816972178235,0.0,0.030365754162231574,295.9555966982738,5.060152685175627e-16,0.0,3.7225917955050986e-06,98.65692548339312,9.319726448396052e-15,2.261428066024419e-14,7.807378182936161e-10,0.0,3.423010707608288e-14,2.584907897310674,5.399151957571797e-11,0.00032702287367620734,1000000.0,1210254.9158225206
0.00011603395618784095,0.00010077478764316714,-0.9996783903705877,364.14995962091285,0.0,0.030384970374347686,296.14291201747557,5.092386605680311e-16,0.0,3.7249478870023885e-06,98.71936712516965,9.306947574502215e-15,2.2627624597471343e-14,7.811410880650751e-10,7.126232816507596e-21,3.2977252798637017e-14,2.5865439293700234,5.418255071517514e-11,0.0003270261622963913,1000000.0,1211255.1213148418
0.00011605474013569704,0.00010075449045842557,-0.9534459376926113,364.2140811039444,0.0,0.030403334604390805,296.32192374380674,5.12392758510442e-16,0.0,3.7271995341605105e-06,98.77904076068819,9.294063183080506e-15,2.264018965110658e-14,7.815222270028883e-10,3.6849409677408076e-21,3.275730214428568e-14,2.5881074369593353,5.436372726008061e-11,0.00032702930356971125,1000000.0,1212207.5255025316
0.00011607816374348966,0.00010073276947274596,-0.9011387382161259,364.2813587154141,0.0,0.030423003269499073,296.51365258227736,5.158612454839318e-16,0.0,3.7296111398296744e-06,98.8429536509476,9.279414460978824e-15,2.2653452462794474e-14,7.819250914631092e-10,0.0,3.43473752649137e-14,2.58978201716729,5.455592257000171e-11,0.0003270326662843739,1000000.0,1213223.1873771362
0.00011610158735128228,0.00010071227609728747,-0.8486332928958291,364.34332602665023,0.0,0.03044157568392895,296.69469711239697,5.19234998339908e-16,0.0,3.7318883560191916e-06,98.90330492241924,9.264628470671068e-15,2.2665787733495347e-14,7.822995228110301e-10,6.531180118326852e-21,3.4017135018995595e-14,2.591363279481072,5.473522352207436e-11,0.00032703583995438327,1000000.0,1214177.279888048
0.00011612501095907489,0.00010069301475665199,-0.7959472683335335,364.3999594076922,0.0,0.030459045132270435,296.86499187183847,5.22510580791227e-16,0.0,3.734030359330143e-06,98.9600727532083,9.249703427868985e-15,2.2677172549004915e-14,7.826453693987953e-10,4.946545356917548e-21,3.300666680850724e-14,2.5928506521457044,5.4901448864187977e-11,0.0003270388236934255,1000000.0,1215069.3966400544
0.00011614843456686752,0.00010067498945793192,-0.7430984413855709,364.45123743796296,0.0,0.030475405424410403,297.02447651779835,5.256846462241578e-16,0.0,3.7360363907580458e-06,99.01323702801551,9.234637511158859e-15,2.2687600479653572e-14,7.829624932861639e-10,0.0,3.5413009254293104e-14,2.594243608120677,5.505443071209664e-11,0.0003270416166944968,1000000.0,1215899.1634177489
0.00011617185817466013,0.00010065820379929409,-0.690104683370558,364.4971408674207,0.0,0.030490650891701877,297.1730957897702,5.287539426192052e-16,0.0,3.7379057552246116e-06,99.0627793257275,9.219428867557945e-15,2.2697051532564927e-14,7.832507701213322e-10,7.57710623139165e-21,3.8910519329008125e-14,2.595541664754812,5.519401468098871e-11,0.0003270442182285022,1000000.0,1216666.238005831
0.00011620910028353134,0.00010063407563923802,-0.6055936918423305,364.5590174607379,0.0,0.030512582453033385,297.38689889802623,5.33410501788651e-16,0.0,3.7405950156927277e-06,99.13405068298711,9.194949548010102e-15,2.271009794433783e-14,7.836494515607635e-10,1.747162921462943e-20,3.3445963287288734e-14,2.597409043992137,5.538801915362649e-11,0.0003270479587211745,1000000.0,1217756.010610254
0.00011624634239240257,0.00010061309969494457,-0.520834256230269,364.60720837199875,0.0,0.030531665181312544,297.5729364533914,5.37782188209255e-16,0.0,3.7429350351916996e-06,99.19606638124198,9.17009699301175e-15,2.2720701500557324e-14,7.839745639496858e-10,3.52571299114193e-21,2.7743869258089e-14,2.599033915914958,5.554731632536726e-11,0.000327051211392484,1000000.0,1218685.4592543717
0.00011628358450127378,0.00010059528386949384,-0.43589925911690963,364.64167123327326,0.0,0.03054788472341571,297.7310685153809,5.418576474350582e-16,0.0,3.744924053520621e-06,99.24877977127221,9.144863414752836e-15,2.2728832713801213e-14,7.84225826350957e-10,0.0,3.678735153239636e-14,2.600415058268094,5.567151159953481e-11,0.0003270539745678588,1000000.0,1219453.7268510181
0.000116320826610145,0.00010058063334187275,-0.35086180124222316,364.66237828111747,0.0,0.030561230258541516,297.86118957061257,5.456263249877694e-16,0.0,3.7465607435099514e-06,99.29215568014729,9.119240970733495e-15,2.2734489047873584e-14,7.844030491699994e-10,1.56666333668472e-20,3.947749268256511e-14,2.601551549486399,5.5760306928387245e-11,0.0003270562470966253,1000000.0,1220060.1738613835
0.00011635806871901621,0.000100569150563324,-0.2657950682111081,364.6693164055501,0.0,0.03057169452103004,297.96322875501295,5.490785184282275e-16,0.0,3.747844213816634e-06,99.3261704852987,9.093221820741677e-15,2.2737669496090256e-14,7.84506134532214e-10,1.3147037647066697e-20,1.6696723824738625e-14,2.602442770635504,5.5813502282910133e-11,0.00032705802835368347,1000000.0,1220504.379847718
0.00011641670967064574,0.00010055748921476591,-0.13196724468823517,364.6523408674578,0.0,0.030582323502800036,298.06690247019964,5.538518735258677e-16,0.0,3.749148243575861e-06,99.36073016149307,9.051429582170934e-15,2.273766470746038e-14,7.845181950605259e-10,0.0,1.9632576151578018e-14,2.6033482679387787,5.5824894068962864e-11,0.0003270598372531913,1000000.0,1220874.5572305045
0.000116506919142431,0.00010055484220023009,0.07303908948521136,364.55980277384964,0.0,0.030584726173789732,298.09044211441955,5.595546867512075e-16,0.0,3.7494443300922725e-06,99.36857710992894,8.985113685151461e-15,2.272570673732184e-14,7.841790762902671e-10,0.0,4.989461040320413e-14,2.6035538656599533,5.567009149458204e-11,0.00032706024785427525,1000000.0,1220658.9785438115
0.00011656327403512317,0.00010056254504961134,0.20018116754886944,364.4614035161485,0.0,0.030577690761702702,298.02194832965205,5.620774589074841e-16,0.0,3.748582800797182e-06,99.34574467601242,8.942399991647543e-15,2.271094287483597e-14,7.837488126463661e-10,0.0,3.651810311256413e-14,2.60295563357025,5.546859948055041e-11,0.00032705905404091865,1000000.0,1220044.2411905103
0.00011661962892781533,0.00010057738569777223,0.3263144704857675,364.33209925817846,0.0,0.030564149374825482,297.8900443392785,5.637848084256219e-16,0.0,3.7469236845885194e-06,99.30177442278804,8.898670560532508e-15,2.2690642295964525e-14,7.831524537318213e-10,2.309718655822874e-20,2.230296565566415e-14,2.601803569949782,5.518815348569392e-11,0.00032705675534464636,1000000.0,1219064.052612198
0.0001166759838205075,0.00010059930049304301,0.451198194540846,364.17223179925685,0.0,0.030544171526757747,297.6954074832044,5.646700559274193e-16,0.0,3.744475501190061e-06,99.23689214180742,8.85390552594641e-15,2.2664876611051188e-14,7.823920790791118e-10,9.311143299319101e-21,4.1089546498910395e-14,2.6001035907579055,5.4830664429459955e-11,0.0003270533634806545,1000000.0,1217722.7840349765
0.00011673233871319967,0.0001006282123531997,0.5745967978913271,363.98221429453184,0.0,0.030517844196353505,297.43888533071095,5.647320825174144e-16,0.0,3.7412489115066065e-06,99.15138037065785,8.808087868555422e-15,2.2633738711297876e-14,7.81470209528783e-10,0.0,4.1640081110760196e-14,2.5978630987556746,5.439849883388584e-11,0.0003270488927200567,1000000.0,1216025.8753468187
0.00011678869360589183,0.00010066403108829952,0.6962808454235714,363.76252906108044,0.0,0.030485271256412597,297.12149011209317,5.639752709049786e-16,0.0,3.7372566475842e-06,99.04557653674624,8.761203854085941e-15,2.259733803488389e-14,7.803897911514892e-10,1.765704806036913e-20,1.9435670379349888e-14,2.595090934871033,5.389444782395307e-11,0.0003270433598104862,1000000.0,1213979.7963661582
0.000116845048498584,0.00010070665377206161,0.8160279090520547,363.513725047365,0.0,0.030446572805537572,296.74439220765385,5.624094005256559e-16,0.0,3.732513430712722e-06,98.9198707868525,8.713243487657547e-15,2.255579518660426e-14,7.791541767167224e-10,8.09032312209423e-21,3.008334374544857e-14,2.5917973213309753,5.332169154993337e-11,0.00032703678388462686,1000000.0,1211592.0016759213
0.00011688382846077096,0.00010073987652505471,0.8971932833257293,363.3259168754072,0.0,0.030416454985268862,296.4509012388706,5.608695434649421e-16,0.0,3.728821839493231e-06,98.82203544532146,8.679611672838389e-15,2.2524291121329668e-14,7.782156912973207e-10,6.299015165249672e-24,3.075194175757241e-14,2.589233939736737,5.288947443162931e-11,0.0003270316639814247,1000000.0,1209754.719374244
0.00011692260842295792,0.00010077622600076449,0.977271992260412,363.1248254657117,0.0,0.030383548670823813,296.1302319047823,5.589598337695855e-16,0.0,3.7247883930742103e-06,98.71514018403538,8.64546659760567e-15,2.2490464515046852e-14,7.772067977956319e-10,1.6119497695089353e-23,3.014078723354984e-14,2.5864331793876945,5.242762449503104e-11,0.00032702606785435127,1000000.0,1207762.555196737
0.00011696138838514488,0.00010081565879302075,1.0561984583283242,362.91068030958377,0.0,0.030347905230571973,295.78288482121496,5.566875921852108e-16,0.0,3.7204193883069457e-06,98.59935188349591,8.610808627209662e-15,2.2454365981040818e-14,7.761288929327817e-10,0.0,2.954124823857758e-14,2.5833994127161373,5.193744026950224e-11,0.00032702000354825666,1000000.0,1205618.6731391582
0.00011702112068959463,0.00010088232205814387,1.1753677903066655,362.5558594916408,0.0,0.030287775599476912,295.1969102239706,5.524979551738471e-16,0.0,3.713048876424211e-06,98.40401699820582,8.556425610130552e-15,2.2394442743669224e-14,7.743370133528825e-10,0.0,2.848125873713651e-14,2.5782814477574103,5.113012118078958e-11,0.0003270097665743984,1000000.0,1202027.426421962
0.00011708085299404437,0.0001009560119385843,1.2914315163654237,362.1715860374609,0.0,0.03022149364934866,294.5509709571378,5.475030086550811e-16,0.0,3.704924116305883e-06,98.18869286454421,8.500839819610606e-15,2.2329462519090746e-14,7.723906076252408e-10,3.752722260964669e-23,2.7310629092015992e-14,2.5726397449493175,5.026395861734181e-11,0.00032699847212911987,1000000.0,1198097.1846104898
0.00011708441460633701,0.00010096062366142843,1.2982492448911755,362.1477643038993,0.0,0.030217351995084046,294.51060892280424,5.471805773473613e-16,0.0,3.7044164341388865e-06,98.17523816296607,8.49748777918447e-15,2.2325432924326037e-14,7.72269798882205e-10,4.0927869029682965e-24,2.7380940816185053e-14,2.572287218614322,5.021056938177845e-11,0.00032699776603263667,1000000.0,1197852.4263110629
0.00011708797621862964,0.00010096525964539746,1.3050551424004708,362.1238416234166,0.0,0.030213189318104683,294.4700419861748,5.468554313087866e-16,0.0,3.703906174667685e-06,98.1617151571196,8.49413152452987e-15,2.2321386175293722e-14,7.721484634981334e-10,0.0,2.722707448493322e-14,2.5719329026407203,5.01569909684543e-11,0.00032699705630895076,1000000.0,1197606.5147692217
0.00011709445574110382,0.00010097375581602627,1.3174064049478742,362.0800617293899,0.0,0.03020556254849889,294.39571602351594,5.46256971322108e-16,0.0,3.7029712870584153e-06,98.13693856536675,8.488014809212858e-15,2.23139802189709e-14,7.719263758406036e-10,4.664886242221382e-22,2.802045767243365e-14,2.571283731714586,5.005903647597711e-11,0.00032699575585565905,1000000.0,1197156.188525499
0.00011709841560801892,0.00010097898748152803,1.3249352302859798,362.05313865950245,0.0,0.030200867513262078,294.34996095662746,5.4588684541325845e-16,0.0,3.7023957701923985e-06,98.12168609405914,8.484269818586063e-15,2.2309426397776347e-14,7.717897976422849e-10,1.3244295380890616e-23,2.7140950797029378e-14,2.570884102055135,4.999886744648117e-11,0.0003269949552248152,1000000.0,1196879.098267014
0.00011710112753911394,0.0001009825875960832,1.3300828023318356,362.03462275083626,0.0,0.0301976372421634,294.31848060481775,5.456314511767665e-16,0.0,3.7019998036984982e-06,98.11119210518821,8.481702053261549e-15,2.2306295538934362e-14,7.71695889536845e-10,0.0,2.705790231093139e-14,2.5706091492875336,4.9957523457757944e-11,0.0003269944043438284,1000000.0,1196688.497207888
0.00011710383947020897,0.00010098620166102249,1.3352233773365294,362.01604274159797,0.0,0.030194394918717855,294.2868827821753,5.453745066140408e-16,0.0,3.7016023596317397e-06,98.10065895736477,8.479131857262636e-15,2.2303154780946245e-14,7.716016797243408e-10,3.490365238798088e-23,2.7070506438860117e-14,2.5703331705170935,4.991606493979851e-11,0.00032699385138107526,1000000.0,1196497.2152361977
0.00011710655140130398,0.00010098982965733978,1.3403569372937523,361.99739903783643,0.0,0.030191140565263376,294.2551677064064,5.451160150441704e-16,0.0,3.7012034407304753e-06,98.09008672316119,8.476559232896027e-15,2.2300004119898877e-14,7.71507168800004e-10,0.0,2.693663947657623e-14,2.5700561676452827,4.987449091077891e-11,0.0003269932963400422,1000000.0,1196305.2547440948
0.00011710926333239901,0.00010099347156598187,1.3454834646040505,361.9786921279103,0.0,0.030187874204189634,294.2233355957162,5.448559797910523e-16,0.0,3.7008030497393392e-06,98.07947547531637,8.473984182465416e-15,2.2296843569811966e-14,7.714123573601992e-10,1.827990183313906e-23,2.6945641662584173e-14,2.5697781425779294,4.983280217858275e-11,0.00032699273922422276,1000000.0,1196112.6183999379
0.00011711197526349402,0.00010099712736785317,1.3506029403384012,361.9599220832745,0.0,0.03018459585793266,294.19138666876717,5.445944042620645e-16,0.0,3.70040118940871e-06,98.06882528672145,8.47140670827967e-15,2.229367315246245e-14,7.713172460023298e-10,7.532017757763115e-24,2.6882593285529446e-14,2.569499097224855,4.979099976522803e-11,0.00032699218003711647,1000000.0,1195919.3074837339
0.00011711468719458905,0.0001010007970438078,1.3557153450333506,361.941088807986,0.0,0.030181305548982684,294.15932114474566,5.443312919135192e-16,0.0,3.699997862495563e-06,98.05813623044236,8.468826812678254e-15,2.2290492886698393e-14,7.712218353251141e-10,6.139073117982348e-23,2.6937104106749703e-14,2.569219033500456,4.974908397069631e-11,0.00032699161878223156,1000000.0,1195725.3227198625
0.00011711739912568408,0.00010100448057464429,1.3608206597740784,361.92219235928843,0.0,0.030178003299887762,294.127139243408,5.440666461858793e-16,0.0,3.6995930717640386e-06,98.04740837973495,8.466244498039135e-15,2.228730278801806e-14,7.711261259287419e-10,0.0,2.6669361310872895e-14,2.5689379533241095,4.970705480484589e-11,0.00032699105546308595,1000000.0,1195530.6653460586
0.00011712011105677909,0.00010100817794110813,1.3659188662168575,361.90323294523154,0.0,0.030174689133253146,294.094841185056,5.438004705003591e-16,0.0,3.6991868199851394e-06,98.03664180803688,8.463659766766131e-15,2.228410287471961e-14,7.710301184147658e-10,8.636347354485889e-23,2.6895251501367182e-14,2.568655858619953,4.966491274402506e-11,0.0003269904900832066,1000000.0,1195335.337105095
0.00011712282298787412,0.0001010118891238961,1.371009946049042,361.8842107597064,0.0,0.030171363071734066,294.0624271904982,5.435327683081209e-16,0.0,3.6987791099362407e-06,98.02583658895482,8.461072621277755e-15,2.2280893169978025e-14,7.709338133859539e-10,0.0,2.6378118146373714e-14,2.5683727513165535,4.962265868703908e-11,0.0003269899226461284,1000000.0,1195139.339694645
0.00011712553491896915,0.00010101561410365688,1.3760938807490495,361.86512591411986,0.0,0.030168025138040244,294.029897481043,5.432635431200553e-16,0.0,3.6983699444010077e-06,98.01499279626199,8.458483064009631e-15,2.227767369804808e-14,7.708372114462774e-10,1.7375871026433677e-22,2.7132390534718096e-14,2.5680886333468402,4.958029340155197e-11,0.0003269893531553944,1000000.0,1194942.6745396229
0.00011712824685006416,0.00010101935286098916,1.3811706517548938,361.8459784918961,0.0,0.03016467535492883,293.9972522785139,5.429927984871409e-16,0.0,3.6979593261695824e-06,98.00411050390338,8.455891097422428e-15,2.2274444480998058e-14,7.707403132009806e-10,0.0,2.5748737457518582e-14,2.567803506648246,4.9537817332362997e-11,0.00032698878161455575,1000000.0,1194745.3429739673
0.00011713244781796633,0.00010102517160958025,1.3890207329438646,361.81619455363943,0.0,0.03015946296886947,293.9464551098666,5.425704048304868e-16,0.0,3.6973203886861297e-06,97.98717724580212,8.451871211796535e-15,2.226942301213064e-14,7.705896275590573e-10,0.0,2.630094906728826e-14,2.567359838731619,4.94718014572977e-11,0.00032698789221917305,1000000.0,1194438.3504954113
0.00011713906503740589,0.00010103440388368035,1.4013507916717676,361.76897707809854,0.0,0.030151195246604805,293.86588217170333,5.41897719726182e-16,0.0,3.69630692530396e-06,97.96031822207767,8.445527536012237e-15,2.2261466248456408e-14,7.703508391052455e-10,0.0,2.5966826272236958e-14,2.56665610605199,4.9367284188442396e-11,0.0003269864813462952,1000000.0,1193951.5636321483
0.00011714568225684542,0.00010104371760572411,1.4136376574257803,361.7213907495584,0.0,0.030142857656250636,293.7846282475007,5.412160952811027e-16,0.0,3.6952848963360526e-06,97.93323219136447,8.439169590950637e-15,2.225345212085931e-14,7.701103046026351e-10,0.0,2.5001552352609414e-14,2.565946425567328,4.926212369797237e-11,0.0003269850583737595,1000000.0,1193460.853046263
0.00011715229947628498,0.00010105311248902172,1.4258810685430097,361.6734374280991,0.0,0.030134450533527007,293.70269660916,5.405255851230326e-16,0.0,3.694254342937077e-06,97.90592024435227,8.432797414684795e-15,2.2245380954991003e-14,7.698680329653622e-10,0.0,2.5525549312829736e-14,2.5652308258547687,4.915632825960969e-11,0.0003269836233539549,1000000.0,1192966.2404884777
0.00011715891669572453,0.00010106258824516314,1.4380807654206396,361.6251189278791,0.0,0.030125974215935058,293.62009054597524,5.398262437673012e-16,0.0,3.6932153064804607e-06,97.87838347752859,8.426411046095985e-15,2.223725308927185e-14,7.696240331500757e-10,2.3614719160759133e-22,2.651969259767442e-14,2.564509335643358,4.904990693123081e-11,0.0003269821763395527,1000000.0,1192467.7476308206
0.0001171698289604191,0.00010107839031382694,1.4581027673517046,361.5446454343792,0.0,0.030111845930508935,293.4824029708924,5.38653838778241e-16,0.0,3.6914834431691257e-06,97.8324852649382,8.415848577754783e-15,2.2223726709751782e-14,7.692179093051385e-10,2.503258702060638e-23,2.5764024064169013e-14,2.563306757602254,4.887306616450765e-11,0.0003269797640518284,1000000.0,1191637.2796959605
0.00011718652570679624,0.0001011029900743925,1.4885041889381132,361.4196196112148,0.0,0.03008986944010144,293.2682300670192,5.368143421789064e-16,0.0,3.6887895312875694e-06,97.76109063498615,8.399612978312099e-15,2.220273686732797e-14,7.685875466025313e-10,0.0,2.5287838213102724e-14,2.561436148500338,4.859931965297738e-11,0.00032697601072256897,1000000.0,1190346.5019265634
0.00011720322245317336,0.00010112809504660605,1.518618984019753,361.2923288269623,0.0,0.030067463707764534,293.0498734426952,5.349205036438926e-16,0.0,3.686042995689607e-06,97.68830136002488,8.383288392436333e-15,2.2181397104763522e-14,7.67946480510514e-10,2.6051800576152617e-23,2.5059771686683664e-14,2.5595289983357374,4.832186558665027e-11,0.00032697218279165684,1000000.0,1189031.7417467313
0.00011721991919955049,0.00010115370041632307,1.5484432218075632,361.16280274709555,0.0,0.030044634339008273,292.827387729519,5.329732842572372e-16,0.0,3.6832445235429883e-06,97.61413565152138,8.366875536457804e-15,2.21597128741352e-14,7.67294859272413e-10,4.695270035642353e-24,2.4819287046413642e-14,2.557585784266691,4.804083905617522e-11,0.0003269682811344468,1000000.0,1187693.3565594654
0.00011723661594592762,0.0001011798013017736,1.5779730652662636,361.031071257108,0.0,0.030021387005482753,292.6008282038127,5.309736748578376e-16,0.0,3.6803948101249284e-06,97.53861193586135,8.35037516275621e-15,2.2137689682696573e-14,7.666328326948895e-10,2.354809620247964e-24,2.451245737775324e-14,2.555606989082519,4.775637547209015e-11,0.00032696430663701543,1000000.0,1186331.707139659
0.00011725331269230474,0.00010120639275643059,1.6072047698214194,360.89716443178327,0.0,0.029997727441163784,292.3702507494442,5.289226937669751e-16,0.0,3.6774945583544845e-06,97.46174884195631,8.333788059202008e-15,2.2115333086364983e-14,7.659605520506268e-10,6.1916250647481446e-24,2.418918223842457e-14,2.5535931008789143,4.746861016158171e-11,0.00032696026019558274,1000000.0,1184947.157344181
0.00011727926242883299,0.00010124868252812328,1.652035782495887,360.6848027920365,0.0,0.02996015168159974,292.0040502069958,5.256356041210371e-16,0.0,3.672888410826603e-06,97.33967573313626,8.307838537975268e-15,2.2079938358388812e-14,7.648957145293345e-10,4.4947432591181585e-24,2.368572210494925e-14,2.5503946660860852,4.701513521386788e-11,0.0003269538306388834,1000000.0,1182750.7293057605
0.00011730521216536124,0.00010129212605282458,1.6961245743056614,360.4673742049295,0.0,0.029921616206877007,291.6284954945563,5.222309823315583e-16,0.0,3.6681646045797756e-06,97.2144844077329,8.281684776580834e-15,2.204377301478585e-14,7.638070568296619e-10,3.693963607047519e-24,2.317763542835429e-14,2.54711453097032,4.655451544639764e-11,0.000326947232937866,1000000.0,1180501.2619873027
0.00011733116190188948,0.00010133670392014336,1.7394583779892467,360.2449939838764,0.0,0.029882143314725634,291.24380392946637,5.187129722583582e-16,0.0,3.6633258730772645e-06,97.08624730857531,8.255330222189727e-15,2.2006858432170032e-14,7.62695164754866e-10,5.73522131884196e-24,2.2667755484060403e-14,2.5437545936045614,4.6087252144753825e-11,0.0003269404705844856,1000000.0,1178200.158435366
0.00011735711163841772,0.00010138239637577134,1.7820249921853855,360.0177784071414,0.0,0.0298417555996542,290.8501957221447,5.150858335615991e-16,0.0,3.6583749861720744e-06,96.95503784290142,8.228778535425871e-15,2.1969216181064876e-14,7.615606309280302e-10,4.046528614625668e-24,2.2160148314145032e-14,2.5403167773302084,4.5613842812329495e-11,0.00032693354712099907,1000000.0,1175848.8355232144
0.00011739646450222993,0.00010145377097261125,1.845087582433965,359.6642408162104,0.0,0.02977881305423951,290.23677206952647,5.093867883897377e-16,0.0,3.6506592143155055e-06,96.75055280376417,8.188145350694689e-15,2.1910791717180306e-14,7.597982427341675e-10,2.309552882060865e-24,2.1390921286785235e-14,2.534959069395049,4.4885289020585295e-11,0.00032692274827612037,1000000.0,1172190.4181637268
0.00011743581736604214,0.00010152759140017157,1.9063208283690998,359.3002642347523,0.0,0.02971389991427671,289.60414124467616,5.034623172449781e-16,0.0,3.642701850604115e-06,96.53966504551808,8.147082058274419e-15,2.185082011381857e-14,7.5798727014991e-10,3.3072697838403432e-24,2.0624276935570093e-14,2.529433603959764,4.4145426444208785e-11,0.000326911599853221,1000000.0,1168424.818624747
0.00011747517022985435,0.00010160378494491733,1.9656892522330944,358.92626392767704,0.0,0.029647097915492564,288.9530998670643,4.973282588739016e-16,0.0,3.6345129150853013e-06,96.32264012160648,8.105603976726777e-15,2.178937823861678e-14,7.561298451505123e-10,3.170013607233321e-24,1.9864653834986917e-14,2.5237473387841813,4.339591410726723e-11,0.00032690011472628514,1000000.0,1164557.102607051
0.00011751452309366655,0.00010168227756614155,2.023160190189076,358.54265802563845,0.0,0.02957848964834809,288.2844528893128,4.910006615739317e-16,0.0,3.62610253262259e-06,96.09974636333226,8.063727384404684e-15,2.1726543304052738e-14,7.542281176210378e-10,2.759185927202911e-24,1.9112887871110558e-14,2.517907304410764,4.26383707964511e-11,0.0003268883059323471,1000000.0,1160592.3656035967
0.00011755387595747876,0.0001017629940002881,2.0787037871934704,358.14986694682756,0.0,0.029508158387867033,287.59901193854967,4.844956895398353e-16,0.0,3.6174809120328504e-06,95.8712543269477,8.021469479714185e-15,2.1662392703698215e-14,7.522842510304835e-10,3.954841093489871e-24,1.8370373506933267e-14,2.5119205896778256,4.187437039034799e-11,0.0003268761866477168,1000000.0,1156535.722211643
0.00011759322882129097,0.00010184585786292482,2.1322929783677345,357.748312831367,0.0,0.029436187928926653,286.8975937109918,4.778295377733025e-16,0.0,3.608658325893015e-06,95.6374362584881,7.97884833202285e-15,2.1597003854462248e-14,7.50300418260791e-10,1.4189682902237453e-24,1.7640725716470286e-14,2.505794327697645,4.1105437399752864e-11,0.0003268637701653757,1000000.0,1152392.2958336486
0.00011763258168510318,0.0001019307917558915,2.1839034567598534,357.3384189590826,0.0,0.029362662420751157,286.18101835874535,4.71018350095418e-16,0.0,3.5996450902489177e-06,95.39856555601072,7.935882824653694e-15,2.153045403970458e-14,7.482787974305888e-10,1.064179829310165e-23,1.692159245445095e-14,2.4995356817666043,4.033304374653442e-11,0.0003268510698719148,1000000.0,1148167.208431279
0.00011769514738881477,0.00010206989365683976,2.2618311628910197,356.6706177053587,0.0,0.02924277313082974,285.0125808616194,4.59930246407105e-16,0.0,3.584948237416464e-06,95.00906641286743,7.866913160367814e-15,2.1422448229106354e-14,7.449922651769176e-10,2.6270940747710912e-23,1.5810353741687216e-14,2.4893304234318654,3.910138295165152e-11,0.0003268303269918108,1000000.0,1141294.353165136
0.00011773962731246039,0.00010217167225938457,2.3141172027601,356.1846236552576,0.0,0.02915546549127338,284.161680768869,4.51883797966877e-16,0.0,3.574245436909701e-06,94.72541850033974,7.817426529564425e-15,2.134416594845839e-14,7.42605829263452e-10,4.84044746907661e-24,1.5050846570336718e-14,2.4818985708221293,3.822557100872341e-11,0.0003268151944665916,1000000.0,1136301.7692790264
0.00011778410723610603,0.0001022757184518256,2.363789936710157,355.68998737010065,0.0,0.029066571733657585,283.29532049039,4.4372662244020605e-16,0.0,3.5633481749332896e-06,94.4366169282706,7.767597498956025e-15,2.126476315122684e-14,7.401814430127102e-10,0.0,1.4308801128103368e-14,2.4743316872940455,3.7351671429294105e-11,0.0003267997635540922,1000000.0,1131228.9787209767
0.00011782858715975166,0.00010238191563029875,2.4108324021312786,355.187316251651,0.0,0.028976212679659767,282.4146776161297,4.3548023589280904e-16,0.0,3.552271263461463e-06,94.14305424677522,7.717457638649085e-15,2.118434763645024e-14,7.377222091257228e-10,5.813353954118902e-23,1.3585453694141114e-14,2.466640058044402,3.648138855223661e-11,0.00032678405377926104,1000000.0,1126083.176107871
0.0001178730670833973,0.00010249014652190927,2.4552316565113497,354.6772142734462,0.0,0.028884508324207227,281.52092168078366,4.2716546778246355e-16,0.0,3.5410294131477974e-06,93.84512032074714,7.667039197280219e-15,2.1103025715727716e-14,7.352312037451801e-10,4.9681490173487164e-23,1.2900869565386776e-14,2.4588338979145505,3.561631951320697e-11,0.00032676808461742197,1000000.0,1120871.4686329027
0.00011791754700704292,0.00010260029333942691,2.4969786661756657,354.1602811861652,0.0,0.02879157762429461,280.61521210531646,4.1880239468148734e-16,0.0,3.5296372074332354e-06,93.54320164366337,7.616374975100246e-15,2.1020902027732648e-14,7.327114712508377e-10,3.059283128961428e-22,1.2195242283952483e-14,2.4509233334114344,3.4757953409471146e-11,0.0003267518754647587,1000000.0,1115600.8637137965
0.00011796202693068855,0.0001027122379683693,2.5360681745548206,353.6371115631937,0.0,0.028697538270343177,279.69869596829955,4.104102629752802e-16,0.0,3.5181090745134937e-06,93.2376805946587,7.565498186147016e-15,2.0938079349096506e-14,7.301660186283567e-10,0.0,1.176356473200543e-14,2.4429183832422114,3.3907671231199865e-11,0.00032673544560262645,1000000.0,1110278.2557653054
0.00011800650685433419,0.00010282586215032924,2.5724985635204085,353.1082938830003,0.0,0.02860250647118489,278.7725059100704,4.020074234846387e-16,0.0,3.5064592609771497e-06,92.92893473987645,7.514442320616436e-15,2.0854658423668583e-14,7.275978101957363e-10,3.0639845241390307e-21,1.0056090348503113e-14,2.434828940008955,3.3066746095120766e-11,0.0003267188141632967,1000000.0,1104910.4139449832
0.00011807733549354533,0.00010300996866090668,2.6250267733363764,352.2559959933265,0.0,0.02844941441253865,277.28045152789116,3.8864756571028194e-16,0.0,3.4876918868489206e-06,92.43155776905972,7.432855861038857e-15,2.0720829142471837e-14,7.234684873940466e-10,3.321533038803584e-20,2.6379397998870656e-15,2.42179717712491,3.174983621429904e-11,0.0003266919614259728,1000000.0,1096285.7869999642
0.00011814816413275648,0.00010319755774990986,2.67084323195363,351.39315708454245,0.0,0.028294548422470287,275.7711049437533,3.7536964508779735e-16,0.0,3.4687070077664425e-06,91.92841643532903,7.351036377309916e-15,2.0586117759781825e-14,7.19300350533255e-10,1.3338373917271463e-19,0.0,2.4086143822971158,3.0463739501294177e-11,0.00032666472100101595,1000000.0,1087589.254877642
0.00011821899277196763,0.00010338815554046516,2.7099930730755513,350.52203000684904,0.0,0.028138347915585945,274.24874898107487,3.6223247122213726e-16,0.0,3.449558493983904e-06,91.42093841971113,7.269118558473538e-15,2.045089399499265e-14,7.151045404598401e-10,3.579700299157433e-19,1.2614566643238169e-14,2.395317962164194,2.921197249338865e-11,0.00032663716677723824,1000000.0,1078845.8261821996
0.00011828982141117877,0.00010358129201589285,2.7425400738196455,349.64480676321034,0.0,0.027981237743407092,272.71752453165413,3.4928838672996733e-16,0.0,3.430298430509705e-06,90.91050409026604,7.187234910455461e-15,2.0315510732028295e-14,7.108918025981257e-10,8.280920896051882e-19,2.04352391039845e-14,2.381944083718815,2.7997437213106067e-11,0.0003266093708813887,1000000.0,1070079.4369376462
0.00011836065005038993,0.00010377650226931619,2.7685651315454565,348.7636136342392,0.0,0.027823627135310593,271.1814202321774,3.3658333896696646e-16,0.0,3.410976987256224e-06,90.39844306074681,7.105514742453322e-15,2.0180303377969382e-14,7.066724622553892e-10,2.2755322231978452e-18,0.0,2.368527584141238,2.682246000028012e-11,0.00032658140349553895,1000000.0,1061312.901504126
0.00011843147868960107,0.00010397332767686804,2.788164753507896,347.88050690326725,0.0,0.027665908832195406,269.64426401661694,3.24157026229734e-16,0.0,3.39164231278207e-06,89.88603137458752,7.024083271807729e-15,2.0045589417808263e-14,7.024564048009156e-10,0.0,5.780828694711904e-14,2.355101897016797,2.568883424235135e-11,0.00032655333269538875,1000000.0,1052567.8761433447
0.00011850230732881222,0.0001041713169676348,2.8014495714377854,346.9974693404206,0.0,0.027508458421959397,268.1097166482429,3.120431226409377e-16,0.0,3.3723404529430955e-06,89.3744893487967,6.943060851803638e-15,1.9911668163583934e-14,6.982530609650053e-10,2.949085479002399e-17,0.0,2.341698995844839,2.4597863927230297e-11,0.00032652522431469375,1000000.0,1043864.8356796297
0.00011857313596802337,0.00010437002717295225,2.808542900277911,346.11640746046373,0.0,0.027351633883629035,266.58126724267845,3.002695883644171e-16,0.0,3.3531152945550725e-06,88.86498008156602,6.862562323498487e-15,1.977882067788417e-14,6.940713972677515e-10,0.0,1.1820622588843966e-12,2.3283493549332595,2.3550411617771104e-11,0.0003264971418396659,1000000.0,1035223.0628632625
0.00011864396460723451,0.00010456902446475159,2.8095792989744006,345.2391498780018,0.0,0.027195775294108968,265.06223057504235,2.8885903705490895e-16,0.0,3.3340085316481766e-06,88.35860855460504,6.782696489415782e-15,1.9647309858119862e-14,6.899199110199217e-10,7.362212025599908e-16,0.0,2.315081925895858,2.254694512606423e-11,0.00032646914633029117,1000000.0,1026660.6501096603
0.00011871479324644566,0.00010476788490403573,2.8047033545069,344.3674449251691,0.0,0.02704120476698768,263.5557458811955,2.7782913407589725e-16,0.0,3.315059649905221e-06,87.85642123353621,6.703565705428071e-15,1.951738071670485e-14,6.858066291261364e-10,0.0,2.3019623588728146e-11,2.301924127120589,2.158758021207953e-11,0.000326441296362633,1000000.0,1018194.5065040035
0.0001187856218856568,0.00010496619510065896,2.794068189794253,343.5029615499308,0.0,0.026888226326597934,262.06477702236333,2.6719301355323483e-16,0.0,3.2963059295019974e-06,87.35940612277179,6.625265584492407e-15,1.9389260725695422e-14,6.81739110334207e-10,0.0,4.2853748047377215e-15,2.2889018453503045,2.0672132094110617e-11,0.0003264136479908063,1000000.0,1009840.3812141913
0.00011885645052486796,0.00010516355278152194,2.7778343201523756,342.6472885415787,0.0,0.026737126279540873,260.5921139151678,2.5695969989007257e-16,0.0,3.2777824628192853e-06,86.86849324221582,6.5478848036676125e-15,1.92631602373979e-14,6.777244506686253e-10,0.0,2.558583473869348e-14,2.2760394479480617,1.9800149929370345e-11,0.0003263862547275557,1000000.0,1001612.8876109883
0.00011892727916407911,0.00010535956727418683,2.756168599064274,341.80193414632,0.0,0.026588173248143412,259.14037505836524,2.471345325475984e-16,0.0,3.259522185907147e-06,86.38455546955316,6.471505003957475e-15,1.9139273044068912e-14,6.737692916050063e-10,0.0,2.2794698879499796e-14,2.263359805191755,1.897095993427986e-11,0.00032635916754223375,1000000.0,993525.5333840619
0.00011899810780329025,0.00010555385991504834,2.7292431388414604,340.96832687958283,0.0,0.02644161864771605,257.7120109798807,2.377195868013803e-16,0.0,3.2415559218996757e-06,85.90840968931977,6.3962007734986304e-15,1.9017776999904614e-14,6.698798305227159e-10,2.881610251396474e-23,2.913707209291318e-15,2.2508843202573403,1.818370309309e-11,0.0003263324348738664,1000000.0,985590.7580049629
0.0001190689364425014,0.00010574606438571082,2.697234270439041,340.14781703477814,0.0,0.026297697099188378,256.3093084772175,2.287140797519324e-16,0.0,3.2239124345429593e-06,85.44081820644524,6.322039705215178e-15,1.8898834683968363e-14,6.660618331024733e-10,7.65967490521927e-20,0.0,2.2386329662774993,1.743736797647794e-11,0.00032630610265731164,1000000.0,977819.9752156764
0.00011913976508171254,0.00010593582697985899,2.660321619598833,339.34167824108715,0.0,0.02615662693026684,254.93439554189254,2.2011475485323418e-16,0.0,3.2066184901854395e-06,84.9824903878154,6.249082519175171e-15,1.878259411070539e-14,6.623206473840821e-10,0.0,1.3078938421914713e-14,2.2266243293562975,1.673082223322329e-11,0.0003262802143610041,1000000.0,970223.617967368
0.0001192105937209237,0.00010612280680679585,2.6186872962237424,338.55110903779666,0.0,0.026018610735478565,253.58924683826672,2.1191624284714254e-16,0.0,3.18969892661524e-06,84.5340844886427,6.177383239069524e-15,1.866918946935222e-14,6.58661219149694e-10,0.0,1.4892443279201624e-15,2.2148756564239807,1.6062840573084233e-11,0.00032625481103467914,1000000.0,962811.1850334596
0.00011928142236013485,0.00010630667593982234,2.5725151559643664,337.77723471559966,0.0,0.025883835982600148,252.27568960227688,2.0411139795838064e-16,0.0,3.1731767271966344e-06,84.0962096188111,6.106989412879889e-15,1.8558741878500803e-14,6.550881082867923e-10,6.009147410794052e-20,0.0,2.2034029067559286,1.5432129310841116e-11,0.0003262299313653149,1000000.0,955591.2893433155
0.00011935225099934599,0.00010648711951542665,2.5219901160530482,337.0211095074748,0.0,0.025752475651171898,250.99540985127322,1.9669160767642778e-16,0.0,3.1570730989909543e-06,83.66942781292806,6.0379423691534166e-15,1.8451360152106416e-14,6.516055058520403e-10,0.0,1.1227249019143762e-14,2.192220806208665,1.4837348395330974e-11,0.00032620561173975085,1000000.0,948571.7077035177
0.00011942307963855714,0.00010666383578687107,2.467297536360192,336.28371899565394,0.0,0.025624688893111935,249.7499588218257,1.8964707478467915e-16,0.0,3.141407553766843e-06,83.25425617637005,5.970277501195859e-15,1.834714156765585e-14,6.482172516241104e-10,1.369947234700421e-19,2.6311829379092074e-14,2.1813429034482623,1.4277130733759846e-11,0.0003261818863127493,1000000.0,941759.4310795803
0.00011949390827776828,0.00010683653613604966,2.408622676362899,335.5659825992037,0.0,0.025500621707942293,248.54075955810976,1.8296707156296758e-16,0.0,3.126197990878843e-06,82.85116908152371,5.90402457207906e-15,1.8246172624401124e-14,6.449268519495672e-10,0.0,0.0,2.1707816274947502,1.3750098677212224e-11,0.00032615878707939716,1000000.0,935160.7146682511
0.00011956473691697943,0.00010700494504893424,2.3461502252134228,334.8687561001585,0.0,0.025380407625918828,247.3691135709848,1.7664016704668775e-16,0.0,3.111460781011872e-06,82.46060038759266,5.839208033509515e-15,1.8148529788469006e-14,6.417374976800528e-10,1.2284189623972641e-18,5.949257941326455e-14,2.1605483458833152,1.3254878423682526e-11,0.00032613634395064047,1000000.0,928781.1272801429
0.00011963556555619059,0.00010716880005998875,2.280063889861943,334.1928342729414,0.0,0.025264168390471478,246.2362074950603,1.7065442840812288e-16,0.0,3.097210849908767e-06,82.08294565973323,5.775847352633696e-15,1.805428022221479e-14,6.386520820181191e-10,0.0,0.0,2.150653422808398,1.2790111998873287e-11,0.0003261145848308421,1000000.0,922625.5999014876
0.00011970639419540173,0.00010732785167008134,2.2105460469322598,333.53895349336193,0.0,0.025152014637081287,245.1431196839701,1.6499759797862016e-16,0.0,3.0834617613196705e-06,81.71856436759195,5.7139573418531786e-15,1.7963482489674774e-14,6.356732181226327e-10,1.0914466953377106e-17,5.071768349991946e-13,2.1411062767253197,1.2354467249107062e-11,0.0003260935356964117,1000000.0,916698.4728415266
0.00011977722283461288,0.00010748186324082508,2.1377774209389884,332.90779465208067,0.0,0.025044046553629743,244.09082670122504,1.596572473949038e-16,0.0,3.070225798680722e-06,81.36778204903426,5.6535484875580645e-15,1.7876187233151675e-14,6.328032563687106e-10,0.0,0.0,2.1319154370476943,1.1946646470436135e-11,0.0003260732206748407,1000000.0,911003.5422019807
0.00011984805147382402,0.00010763061086959934,2.0619368684062063,332.299985528947,0.0,0.024940354541447062,243.08020966027874,1.5462091023191556e-16,0.0,3.057514044814788e-06,81.03089242360795,5.594627274052034e-15,1.7792437825250376e-14,6.300443011481123e-10,0.0,0.0,2.123088599511673,1.1565392696233911e-11,0.00032605366212329833,1000000.0,905544.103163078
0.00011991888011303517,0.00010777388324903706,1.983201163479277,331.7161036098374,0.0,0.02484101983813072,242.11206037571358,1.4987619529683283e-16,0.0,3.0453364593191956e-06,80.70815944304374,5.537196499489817e-15,1.7712270994675276e-14,6.2739822711685e-10,7.568970169615379e-18,2.7483930444230367e-14,2.1146326799093487,1.1209495560654138e-11,0.00032603488070614273,1000000.0,900322.9926953096
0.00011998970875224632,0.0001079114815134961,1.9017448259370013,331.15667889446854,0.0,0.024746115126852285,241.18708730038588,1.4541088242521674e-16,0.0,3.0337019532629695e-06,80.39981927040513,5.481255581720771e-15,1.7635717406514343e-14,6.24866694830317e-10,6.7532507844285445e-18,2.4694230412330684e-14,2.1065538659442526,1.0877795263180255e-11,0.0003260168954708945,1000000.0,895342.630367086
0.00012010108565449383,0.00010811593091180492,1.7685671401170404,330.3276131102047,0.0,0.024605992370746756,239.82140420566682,1.3892563743031108e-16,0.0,3.0165241037941177e-06,79.9445682231796,5.39629295181714e-15,1.7522705103042605e-14,6.21121028234673e-10,0.0,8.823408205579314e-16,2.094625843438983,1.0402497427492016e-11,0.00032599026597945354,1000000.0,888002.8214198533
0.00012021246255674133,0.00010830522697845051,1.6297442442603507,329.56188736529776,0.0,0.02447719678943583,238.56611993412082,1.3305687650403333e-16,0.0,3.0007348739548163e-06,79.5261186711521,5.314976459651533e-15,1.7418761581881252e-14,6.176669243550761e-10,0.0,0.0,2.083662056085114,9.980295057638612e-12,0.0003259657088460813,1000000.0,881269.5208468918
0.00012025006527564891,0.00010836560850638518,1.5817139157888407,329.31792818871315,0.0,0.024436302782678578,238.16755358007558,1.3120714988255876e-16,0.0,2.9957216224531667e-06,79.39325640553886,5.288338826047945e-15,1.73857252981421e-14,6.165672864365485e-10,4.009775465838404e-20,5.781966657189489e-15,2.0801809348364224,9.8490865858757e-12,0.00032595789534783546,1000000.0,879134.0316782434
0.00012028766799455649,0.00010842417362473638,1.5331376989465553,329.0814051398202,0.0,0.024396725928399195,237.78182470554987,1.294212642599279e-16,0.0,2.990869843471881e-06,79.2646735192457,5.262110070860756e-15,1.7353729577503117e-14,6.155014412360342e-10,0.0,0.0,2.076811937509659,9.723377697788493e-12,0.00032595032592659434,1000000.0,877068.3324348051
0.00012029159660477783,0.00010843018669806675,1.5280320956012272,329.0571249060485,0.0,0.024392667281256688,237.74226781732602,1.2923830169369173e-16,0.0,2.9903722886048358e-06,79.25148721353581,5.259393281475457e-15,1.7350446846739856e-14,6.153920394560975e-10,7.132567567780348e-21,1.522869521579235e-15,2.076466443408782,9.710556211812251e-12,0.0003259495492505799,1000000.0,876856.5461435989
0.00012029552521499916,0.00010843617970232189,1.522920819311385,329.0329246160999,0.0,0.024388623075743878,237.70285168290707,1.290560175069483e-16,0.0,2.98987650416877e-06,79.23834782816732,5.25668092956807e-15,1.7347175483697574e-14,6.152830078703e-10,0.0,0.0,2.0761221786667226,9.697792927253401e-12,0.0003259487752594774,1000000.0,876645.5181985918
0.00012029945382522051,0.00010844215261525694,1.5178038910323384,329.0088021335598,0.0,0.02438459331764574,237.66357635859865,1.2887440993145845e-16,0.0,2.989382490871914e-06,79.22525538190973,5.25397301266657e-15,1.7343915482523295e-14,6.151743465972217e-10,4.215226415293083e-20,5.2227004796279844e-15,2.0757791437752515,9.685087051637302e-12,0.000325948003955182,1000000.0,876435.2428441292
0.00012030338243544184,0.0001084481054147168,1.5126813365496399,328.9847571099628,0.0,0.024380578012678476,237.62444190033017,1.2869347716248196e-16,0.0,2.988890249417765e-06,79.21220989340718,5.25126952831521e-15,1.734066683566642e-14,6.150660557546287e-10,0.0,0.0,2.0754373392228844,9.67243786047154e-12,0.0003259472353395832,1000000.0,876225.7191278705
0.00012030731104566318,0.00010845403807864981,1.5075531839647862,328.96079004079866,0.0,0.02437657716655721,237.58544836356597,1.2851321737932001e-16,0.0,2.9883997805039597e-06,79.19921138114869,5.248570474046245e-15,1.7337429538011424e-14,6.149581354591291e-10,3.4858865187017554e-20,4.536627879154515e-15,2.0750967654940276,9.659845086489134e-12,0.0003259464694145603,1000000.0,876016.9483624905
0.00012031123965588451,0.00010845995058511663,1.50241946078778,328.9369012002357,0.0,0.024372590784895124,237.54659580324895,1.2833362877180633e-16,0.0,2.9879110848215845e-06,79.18625986344946,5.245875847361375e-15,1.7334203588251757e-14,6.148505858259498e-10,0.0,0.0,2.074757423068581,9.647308773399435e-12,0.0003259457061819795,1000000.0,875808.9312645604
0.00012031516826610584,0.00010846584291228705,1.497280193443589,328.9130904663754,0.0,0.024368618873309034,237.5078842738224,1.2815470954894239e-16,0.0,2.9874241630554333e-06,79.1733553584583,5.2431856457372835e-15,1.7330988986722252e-14,6.147434069690134e-10,1.0442260595448235e-19,1.1549910280093621e-14,2.0744193124220285,9.634828866701192e-12,0.0003259449456436943,1000000.0,875601.6674862138
0.00012031909687632719,0.00010847171503843356,1.4921354082473666,328.88935769916435,0.0,0.024364661437290526,237.46931382927457,1.279764579259316e-16,0.0,2.9869390158845878e-06,79.16049788417212,5.240499866639742e-15,1.732778573282123e-14,6.146365990011086e-10,0.0,0.0,2.074082434025954,9.622405093074012e-12,0.00032594418780154807,1000000.0,875395.1566301147
0.00012032302548654852,0.0001084775669419304,1.4869851320267726,328.86570295667696,0.0,0.024360718482394784,237.43088452314552,1.2779887211245907e-16,0.0,2.986455643982479e-06,79.14768745843857,5.237818507525807e-15,1.7324593825268236e-14,6.145301620339193e-10,1.9824791086033486e-19,1.9337606850210597e-14,2.073746788347922,9.610037201999816e-12,0.00032594343265737464,1000000.0,875189.3988297015
0.00012032695409676986,0.00010848339860125703,1.4818293918206586,328.8421263886146,0.0,0.02435679001397697,237.3925964085063,1.2762195031762672e-16,0.0,2.9859740480166583e-06,79.13492409894886,5.235141565835618e-15,1.732141326379025e-14,6.144240961779362e-10,0.0,0.0,2.0734123758515484,9.597725118782061e-12,0.0003259426802129968,1000000.0,874984.3944630345
0.0001203308827069912,0.00010848920999500025,1.4766682145211774,328.81862808085697,0.0,0.024352876037546795,237.35444953794632,1.2744569076166928e-16,0.0,2.9854942286485895e-06,79.12220782323374,5.232469038987477e-15,1.7318244049419147e-14,6.143184015424051e-10,4.399493237481969e-19,3.7160464950810586e-14,2.0730791969960416,9.585468812445122e-12,0.00032594193047022507,1000000.0,874780.1437356899
0.00012033686031893809,0.00010849801344858174,1.4688048091056596,328.78302426808835,0.0,0.024346948504308484,237.29667789941433,1.2717876788471805e-16,0.0,2.984767564817838e-06,79.1029496226709,5.22841109526421e-15,1.7313443672638485e-14,6.141582933001535e-10,1.6863758312384293e-19,1.1178533903810687e-14,2.0725746133140546,9.566926824627864e-12,0.0003259407948790948,1000000.0,874470.8102163473
0.00012034283793088498,0.00010850676986057326,1.4609289718400071,328.7476018457086,0.0,0.02434105455293606,237.23923356301353,1.2691336788816422e-16,0.0,2.9840450178622265e-06,79.0838005284143,5.224363357275752e-15,1.7308669570365267e-14,6.139990451110364e-10,1.2397422739503638e-19,9.069119345033163e-15,2.0720728883239508,9.548513073483468e-12,0.000325939665553019,1000000.0,874163.2218769527
0.00012034881554283187,0.00010851547915694402,1.4530407964109933,328.71236085149275,0.0,0.02433519420182474,237.18211670782574,1.26649484596336e-16,0.0,2.983326590034241e-06,79.06476060016091,5.220325815709058e-15,1.730392174450726e-14,6.138406573441915e-10,3.4228651082933753e-19,2.1676612652031072e-14,2.0715740235898275,9.530227020131436e-12,0.0003259385424982298,1000000.0,873857.378717509
0.00012035479315477875,0.00010852414126422191,1.4451403765833295,328.6773014095996,0.0,0.024329367469075217,237.12532751049923,1.263871118522751e-16,0.0,2.982612283555775e-06,79.04582989679653,5.216298461171008e-15,1.729920019670525e-14,6.136831303625974e-10,0.0,5.118209466720003e-16,2.07107802065457,9.51206825137184e-12,0.0003259374257209018,1000000.0,873553.2809641816
0.00012036077076672564,0.00010853275610949398,1.4372278061973924,328.6424237335847,0.0,0.024323574372604427,237.06886614525743,1.261262435251925e-16,0.0,2.9819021006182622e-06,79.02700847639859,5.212281284186589e-15,1.7294504928671425e-14,6.135264645230835e-10,1.8934481704115925e-19,1.8696791144686696e-15,2.0705848810398226,9.494036355532832e-12,0.00032593631522715225,1000000.0,873250.9290771335
0.00012036674837867253,0.00010854132362040808,1.4293031789446045,328.6077280316296,0.0,0.024317814929955637,237.01273278389934,1.25866873520299e-16,0.0,2.981196043382668e-06,79.00829639623636,5.208274275194176e-15,1.72898359424722e-14,6.133706601763102e-10,0.0,0.0,2.070094606246176,9.476130867115512e-12,0.00032593521102304004,1000000.0,872950.3234964786
0.00012037272599061942,0.0001085498437251726,1.4213665883333786,328.57321445681845,0.0,0.02431208915855293,236.95692759581218,1.2560899577811693e-16,0.0,2.9804941139795544e-06,78.98969371277519,5.204277424545296e-15,1.7285193240326594e-14,6.13215717666796e-10,8.342011256464918e-19,2.8056384511549467e-14,2.0696071977530317,9.458351320826518e-12,0.00032593411311456573,1000000.0,872651.4645092491
0.00012038194742951589,0.00010856289423344534,1.4090998592970725,328.52032918773455,0.0,0.024303322301374837,236.87148302558896,1.2521409012889878e-16,0.0,2.9794193741886804e-06,78.96121072852537,5.1981315325330864e-15,1.7278082670426792e-14,6.129783846867706e-10,3.5282868742032536e-19,7.525784617297822e-15,2.068860915720096,9.431169455131972e-12,0.00032593243177310514,1000000.0,872193.851996171
0.00012039116886841237,0.00010857583149589465,1.3968052238768112,328.46787821236694,0.0,0.02429463567771927,236.7868204436397,1.2482269943442803e-16,0.0,2.978354470410985e-06,78.93298842040306,5.192009756149964e-15,1.727103466161382e-14,6.127431047324385e-10,2.6908809219789066e-19,6.2994171057329526e-15,2.0681214636565652,9.404284647727421e-12,0.00032593076544973484,1000000.0,871740.3975579208
0.00012040039030730885,0.0001085886552567587,1.384483023493666,328.41586202185925,0.0,0.024286029348056112,236.70294043874543,1.2443480186488087e-16,0.0,2.9772994100521976e-06,78.90502698467864,5.1859120588433835e-15,1.7264049218698635e-14,6.12509878984612e-10,8.241694050930113e-19,1.8018284054469383e-14,2.0673888467048496,9.377695269046622e-12,0.00032592911416568453,1000000.0,871291.1019858111
0.00012040961174620533,0.00010860136526342065,1.372133598923934,328.3642811241199,0.0,0.02427750337145378,236.6198435865405,1.2405037575975085e-16,0.0,2.9762542003527114e-06,78.87732661324007,5.179838403616904e-15,1.7257126345935245e-14,6.122787085907352e-10,0.0,1.3774632607024298e-14,2.066663069892586,9.35139968219109e-12,0.00032592747794186366,1000000.0,870845.9660877277
0.00012041883318510182,0.00010861396126640251,1.3597572902394683,328.31313605078424,0.0,0.024269057805602675,236.53753044964628,1.2366939962583455e-16,0.0,2.9752188483893426e-06,78.84988749363744,5.173788753036942e-15,1.7250266046858895e-14,6.120495946652261e-10,7.582400919097823e-19,0.0,2.0659441381337995,9.325396288108831e-12,0.00032592585679886365,1000000.0,870404.9907072628
0.00012044016728429844,0.00010864266420334847,1.331023120121819,328.1964834914183,0.0,0.024249827235637546,236.3501033008259,1.228011054045116e-16,0.0,2.972861350256308e-06,78.78740857292867,5.159884489356768e-15,1.723463437946593e-14,6.11527420448215e-10,1.999361939721279e-18,7.735330827873717e-15,2.0643071293299005,9.266347949363282e-12,0.00032592216414743564,1000000.0,869400.7309027908
0.00012046150138349506,0.00010867075264429445,1.3021510589655112,328.0821723755312,0.0,0.024231028029950318,236.1668804011573,1.219509025403549e-16,0.0,2.970556734053714e-06,78.72633114048307,5.146108027975511e-15,1.721933766659059e-14,6.110162718034866e-10,5.387909986067064e-18,2.8692314922691336e-14,2.0627068408883944,9.208836082895331e-12,0.00032591855256763083,1000000.0,868418.7519973018
0.00012048283548269169,0.00010869822369198264,1.2731452761711455,327.9702085991478,0.0,0.024212660823211104,235.98786794137555,1.211185352662529e-16,0.0,2.9683050776505168e-06,78.66665725998476,5.132458879717562e-15,1.7204375907714005e-14,6.105161605614655e-10,5.2557350261355684e-18,1.963422076754669e-14,2.0611433268802504,9.152841967408492e-12,0.00032591502229516785,1000000.0,867459.0610113719
0.00012050416958188831,0.00010872507453791732,1.2440099222645684,327.8605976998205,0.0,0.024194726214690838,235.81307176376572,1.203037526051857e-16,0.0,2.9661064545324354e-06,78.60838887896199,5.118936544182663e-15,1.718974908295133e-14,6.100270976689976e-10,5.4518898634689925e-19,3.1509699525663665e-15,2.0596166383326917,9.098347241452415e-12,0.00032591157355697494,1000000.0,866521.6633306416
0.00012052550368108493,0.00010875130246193477,1.2147491291667285,327.75334488034576,0.0,0.02417722476898438,235.64249737046495,1.1950630832344498e-16,0.0,2.9639609339063506e-06,78.55152783155457,5.105540510218922e-15,1.7175457153123162e-14,6.095490932107563e-10,8.8809275598421e-19,0.0,2.0581268233018277,9.045333973564329e-12,0.00032590820657131314,1000000.0,865606.5628097036
0.00012056411318790444,0.0001087971763838305,1.1614885850646437,327.5652547957348,0.0,0.024146654429818545,235.34454970548654,1.1810643477389113e-16,0.0,2.960213285456421e-06,78.45220684922072,5.08161639199307e-15,1.715044352017836e-14,6.087121671593792e-10,2.945754741785785e-18,2.551506319173713e-15,2.0555245164662046,8.95310330526534e-12,0.0003259023216762921,1000000.0,864007.1524979288
0.00012060272269472394,0.0001088409866602933,1.1078548906020653,327.3849315362255,0.0,0.024117507378358282,235.06047399554762,1.1676116700190064e-16,0.0,2.9566401213770774e-06,78.35751008906584,5.058101053125645e-15,1.712652605495983e-14,6.079115376411008e-10,3.0904893476928932e-18,6.166595028197478e-17,2.0530433687724656,8.865567513568993e-12,0.0003258967063932267,1000000.0,862480.7838285839
0.00012065589068513006,0.0001088979133855641,1.0334310625594663,327.149371216161,0.0,0.024079703937218925,234.69203087099268,1.1499554527357044e-16,0.0,2.9520057661970167e-06,78.23468941493769,5.026381794434628e-15,1.709538288066264e-14,6.068684926686299e-10,7.047119568298205e-18,1.6989849956100843e-16,2.049825347038283,8.752533129259395e-12,0.00032588941701168364,1000000.0,860498.4005616703
0.00012070905867553619,0.00010895086692215749,0.9584073641676677,326.92864328428686,0.0,0.024044609835091147,234.3499941142068,1.1332757471604405e-16,0.0,2.9477035558697568e-06,78.12067131486285,4.995422680276275e-15,1.7066314885231124e-14,6.058944297435835e-10,1.7188175106368495e-17,1.3067489497551563e-15,2.046837961350188,8.647984644883688e-12,0.00032588264350861553,1000000.0,858654.4613476936
0.00012076222666594233,0.00010899981701975097,0.8828453336439261,326.72279564151415,0.0,0.024012229535096977,234.0344072305089,1.117540688642162e-16,0.0,2.9437340376135568e-06,78.01547029135787,4.965214596895505e-15,1.7039319293340378e-14,6.049893995271293e-10,1.2132088366652035e-17,0.0,2.0440815916878305,8.551701393669327e-12,0.0003258763881431708,1000000.0,856948.8748772879
0.00012081539465634846,0.00010904473668033214,0.8068058905021543,326.5318675632593,0.0,0.023982566443394537,233.74530342483712,1.1027200898102441e-16,0.0,2.9400976290865466e-06,77.91909741330302,4.9357481718173156e-15,1.7014392839639575e-14,6.041534266495201e-10,0.0,4.755821713741169e-17,2.041556528066394,8.463478099904729e-12,0.000325870652880576,1000000.0,855381.5153958332
0.0001208685626467546,0.00010908560212478227,0.7303493653827572,326.3558900554892,0.0,0.023955622963737624,233.48270613694396,1.0887854040706096e-16,0.0,2.936794625119178e-06,77.8315604943497,4.907013804164607e-15,1.699153181192815e-14,6.033865110722536e-10,0.0,0.0,2.0392629752113987,8.383124668636904e-12,0.00032586543940000856,1000000.0,853952.2260571445
0.00012092173063716072,0.00010912239276637285,0.6535355286036133,326.19488590458593,0.0,0.02393140054420099,233.2466294928685,1.075709690405508e-16,0.0,2.933825203392302e-06,77.75286424341894,4.87900168955349e-15,1.697073208620047e-14,6.02688629232543e-10,0.0,5.125946681931052e-15,2.0372010565015013,8.31046585893586e-12,0.00032586074910035475,1000000.0,852660.82108593
0.00012097489862756685,0.00010915509118436462,0.5764236199686399,326.0488697357874,0.0,0.023909899719843513,233.03707871765522,1.0634675780113365e-16,0.0,2.931189429627942e-06,77.68301040228144,4.851701843761289e-15,1.6951989160261326e-14,6.020597350863861e-10,2.591860582640866e-17,0.0,2.0353708175729057,8.245340948551173e-12,0.0003258565831057067,1000000.0,851507.0877527484
0.00012108295798624489,0.00010920888163039425,0.4190246048411177,325.79831053200394,0.0,0.023874585610101275,232.69290354464565,1.0410581962311877e-16,0.0,2.9268603218471852e-06,77.56827946013833,4.798370016647721e-15,1.692021349251392e-14,6.009938498346764e-10,0.0,7.097701839730338e-15,2.0323647547259385,8.135604435912301e-12,0.0003258497350180067,1000000.0,849585.4606301498
0.00012116168124523634,0.0001092373427075416,0.3040131370742548,325.6547480570724,0.0,0.023855928433597354,232.51107107373508,1.0267348412152733e-16,0.0,2.9245731947475408e-06,77.50766552761225,4.761293215916895e-15,1.690237544158077e-14,6.003961073620634e-10,0.0,7.867321688612523e-15,2.030776610436831,8.074269641966665e-12,0.0003258461140975137,1000000.0,848541.6572803523
0.00012124040450422781,0.00010925674534739983,0.18892172123586984,325.54397666164226,0.0,0.0238432202143347,232.38721984325704,1.0140290214846327e-16,0.0,2.923015367894548e-06,77.46637966651903,4.725675543974742e-15,1.6888993204122984e-14,5.999485872494463e-10,8.770448457693517e-17,0.0,2.029694880514369,8.02824422969431e-12,0.00032584364650644585,1000000.0,847796.949088508
0.00012131912776321927,0.00010926709052606494,0.07393484080942712,325.46590298999524,0.0,0.023836447656151262,232.32122029095834,1.002885505832002e-16,0.0,2.9221852116271987e-06,77.44437868722544,4.6914825442586796e-15,1.688004657691358e-14,5.996507694669779e-10,0.0,8.40632940133174e-15,2.029118433348169,7.997260968281131e-12,0.00032584233105667634,1000000.0,847350.253871291
0.00012139785102221074,0.00010926839368509656,-0.040764459538157674,325.42039926146117,0.0,0.02383559391204557,232.31290824777184,9.932555020586312e-17,0.0,2.922080660992146e-06,77.44160786390188,4.658679504318632e-15,1.6875514128482293e-14,5.995020461657115e-10,0.0,7.790497016477905e-15,2.0290458350684126,7.981113929636475e-12,0.00032584216536068035,1000000.0,847200.4045130124
0.0001214765742812022,0.0001092606846283135,-0.15499434749793076,325.4073034739668,0.0,0.023840638622794882,232.362085308694,9.850964632133943e-17,0.0,2.9226992204079198e-06,77.45800105815468,4.627231538536593e-15,1.6875373203357556e-14,5.995017224466905e-10,0.0,4.490656762779869e-14,2.029475352784555,7.979656829612001e-12,0.0003258431458376646,1000000.0,847346.1496655557
0.00012155529754019367,0.00010924400743405783,-0.26857398180021297,325.42641966263494,0.0,0.02385155791001498,232.46851876950447,9.783719068371492e-17,0.0,2.9240379628756505e-06,77.49348069793149,4.597103660764241e-15,1.6879599889377394e-14,5.996490160132796e-10,4.728648251249169e-16,0.0,2.0304049540330564,7.992801628558225e-12,0.0003258452677135572,1000000.0,847786.152478975
0.00012163402079918512,0.00010921842038479854,-0.3813232925510951,325.4775179778792,0.0,0.02386832432497293,232.6319411221912,9.730512489527427e-17,0.0,2.9260935236190084e-06,77.54795760932105,4.568260846574525e-15,1.688816895436787e-14,5.99943055691174e-10,0.0,1.8543608275393287e-13,2.0318323023697764,8.020517072084168e-12,0.0003258485250145765,1000000.0,848518.9867271085
0.00012171274405817659,0.00010918399591421916,-0.4930627867088999,325.5603346757717,0.0,0.023890906749656382,232.85204911143305,9.691096574489088e-17,0.0,2.92886208824031e-06,77.6213307020312,4.540668085969173e-15,1.6901053743739193e-14,6.003828788252506e-10,2.5167816033763e-15,0.0,2.033754749131311,8.062827582593653e-12,0.00032585291055454605,1000000.0,849543.1305833572
0.00012179146731716805,0.00010914082057037208,-0.6036133477669078,325.6745716092359,0.0,0.023919270259551647,233.12850236300122,9.665279225280863e-17,0.0,2.932339375436545e-06,77.71348651216599,4.514290427529442e-15,1.691822603148892e-14,6.009674275844594e-10,3.3410419259764222e-16,0.0,2.036169321451768,8.119811848219012e-12,0.0003258584159164135,1000000.0,850856.9570006499
0.00012187019057615952,0.00010908899499286411,-0.7127960681003007,325.81989578487577,0.0,0.02395337593783635,233.46092159761878,9.652923426476919e-17,0.0,2.9365206145411895e-06,77.82429860681488,4.489093016598584e-15,1.6939655847158197e-14,6.016955442123729e-10,0.0,1.987575212733586e-14,2.039072706664984,8.191601628211778e-12,0.0003258650314282858,1000000.0,852458.7222164631
0.00012194891383515099,0.0001090286339023243,-0.8204321000469703,325.9959388182978,0.0,0.023993180650867266,233.8488864409486,9.653946249626115e-17,0.0,2.9414005179928035e-06,77.95362685401145,4.465041128613036e-15,1.6965311264623196e-14,6.025659652533577e-10,0.0,4.506031738540469e-14,2.042461233176507,8.278380643607196e-12,0.0003258727461341597,1000000.0,854346.5519679895
0.00012202763709414245,0.00010895986610095529,-0.926342521213897,326.2022961749542,0.0,0.024038636782791598,234.29193283601924,9.668317996596757e-17,0.0,2.9469732487879535e-06,78.10131656016421,4.442100198250737e-15,1.6995158153348136e-14,6.035773147734387e-10,0.0,6.443562206343296e-14,2.046330847863342,8.380383308786588e-12,0.0003258815477595393,1000000.0,856518.425121772
0.00012210636035313392,0.00010888283448294587,-1.0303482210151702,326.4385262294827,0.0,0.024089691930232412,234.7895500639029,9.696061466235379e-17,0.0,2.95323238301212e-06,78.26719747689852,4.4202358455314416e-15,1.7029159897773337e-14,6.047280965940297e-10,8.189553428500638e-16,0.0,2.050677090051861,8.497893420277347e-12,0.0003258914226721986,1000000.0,858972.1547983037
0.00012218508361212538,0.000108797696052897,-1.1322698152395758,326.7041492067447,0.0,0.02414628855769704,235.3411773821006,9.737251319795313e-17,0.0,2.960170867532283e-06,78.45108268046073,4.399413899336967e-15,1.7067277083187378e-14,6.060166855661816e-10,3.0687474741533755e-16,0.0,2.0554950621567634,8.631242746057824e-12,0.000325902355838417,1000000.0,861705.3671619904
0.00012226380687111683,0.00010870462194983217,-1.2319275912405772,326.9986460299577,0.0,0.02420836361421644,235.94620029380727,9.792013516939823e-17,0.0,2.9677809730677513e-06,78.65276732807614,4.379600420234617e-15,1.710946714633597e-14,6.074413179225355e-10,0.0,2.9005884587257956e-14,2.06077939709701,8.780809444092294e-12,0.0003259143307750546,1000000.0,864715.4779590013
0.0001223425301301083,0.00010860379747418898,-1.3291414851010732,327.32145707973024,0.0,0.02427584811414924,236.6039464627187,9.86052479254472e-17,0.0,2.9760542428270637e-06,78.87202729614813,4.360761723670821e-15,1.715568399406017e-14,6.090000807480674e-10,5.706484986324955e-16,0.0,2.066524222615349,8.947016269477462e-12,0.00032592732949784887,1000000.0,867999.666832349
0.00012242125338909977,0.00010849542211528681,-1.4237310905806102,327.67198082512317,0.0,0.024348666683474064,237.31368128814992,9.943012137844301e-17,0.0,2.9849814368496666e-06,79.10861770522193,4.342864403643225e-15,1.720587759078685e-14,6.106909006112438e-10,0.0,0.0,2.0727231226306255,9.130328473106585e-12,0.00032594133246635523,1000000.0,871554.8493284346
0.00012249997664809124,0.00010837970957668006,-1.5155157045059986,328.0495723627778,0.0,0.024426737072339666,238.07460315691964,1.0039752241573956e-16,0.0,2.9945524722824644e-06,79.36227133719835,4.325875358035335e-15,1.725999351450229e-14,6.125115314017933e-10,1.39578101944899e-15,0.0,2.0793690957675124,9.33125134909877e-12,0.00032595631852596924,1000000.0,875377.6467138086
0.00012250509360747983,0.00010837193973466595,-1.521380246663997,328.07503625638094,0.0,0.024431991279479235,238.12581386755136,1.004654109332729e-16,0.0,2.9951966113803057e-06,79.37934244959654,4.324801735981392e-15,1.7263645389923094e-14,6.126343073660252e-10,0.0,7.15848968763475e-16,2.079816375601557,9.344933476402568e-12,0.0003259573261023976,1000000.0,875635.3023727475
0.00012251021056686843,0.00010836413991640704,-1.5272321247640206,328.10061112978417,0.0,0.02443726727341451,238.17723692403715,1.0053391617412917e-16,0.0,2.9958434214086413e-06,79.39648434757643,4.323731803773932e-15,1.7267313570758652e-14,6.127576208703271e-10,0.0,6.803806218943388e-16,2.0802655100870378,9.35869239335047e-12,0.00032595833772993825,1000000.0,875894.0713181988
0.00012251532752625703,0.00010835631018681562,-1.533071296574274,328.1262941843984,0.0,0.024442565028267988,238.2288720742552,1.0060303908076721e-16,0.0,2.996492899196589e-06,79.4136969470932,4.322665552512906e-15,1.727099803547511e-14,6.128814712156963e-10,1.5831100400581207e-19,6.814993665672144e-16,2.080716497021904,9.372527767216851e-12,0.00032595935340204034,1000000.0,876153.9454731108
0.00012252044448564562,0.00010834845061101858,-1.5388977207272938,328.15208243605065,0.0,0.024447884518053492,238.28071906495288,1.0067278053368538e-16,0.0,2.997145041558742e-06,79.4309801637249,4.321602973362506e-15,1.7274698755655905e-14,6.1300585770054e-10,0.0,6.843463707430258e-16,2.0811693341942195,9.386438747739508e-12,0.00032596037311211876,1000000.0,876414.9162513167
0.00012252556144503425,0.00010834056125436243,-1.544711350490265,328.17797491956594,0.0,0.024453225716667224,238.33277764170717,1.0074314134271297e-16,0.0,2.9977998452948468e-06,79.44833391265954,4.320544057542755e-15,1.7278415700497252e-14,6.131307796205203e-10,3.5031278152474587e-22,6.862188971154925e-16,2.081624019381827,9.400424680011558e-12,0.0003259613968535541,1000000.0,876676.9804933346
0.00012253067840442284,0.00010833264218243869,-1.5505121352013234,328.20397208898106,0.0,0.024458588597866864,238.38504754875143,1.0081412228987382e-16,0.0,2.9984573071877842e-06,79.46575810863717,4.319488796287876e-15,1.728214884408583e-14,6.132562362678846e-10,0.0,6.883487077830317e-16,2.0820805503508306,9.41448565946359e-12,0.00032596242461969515,1000000.0,876940.1388562038
0.00012253579536381144,0.00010832469346110213,-1.55630002451748,328.23007423988724,0.0,0.024463973135258145,238.43752852884856,1.0088572418427246e-16,0.0,2.9991174240019976e-06,79.48325266590771,4.318437180816004e-15,1.728589816721772e-14,6.133822269309861e-10,0.0,6.904402885120979e-16,2.0825389248544957,9.428622177726194e-12,0.00032596345640386107,1000000.0,877204.3915669882
0.00012254091232320003,0.00010831671515646675,-1.5620749698711989,328.25628100445164,0.0,0.024469379302297943,238.49022032331087,1.0095794787323229e-16,0.0,2.99978019248369e-06,79.50081749823754,4.317389202336187e-15,1.7289663652780678e-14,6.135087508943763e-10,4.722379615420202e-21,6.926214802137549e-16,2.082999140633417,9.442834468878462e-12,0.00032596449219934084,1000000.0,877469.7370616463
0.00012254602928258863,0.00010830870733489296,-1.5678369231703009,328.28259185935104,0.0,0.02447480707230292,238.54312267207845,1.010307942128017e-16,0.0,3.000445609361767e-06,79.51845251893553,4.316344852070318e-15,1.7293445281626025e-14,6.136358074391168e-10,0.0,6.948369118802084e-16,2.0834611954162034,9.457122465472333e-12,0.00032596553199939164,1000000.0,877736.1733523164
0.00012255114624197723,0.00010830067006298409,-1.5735858356061627,328.30900656211526,0.0,0.024480256418450884,238.59623531373614,1.0110426404692296e-16,0.0,3.001113671348079e-06,79.53615764085883,4.315304121258874e-15,1.72972430332249e-14,6.1376339584285e-10,0.0,6.970138891204224e-16,2.083925086919625,9.471486195278995e-12,0.0003259665757972388,1000000.0,878003.6992032109
0.00012255626320136585,0.00010829260340759284,-1.5793216578222806,328.3355250683142,0.0,0.02448572731377534,238.64955798546384,1.0117835821916695e-16,0.0,3.0017843751368123e-06,79.55393277639627,4.314267001149523e-15,1.730105688831211e-14,6.138915153796144e-10,6.8687708137435145e-22,6.992259238951871e-16,2.084390812848184,9.485925913405171e-12,0.00032596762358607604,1000000.0,878272.3139079671
0.00012256138016075445,0.00010828450743582656,-1.5850443405845653,328.36214727449214,0.0,0.02449121973116124,238.70309042299561,1.0125307759272713e-16,0.0,3.002457717403982e-06,79.57177783745466,4.3132334829879995e-15,1.730488682937328e-14,6.140201653196931e-10,0.0,7.014490836102929e-16,2.0848583708937536,9.500441880547537e-12,0.0003259686753590662,1000000.0,878542.016596768
0.00012256649712014304,0.0001082763822150461,-1.59075383498332,328.3888729512971,0.0,0.024496733643345286,238.75683236062068,1.0132842305141535e-16,0.0,3.0031336948074262e-06,79.58969273545924,4.312203558020739e-15,1.7308732838997505e-14,6.141493449296306e-10,2.8474161730989656e-22,7.036769122012352e-16,2.085327758735587,9.515034221296947e-12,0.00032596973110934083,1000000.0,878812.806055763
0.00012257161407953164,0.00010826822781286186,-1.5964500921866387,328.41570184468355,0.0,0.02450226902291805,238.81078353120313,1.0140439548708614e-16,0.0,3.0038123039870524e-06,79.60767738136009,4.3111772175017056e-15,1.7312594898750653e-14,6.142790534723165e-10,2.0431890619219495e-22,7.059334473153654e-16,2.0857989740404905,9.529703023836308e-12,0.00032597079082999987,1000000.0,879084.6809998195
0.00012257673103892024,0.0001082600442971329,-1.6021330632356414,328.4426337522305,0.0,0.024507825842323853,238.86494366618103,1.0148099579384964e-16,0.0,3.004493541564829e-06,79.62573168563199,4.310154452694066e-15,1.7316472989651486e-14,6.144092902069926e-10,0.0,7.082013515099606e-16,2.086272014462816,9.544448447618962e-12,0.00032597185451411153,1000000.0,879357.6402784073
0.000122585445108913,0.0001082460411358739,-1.6117803207878483,328.48873471759435,0.0,0.024517338250516902,238.9576573677664,1.0161289209589143e-16,0.0,3.0056597140184306e-06,79.65663783790214,4.308420911480347e-15,1.732311413719427e-14,6.146322940662325e-10,5.646650753479949e-24,7.120972395022298e-16,2.0870817858670274,9.569736391674841e-12,0.00032597367504721465,1000000.0,879824.9763300056
0.00012259415917890577,0.00010823195407711953,-1.6213886627524328,328.53513289128676,0.0,0.024526912618872757,239.05097496723982,1.017466164634549e-16,0.0,3.00683348242678e-06,79.68774529979287,4.3066976719022016e-15,1.7329801631320758e-14,6.148568238906496e-10,2.2034660379264942e-23,7.160399440403579e-16,2.087896831780104,9.595247846696216e-12,0.0003259755070200494,1000000.0,880295.448116684
0.00012260287324889854,0.00010821778346103628,-1.6309578469184278,328.58182740204415,0.0,0.0245365488083051,239.14489510904767,1.0188217350440294e-16,0.0,3.008014829739443e-06,79.7190536194298,4.304984690919565e-15,1.73365353800619e-14,6.150828759467522e-10,2.653440990010296e-23,7.200287933945464e-16,2.0887171403624953,9.620983670392943e-12,0.00032597735039774345,1000000.0,880769.050208502
0.0001226115873188913,0.00010820352962990136,-1.6404876311688215,328.62881733309257,0.0,0.02454624667845313,239.2394164252144,1.0201956791499394e-16,0.0,3.0092037387497382e-06,79.75056234079771,4.303281925536502e-15,1.7343315290197152e-14,6.153104464690966e-10,1.298091827475665e-23,7.240645116469263e-16,2.0895426996661564,9.646944645094005e-12,0.0003259792051451553,1000000.0,881245.7770123105
0.00012262030138888408,0.00010818919292810286,-1.6499777736896761,328.67610164829125,0.0,0.024556006087671636,239.3345375352456,1.0215880447827533e-16,0.0,3.0104001920935136e-06,79.78227100370817,4.301589332801798e-15,1.7350141267122918e-14,6.155395316600419e-10,5.797415019660371e-23,7.281465166755913e-16,2.0903734976337005,9.673131502548344e-12,0.0003259810712268736,1000000.0,881725.6225712724
0.00012263532745121472,0.00010816427786947751,-1.6662482348725665,328.75832459187336,0.0,0.024572978804260945,239.4999638981862,1.0240323749210033e-16,0.0,3.0124809597067643e-06,79.8374159528922,4.298694488127974e-15,1.7362019531138388e-14,6.15938100097236e-10,9.64295946841045e-24,7.352983871781926e-16,2.0918183492135913,9.71881957024611e-12,0.0003259843155138557,1000000.0,882560.3498959099
0.00012265035351354537,0.00010813911922860819,-1.6823988678491002,328.84141451520884,0.0,0.024590133331382585,239.66716228774956,1.0265318780904912e-16,0.0,3.0145840162438726e-06,79.89315160791266,4.295829543340893e-15,1.7374033988244542e-14,6.163411409287434e-10,1.7837393198152282e-23,7.425928387647688e-16,2.093278677863888,9.765185785722113e-12,0.0003259875932107851,1000000.0,883404.3016759185
0.000122665379575876,0.00010811371881535381,-1.698428433320382,328.9253660015407,0.0,0.024607468915405765,239.83612535893914,1.0290868153101059e-16,0.0,3.0167092693179253e-06,79.94947552031181,4.292994279327338e-15,1.7386184133528767e-14,6.167486339976453e-10,2.679618021908063e-23,7.500328033015908e-16,2.094754419432602,9.812234218126437e-12,0.0003259909041303812,1000000.0,884257.4461941672
0.00012268040563820663,0.00010808807845819292,-1.71433569225649,329.01017360301705,0.0,0.024624984790888618,240.00684565164372,1.0316974542066017e-16,0.0,3.018856625094069e-06,80.00638520325836,4.290188477456737e-15,1.7398469453553092e-14,6.17160558851413e-10,1.0976070320759137e-23,7.576208154939393e-16,2.096245508762324,9.859968943709977e-12,0.00032599424808292256,1000000.0,885119.7512585433
0.00012269543170053727,0.00010806220000421921,-1.7301194056869191,329.0958319317393,0.0,0.024642680180424925,240.17931558914464,1.0343640689580361e-16,0.0,3.0210259882707424e-06,80.06387813104983,4.287411919589508e-15,1.7410889427043322e-14,6.175768947381234e-10,2.9045884115346994e-23,7.653586394310097e-16,2.09775187967718,9.90839415446611e-12,0.0003259976248762315,1000000.0,885991.1844408121
0.00012271984479698486,0.00010801965198571601,-1.7554968551167576,329.23680228665336,0.0,0.024671810900601786,240.46324114015073,1.038816641140977e-16,0.0,3.0245972636141147e-06,80.15852483550584,4.282962593162863e-15,1.7431354108687268e-14,6.182626735485868e-10,0.0,7.782576976034744e-16,2.100231715863232,9.9885545491923e-12,0.00032600318073015155,1000000.0,887426.3943125681
0.00012274425789343246,0.00010797648849984151,-1.7805396032108889,329.37998001162833,0.0,0.02470140994087712,240.75173120413635,1.0434189574317175e-16,0.0,3.0282259523625273e-06,80.25469312232565,4.278588957393628e-15,1.7452170513421873e-14,6.189599484575624e-10,0.0,7.915698598117995e-16,2.1027514189947576,1.0070566969598678e-11,0.0003260088219104507,1000000.0,888885.4670933452
0.00012276867098988005,0.0001079327177824485,-1.8052423457808027,329.52534077203,0.0,0.024731473758491447,241.04475125279805,1.0481723032954961e-16,0.0,3.0319116202117133e-06,80.35237148148444,4.2742900854116594e-15,1.7473336256610377e-14,6.196686252460564e-10,0.0,8.053061381576663e-16,2.105310687497852,1.0154449755239574e-11,0.0003260145475507763,1000000.0,890368.2532843425
0.00012279308408632764,0.00010788834819881777,-1.8295997841162428,329.6728596806056,0.0,0.024761998721622908,241.34226588980218,1.05307800779076e-16,0.0,3.0356538219391373e-06,80.45154811359912,4.270065054173458e-15,1.749484888778825e-14,6.203886074688213e-10,0.0,8.194779752751689e-16,2.1079092122171454,1.0240221343988286e-11,0.0003260203567670819,1000000.0,891874.5987914713
0.00012283251458205879,0.00010781544216351156,-1.868197670566912,329.91561575213854,0.0,0.024812265103686993,241.83219223744354,1.0613266654790438e-16,0.0,3.0418162186632814e-06,80.61486527215212,4.2633946570511945e-15,1.7530320894888094e-14,6.215751012545143e-10,7.782172697547785e-24,8.433165013924664e-16,2.112188281434718,1.038279039355806e-11,0.0003260299136491792,1000000.0,894356.9021157147
0.00012287194507778994,0.00010774103259123929,-1.905858714516737,330.16382516312063,0.0,0.024863708519468616,242.33359064028448,1.0699823736517843e-16,0.0,3.0481229133124693e-06,80.78200664523688,4.25691064068219e-15,1.7566680240707756e-14,6.227904001004087e-10,2.6555618563501294e-23,8.6837154171958855e-16,2.1165675488116817,1.0530413740969926e-11,0.00032603968229408226,1000000.0,896899.5529247482
0.00012291137557352106,0.00010766515686004459,-1.942560719160278,330.41737463664333,0.0,0.024916312120556998,242.8462968907072,1.0790514107061838e-16,0.0,3.0545718404487118e-06,80.9529174941733,4.250609185293731e-15,1.7603915457257176e-14,6.240340590375137e-10,1.6810114875422853e-23,8.946957699232792e-16,2.1210455801411037,1.0683170543614614e-11,0.00032604965867732115,1000000.0,899501.8236674181
0.0001229508060692522,0.00010758785322184619,-1.978281559627874,330.6761475773504,0.0,0.024970058388442108,243.3701402500934,1.0885403156476001e-16,0.0,3.061160852485725e-06,81.1275409031695,4.2444865024416416e-15,1.7642014575635382e-14,6.253056163829815e-10,0.0,9.223437282316172e-16,2.125620884173593,1.0841140253806164e-11,0.00032605983864783994,1000000.0,902162.9530124877
0.000123035968477835,0.00010741620583705046,-2.0519796901811023,331.25229942036685,0.0,0.025089952153320712,244.53869679704997,1.110499668601179e-16,0.0,3.0758592027002647e-06,81.51707973033596,4.231854978052161e-15,1.7727189522967687e-14,6.281448473681117e-10,0.0,9.868478233759977e-16,2.135827182269537,1.1200488601826732e-11,0.0003260824997249143,1000000.0,908107.5125409826
0.0001231211308864178,0.00010723848920397227,-2.1207779910825226,331.85098824385415,0.0,0.025214895344070714,245.75646815817979,1.134521533500549e-16,0.0,3.091176587206538e-06,81.92302433695794,4.22000267102076e-15,1.781620079363956e-14,6.3110684918208e-10,0.0,1.0584074065934727e-15,2.146463327825964,1.1585319159867668e-11,0.0003261060451283094,1000000.0,914314.2485533216
0.0001232062932950006,0.00010705512989365391,-2.1844589819645526,332.47087367300173,0.0,0.025344676639620076,247.02139475446916,1.1606823590542706e-16,0.0,3.1070871001861423e-06,82.34468816148457,4.208893152384867e-15,1.790890119215835e-14,6.34186103763728e-10,0.0,1.1376836168082859e-15,2.15751133225904,1.1996408424197287e-11,0.0003261304267483405,1000000.0,920773.6888579982
0.00012329145570358338,0.00010686657284791302,-2.2428088871322913,333.11053801921247,0.0,0.025479067414788198,248.33124835519078,1.189062192143465e-16,0.0,3.12356271448392e-06,82.78132842224373,4.1984909253645625e-15,1.8005130005181308e-14,6.373766635704409e-10,0.0,1.2253882789247434e-15,2.168951733962792,1.2434499131575733e-11,0.00032615559349231677,1000000.0,927475.446593244
0.00012337661811216618,0.00010667328101496045,-2.295618596786592,333.76848550561976,0.0,0.025617820860513157,249.68362350317827,1.219743682086324e-16,0.0,3.1405731737532495e-06,83.2321432590536,4.1887615233298596e-15,1.8104712139795843e-14,6.40672130623638e-10,6.808330525785062e-39,1.322283263508564e-15,2.180763523416537,1.2900283131730919e-11,0.0003261814912184655,1000000.0,934408.161220291
0.00012346178052074897,0.00010647573491386242,-2.342684674552048,334.4431419497622,0.0,0.025760671141832045,251.07592930801138,1.252810971258466e-16,0.0,3.158085889229008e-06,83.69626899747738,4.179671597399224e-15,1.8207457278711417e-14,6.440656366093723e-10,1.6678579421708947e-51,1.4291759746144533e-15,2.192924071505679,1.3394382090755507e-11,0.0003262080626903944,1000000.0,941559.4412926704
0.00012354694292933177,0.00010627443210886943,-2.3838104660560773,335.1328547095515,0.0,0.02590733261782433,252.50538184306964,1.288348394971896e-16,0.0,3.1760658440961143e-06,84.17277761437788,4.171189001620145e-15,1.8313159071476227e-14,6.475498246660665e-10,-9.836105359370947e-40,1.546913695241523e-15,2.205409063116763,1.391732598366508e-11,0.00032623524754619786,1000000.0,948915.8095489565
0.00012363210533791456,0.00010606988658115688,-2.418807326032162,335.8358929480156,0.0,0.02605749914491342,253.9689973549743,1.3264389502774314e-16,0.0,3.194475508076457e-06,84.6606744742821,4.163282876098132e-15,1.842159438964116e-14,6.511168334045803e-10,2.2318611416261483e-50,1.6763773396410633e-15,2.2181924378280145,1.4469529442637436e-11,0.00032626298228200515,1000000.0,956462.651506974
0.00012371726774649736,0.00010586262798987444,-2.44749595499442,336.55044835915334,0.0,0.02621084348345314,255.46358647962666,1.3671625218393422e-16,0.0,3.2132747646770078e-06,85.15889640129508,4.15592372295263e-15,1.853252266079447e-14,6.547582836564489e-10,2.753600832213172e-23,1.8184716351437583e-15,2.231246339391595,1.505126601488757e-11,0.0003262912002536574,1000000.0,964184.1689827332
0.0001237762366049183,0.00010571781241613646,-2.4635752895957674,337.0509870320277,0.0,0.02631870285148517,256.51485131063424,1.3969431761303425e-16,0.0,3.2264977949980545e-06,85.50933598449187,4.151133705553284e-15,1.861065797454056e-14,6.573186813472736e-10,4.6860781225063623e-23,1.9247432383574835e-15,2.2404281990709958,1.5471444391735803e-11,0.0003263109857601892,1000000.0,969624.2123779033
0.00012383520546333928,0.00010557214155255798,-2.476496432975981,337.55549901924445,0.0,0.0264277970878502,257.57815236492786,1.4280451243556113e-16,0.0,3.2398722194687694e-06,85.86378784788636,4.146583538483169e-15,1.8689773904210798e-14,6.599074033799438e-10,3.3156653400240607e-23,2.037811568370592e-15,2.249715184414098,1.5905817128561718e-11,0.000326330945546248,1000000.0,975133.8654777982
0.00012389417432176025,0.00010542580308137848,-2.486209952129865,338.0633210816366,0.0,0.02653799920583302,258.65225199331184,1.4604890533498803e-16,0.0,3.2533824706770336e-06,86.22183942058653,4.142264657524956e-15,1.8769775147947027e-14,6.625212200504233e-10,3.199812954467861e-23,2.157976998804115e-15,2.259096485660189,1.6354314609324804e-11,0.0003263510548928643,1000000.0,980706.8331656827
0.0001239531431801812,0.0001052789875219715,-2.49266971949825,338.57377378017605,0.0,0.02664917713400303,259.7358629885601,1.4942931669264092e-16,0.0,3.2670123578593882e-06,86.58306161150968,4.138168839098043e-15,1.885056205007906e-14,6.651567781942269e-10,8.680729223531521e-23,2.285528916011605e-15,2.268560860203411,1.6816811607262065e-11,0.0003263712884017349,1000000.0,986336.5241516908
0.00012401211203860217,0.0001051318880202065,-2.49583319576674,339.0861620455561,0.0,0.02676119373431052,260.827648761687,1.5294727118219684e-16,0.0,3.2807450691182116e-06,86.94700886814229,4.134288198623611e-15,1.893203059114114e-14,6.678106019824166e-10,1.209376706738867e-22,2.4207428316381543e-15,2.278096634132326,1.7293122495825903e-11,0.0003263916200129037,1000000.0,992016.0495742857
0.00012407108089702314,0.00010498470011794311,-2.4956617244415003,339.599775846599,0.0,0.026873906847619988,261.9262237856194,1.566039470612939e-16,0.0,3.2945631770023115e-06,87.31321932443832,4.130615185075279e-15,1.9014072402431043e-14,6.70479094416436e-10,1.5328183254864213e-22,2.5638802135111948e-15,2.2876917061049946,1.778299606730818e-11,0.0003264120230261676,1000000.0,997738.2231249843
0.00012413004975544411,0.00010483762151221759,-2.4921208174188503,340.11389095940996,0.0,0.026987169361000422,263.03015425091354,1.6040012455749026e-16,0.0,3.3084486467546776e-06,87.68121501940276,4.127142569798262e-15,1.909657480213142e-14,6.731585393700047e-10,3.657838579028278e-22,2.7151867275199117e-15,2.2973335530760792,1.8286111185983773e-11,0.00032643247012663904,1000000.0,1003495.5625337135
0.00012418901861386506,0.0001046908518023616,-2.4851804352490547,340.62776982973713,0.0,0.0271008292995557,264.1379589606405,1.643361335359127e-16,0.0,3.322382847568538e-06,88.05050219540202,4.123863430181888e-15,1.917942083216124e-14,6.758451042483323e-10,4.059006181723824e-22,2.87487648881458e-15,2.3070092381128697,1.880207120389512e-11,0.00032645293341405614,1000000.0,1009280.2925384325
0.00012424798747228603,0.00010454459222098138,-2.474815270232113,341.14066252862676,0.0,0.02721472994742668,265.2481105095809,1.6841179859923505e-16,0.0,3.3363465674195136e-06,88.42057169124902,4.1207711285924614e-15,1.9262489317297156e-14,6.785348433826423e-10,0.0,3.0431203877852568e-15,2.316705420694495,1.933039824801157e-11,0.0003264733844356519,1000000.0,1015084.3495552505
0.000124306956330707,0.00010439904534710689,-2.461005029745145,341.6518078315776,0.0,0.027328710000838276,266.35903677573384,1.7262638232825598e-16,0.0,3.350320031826139e-06,88.79089943939842,4.1178592847415955e-15,1.93456550420961e-14,6.812237022277975e-10,0.0,3.220049319495335e-15,2.3264083697389233,1.9870531305884438e-11,0.0003264937942237732,1000000.0,1020899.3882916088
0.00012436592518912795,0.00010425441480185912,-2.443734719704498,342.16043440671774,0.0,0.027442603754469157,267.46912273659325,1.7697852936601383e-16,0.0,3.36428292669536e-06,89.16094707140294,4.11512174222435e-15,1.9428788776892578e-14,6.839075223939083e-10,9.015795576374149e-22,3.405784660023071e-15,2.3361039794665124,2.0421820230206975e-11,0.0003265141333376354,1000000.0,1026716.7903532819
0.00012442489404754893,0.00010411090492736381,-2.422994927355844,342.66576210382607,0.0,0.02755624132204441,268.5767126189638,1.814662071466178e-16,0.0,3.378214425363381e-06,89.53016263455562,4.112552529381738e-15,1.9511757533842243e-14,6.865820475327226e-10,1.966627498847154e-21,3.600397170482094e-15,2.3457777881767363,2.0983520388306314e-11,0.00032653437190886353,1000000.0,1032527.6748984745
0.0001244838629059699,0.00010396872044950343,-2.398782093306111,343.1670033767812,0.0,0.02766944889205114,269.68011239109586,1.8608664881894148e-16,0.0,3.3920932199422557e-06,89.89798142264395,4.110145812394777e-15,1.9594424716257694e-14,6.892429300930129e-10,6.343838276817025e-22,3.80379242583787e-15,2.3554150000147542,2.1554794222596882e-11,0.0003265544796922157,1000000.0,1038322.911514303
0.00012454283176439087,0.00010382806612484026,-2.371098779104757,343.6633648068702,0.0,0.027782049019560932,270.7775926067224,1.908362971181005e-16,0.0,3.4058975570927834e-06,90.26382692401084,4.107895842456532e-15,1.967665038887447e-14,6.918857389717322e-10,0.0,4.015839239975993e-15,2.365000509811537,2.2134702937699887e-11,0.00032657442612005807,1000000.0,1044093.1352955353
0.00012460180062281182,0.00010368914637213566,-2.339953922855343,344.15404874731183,0.0,0.02789386095493132,271.86739160853045,1.9571075022925305e-16,0.0,3.419605278318449e-06,90.62711188943325,4.105796895839568e-15,1.97582915284824e-14,6.945059680732554e-10,3.3819752834859763e-21,4.236528921322236e-15,2.3745189310633306,2.272220814638102e-11,0.0003265941803614523,1000000.0,1049828.7642543418
0.0001246607694812328,0.00010355216488912762,-2.305363081630447,344.6382550836514,0.0,0.028004701009805438,272.94771909515185,2.0070471077393095e-16,0.0,3.4331938648317836e-06,90.98723952118003,4.103843207331675e-15,1.9839202286610414e-14,6.97099045784144e-10,5.443484234671726e-21,4.465718743087462e-15,2.3839546270861325,2.331616997301813e-11,0.0003266137113856047,1000000.0,1055520.0190956788
0.00012471973833965376,0.00010341732425539137,-2.2673486598890644,345.11518310368876,0.0,0.028114382960505654,274.01676005260833,2.058119381649292e-16,0.0,3.4466404870049075e-06,91.34360478356085,4.102028897360962e-15,1.9919234361857825e-14,6.996603453629658e-10,0.0,4.702908988707101e-15,2.3932917453533564,2.3915345369932448e-11,0.00032663298802938155,1000000.0,1061156.9453728436
0.0001247787071980747,0.0001032848255224005,-2.225940114843218,345.58403348757014,0.0,0.028222718488460443,275.07267904670096,2.1102520868922152e-16,0.0,3.459922058360109e-06,91.69559583379615,4.10034789304779e-15,1.9998237364097355e-14,7.021851962280272e-10,0.0,4.947288479801189e-15,2.4025142549860226,2.4518393424185617e-11,0.0003266519790693538,1000000.0,1066729.4380677445
0.00012483767605649568,0.00010315486779181209,-2.1811741496509636,346.04401038683784,0.0,0.028329517657136948,276.113624871196,2.1633627866995057e-16,0.0,3.473015294035703e-06,92.0425955714917,4.098793844262211e-15,2.0076059237618092e-14,7.046688961340162e-10,2.4374535398147717e-20,5.198309370232805e-15,2.411605987350509,2.5123868237135065e-11,0.00032667065329695396,1000000.0,1072227.2684986028
0.00012489664491491665,0.00010302764778331436,-2.133094875557999,346.49432362018496,0.0,0.02843458942442887,277.13773554158246,2.2173585267700398e-16,0.0,3.485896773598569e-06,92.38398330331007,4.0973600346978505e-15,2.0152546645266944e-14,7.071067241969695e-10,6.291954009762208e-20,5.456347691581762e-15,2.420550679674568,2.5730232597053786e-11,0.00032668897959796936,1000000.0,1077640.1136136623
0.00012495561377333763,0.00010290335939358141,-2.0817539488887906,346.93419096258907,0.0,0.02853774218899418,278.143143619726,2.2721357495073825e-16,0.0,3.4985430080187637e-06,92.71913651794621,4.096039289758527e-15,2.0227545538884563e-14,7.094939547309132e-10,1.2812148166297062e-24,5.721055938388252e-15,2.429332021553422,2.6335856392352985e-11,0.0003267069270352998,1000000.0,1082957.587546898
0.00012501458263175857,0.00010278219324783406,-2.027210685074638,347.36284051792376,0.0,0.028638784368770202,279.1279818521435,2.327580121204297e-16,0.0,3.5109305105889277e-06,93.0474327656486,4.094823881724368e-15,2.0300901534741965e-14,7.118258718506486e-10,0.0,5.9898150069696185e-15,2.437933704195058,2.6939019133513528e-11,0.00032672446493448693,1000000.0,1088169.2753341757
0.0001250557908569106,0.0001026994740227953,-1.9872297783522257,347.6553217827416,0.0,0.028708039155637535,279.80299560908117,2.366655009135589e-16,0.0,3.5194209756958614e-06,93.27244889138281,4.094032625431846e-15,2.035110615052067e-14,7.134201068132134e-10,3.4505868911140825e-22,6.180022505154548e-15,2.4438293466715253,2.7358099567123908e-11,0.0003267364613437252,1000000.0,1091742.9189979509
0.0001250969990820626,0.00010261843347698255,-1.9457427617231822,347.9416991217932,0.0,0.028776105141510685,280.4664231873513,2.405949036566332e-16,0.0,3.5277657074083738e-06,93.49360275946852,4.093285665822839e-15,2.0400380821621075e-14,7.149834485375003e-10,0.0,6.371811878003161e-15,2.449623794221754,2.7774467985162893e-11,0.00032674823271461247,1000000.0,1095256.27779753
0.0001251382073072146,0.00010253913310903099,-1.902776634874865,348.2217219863905,0.0,0.02884291792250007,281.1176368716754,2.4454139454392403e-16,0.0,3.5359568101915615e-06,93.71068512074767,4.0925797365059e-15,2.0448673474630653e-14,7.165143202701744e-10,5.090313718869016e-22,6.5647781650537456e-15,2.4553115643132366,2.8187474183621967e-11,0.00032675976894702577,1000000.0,1098705.828854469
0.0001251794155323666,0.00010246163327805676,-1.8583602515621596,348.4951442954057,0.0,0.02890841360737578,281.7560139424854,2.484999049470134e-16,0.0,3.543986451347621e-06,93.92348839138467,4.0919113641665026e-15,2.049593241880544e-14,7.180111603216388e-10,0.0,6.758547874788257e-15,2.4608872180465404,2.8596454445119932e-11,0.0003267710600750713,1000000.0,1102088.0725569446
0.00012522062375751862,0.0001023859931225673,-1.8125243149380126,348.76172490646417,0.0,0.02897252893543377,282.38093782468104,2.5246513060209303e-16,0.0,3.551846875465158e-06,94.13180703580471,4.091276853066409e-15,2.054210645439374e-14,7.194724249992087e-10,0.0,6.9526791944119375e-15,2.466345370188668,2.9000733222804743e-11,0.0003267820962836829,1000000.0,1105399.539669982
0.0001252618319826706,0.00010231227047807259,-1.7653013682343985,349.0212281026785,0.0,0.029035201397686936,282.991799268794,2.5643154071522155e-16,0.0,3.5595304192761208e-06,94.33543796043574,4.0906722699421365e-15,2.0587144977055785e-14,7.208965916160527e-10,5.4858913961979585e-22,7.146721552130401e-15,2.4716806994894815,2.939962502120719e-11,0.00032679286792564976,1000000.0,1108636.7986845511
0.00012530304020782262,0.00010224052179950317,-1.7167257793935042,349.2734240622423,0.0,0.029096369355994973,283.58799751206897,2.6039338899392724e-16,0.0,3.5670295262601205e-06,94.53418090075509,4.09009343044486e-15,2.0630998083876074e-14,7.222821614413058e-10,2.1494851316714586e-23,7.340223378312642e-15,2.4768879588227035,2.979243682809753e-11,0.00032680336553786394,1000000.0,1111796.463089598
0.0001253686967917237,0.00010213041904809093,-1.6366265495339596,349.65959842954055,0.0,0.029190569705273173,284.5061615344059,2.6668154554462887e-16,0.0,3.5785783865748695e-06,94.84025127169353,4.089213248266992e-15,2.069829861144117e-14,7.244064048451579e-10,0.0,7.6461738792658e-15,2.4849073017645704,3.040400956955316e-11,0.0003268195022982555,1000000.0,1116662.1872550186
0.00012541726717716275,0.0001020524095281412,-1.5753128226607733,349.9324641070732,0.0,0.029257558200192216,285.1590954222866,2.7130142134451755e-16,0.0,3.5867911264354197e-06,95.05790706343785,4.088585499048436e-15,2.0745954585872693e-14,7.259089818868267e-10,9.57630713211709e-23,7.869600579742587e-15,2.4906100962949074,3.084368867468262e-11,0.00032683095555486946,1000000.0,1120121.730775372
0.0001254658375626018,0.00010197741906570049,-1.512322368597336,350.194059057139,0.0,0.029322147367550806,285.78864483741893,2.7588247798476864e-16,0.0,3.594709731475049e-06,95.26776763112706,4.0879681666924076e-15,2.0791713609092237e-14,7.273504561555673e-10,0.0,8.08960456923719e-15,2.4961086483341774,3.12712520493143e-11,0.0003268419812158729,1000000.0,1123456.4716553693
0.00012551440794804084,0.00010190552739161128,-1.447725345689685,350.44406492778984,0.0,0.029384245999301634,286.39392080157546,2.8041394443308963e-16,0.0,3.602323019938505e-06,95.46953663348722,4.087352154299839e-15,2.0835502063514446e-14,7.287286329172676e-10,1.5366265046458475e-22,8.305298143847504e-15,2.501395193451292,3.1685562334530516e-11,0.0003268525656206022,1000000.0,1126661.395637014
0.0001255629783334799,0.0001018368107513184,-1.381595052032927,350.68218020250976,0.0,0.029443765929824367,286.9740639875694,2.8488482962628955e-16,0.0,3.6096201830275597e-06,95.66292761343144,4.086727780610154e-15,2.087724891376031e-14,7.300413970918614e-10,4.1275428093359015e-23,8.515795970115406e-15,2.506462226190526,3.208549745048027e-11,0.0003268626956415172,1000000.0,1129731.660381143
0.00012558146319781497,0.00010181150802061424,-1.3560402698582894,350.7696183360372,0.0,0.029465722704146696,287.18807807213443,2.8656811603392275e-16,0.0,3.6123120972237982e-06,95.73426930032879,4.086485838566454e-15,2.0892586216512504e-14,7.305233969489802e-10,0.0,8.594357019824217e-15,2.5083314481329664,3.2233697621061334e-11,0.0003268664289043938,1000000.0,1130863.7853255265
0.00012559109398726248,0.00010179851274680553,-1.3426437965914617,350.81447057324846,0.0,0.02947700799687321,287.298076658542,2.874408007895231e-16,0.0,3.613695682593434e-06,95.77093737629289,4.086358522198941e-15,2.0900454782716463e-14,7.307706163666374e-10,1.5384008816995726e-23,8.634919753065242e-15,2.5092921875710164,3.231000311271546e-11,0.0003268683469452484,1000000.0,1131445.553626274
0.00012559220182089092,0.00010179702617635335,-1.3410992246088989,350.8195986213293,0.0,0.029478299323981157,287.3106633249497,2.8754099042036436e-16,0.0,3.6138540003324387e-06,95.77513314693898,4.086343816028379e-15,2.0901354499614913e-14,7.30798881473389e-10,1.0452563701344374e-24,8.63956907941448e-15,2.509402120863853,3.2318740067848457e-11,0.0003268685663848547,1000000.0,1131512.1165735913
0.00012559330965451933,0.00010179554131743529,-1.3395539212312957,350.8247196453375,0.0,0.029479589239536842,287.3232362339213,2.8764113919840394e-16,0.0,3.614012145027516e-06,95.77932433153784,4.086329096831741e-15,2.0902253096600776e-14,7.308271108774355e-10,2.77706538538619e-24,8.644214372570909e-15,2.5095119339977683,3.232746844910669e-11,0.0003268687855777226,1000000.0,1131578.603657474
0.00012559441748814776,0.00010179405817086108,-1.3380078873762804,350.8298336565096,0.0,0.029480877742581995,287.3357953761166,2.877412469792684e-16,0.0,3.6141701165611835e-06,95.78351092697591,4.086314364483153e-15,2.0903150571413507e-14,7.308553045559866e-10,0.0,8.648855467123833e-15,2.509621626891185,3.2336188085006493e-11,0.0003268690045237109,1000000.0,1131645.0148719193
0.0001255965767530949,0.0001017911723124126,-1.334992436017501,350.83978113863174,0.0,0.02948338508487707,287.36023464502125,2.8793624744413853e-16,0.0,3.6144775188288326e-06,95.79165776774849,4.086285611566735e-15,2.090489659609144e-14,7.309101537475703e-10,4.791826174064811e-24,8.657890525295007e-15,2.509835082084017,3.235315786296283e-11,0.00032686943055858377,1000000.0,1131774.2378821773
0.00012559873601804204,0.00010178829296810844,-1.3319742203718477,350.84970196991503,0.0,0.029485887050412482,287.38462151031297,2.881310904952214e-16,0.0,3.614784261952806e-06,95.79978713975416,4.086256807272057e-15,2.090663833742469e-14,7.309648669653077e-10,1.6730448374781312e-23,8.666910276595011e-15,2.510048079578079,3.2370093409076985e-11,0.00032686985565399636,1000000.0,1131903.1721619843
0.0001256008952829892,0.00010178542014390934,-1.3289532474519394,350.8595961767921,0.0,0.029488383632126296,287.40895590316035,2.883257750086691e-16,0.0,3.615090345067329e-06,95.80789902004791,4.086227950660944e-15,2.0908375784809497e-14,7.310194440413188e-10,9.497660164147411e-24,8.675914134392533e-15,2.5102606187721888,3.238699442978372e-11,0.00032687027980890846,1000000.0,1132031.817483621
0.00012560305454793633,0.00010178255384576115,-1.3259295244426117,350.8694637360999,0.0,0.02949087482297105,287.43323775487283,2.885202998587783e-16,0.0,3.6153957673083955e-06,95.81599338573173,4.086199040791229e-15,2.091010892959876e-14,7.310738848080882e-10,0.0,8.684902761495358e-15,2.510472699066395,3.2403860779337195e-11,0.0003268707030222822,1000000.0,1132160.1734585403
0.00012560521381288348,0.0001017796940795944,-1.3229030586341362,350.87930459618855,0.0,0.029493360615914035,287.4574669969037,2.887146639202419e-16,0.0,3.615700527813814e-06,95.82407021395558,4.086170076717484e-15,2.0911837764042587e-14,7.311281890984794e-10,1.0081458436280319e-23,8.69387617795823e-15,2.5106843198620044,3.242069232137635e-11,0.0003268711252930825,1000000.0,1132288.2396060447
0.00012560924382730662,0.00010177437415458288,-1.317247203948122,350.89759987825664,0.0,0.02949798559355467,287.5025470710535,2.890769876355997e-16,0.0,3.616267554473769e-06,95.83909767600977,4.086115870417128e-15,2.0915052875688672e-14,7.312291760457007e-10,7.40431977417319e-24,8.710581364127247e-15,2.511078054059114,3.2452012835092854e-11,0.00032687191088710414,1000000.0,1132526.4833411472
0.0001256132738417298,0.00010176907704186893,-1.311581867465548,350.9158018267956,0.0,0.0295025916983176,287.54744320404876,2.8943873999553254e-16,0.0,3.6168322674831604e-06,95.85406382120094,4.0860614658135875e-15,2.0918252903353018e-14,7.313296859324285e-10,0.0,8.7272316788417e-15,2.5114701816944676,3.2483210810710625e-11,0.00032687269318749425,1000000.0,1132763.713313768
0.0001256196790811143,0.00010176070493312628,-1.3025580785177213,350.9445392950679,0.0,0.02950987361897275,287.61842079422894,2.9001250949922675e-16,0.0,3.6177250385499553e-06,95.87772423133126,4.085974572636357e-15,2.0923307835457557e-14,7.314884503883972e-10,1.646988249603196e-23,8.753581234919604e-15,2.5120901075709967,3.253254253566498e-11,0.0003268739297691151,1000000.0,1133138.670580887
0.0001256260843204988,0.00010175239069973141,-1.2935106462723427,350.9730399773419,0.0,0.029517107568821494,287.6889308452988,2.90584787587724e-16,0.0,3.618611928811399e-06,95.90122878709798,4.085887137646046e-15,2.092832440693411e-14,7.316460027133264e-10,7.712082583235365e-24,8.779786847254446e-15,2.5127059499108317,3.258156043157817e-11,0.0003268751579871646,1000000.0,1133511.0505103203
0.0001256324895598833,0.00010174413449251477,-1.2844397625832764,351.00130294162767,0.0,0.029524293368155614,287.75897160566785,2.911555447518668e-16,0.0,3.6194929162356204e-06,95.92457690460765,4.085799135473813e-15,2.0933302472322727e-14,7.318023386442858e-10,0.0,8.805848525245938e-15,2.5133176934153942,3.263026177908668e-11,0.0003268763778152608,1000000.0,1133880.8420672945
0.0001256388947992678,0.00010173593646107527,-1.2753456201422722,351.0293272785122,0.0,0.029531430838474277,287.8285413355129,2.917247514570386e-16,0.0,3.6203679789387562e-06,95.9477680038895,4.085710540543425e-15,2.093824188221107e-14,7.319574539495044e-10,1.407526487384558e-23,8.831763903614078e-15,2.5139253228888827,3.267864363711831e-11,0.00032687758922722045,1000000.0,1134248.0343397087
0.0001256453000386523,0.0001017277967537726,-1.2662284116913818,351.057112334994,0.0,0.02953851980249591,287.89763830689344,2.922923781209011e-16,0.0,3.621237095186407e-06,95.97080150893379,4.085621327073626e-15,2.0943142485320664e-14,7.321113444286666e-10,0.0,8.857526990396439e-15,2.5145288232392784,3.2726703240669966e-11,0.0003268787921970596,1000000.0,1134612.617301408
0.00012565720070769885,0.00010171282886635778,-1.2492284389276211,351.1080981279197,0.0,0.029551561419891317,288.02475659671745,2.933427089464318e-16,0.0,3.6228360157880987e-06,96.01317644536387,4.08545384101644e-15,2.0952144076774724e-14,7.323940004504016e-10,0.0,8.904990162635513e-15,2.515639088000737,3.281513152710089e-11,0.0003268810047635383,1000000.0,1135283.0350511442
0.00012566539780838252,0.00010170263696741293,-1.2374737007968604,351.1427331153377,0.0,0.029560446073805945,288.11135651672475,2.940628391791311e-16,0.0,3.6239252878070167e-06,96.0420445658371,4.085337095759411e-15,2.0958265637973615e-14,7.325862107241521e-10,0.0,8.937370318680933e-15,2.516395460979465,3.287538016846133e-11,0.0003268825116778368,1000000.0,1135739.5230575989
0.00012567359490906616,0.00010169254157293563,-1.2256825060430885,351.1769720627594,0.0,0.02956925010634078,288.1971706733629,2.9478018143046756e-16,0.0,3.6250046763288703e-06,96.07065075175315,4.085219158998974e-15,2.096432269015966e-14,7.327763871197614e-10,0.0,8.969488563540722e-15,2.5171449710167204,3.293508418151164e-11,0.0003268840045934471,1000000.0,1136191.6714750524
0.00012568179200974982,0.00010168254298007416,-1.2138552686503192,351.2108133546563,0.0,0.02957797315967716,288.2821955790083,2.954946739443767e-16,0.0,3.626074137485596e-06,96.09899384051123,4.085099974314188e-15,2.0970314941000656e-14,7.329645211869612e-10,7.924708041251985e-24,9.001342660215713e-15,2.5178875876512254,3.2994237878941676e-11,0.0003268854834581664,1000000.0,1136639.459056767
0.00012569450533630623,0.00010166722780217346,-1.1954414410445322,351.26250963161584,0.0,0.029591341192391915,288.4124959229485,2.965970369921644e-16,0.0,3.6277130826333357e-06,96.14242951603805,4.084912522114058e-15,2.097947977696383e-14,7.332522487834228e-10,1.6834036283578036e-24,9.050209615918508e-15,2.519025644814033,3.3084881412913095e-11,0.00032688774919309573,1000000.0,1137325.282378764
0.00012570721866286266,0.00010165214726175633,-1.1769434758917952,351.31324059233657,0.0,0.029604512275878788,288.54087673104465,2.976921662061941e-16,0.0,3.629327883455157e-06,96.18522531346542,4.084721715694528e-15,2.0988486967503464e-14,7.335350127799215e-10,0.0,9.098407814935136e-15,2.5201469365450726,3.317416848805998e-11,0.00032688998081512163,1000000.0,1138000.4908499871
0.0001257199319894191,0.00010163730241851094,-1.1583629462355676,351.36300109505856,0.0,0.02961748512477936,288.66732547499186,2.9877983159367093e-16,0.0,3.6309183823674046e-06,96.22737705647752,4.084527336659341e-15,2.0997335465020288e-14,7.338127829221897e-10,4.166035116678849e-24,9.145920491886039e-15,2.5212513534207868,3.326207941095014e-11,0.00032689217813752997,1000000.0,1138665.0101706327
0.0001257326453159755,0.00010162269431205382,-1.1397014367355216,351.41178619687133,0.0,0.02963025847431197,288.79182982702787,2.998598036020549e-16,0.0,3.6324844243088907e-06,96.2688806356095,4.0843291634267005e-15,2.1006024243819112e-14,7.340855294826938e-10,0.0,9.192730373268038e-15,2.522338787769179,3.3348594823865915e-11,0.0003268943409769286,1000000.0,1139318.7675583311
0.00012574535864253193,0.0001016083239617753,-1.1209605437077426,351.459591067594,0.0,0.029642831080559116,288.9143776627341,3.0093185324051754e-16,0.0,3.634025856776126e-06,96.30973200918125,4.084126971258191e-15,2.1014552295358637e-14,7.343532232674354e-10,0.0,9.238819408511516e-15,2.523409133694279,3.343369573018876e-11,0.00032689646915328363,1000000.0,1139961.6914819689
0.00012575807196908833,0.00010159419236669391,-1.1021418750927459,351.50641093853716,0.0,0.029655201720745407,289.03495706374497,3.019957521562048e-16,0.0,3.635542529857399e-06,96.34992720420045,4.083920532294739e-15,2.1022918627469796e-14,7.346158356225732e-10,1.0291285206538642e-23,9.284170997469173e-15,2.524462287099805,3.3517363287067914e-11,0.0003268985624899544,1000000.0,1140593.7115085712
0.00012577794710013666,0.00010157258072070314,-1.0725700977621477,351.5776211121801,0.0,0.029674133595364388,289.21949063530604,3.036421049361167e-16,0.0,3.6378636319544704e-06,96.41144154938367,4.083588740198234e-15,2.103567162590199e-14,7.350161373299734e-10,3.645764342793996e-24,9.353554134110887e-15,2.526074023081868,3.3645247160146035e-11,0.00032690176484884294,1000000.0,1141559.7554329946
0.00012581118465025454,0.00010153775824678723,-1.0227178758323585,351.6912549704537,0.0,0.029704672018575923,289.5171570232433,3.063472114324072e-16,0.0,3.641607742423391e-06,96.51066876738547,4.0830069610115e-15,2.105610036186754e-14,7.356573813195039e-10,0.0,9.465291395193195e-15,2.528673873201019,3.3850990529189625e-11,0.0003269069272530938,1000000.0,1143114.660176944
0.0001258444222003724,0.00010150460068736858,-0.9723921960957614,351.79799761552175,0.0,0.02973378918601917,289.8009713082714,3.0898862005603e-16,0.0,3.6451776182260157e-06,96.60527838092368,4.0823877516784965e-15,2.1075390750543114e-14,7.362629422921049e-10,0.0,9.571403763620777e-15,2.531152737568927,3.404629931633905e-11,0.00032691184566812633,1000000.0,1144592.681907014
0.00012587765975049028,0.00010147312328248881,-0.9216231183802772,351.8977755506261,0.0,0.029761466021123353,290.0707475491283,3.1156236946624236e-16,0.0,3.6485709205540206e-06,96.69520840639888,4.081726672277911e-15,2.1093527456898764e-14,7.368323788326185e-10,0.0,9.67161105245799e-15,2.53350899215469,3.423087115490031e-11,0.00032691651737710027,1000000.0,1145992.719370103
0.00012591089730060816,0.00010144334026508656,-0.8704411433375845,351.9905201908748,0.0,0.02978768454173234,290.32631047091945,3.1406456232221924e-16,0.0,3.6517854447628917e-06,96.78040041584974,4.0810191561824034e-15,2.1110496096752926e-14,7.373652772779151e-10,2.3443474138485555e-25,9.765645375982603e-15,2.5357411060886004,3.4404418710890596e-11,0.0003269209398346801,1000000.0,1147313.7348694466
0.00012594413485072603,0.00010141526484624977,-0.8188771803054802,352.07616791235586,0.0,0.02981242788892086,290.56749574599496,3.16491376377431e-16,0.0,3.65481912390487e-06,96.86079963058378,4.0802605173745735e-15,2.1126283258752622e-14,7.378612523883492e-10,2.581179789722157e-24,9.853253510934647e-15,2.537847644115363,3.456667045495635e-11,0.0003269251106705571,1000000.0,1148554.7559414
0.0001259773724008439,0.0001013889092029433,-0.7669625165917311,352.15466005463765,0.0,0.02983568035286865,290.79415024615355,3.188390749620508e-16,0.0,3.6576700319012146e-06,96.93635500524948,4.079445958178433e-15,2.1140876527843687e-14,7.383199479457418e-10,3.90295639325166e-24,9.93419711506255e-15,2.539827268796863,3.4717371534077426e-11,0.00032692902769240013,1000000.0,1149714.8767441863
0.00012603209992368628,0.00010134928929097759,-0.6808018189686815,352.2681710719358,0.0,0.029870680466290055,291.13531918682673,3.225227235201183e-16,0.0,3.6619613266244e-06,97.05008381762518,4.077969884508786e-15,2.1162274123560425e-14,7.389931376457628e-10,7.89332721114778e-25,1.0052368266956123e-14,2.5428070748659266,3.493972137829787e-11,0.0003269349190219865,1000000.0,1151446.6236041638
0.00012608682744652864,0.00010131440514005292,-0.5939191489989917,352.36192978676297,0.0,0.029901541849379546,291.4361502210062,3.2596645526405915e-16,0.0,3.6657452426686447e-06,97.15036597152327,4.076306477060003e-15,2.118035969184315e-14,7.395631037558956e-10,0.0,1.015097907239407e-14,2.545434565337053,3.5129168617791554e-11,0.0003269401089519187,1000000.0,1152953.4683632927
0.00012614155496937102,0.00010128429231681374,-0.506459397274268,352.4357654881782,0.0,0.029928215744783056,291.6961680752743,3.291555684350431e-16,0.0,3.6690158019449004e-06,97.23704303434664,4.074432751804643e-15,2.119509635669843e-14,7.400287933154065e-10,2.521940262777128e-24,1.0229281275960568e-14,2.5477055891213096,3.528490552010697e-11,0.0003269445909632446,1000000.0,1154232.6124010244
0.00012619628249221337,0.0001012589784140284,-0.41856888907471396,352.4895465958245,0.0,0.029950662644347897,291.9149876222831,3.320763924841678e-16,0.0,3.671768160240357e-06,97.30998662372929,4.072325295539063e-15,2.120645526749663e-14,7.403893847125672e-10,1.8880427729310426e-24,1.0286675823092138e-14,2.5496167824751956,3.540627471684854e-11,0.0003269483599366787,1000000.0,1155281.7983759935
0.00012625101001505576,0.0001012384829793486,-0.33039492897141315,352.523181166637,0.0,0.029968852457741432,292.0923155245374,3.3471640469209295e-16,0.0,3.673998627894298e-06,97.36909895549216,4.0699604161815285e-15,2.1214415738797358e-14,7.406442912331825e-10,9.872975879870985e-25,1.032272484937592e-14,2.5511655833576246,3.5492775128654914e-11,0.00032695141217095326,1000000.0,1156099.3209813864
0.0001263057375378981,0.00010122281747858194,-0.24208536486171084,352.53661717954475,0.0,0.02998276462846765,292.2279513654921,3.3706433136491214e-16,0.0,3.6757046840252724e-06,97.41431322069482,4.067314296730842e-15,2.1218965341244902e-14,7.407931633063168e-10,4.420941389311311e-24,1.0337157955276787e-14,2.552350241309041,3.554406638039319e-11,0.00032695374539318733,1000000.0,1156684.0343377395
0.0001263604650607405,0.00010121198528224994,-0.1537881488492118,352.5298426594255,0.0,0.029992388206440058,292.3217883572333,3.3911023918012154e-16,0.0,3.676884985432465e-06,97.44559382154131,4.064363157698716e-15,2.122009994838633e-14,7.408358896651685e-10,5.936058547512507e-24,1.0329877773311372e-14,2.55316982363239,3.5559972058985604e-11,0.0003269553587636426,1000000.0,1157035.3565584023
0.00012641519258358284,0.00010120598167285412,-0.06565088726118697,352.5028856822068,0.0,0.029997721878907993,292.3738136422585,3.408456171733711e-16,0.0,3.6775393703915455e-06,97.46293647197876,4.061083426843198e-15,2.121782374794833e-14,7.407725974690385e-10,0.0,1.0300958415354865e-14,2.5536242180288955,3.5540480628378376e-11,0.00032695625287578064,1000000.0,1157153.2716824398
0.00012651467528053512,0.00010120738782047931,0.09367674875586048,352.4024429014395,0.0,0.029996464029469184,292.36162733115043,3.431830873107271e-16,0.0,3.6773860883565755e-06,97.45887415867762,4.05420504292802e-15,2.120499686465137e-14,7.403873696011839e-10,1.982117306935859e-24,1.0193871758125355e-14,2.5535177814496817,3.541500366170597e-11,0.0003269560436323451,1000000.0,1156772.0060866354
0.00012657411011486955,0.00010121576298984683,0.1880215969507386,352.3110191099797,0.0,0.029989013937089665,292.2890583341695,3.4406664268295233e-16,0.0,3.6764733002084e-06,97.43468325159084,4.049485351631032e-15,2.119203341675222e-14,7.399923158206855e-10,1.965689045246534e-24,1.009731936049525e-14,2.552883956034727,3.528539137312673e-11,0.0003269547974371525,1000000.0,1156180.2909942747
0.000126633544949204,0.0001012297210217464,0.2815118703701368,352.19636789151883,0.0,0.029976606119529733,292.1681684205025,3.4456213991572306e-16,0.0,3.674952721399162e-06,97.39438454615795,4.044275771795056e-15,2.1175158996370273e-14,7.394754628472073e-10,1.9359042885066763e-24,9.977461577478558e-15,2.551828090555673,3.511581545426273e-11,0.00032695272165584325,1000000.0,1155319.547652422
0.00012669297978353845,0.0001012492058137883,0.373969155210738,352.0587722099025,0.0,0.029959298589320674,291.9995229362817,3.446686490930291e-16,0.0,3.6728314629715652e-06,97.33816650075646,4.03855076142996e-15,2.115442993878351e-14,7.388384383741213e-10,1.9288112180926253e-24,9.835397832193121e-15,2.5503551228062524,3.4907265248236866e-11,0.0003269498258850564,1000000.0,1154193.2521235363
0.00012675241461787288,0.0001012741507696304,0.4652190215224134,351.8985662512615,0.0,0.029937161733306607,291.7838078368057,3.443874722700343e-16,0.0,3.6701181530157937e-06,97.2662577788813,4.032286474726222e-15,2.1129912993378643e-14,7.380831711433723e-10,1.8861744659725708e-24,9.672405837882934e-15,2.548471043993579,3.466092648966541e-11,0.00032694612155350765,1000000.0,1152805.6009142436
0.00012681184945220733,0.00010130447905363947,0.555091584950793,351.71613384870085,0.0,0.02991027790822135,291.5218257452436,3.4372210686667945e-16,0.0,3.6668228870950603e-06,97.17892593531215,4.025460987002854e-15,2.1101684913451876e-14,7.372118801279394e-10,1.8574930878359876e-24,9.489919643542046e-15,2.5461828643144497,3.437816805813547e-11,0.00032694162186538885,1000000.0,1151161.4849568086
0.0001268712842865418,0.00010134010388210693,0.6434220975492942,351.5119066787493,0.0,0.029878740974433056,291.2144914086837,3.426781915102622e-16,0.0,3.662957171090835e-06,97.07647590138528,4.018054521199081e-15,2.1069831990681032e-14,7.36227062206089e-10,1.8233232875618115e-24,9.28950566807008e-15,2.5434985732679833,3.406052694793905e-11,0.000326936341735599,1000000.0,1149266.4596950253
0.00012693071912087624,0.00010138092884597154,0.7300514817145247,351.28636226496445,0.0,0.029842655775316897,290.8628266241913,3.412634250499131e-16,0.0,3.6585338573817252e-06,96.95924829359275,4.0100496464629566e-15,2.103444954044842e-14,7.351314785586004e-10,1.791003174489781e-24,9.072835961178815e-15,2.5404270953392682,3.370969165161458e-11,0.00032693029771810816,1000000.0,1147126.711771497
0.00012699015395521067,0.00010142684826181966,0.8148267928982194,351.04002181510043,0.0,0.029802137568372102,290.46795469448057,3.394874601647322e-16,0.0,3.653567075105756e-06,96.82761756537822,4.001431442818645e-15,2.099564134573422e-14,7.339281399500768e-10,1.7412086806918224e-24,8.841667413171366e-15,2.536978241574603,3.332748482710629e-11,0.0003269235079284209,1000000.0,1144749.022738821
0.00012704958878954512,0.00010147774754863152,0.8976016307000936,350.77344790403,0.0,0.029757311413795548,290.0310944688822,3.3736177580089483e-16,0.0,3.6480721552064043e-06,96.68199002069102,3.992187636097968e-15,2.0953519065169976e-14,7.326202910297055e-10,1.7101451669576955e-24,8.59780584325392e-15,2.5331626575346746,3.2915844341297783e-11,0.00032691599196053736,1000000.0,1142140.7301601267
0.00012710902362387958,0.00010153350362789163,0.9782365104490249,350.4872420216937,0.0,0.02970831152625134,289.55355402555347,3.348995332466573e-16,0.0,3.6420655509661046e-06,96.52280170794806,3.982308706114721e-15,2.090820161102853e-14,7.312113937892279e-10,1.6445284345472662e-24,8.34309264406261e-15,2.5289917681142993,3.247680433222506e-11,0.00032690777079911673,1000000.0,1139309.6864925113
0.00012715045857712045,0.00010157517765626995,1.0331144374554417,350.27643792285176,0.0,0.02967175778111217,289.1973081442859,3.3299164465937096e-16,0.0,3.637584615267046e-06,96.4040469898222,3.975042209469842e-15,2.087478490894874e-14,7.301713445649139e-10,1.6257987519841385e-24,8.160078231266174e-15,2.5258802784017713,3.215563973884956e-11,0.00032690163405161426,1000000.0,1137208.6622652952
0.00012719189353036132,0.00010161910191365634,1.086845223973203,350.0566276667857,0.0,0.029633295345418118,288.8224587270921,3.309326702409346e-16,0.0,3.6328696803774918e-06,96.27909077500468,3.96746228501384e-15,2.083992045687696e-14,7.290852545534173e-10,1.5998101369651702e-24,7.973301083104035e-15,2.522606303413165,3.1822915831797775e-11,0.00032689517327702934,1000000.0,1135006.360421797
0.00012723332848360222,0.00010166522803030808,1.1393880547371769,349.82804459434095,0.0,0.029592976536898855,288.4295156777834,3.287282710272876e-16,0.0,3.627927159974918e-06,96.14810304015039,3.959568187156646e-15,2.080365380559455e-14,7.279544575546725e-10,1.5598079643947177e-24,7.783373754584078e-15,2.519174296703012,3.147937578332718e-11,0.0003268883966409323,1000000.0,1132705.8192213897
0.0001272747634368431,0.00010171350597341997,1.190703961648312,349.5909291587863,0.0,0.029550855278686727,288.0190045484272,3.263843726868732e-16,0.0,3.6227636645638624e-06,96.01125897826712,3.951359854615441e-15,2.0766031693373834e-14,7.267803246509678e-10,1.5302623738590943e-24,7.590894677221475e-15,2.5155888484993905,3.112577006244576e-11,0.00032688131256298006,1000000.0,1130310.163493333
0.00012731619839008397,0.00010176388412857289,1.2407558580955989,349.3455284394607,0.0,0.02950698697430043,287.5914653208744,3.239071340150375e-16,0.0,3.617385986149715e-06,95.8687385925373,3.942837909610046e-15,2.072710193011709e-14,7.255642610793836e-10,1.4994459458115773e-24,7.396447830217903e-15,2.5118546750616546,3.076285331525551e-11,0.0003268739296995376,1000000.0,1127822.5968392692
0.00012735763334332487,0.0001018163093839759,1.2895085688708703,349.09209564112103,0.0,0.02946142838052341,287.1474511677626,3.213029145792628e-16,0.0,3.6118010826543543e-06,95.72072628329752,3.934003653948249e-15,2.0686913281730668e-14,7.243077030602929e-10,1.4725359252592438e-24,7.200599761604106e-15,2.507976607858899,3.039138151556709e-11,0.00032686625692579394,1000000.0,1125246.393730562
0.00012739906829656574,0.00010187072721197096,1.3369288512574797,348.8308896147541,0.0,0.029414237483270624,286.68752724263896,3.185782436599692e-16,0.0,3.606016062698064e-06,95.56741044472592,3.924859060750014e-15,2.0645515357256568e-14,7.230121147093343e-10,1.4212693599397511e-24,7.003897734106545e-15,2.5039595830027697,3.0012109346375514e-11,0.0003268583033186572,1000000.0,1122584.8918205611
0.00012740325264625884,0.00010187633125603633,1.341642327029549,348.8040895824763,0.0,0.02940938341379488,286.64021926237666,3.182966529794422e-16,0.0,3.6054210129627967e-06,95.55164030912675,3.923918429510272e-15,2.0641269476226007e-14,7.228791664665815e-10,1.4299673838730021e-24,6.984007005044561e-15,2.5035463900327763,2.9973403865046783e-11,0.000326857484863079,1000000.0,1122311.5072332656
0.00012740743699595194,0.0001018819549938017,1.3463418603421462,348.7772125947697,0.0,0.029404513361052535,286.59275549578354,3.180139087478264e-16,0.0,3.604824003714273e-06,95.53581824208736,3.922974662796795e-15,2.063701182534771e-14,7.22745836898604e-10,1.4266914531962087e-24,6.9641126905655365e-15,2.503131836408279,2.9934626988956036e-11,0.00032685666364746293,1000000.0,1122037.288745019
0.00012741162134564504,0.00010188759836682796,1.3510274100817548,348.75025598433444,0.0,0.02939962738663166,286.5451365431232,3.1773001778175176e-16,0.0,3.604225042502734e-06,95.51994444370582,3.9220277637988125e-15,2.0632742441535607e-14,7.226121275555542e-10,1.4126678542331952e-24,6.944213330181821e-15,2.502715927372044,2.989577788032673e-11,0.00032685583968147575,1000000.0,1121762.2303365977
0.00012741580569533814,0.00010189326131650497,1.3556989357842761,348.7232173283314,0.0,0.029394725552256775,286.49736300598903,3.1744498667018925e-16,0.0,3.6036241368951457e-06,95.50401911452353,3.921077735836382e-15,2.0628461345642118e-14,7.224780399911596e-10,1.4255939982471887e-24,6.924307572679241e-15,2.502298668178451,2.9856854505267135e-11,0.00032685501297481515,1000000.0,1121486.3267932704
0.0001274199900450312,0.00010189894378407625,1.3603564039350542,348.6960962881208,0.0,0.0293898079197669,286.4494354870898,3.171588217522836e-16,0.0,3.6030212944725097e-06,95.48804245545377,3.920124582341279e-15,2.0624168557281524e-14,7.223435757620634e-10,1.4149298875320422e-24,6.9043956606732335e-15,2.5018800640916243,2.9817855436894e-11,0.00032685418353720335,1000000.0,1121209.5796726188
0.0001274241743947243,0.00010190464571065925,1.3649997855875071,348.66889382604523,0.0,0.02938487455109744,286.40135459007416,3.1687152926010047e-16,0.0,3.602416522827643e-06,95.47201466772304,3.919168306809427e-15,2.0619864112994206e-14,7.222087364270569e-10,1.394686620302156e-24,6.8844786862919566e-15,2.501460120383896,2.977878121162204e-11,0.00032685335137837924,1000000.0,1120931.994757294
0.0001274283587444174,0.0001019103670372516,1.3696290513845284,348.6416106836352,0.0,0.029379925508274275,286.3531209194727,3.1658311548730614e-16,0.0,3.6018098295644606e-06,95.45593595285187,3.918208912773803e-15,2.0615548066425728e-14,7.220735235467457e-10,1.3629463294321744e-24,6.864556734063115e-15,2.5010388423353005,2.97396334147115e-11,0.00032685251650809447,1000000.0,1120653.5771151772
0.0001274325430941105,0.00010191610770472489,1.3742441701382209,348.614246975995,0.0,0.0293749608534186,286.3047350807451,3.162935868550787e-16,0.0,3.60120122229856e-06,95.43980651267056,3.9172464038141805e-15,2.0611220475031093e-14,7.21937938683727e-10,1.4452637829154791e-24,6.844632660726668e-15,2.5006162352339882,2.970041324865302e-11,0.00032685167893611877,1000000.0,1120374.3297847565
0.0001274367274438036,0.00010192186765381795,1.3788451104484452,348.5868027094757,0.0,0.02936998064875218,286.2561976803316,3.1600294981346695e-16,0.0,3.600590708657874e-06,95.42362654933613,3.9162807835800895e-15,2.060688138817242e-14,7.218019834028839e-10,1.250635036906229e-24,6.8247003263714755e-15,2.500192304376672,2.9661120974228295e-11,0.0003268508386722394,1000000.0,1120094.2554555712
0.0001274409117934967,0.00010192764682513809,1.3834318419970364,348.5592781721451,0.0,0.029364984956595813,286.2075093256374,3.1571121075000224e-16,0.0,3.5999782962824744e-06,95.40739626532744,3.91531205579448e-15,2.060253085143892e-14,7.216656592713765e-10,1.9070442749391867e-24,6.80477782003332e-15,2.4997670550684945,2.962175685716516e-11,0.00032684999572625946,1000000.0,1119813.357734298
0.0001274450961431898,0.00010193344515916729,1.388004335263308,348.5316738274555,0.0,0.029359973839363368,286.158670624975,3.1541837602157266e-16,0.0,3.5993639928238455e-06,95.39111586342574,3.9143402242397735e-15,2.0598168917071105e-14,7.215289678583999e-10,0.0,6.784816395780542e-15,2.4993404926225233,2.958232194651815e-11,0.00032684915010799877,1000000.0,1119531.6407990714
0.0001274492804928829,0.00010193926259626583,1.3925625607528136,348.5039900708044,0.0,0.029354947359558185,286.10968218752936,3.151244520468378e-16,0.0,3.5987478059444405e-06,95.374785546703,3.9133652927487756e-15,2.0593795643650995e-14,7.213919107350287e-10,6.144029458185588e-24,6.764956255439521e-15,2.4989126223594433,2.954281756857013e-11,0.00032684830182729474,1000000.0,1119249.1086099152
0.000127453464842576,0.00010194509907667151,1.3971064888088558,348.47622718042874,0.0,0.02934990557977318,286.0605446233585,3.1482944532846303e-16,0.0,3.5981297433176987e-06,95.35840551852239,3.912387265209208e-15,2.058941108762247e-14,7.212544894742531e-10,0.0,6.744804572580468e-15,2.498483449607568,2.950324456919961e-11,0.000326847450894001,1000000.0,1118965.7647498099
0.0001274576491922691,0.00010195095454049765,1.4016360899152103,348.4483854193309,0.0,0.02934484856269208,286.01125854340535,3.1453336239045063e-16,0.0,3.597509812628189e-06,95.34197598254201,3.911406145571448e-15,2.0585015300315748e-14,7.211167056510615e-10,2.9582647723166753e-23,6.72547643839309e-15,2.498052979702938,2.946360343832644e-11,0.0003268465973179861,1000000.0,1118681.6127552618
0.00012746183354196217,0.00010195682892773372,1.406151334919428,348.42046510303175,0.0,0.029339776371088342,285.96182455948804,3.1423620973078844e-16,0.0,3.596888021571489e-06,95.32549714271165,3.91042193784922e-15,2.0580608332877523e-14,7.209785608424228e-10,0.0,6.703799821710238e-15,2.4976212179892374,2.9423894875506e-11,0.00032684574110913324,1000000.0,1118396.6563357457
0.0001274686279907741,0.00010196640777596259,1.4134524278476024,348.3749622264502,0.0,0.02933150810223433,285.88124132657936,3.137514382582915e-16,0.0,3.5958744287033606e-06,95.29863468731429,3.908817236673937e-15,2.057342872548623e-14,7.207534796321391e-10,0.0,6.670754827081075e-15,2.4969173953963875,2.9359275678438485e-11,0.0003268443452342688,1000000.0,1117932.2467630403
0.000127475422439586,0.00010197603610189572,1.4207154699809565,348.3292544586572,0.0,0.029323200258849234,285.8002723660323,3.1326389150794877e-16,0.0,3.5948559840718132e-06,95.27164364944309,3.907204421816881e-15,2.056622001838177e-14,7.205274575628834e-10,0.0,6.6387054890909926e-15,2.4962102038170166,2.9294484963907144e-11,0.0003268429424861103,1000000.0,1117465.7420558364
0.00012748221688839792,0.00010198571364658671,1.4279403403795288,348.2833432439283,0.0,0.02931485311112044,285.71892031121484,3.12773597635193e-16,0.0,3.5938327207999027e-06,95.24452490693237,3.905583511445123e-15,2.0558982447336324e-14,7.203005014170355e-10,0.0,6.6035839461996066e-15,2.4954996662512436,2.9229526434501707e-11,0.000326841532907233,1000000.0,1116997.1584404784
0.00012748901133720982,0.00010199544015027223,1.4351269194543226,348.2372299928659,0.0,0.029306466929802273,285.637187801021,3.1228058495769705e-16,0.0,3.5928046720801943e-06,95.2172793394586,3.903954524130848e-15,2.0551716242922592e-14,7.200726179891115e-10,0.0,6.574210307578452e-15,2.494785805747451,2.9164403342721563e-11,0.00032684011654031365,1000000.0,1116526.5120504352
0.00012749580578602174,0.00010200521535238135,1.4422750888525375,348.1909160490791,0.0,0.029298041986202075,285.5550774797361,3.1178488193636945e-16,0.0,3.5917718711730656e-06,95.18990782849544,3.902317478850823e-15,2.0544421633891114e-14,7.198438140854251e-10,3.2423687121369955e-23,6.534314062220476e-15,2.4940686454011094,2.9099118940140788e-11,0.00032683869342812935,1000000.0,1116053.8188180185
0.00012750737101085524,0.00010202196554206634,1.4543537384834218,348.1116247370102,0.0,0.029283613029971105,285.4144513973252,3.1093501106265943e-16,0.0,3.5900030467037008e-06,95.14303006336083,3.899512493173823e-15,2.053194039535587e-14,7.194522561999879e-10,3.30049557583005e-23,6.4756483864207485e-15,2.492840402125651,2.898763364256274e-11,0.00032683625567576723,1000000.0,1115244.5585376257
0.00012751893623568874,0.00010203885477585104,1.466320197683734,348.0317626210704,0.0,0.029269073898180207,285.2727514467003,3.100775696083838e-16,0.0,3.588220714893923e-06,95.09579432379606,3.896684315444252e-15,2.0519378684757562e-14,7.190580848372526e-10,1.0021261789469324e-23,6.419969078812107e-15,2.491602779570156,2.8875708525815385e-11,0.00032683379871643116,1000000.0,1114429.493302212
0.00012753050146052227,0.00010205588175300477,1.4781739120751818,347.9513364508186,0.0,0.02925442593919243,285.12999076963956,3.0921269993554716e-16,0.0,3.5864250410437876e-06,95.04820499061856,3.893833047317285e-15,2.050673765238831e-14,7.186613337829661e-10,3.0548451660514826e-23,6.367048942124645e-15,2.490355892516324,2.8763360435087193e-11,0.00032683132276300065,1000000.0,1113608.7023641386
0.00012754206668535577,0.0001020730451664545,1.4899143396807464,347.8703530555276,0.0,0.02923967050537959,284.98618254699954,3.0834054516071483e-16,0.0,3.5846161909448826e-06,95.00026645767251,3.890958793796486e-15,2.0494018449522692e-14,7.182620369064912e-10,0.0,6.328250615855642e-15,2.489099856087169,2.8650606040972133e-11,0.00032682882802911043,1000000.0,1112782.2653343026
0.00012755363191018927,0.00010209034370293491,1.5015409507901067,347.78881930187447,0.0,0.029224808952913735,284.84133999668313,3.074612490875731e-16,0.0,3.5827943308547717e-06,94.95198313115154,3.888061663206149e-15,2.0481222229733318e-14,7.178602281556711e-10,9.90586475879769e-23,6.255392616266053e-15,2.4878347857292713,2.8537462067121452e-11,0.0003268263147291196,1000000.0,1111950.262035121
0.00012757303409544684,0.00010211966412407545,1.520789073329697,347.650818471754,0.0,0.029199642147423297,284.5960609778141,3.0597047331993156e-16,0.0,3.5797091597194567e-06,94.87021926459107,3.883150274334416e-15,2.0459585091987642e-14,7.171805931741297e-10,1.4535338746126178e-22,6.1556938833561264e-15,2.485692492490881,2.8346819093856875e-11,0.00032682205723069604,1000000.0,1110542.1851764987
0.00012759243628070443,0.00010214935485523844,1.5397130568781232,347.511320433622,0.0,0.029174186950365263,284.34797103157575,3.044606917421727e-16,0.0,3.576588632148086e-06,94.7875183741855,3.878175365035648e-15,2.043773991520478e-14,7.164941455866261e-10,6.088184405184735e-23,6.0770607525725875e-15,2.4835256483116885,2.8155204498910503e-11,0.00032681774910459137,1000000.0,1109119.0451140192
0.000127611838465962,0.00010217940958836073,1.5583106239232047,347.37035768102635,0.0,0.029148449824673264,284.09713314893986,3.02932593168187e-16,0.0,3.5734335404543613e-06,94.7039014580023,3.87313750672538e-15,2.0415692168409073e-14,7.158010468678699e-10,0.0,5.994360682871112e-15,2.481334803361589,2.796269515405772e-11,0.00032681339137493465,1000000.0,1107681.2201214558
0.00012763124065121956,0.00010220982197070845,1.5765795953618105,347.22796277934464,0.0,0.02912243725638467,283.8436105461106,3.013868694971729e-16,0.0,3.5702446797850053e-06,94.61938958919032,3.8680372966652295e-15,2.0393447326962518e-14,7.15101458941724e-10,1.3698452529790004e-23,5.902504828068997e-15,2.4791205097776845,2.776936700725088e-11,0.00032680898507061047,1000000.0,1106229.0890763663
0.00012766170079196086,0.0001022582735044325,1.6045928430997842,347.00160154411293,0.0,0.02908105923218257,283.44033335654143,2.989262982997306e-16,0.0,3.565172174397941e-06,94.48495696441626,3.859906031424863e-15,2.035813996328261e-14,7.139904515544556e-10,3.774117810470353e-23,5.759907477130656e-15,2.4755982435837227,2.746438259501284e-11,0.0003268019719580674,1000000.0,1103921.3912031425
0.00012769216093270214,0.00010230756581852458,1.6317835233074183,346.7719175442617,0.0,0.029039043623994988,283.0308416623832,2.9642668862025454e-16,0.0,3.560021501664232e-06,94.34845273187037,3.851625159240193e-15,2.0322381535993075e-14,7.128644798081381e-10,0.0,5.624825295906125e-15,2.4720216992408766,2.7157849862758024e-11,0.0003267948456884323,1000000.0,1101580.8374645505
0.00012772262107344344,0.00010235767376058166,1.6581445998842272,346.53903762639766,0.0,0.028996415756897178,282.6153822953594,2.9389073088587275e-16,0.0,3.554795766285253e-06,94.20995917301381,3.843197343911485e-15,2.02861932344406e-14,7.11724174132321e-10,0.0,5.483726051789195e-15,2.468393032603869,2.6850047491932748e-11,0.0003267876102975494,1000000.0,1099208.896840822
0.00012775308121418475,0.00010240857195875033,1.6836696360981658,346.30308884832203,0.0,0.028953201022982114,282.19420274067227,2.91321110383996e-16,0.0,3.5494980811819704e-06,94.06955878714514,3.8346253946804464e-15,2.0249596224168084e-14,7.105701658924604e-10,0.0,5.360102098096623e-15,2.4647144052349756,2.6541247438742868e-11,0.0003267802698394412,1000000.0,1096807.037764708
0.00012778354135492605,0.00010246023484847257,1.7083527697883263,346.06419837090203,0.0,0.028909424850463175,281.7675508358451,2.8872049962952444e-16,0.0,3.5441315637069213e-06,93.9273341910093,3.825912255537556e-15,2.0212611622782016e-14,7.094030866476011e-10,0.0,5.221620146226023e-15,2.4609879817736817,2.6231714760439884e-11,0.00032677282838198505,1000000.0,1094376.7264094288
0.00012781400149566735,0.00010251263669838985,1.73218868695662,345.8224933589663,0.0,0.02886511267399545,281.33567448143987,2.860915514065558e-16,0.0,3.538699332005552e-06,93.78336802236514,3.817060994008401e-15,2.017526047593895e-14,7.082235674395484e-10,0.0,5.109276060851273e-15,2.4572159274100596,2.5921707149085214e-11,0.00032676529000280505,1000000.0,1091919.4250669603
0.00012784446163640866,0.00010256575162774591,1.755172612673152,345.5781008999308,0.0,0.028820289912677696,280.8988214266441,2.8343689313700074e-16,0.0,3.5332045023192945e-06,93.63774286851087,3.808074794494603e-15,2.013756373875486e-14,7.070322382624434e-10,1.5691248954474944e-24,4.874967167326887e-15,2.453400406012061,2.5611474868354937e-11,0.00032675765878612277,1000000.0,1089436.590889916
0.00012789029311322108,0.00010264695670092758,1.7881405197079814,345.20559419871597,0.0,0.02875194166873776,280.2326827728062,2.7939985492463e-16,0.0,3.524825670101311e-06,93.41568526153591,3.7943068437203395e-15,2.0080238472637374e-14,7.05218848957811e-10,1.0466023194351009e-24,4.7489307609224445e-15,2.4475822796198985,2.514479603780468e-11,0.0003267460106357043,1000000.0,1085655.9054065559
0.0001279361245900335,0.0001027296280923418,1.8191579456214517,344.82772191442865,0.0,0.028682581174581598,279.55667759001415,2.7531917217335824e-16,0.0,3.516322734605715e-06,93.19033864290263,3.780252568600833e-15,2.0022248467087166e-14,7.033822771143772e-10,1.0051844855029555e-24,4.558859484266378e-15,2.4416779779068563,2.46789483646523e-11,0.00032673417548902345,1000000.0,1081825.6081085247
0.0001279819560668459,0.00010281367617259682,1.8482154087362186,344.44491364537174,0.0,0.028612294244552756,278.87164227720933,2.7120332383914685e-16,0.0,3.50770621623444e-06,92.96198182655752,3.765924146801241e-15,1.9963663470833238e-14,7.015246414813473e-10,1.0551974878776599e-24,4.368710508472668e-15,2.435694806070907,2.4214683437578643e-11,0.00032672216725826973,1000000.0,1077950.5634186498
0.00012802778754365834,0.0001028990109404909,1.8753060347492725,344.0575966185425,0.0,0.028541166126748126,278.1784077154,2.6706054178407115e-16,0.0,3.4989865659836985e-06,92.73089178704183,3.751334199832258e-15,1.9904552372470222e-14,6.996480437360114e-10,8.75488791244376e-25,4.1966361090366985e-15,2.429640021115811,2.3752711009457563e-11,0.00032670999981682173,1000000.0,1074035.581499674
0.00012807361902047077,0.0001029855421472988,1.900425480272333,343.6661951122603,0.0,0.02846928136308315,277.47779790370055,2.628987828845182e-16,0.0,3.4901741482877908e-06,92.4973432048144,3.736495738040752e-15,1.9844983091525437e-14,6.977545651454725e-10,5.9123886669599595e-25,4.049782294170934e-15,2.4235208199381244,2.329369854781863e-11,0.0003266976869778676,1000000.0,1070085.4104885352
0.0001281194504972832,0.00010307317940433439,1.9235718602413299,343.27112996723696,0.0,0.028396723668573442,276.7706287826707,2.5872570850293433e-16,0.0,3.481279226218819e-06,92.26160807401145,3.721422108913637e-15,1.9785022486115622e-14,6.958462637016629e-10,8.618237748238039e-25,3.83715483243822e-15,2.417344329050125,2.2838271170372477e-11,0.00032668524247638967,1000000.0,1066104.7298900262
0.00012816528197409562,0.00010316183228721919,1.9447456743600482,342.87281812016636,0.0,0.028323575818469695,276.05770713419486,2.5454866714328307e-16,0.0,3.4723119476491377e-06,92.02395533572081,3.7061269462175026e-15,1.972473626752435e-14,6.939251714524169e-10,5.711644539911058e-25,3.727691059778871e-15,2.4111175949712385,2.23870117856441e-11,0.0003266726799520307,1000000.0,1062098.144484068
0.00012824368520081576,0.00010331558523024817,1.9764030557746002,342.1850849537445,0.0,0.028197308346195025,274.8270636511047,2.474138249266611e-16,0.0,3.4568326548605014e-06,91.61371980111088,3.679487962458507e-15,1.96210348349547e-14,6.906148609952777e-10,1.4436553166175242e-25,3.4819141313793567e-15,2.4003690229072188,2.1626243376840113e-11,0.00032665095451119523,1000000.0,1055197.0069565286
0.0001283220884275359,0.00010347159516195044,2.0023259912863156,341.4910870875669,0.0,0.02806995349534355,273.58582045899453,2.40320558694874e-16,0.0,3.441220036701675e-06,91.19995084896844,3.652311886031842e-15,1.951688241718902e-14,6.872827814863658e-10,0.0,3.307238616336941e-15,2.3895278718494715,2.0881666253353833e-11,0.0003266289900092563,1000000.0,1048255.3125906291
0.00012840049165425605,0.00010362941419591406,2.022561193609685,340.792808748437,0.0,0.02794190111229789,272.33777727137704,2.33298626908393e-16,0.0,3.4255218867689874e-06,90.78391511542544,3.624670113193139e-15,1.9412580758217905e-14,6.839384505811943e-10,0.0,3.333036938539823e-15,2.3786273289029514,2.015536851835859e-11,0.0003266068519201485,1000000.0,1041294.3103764545
0.0001284788948809762,0.00010378859877420382,2.0371719074304484,340.09218163102645,0.0,0.027813528682206348,271.0866133259823,2.2637469821285604e-16,0.0,3.4097844832890145e-06,90.36683907595986,3.596634210241642e-15,1.930841879613593e-14,6.805910630951282e-10,0.0,2.893733573275874e-15,2.3676995289242186,1.9449112041128566e-11,0.000326584604196569,1000000.0,1034334.3900104897
0.00012855729810769633,0.00010394871090745042,2.0462366300377783,339.3910804767254,0.0,0.027685200386689198,269.8358781997586,2.1957237096744748e-16,0.0,3.3940524735877317e-06,89.94990598357218,3.568275287160532e-15,1.920467210852415e-14,6.772494695741438e-10,3.9823474357266823e-25,2.2668350473587218e-15,2.3567754742986677,1.8764351066912972e-11,0.00032656230910480113,1000000.0,1027395.0395072217
0.00012863570133441648,0.00010410931931337463,2.049847853256136,338.6913193175788,0.0,0.027557266345587063,268.58898441775546,2.129122372186443e-16,0.0,3.3783687811234803e-06,89.53425340495355,3.539663436363137e-15,1.9101602522108676e-14,6.739221593605457e-10,0.0,1.6018326623107848e-15,2.345884970385723,1.810225323329224e-11,0.00032654002708276675,1000000.0,1020494.8141979325
0.00012871410456113662,0.00010427000046510017,2.0481108269598067,337.99464832314027,0.0,0.027430062023955825,267.349201672636,2.0641198263537252e-16,0.0,3.362774532778752e-06,89.12097129355766,3.510867234123513e-15,1.8999457871422767e-14,6.706172476799393e-10,3.935845667364457e-24,3.0319992365591667e-15,2.3350565750314383,1.7463721455772714e-11,0.00032651781661892994,1000000.0,1013651.315874927
0.00012879250778785674,0.00010443033954780318,2.0411423435168623,337.30275126825626,0.0,0.027303907795441763,266.1196525685838,2.000865220028706e-16,0.0,3.3473090053262484e-06,88.71110057083033,3.4819533027244695e-15,1.889847188957085e-14,6.673424665216652e-10,0.0,0.0,2.324317561395337,1.6849417894172036e-11,0.00032649573415262595,1000000.0,1006881.1814602199
0.00012887091101457688,0.00010458993131924156,2.029069554469498,336.61724362083174,0.0,0.027179108655228195,264.90330982248366,1.939481633948317e-16,0.0,3.3320095902244496e-06,88.3056321932219,3.452985934981136e-15,1.879886421921125e-14,6.641051591293108e-10,4.1530790726092175e-23,1.8862557211001806e-14,2.3136938935051767,1.625978718961761e-11,0.000326473833995856,1000000.0,1000200.0805943044
0.00012894931424129702,0.00010474838087594587,2.0120288332255196,335.9396712110479,0.0,0.027055954070217138,263.7029948052374,1.8800679180791138e-16,0.0,3.316911775271262e-06,87.90550666593421,3.4240267828882307e-15,1.870084054109879e-14,6.60912277792192e-10,0.0,0.0,2.3032102135168495,1.569507986190035e-11,0.0003264521682747627,1000000.0,993622.721246184
0.00012902771746801716,0.00010490530433201234,1.9901646967489799,335.27150937646314,0.0,0.026934717951655703,262.52137726850344,1.822700622453893e-16,0.0,3.3020491411627423e-06,87.51161395182919,3.3951346083268966e-15,1.860459280352994e-14,6.577703845391256e-10,5.179502020909755e-22,1.8862407144969029e-13,2.2928898393270774,1.515537536586735e-11,0.0003264307868883645,1000000.0,987162.8621239447
0.0001291061206947373,0.00010506032941664364,1.9636287736253593,334.61416267127163,0.0,0.026815658731716818,261.36097611252836,1.7674359802865334e-16,0.0,3.2874533711659234e-06,87.12479372738574,3.3663650909341103e-15,1.8510299518981998e-14,6.546856543663386e-10,0.0,0.0,2.2827547712819687,1.4640604207444626e-11,0.00032640973748278583,1000000.0,980833.3313096437
0.00012918452392145745,0.0001052130959953894,1.9325788702792008,333.9689646378768,0.0,0.026699019542480565,260.2241610648328,1.7143119113491692e-16,0.0,3.273154272187129e-06,86.7458359422905,3.3377706879977327e-15,1.841812612098883e-14,6.516638806693021e-10,7.529548992830667e-21,2.1246725440318454e-12,2.2728257068321227,1.4150568395054518e-11,0.00032638906543958166,1000000.0,974646.0488716983
0.0001292629271481776,0.00010536325651750482,1.8971780266270648,333.3371786322704,0.0,0.026585028456652414,259.1131551638529,1.6633500146477734e-16,0.0,3.259179806079726e-06,86.3754816473608,3.309400542258873e-15,1.832822541187147e-14,6.487104826088208e-10,0.0,0.0,2.2631220622391495,1.3684961940036388e-11,0.0003263688138770907,1000000.0,968612.0557516414
0.00012934133037489773,0.00010551047639381472,1.8575936953104915,332.71999845925563,0.0,0.026473898834369246,258.03003793265515,1.6145574992019066e-16,0.0,3.2455561295413323e-06,86.01442405250374,3.281300433536213e-15,1.8240738036570405e-14,6.458305141209261e-10,3.805258055433554e-25,1.1560799295795482e-15,2.2536620002740655,1.324338853060005e-11,0.00032634902366310276,1000000.0,962741.5445865487
0.00012941973360161788,0.00010565443431199503,1.8139969899992205,332.118549271847,0.0,0.026365829685709496,256.97674911604093,1.5679290296627554e-16,0.0,3.2323076410926786e-06,85.66330977248182,3.2535127691194003e-15,1.8155792970296647e-14,6.430286742530634e-10,0.0,0.0,2.2444624628785066,1.2825378236169411e-11,0.00032632973343716635,1000000.0,957043.893170542
0.00012949813682833802,0.00010579482249532461,1.7665619784923818,331.53388890158516,0.0,0.026261006111796083,255.9550928682962,1.5234484732655344e-16,0.0,3.219457033755968e-06,85.32274022290085,3.226076607611552e-15,1.8073508056445095e-14,6.403093185450067e-10,4.494760823294499e-23,7.683104481884861e-15,2.235539207729544,1.243040304793763e-11,0.00032631097964102635,1000000.0,951527.7004565708
0.00012957654005505814,0.00010593134690892133,1.7154650316881148,330.9670094823083,0.0,0.026159599769297003,254.96674230101402,1.4810905373606855e-16,0.0,3.207025352274679e-06,84.99327313622874,3.1990277113452097e-15,1.7993990561694393e-14,6.376764712290576e-10,0.0,0.0,2.2269068479629746,1.2057890653916568e-11,0.00032629279655598957,1000000.0,946200.8242132687
0.00012965494328177828,0.00010606372741741423,1.6608842434637616,330.41883918765285,0.0,0.026061769365160005,254.01324430764194,1.4408222876317524e-16,0.0,3.1950320538019687e-06,84.67542417006037,3.1723986229828573e-15,1.791733772731468e-14,6.351338380430083e-10,2.6552967997177287e-23,4.636998356167974e-15,2.2185788943116975,1.1707236784600479e-11,0.0003262752163460853,1000000.0,941070.4193929902
0.00012973334650849842,0.00010619169789924047,1.6029989182124083,329.8902440627422,0.0,0.025967661170913117,253.09602457919462,1.4026045410466494e-16,0.0,3.183495070983157e-06,84.3696685791075,3.1462187621279557e-15,1.784363732534889e-14,6.326848194447641e-10,3.653570797057693e-23,4.955895643323135e-15,2.210567798913799,1.1377816221317706e-11,0.00032625826910580107,1000000.0,936142.9767537456
0.00012981174973521856,0.00010631500632307614,1.5419891157857215,329.38202998902466,0.0,0.02587740954871521,252.2163927300584,1.3663931326962684e-16,0.0,3.172430876424293e-06,84.07644292388802,3.1205145379387028e-15,1.7772968214723844e-14,6.303325240294034e-10,0.0,0.0,2.2028850000817397,1.106899245741263e-11,0.00032624198291120334,1000000.0,931424.3614813156
0.0001298901529619387,0.00010643341479101102,1.4780352482576273,328.894944783811,0.0,0.02579113748169718,251.37554746567312,1.3321400592814763e-16,0.0,3.1618545476931814e-06,83.79614679337487,3.0953094740553887e-15,1.7705400885793384e-14,6.280797819818661e-10,0.0,0.0,2.1955409674372977,1.0780126175826683e-11,0.00032622638387343027,1000000.0,926919.8515130249
0.0001298954182807869,0.00010644118555019224,1.4736392628223454,328.863008162536,0.0,0.025785489146200314,251.32049632465746,1.3299086614565632e-16,0.0,3.16116210285331e-06,83.77779547184085,3.0936351944576932e-15,1.7700976010031408e-14,6.279321269288718e-10,0.0,7.800514322181628e-16,2.1950601448723623,1.0761426229341094e-11,0.00032622536152173527,1000000.0,926625.1344278754
0.00012990068359963508,0.00010644893313039782,1.469230863019052,328.83116854986906,0.0,0.025779859300561495,251.26562539458996,1.327685851382641e-16,0.0,3.1604719247446685e-06,83.75950422370389,3.09196326663854e-15,1.769656542369625e-14,6.277849332654908e-10,0.0,8.08230144540835e-16,2.194580896289159,1.0742812918080296e-11,0.00032622434238602715,1000000.0,926331.401215726
0.0001299059489184833,0.00010645665746639148,1.4648100954196488,328.7994235655192,0.0,0.025774247976854594,251.21093498809907,1.325471612431524e-16,0.0,3.1597840172995724e-06,83.74127315317881,3.09029369645244e-15,1.76921691356556e-14,6.276382017229414e-10,2.8985162479271418e-24,5.521962340638501e-16,2.194103224418219,1.0724285177415554e-11,0.00032622332647330824,1000000.0,926038.6458891347
0.00012991121423733149,0.00010646435849319055,1.4603770114435948,328.7677725553053,0.0,0.02576865520697098,251.15642541601972,1.3232659271688098e-16,0.0,3.159098384427772e-06,83.72310236388259,3.088626489737473e-15,1.7687787151732683e-14,6.274919330282009e-10,0.0,1.0145416206933214e-15,2.1936271319744067,1.070584201006245e-11,0.00032622231379055347,1000000.0,925746.8673622281
0.00012991647955617967,0.00010647203614608366,1.4559316656886019,328.7362159706252,0.0,0.025763081022603638,251.10209698727385,1.3210687776649645e-16,0.0,3.1584150300149495e-06,83.7049919587945,3.0869616522913e-15,1.7683419480897768e-14,6.273461279035449e-10,2.875368331764444e-26,6.799281148246671e-16,2.1931526216558814,1.0687483030320221e-11,0.0003262213043447045,1000000.0,925456.067683157
0.00012992174487502786,0.00010647969036064932,1.4514741128921291,328.704754290699,0.0,0.02575752545523868,251.04795000874566,1.3188801460135187e-16,0.0,3.1577339579211594e-06,83.68694204021446,3.0852991898489667e-15,1.7679066137888833e-14,6.272007870660906e-10,4.63121910693947e-24,3.352781400284504e-16,2.1926796961430006,1.0669208278814714e-11,0.0003262202981426637,1000000.0,925166.2489711106
0.00012992701019387605,0.00010648732107275767,1.4470044067538799,328.67338762383,0.0,0.02575198853615074,250.9939847852759,1.3167000145465978e-16,0.0,3.1570551719807527e-06,83.66895270976133,3.0836391080820534e-15,1.767472714037223e-14,6.270559112277788e-10,4.797303008465129e-24,0.0,2.1922083580982776,1.0651017685311487e-11,0.00032621929519129365,1000000.0,924877.4122846982
0.00012993227551272424,0.00010649492821856148,1.4425226006198792,328.64211596594265,0.0,0.025746470296415636,250.94020161973174,1.314528365655555e-16,0.0,3.1563786760032574e-06,83.65102406839596,3.0819814126111676e-15,1.7670402504239615e-14,6.269115010956334e-10,6.705700144957864e-24,1.8061103536641595e-15,2.191738610166984,1.063291088799388e-11,0.0003262182954974208,1000000.0,924589.5583568783
0.00012993754083157245,0.00010650251173449166,1.4380287482267324,328.61093946572095,0.0,0.025740970766900986,250.88660081304536,1.312365181530421e-16,0.0,3.1557044737738617e-06,83.63315621643426,3.0803261090114575e-15,1.766609224347414e-14,6.2676755737189e-10,0.0,0.0,2.191270454977501,1.0614887544823979e-11,0.0003262172990678371,1000000.0,924302.6883475309
0.0001299487275648601,0.00010651854500289676,1.4284413375163088,328.54501792745464,0.0,0.025729348672210432,250.77332682600613,1.307797281031379e-16,0.0,3.1542796897208644e-06,83.59539628413748,3.0768172038123087e-15,1.7656982423299513e-14,6.264632848450914e-10,0.0,0.0,2.1902811078362063,1.0576871191732384e-11,0.0003262151929124376,1000000.0,923696.4727316268
0.0001299555831111495,0.00010652831752948564,1.4225393723016848,328.5048331946293,0.0,0.025722268256079123,250.70431801458898,1.3050167113890333e-16,0.0,3.153411682364605e-06,83.57239216717197,3.074672218043505e-15,1.765143183979801e-14,6.262778628940159e-10,0.0,0.0,2.1896783774822772,1.0553759406007319e-11,0.00032621390952548255,1000000.0,923327.170635064
0.0001299624386574389,0.00010653804952619151,1.4166173911474143,328.46481170109433,0.0,0.025715219786117686,250.63562056598897,1.302250357522676e-16,0.0,3.1525475913953995e-06,83.54949184313547,3.072531327856708e-15,1.764590575062765e-14,6.260932367932612e-10,1.262734856963388e-23,2.9425051246022653e-15,2.1890783666045563,1.0530788123936782e-11,0.00032621263172254346,1000000.0,922959.5473809965
0.0001299692942037283,0.00010654774085620696,1.4106755120711905,328.4249535468115,0.0,0.02570820332799623,250.56723512029987,1.2994981806611243e-16,0.0,3.1516874248644746e-06,83.52669552540345,3.0703945448875323e-15,1.764040419313541e-14,6.259094080323254e-10,5.763122897916487e-24,1.514250853960978e-15,2.188481080793691,1.0507956661625419e-11,0.00032621135951815485,1000000.0,922593.6047971118
0.00012998085670311172,0.00010656399364927398,1.4006092450951773,328.3581002608595,0.0,0.025696442142920415,250.45260551046246,1.2948883953179737e-16,0.0,3.1502455895025498e-06,83.48848369566365,3.0668000042020318e-15,1.7631180993710354e-14,6.256011747336137e-10,0.0,0.0,2.1874798934976014,1.0469765288078386e-11,0.00032620922655444355,1000000.0,921980.2243968229
0.00012999241920249512,0.00010658012972860274,1.3904872831992459,328.291714313777,0.0,0.02568477251202072,250.3388682322859,1.2903186378946016e-16,0.0,3.1488149780760925e-06,83.45056932506667,3.063217233737449e-15,1.762202783784267e-14,6.252952207225043e-10,0.0,0.0,2.186486499921859,1.0431969171976419e-11,0.00032620710962589323,1000000.0,921371.6440077055
0.00013000398170187854,0.00010659614845350943,1.3803101949797005,328.22579736910615,0.0,0.025673194739489747,250.22602625075106,1.2857887201810885e-16,0.0,3.1473956278792575e-06,83.41295340199015,3.0596462865506846e-15,1.7612944885804868e-14,6.249915528808371e-10,0.0,0.0,2.185500925962928,1.0394566244723035e-11,0.0003262050088002487,1000000.0,920767.8753888056
0.00013001554420126197,0.00010661204918988405,1.3700785493458176,328.1603512824252,0.0,0.025661709125021744,250.11408248690697,1.2812984539814365e-16,0.0,3.1459875756536074e-06,83.37563690016708,3.0560872145292232e-15,1.7603932297569867e-14,6.246901779807361e-10,0.0,0.0,2.1845231971335575,1.0357554415196972e-11,0.00032620292414442195,1000000.0,920168.9306913282
0.0001300271067006454,0.00010662783131019319,1.359792915127521,328.09537796114915,0.0,0.025650315963830127,250.00303981816276,1.276847651240611e-16,0.0,3.1445908575917954e-06,83.33862077878302,3.0525400683951103e-15,1.7594990231118223e-14,6.243911026853084e-10,0.0,4.665831272232989e-16,2.1835533385653454,1.0320931835160738e-11,0.0003262008557244942,1000000.0,919574.8220627317
0.00013004508881008425,0.00010665213867498187,1.3436906640965414,327.9952743940843,0.0,0.025632781590509916,249.83214225556117,1.2700036896903645e-16,0.0,3.142441272075648e-06,83.28165200278849,3.0470473246532244e-15,1.758122392689789e-14,6.23930562443673e-10,2.386811620400091e-25,9.037377982279216e-16,2.182060700940089,1.0264745226284668e-11,0.00032619767131076145,1000000.0,918660.4949363983
0.0001300630709195231,0.00010667615534566535,1.3274613420830355,327.89632522663703,0.0,0.025615472603469056,249.663441419406,1.2632540183521865e-16,0.0,3.1403193174471427e-06,83.22541550649943,3.041583725701906e-15,1.756762912682272e-14,6.234756240972752e-10,3.4105204426482124e-25,7.18656654487578e-16,2.180587249759013,1.0209488706237976e-11,0.0003261945265650054,1000000.0,917757.9355880044
0.00013008105302896196,0.00010669987905398221,1.311107082659509,327.79853686407836,0.0,0.0255983900515878,249.49694753309936,1.256597934319594e-16,0.0,3.138225122298382e-06,83.16991469789129,3.036149446320154e-15,1.7554206378377984e-14,6.230263112114067e-10,2.163835926725965e-25,5.832547068917268e-16,2.179133074314406,1.0155155214102675e-11,0.00032619142172425283,1000000.0,916867.1855006402
0.00013009903513840084,0.00010672330757114066,1.2946300170057075,327.70191554661415,0.0,0.02558153495776071,249.33267056676405,1.2500347364792685e-16,0.0,3.1361588120356705e-06,83.1151529005088,3.0307446546499524e-15,1.754095621111288e-14,6.225826467193391e-10,1.9810077322338415e-25,6.893865478322347e-16,2.177698261686389,1.0101737762247045e-11,0.0003261883570206407,1000000.0,915988.2848399334
0.0001301170172478397,0.00010674643870757383,1.2780322738567678,327.606467378639,0.0,0.025564908319348992,249.17062024166196,1.2435637257380388e-16,0.0,3.1341205089350855e-06,83.06113335493876,3.025369512331918e-15,1.752787913710487e-14,6.221446529335551e-10,1.2558013339842246e-25,4.721069692740859e-16,2.1762828967815047,1.0049229412876185e-11,0.0003261853326814772,1000000.0,915121.2725587011
0.00013013499935727856,0.00010676927031235489,1.2613159794456306,327.51219833344635,0.0,0.025548511108874804,249.01080603693964,1.2371842053661115e-16,0.0,3.1321103322273265e-06,83.00785922105881,3.0200241746879414e-15,1.7514975651893447e-14,6.217123515627635e-10,4.136139747434041e-25,1.0059302691810442e-15,2.1748870623916345,9.99762331189687e-12,0.00032618234892934267,1000000.0,914266.186440648
0.00013017507468153516,0.00010681906511054454,1.22364592813578,327.30637959126113,0.0,0.02551279806537357,248.66273155469025,1.2232923019056067e-16,0.0,3.1277321781201476e-06,82.89182844269362,3.0082194042543374e-15,1.7486845553830044e-14,6.207694999440653e-10,8.98464168932423e-25,1.5354732885132379e-15,2.171846942563684,9.885824247938315e-12,0.0003261758463842362,1000000.0,912403.6113043029
0.00013020250136756118,0.00010685226834283358,1.1975441578375192,327.16894608335167,0.0,0.025489021539575635,248.4309954980358,1.2140409726067911e-16,0.0,3.124817353219227e-06,82.81457912853689,3.0002270227949208e-15,1.746809482541678e-14,6.201407044691064e-10,3.5306423018667934e-25,6.5647960820818e-16,2.1698229350117915,9.811836358091547e-12,0.00032617151420011076,1000000.0,911163.3506796762
0.00013022992805358723,0.00010688475218168235,1.1711900296048237,327.0343174501126,0.0,0.02546578874189017,248.20455889475704,1.2049948666325803e-16,0.0,3.121969185958367e-06,82.73909638944141,2.992305504475459e-15,1.7449752893998202e-14,6.195253732362523e-10,0.0,5.58325771100559e-16,2.1678452134535555,9.739873312486383e-12,0.0003261672787510379,1000000.0,909951.2165568478
0.00013025735473961325,0.00010691650982633259,1.144591025436458,326.90251198112384,0.0,0.02544310260769755,247.98345035608597,1.1961515792714162e-16,0.0,3.1191880362156647e-06,82.66538976297366,2.9844552715957876e-15,1.7431821171469686e-14,6.189235707593848e-10,6.310452418661351e-25,1.0978418689376566e-15,2.165914027782543,9.669912009181456e-12,0.0003261631407272005,1000000.0,908767.3186750521
0.00013028478142563927,0.00010694753467736371,1.1177546102383686,326.773547274183,0.0,0.02542096595345428,247.76769733414946,1.1875087274161308e-16,0.0,3.1164742492897486e-06,82.59346840031189,2.9766767170090846e-15,1.741430099121833e-14,6.183353586682479e-10,7.398429845006669e-25,5.356616259859229e-16,2.164029617768571,9.601929713151587e-12,0.0003261591007952069,1000000.0,907611.761253553
0.0001303122081116653,0.00010697782032832578,1.0906882318385382,326.64744027093377,0.0,0.025399381484550457,247.55732619848752,1.1790639514196813e-16,0.0,3.1138281568622374e-06,82.5233410917536,2.968970206030052e-15,1.7397193614458862e-14,6.177607959003772e-10,1.908352838759569e-24,2.340721747786427e-15,2.162192213726025,9.535904115639159e-12,0.0003261551595993044,1000000.0,906484.6434102413
0.0001303561438670464,0.0001070247799655798,1.0468689910123041,326.4514211934021,0.0,0.02536596180776396,247.23160437558053,1.1659429439521967e-16,0.0,3.1097311592091194e-06,82.41476158198502,2.956775857441861e-15,1.737065196824799e-14,6.168689695094057e-10,4.3189004234421605e-24,4.994791193229151e-15,2.1593473244198815,9.43415863265271e-12,0.00032614905337958897,1000000.0,904738.5772487553
0.00013040007962242752,0.00010706980238466621,1.0025091214755073,326.2628403037645,0.0,0.02533397579825451,246.91985583093347,1.153314797267426e-16,0.0,3.1058099203912157e-06,82.31084007053177,2.9447684842079113e-15,1.7345177164983964e-14,6.160125292619047e-10,4.377981843150957e-24,3.502114757071971e-15,2.156624479223392,9.337290448215313e-12,0.00032614320455255175,1000000.0,903066.0899459431
0.00013044401537780863,0.00010711286449344111,0.9576389379221786,326.0817564236105,0.0,0.025303432761293272,246.6221712640201,1.14117023620609e-16,0.0,3.102065581245617e-06,82.21160679210233,2.93294915190101e-15,1.7320773220884413e-14,6.151916734504317e-10,1.1164871333869e-24,1.3266335414044893e-15,2.154024470315473,9.245214453982476e-12,0.00032613761539737395,1000000.0,901467.5064462104
0.00013048795113318975,0.00010715394453515714,0.9122886232166136,325.90822401704145,0.0,0.02527434128359216,246.33863437075982,1.1295001824595919e-16,0.0,3.098499194517238e-06,82.11708964676734,2.9213187583301295e-15,1.7297443697470258e-14,6.144065829795479e-10,2.0902547046176463e-24,0.0,2.1515480287052546,9.157848399172675e-12,0.00032613228804447106,1000000.0,899943.1195971079
0.00013053188688857086,0.00010719302207833206,0.8664882257352872,325.7422932804887,0.0,0.025246709256738716,246.06932207180225,1.118295766283375e-16,0.0,3.0951117277301607e-06,82.02731427605832,2.9098780417137102e-15,1.7275191722014635e-14,6.136574219424003e-10,0.0,1.085553020610167e-15,2.1491958262259243,9.075112957642206e-12,0.00032612722447850545,1000000.0,898493.1915449294
0.00013057582264395197,0.00010723007800740571,0.820267657573193,325.58401022510617,0.0,0.025220543899041117,245.81430472562008,1.1075483362407087e-16,0.0,3.0919040658680587e-06,81.9423041340023,2.8986275883570934e-15,1.725402000530526e-14,6.129443381582327e-10,1.522725311621022e-23,0.0,2.146968477395925,8.996931814208312e-12,0.0003261224265410694,1000000.0,897117.9550309853
0.00013061975839933308,0.00010726509451649885,0.7736566933961833,325.43341674377507,0.0,0.025195851774242183,245.57364631065678,1.09724946791472e-16,0.0,3.088877013665214e-06,81.86208054784086,2.887567839668593e-15,1.7233930857265195e-14,6.1226746363188e-10,0.0,6.836336257174458e-15,2.144866541009823,8.923231721286911e-12,0.0003261178959328968,1000000.0,895817.6145095353
0.00013069224076577753,0.00010731836164719519,0.6959864038900693,325.20188323406154,0.0,0.025158351812003796,245.20815866281566,1.081217807178622e-16,0.0,3.084279833093661e-06,81.74024508318664,2.8697397522196175e-15,1.720316018828699e-14,6.112302453328197e-10,0.0,2.2755465794239483e-14,2.1416743327263634,8.811255056220922e-12,0.00032611101002012776,1000000.0,893836.5555159217
0.000130764723132222,0.00010736596745809522,0.6174664485802431,324.9915255891476,0.0,0.025124900268940195,244.88212914910454,1.066349459935295e-16,0.0,3.0801789652387053e-06,81.63156300450672,2.8524320583385427e-15,1.717534741347586e-14,6.102923217358584e-10,4.834226825592729e-23,9.075573553792325e-15,2.1388267560145757,8.710988202655353e-12,0.00032610486207896515,1000000.0,892060.4485980403
0.00013083720549866644,0.0001074078551307422,0.5382280477069229,324.80246113529455,0.0,0.025095515664523182,244.59573828936453,1.0526109679239154e-16,0.0,3.076576680717129e-06,81.53609448816744,2.8356444470289113e-15,1.7150496379563435e-14,6.094540212392999e-10,0.0,6.641935305576058e-16,2.1363253875540544,8.622158370437509e-12,0.00032609945731873285,1000000.0,890489.7506352405
0.00013090968786511092,0.00010744397732053232,0.4584014125667966,324.63477901785694,0.0,0.025070212270686874,244.3491252036251,1.0399708010191029e-16,0.0,3.073474729409462e-06,81.45388590989008,2.8193757829438526e-15,1.712860847343791e-14,6.087155698399066e-10,0.0,5.894045065757956e-14,2.1341714424339733,8.544516443153857e-12,0.0003260947999794225,1000000.0,889124.7447110504
0.00013098217023155536,0.00010747429607834764,0.3781157633840869,324.4885408967351,0.0,0.025049000264636516,244.14238910531506,1.0283994076174418e-16,0.0,3.070874359244212e-06,81.38497034251345,2.8036241783870678e-15,1.7109682745044074e-14,6.080770948764502e-10,0.0,0.0,2.132365787195341,8.477837050039202e-12,0.0003260908933522575,1000000.0,887965.5491441649
0.0001310941276595303,0.00010750965833661374,0.25350072046716615,324.30487337643854,0.0,0.025024289557927463,243.9015571582132,1.0125630842134602e-16,0.0,3.067845124312694e-06,81.30468890920953,2.780303947184639e-15,1.7086263024423588e-14,6.07287416802946e-10,0.0,0.0,2.1302623351579193,8.39592582275186e-12,0.0003260863396119919,1000000.0,886579.3611930045
0.00013120608508750524,0.00010753104670319562,0.12856463915267208,324.172446557021,0.0,0.025009358882700464,243.7560470426304,9.991194385772836e-17,0.0,3.0660148674394824e-06,81.25618304941496,2.7581986242059476e-15,1.7069880634017237e-14,6.067360002972883e-10,2.7704114976292005e-22,1.3410317652922202e-14,2.1289914342108505,8.339060765874208e-12,0.00032608358669821764,1000000.0,885683.2171940202
0.00013131804251548018,0.00010753845121098905,0.003770835675790279,324.09111661059177,0.0,0.025004191882225982,243.70569939766523,9.879880101095358e-17,0.0,3.0653815841518375e-06,81.23939964010374,2.7372927261284157e-15,1.7060502132758796e-14,6.064220177239646e-10,0.0,0.0,2.128551692479127,8.306739361301311e-12,0.0003260826338528114,1000000.0,885275.4441795603
0.0001314299999434551,0.00010753191350054357,-0.12042207538887913,324.06059490742655,0.0,0.02500875143318171,243.7501524573671,9.790999067971868e-17,0.0,3.0659407240838576e-06,81.25421808643979,2.7175681151542843e-15,1.7058082714997937e-14,6.063441416513102e-10,9.242244839619089e-22,1.2844243288646111e-14,2.128939950260328,8.29858704496482e-12,0.0003260834752435585,1000000.0,885353.5709637579
0.00013154195737143004,0.00010751152631378636,-0.24355987218871708,324.08044980903173,0.0,0.02502297987189539,243.88884425536963,9.723976997888076e-17,0.0,3.0676852187041896e-06,81.30045105669234,2.6990043982514526e-15,1.7062566331423334e-14,6.065005503268462e-10,0.0,0.0,2.1301512992800338,8.314353130540657e-12,0.0003260860999992192,1000000.0,885914.3371840969
0.00013165391479940498,0.00010747743301393771,-0.3651924672389472,324.150107839773,0.0,0.025046798975223567,244.12101243773782,9.678352788968087e-17,0.0,3.0706054789629884e-06,81.37784441984851,2.681579288766113e-15,1.707388559631615e-14,6.068889272245857e-10,0.0,0.0,2.1321790810570964,8.353905991032152e-12,0.00032609049222070817,1000000.0,886953.6878449963
0.00013176587222737992,0.00010742982713090868,-0.48487371386242184,324.26885415431474,0.0,0.025080109701245475,244.44569173931177,9.653776609091421e-17,0.0,3.074689363551047e-06,81.48607640435142,2.6652689321817457e-15,1.7091961488031547e-14,6.075064548251271e-10,0.0,0.0,2.1350148648620952,8.417227466088584e-12,0.00032609663096677834,1000000.0,888466.753430615
0.00013187782965535486,0.00010736895192765967,-0.6021612892587211,324.4358322164993,0.0,0.025122791698802643,244.8617092038868,9.650007375356081e-17,0.0,3.0799221187790864e-06,81.62475600474512,2.6500481987581626e-15,1.7116702854569123e-14,6.083498028511094e-10,0.0,0.0,2.1386484059698976,8.50440636289254e-12,0.00032610449021244954,1000000.0,890447.8157031499
0.0001319897870833298,0.00010729509997590046,-0.7166166750604599,324.6500427343758,0.0,0.025174702599086884,245.36767727775882,9.666909665509768e-17,0.0,3.086286291704121e-06,81.79342067940499,2.6358909480057456e-15,1.7148005729579435e-14,6.094151113075931e-10,2.4035688938887223e-21,2.0643317993905084e-14,2.143067585337716,8.615630910497193e-12,0.000326114038782889,1000000.0,892890.2598034171
0.0001321017445113047,0.00010720861272584908,-0.8278052698750943,324.9103420720251,0.0,0.025235677104936485,245.96198493491127,9.704450141780167e-17,0.0,3.093761618501125e-06,81.99153339211497,2.622770270053939e-15,1.7185752475503583e-14,6.106979687497547e-10,5.389337252584601e-21,2.743018156942985e-14,2.148258332091662,8.751180091356911e-12,0.00032612524026762554,1000000.0,895786.5138375977
0.00013221370193927965,0.00010710988005400692,-0.9352966540220696,325.21544020735456,0.0,0.025305525895787908,246.64278700464018,9.762693419702858e-17,0.0,3.102324890225415e-06,82.21847905442687,2.6106587076200973e-15,1.7229810762520817e-14,6.121933862290777e-10,0.0,0.0,2.1542045303131134,8.91141354061454e-12,0.00032613805291907327,1000000.0,899127.9767508709
0.0001323256593672546,0.00010699933977201361,-1.0386650211915216,325.56389825728314,0.0,0.02538403436770251,247.40799188975106,9.84179718142373e-17,0.0,3.111949798327492e-06,82.47356043151579,2.5995284612165424e-15,1.7280032397597648e-14,6.138957674102055e-10,0.0,8.879144516473573e-16,2.1608879117679636,9.096759798057046e-12,0.0003261524295382996,1000000.0,902904.9352178875
0.00013243761679522953,0.00010687747707708189,-1.1374898014358277,325.95412574704295,0.0,0.025470961230526026,248.25524789669265,9.942006299499748e-17,0.0,3.122606762711705e-06,82.75599358532467,2.5893515798572003e-15,1.733625202505002e-14,6.157988754328942e-10,0.0,0.0,2.1682879365128356,9.307702636757927e-12,0.0003261683173515084,1000000.0,907106.4708454633
0.00013254957422320448,0.00010674482392158427,-1.231356490670831,326.38437764398543,0.0,0.025566036990337285,249.18192843983843,1.0063645788414419e-16,0.0,3.1342627456284265e-06,83.06490294240484,2.5801001393719332e-15,1.7398285703505032e-14,6.178957971952876e-10,3.336003156911993e-20,1.2047305189450324e-13,2.1763816636671853,9.544765176589895e-12,0.0003261856578818461,1000000.0,911720.3587253481
0.0001326615316511794,0.00010660195827654529,-1.3198577183568336,326.85275153961885,0.0,0.025668962346343173,250.18511642779768,1.0207112279417096e-16,0.0,3.1468810552919577e-06,83.39931608908633,2.5717464095830593e-15,1.7465929402899895e-14,6.2017890584728e-10,0.0,0.0,2.1851436150427967,9.808491303354915e-12,0.0003262043868222659,1000000.0,916732.9596074214
0.00013277348907915433,0.00010644950326315569,-1.4025945352378657,327.3571846597056,0.0,0.025779406542891237,251.261588175755,1.0372863688447107e-16,0.0,3.16042114350745e-06,83.75815840864917,2.564263010639034e-15,1.7538957443833834e-14,6.226398223708208e-10,2.1065831497598774e-19,6.16856067201198e-13,2.1945456346298164,1.0099424088211209e-11,0.0003262244339153785,1000000.0,922129.1061839057
0.00013282166212300828,0.00010638111896845977,-1.436323393405176,327.58477901563265,0.0,0.0258291526017481,251.74645036528796,1.0451165552850144e-16,0.0,3.1665198421759527e-06,83.91978742779678,2.561304141613326e-15,1.757197557239851e-14,6.237511619626961e-10,3.527233439667908e-25,6.437070228582572e-16,2.198780472945341,1.023310911679923e-11,0.00032623344658131684,1000000.0,924564.8515644467
0.00013286983516686224,0.0001063111379071488,-1.4688825214676668,327.8184528690214,0.0,0.025880192832636657,252.2439264627782,1.0533729238152536e-16,0.0,3.1727772012372096e-06,84.08562129858099,2.558499313181424e-15,1.7605923560850482e-14,6.248929567296859e-10,0.0,0.0,2.203125482483895,1.0371966480902222e-11,0.00032624268281069587,1000000.0,927067.0791544201
0.00013287378964492956,0.00010630532406065356,-1.4715023935354612,327.837898293223,0.0,0.025884439172013524,252.2853144464961,1.0540697426925858e-16,0.0,3.1732977880076726e-06,84.09941800073118,2.558275844651556e-15,1.7608750941214557e-14,6.249880135427443e-10,2.1042988913892653e-23,7.059461364486975e-16,2.203486969568287,1.0383595897629501e-11,0.00032624345072986976,1000000.0,927275.3893558221
0.00013287774412299689,0.00010629949986993315,-1.474114171031007,327.8573813184092,0.0,0.025888693998183825,252.32678514856948,1.0547694648064889e-16,0.0,3.1738194152270207e-06,84.1132422770807,2.558053398951659e-15,1.7611584422354812e-14,6.250832697129168e-10,0.0,5.287822106097777e-16,2.20384917912366,1.0395259946776322e-11,0.00032624422010718633,1000000.0,927484.1310287404
0.00013288169860106418,0.00010629366536702814,-1.4767178381483814,327.8769017155985,0.0,0.025892957292957524,252.36833839169628,1.0554720920902635e-16,0.0,3.1743420806651127e-06,84.12709406852584,2.5578319749604024e-15,1.7614423987702326e-14,6.251787247849662e-10,1.5738547868755993e-22,9.783400438979696e-16,2.2042121096014373,1.0406958340077369e-11,0.0003262449909388979,1000000.0,927693.3029754915
0.0001328856530791315,0.00010628782058404118,-1.4793133787126416,327.8964594015036,0.0,0.025897229038052284,252.4099739980451,1.0561776263551244e-16,0.0,3.1748657820851624e-06,84.14097331578641,2.5576115715592485e-15,1.7617269621665356e-14,6.25274378302382e-10,0.0,0.0,2.2045757594484563,1.0418691001258455e-11,0.0003262457632212469,1000000.0,927902.904411864
0.00013288960755719883,0.00010628196555314019,-1.4819007764459755,327.91605430984606,0.0,0.02590150921522207,252.45169178923064,1.0568860694010663e-16,0.0,3.1753905172433783e-06,84.15487995939763,2.557392187629277e-15,1.762012131005145e-14,6.253702298072918e-10,1.0688252055826389e-20,2.628543520285537e-14,2.204940127106625,1.0430457982657749e-11,0.00032624653695046644,1000000.0,928112.9346000453
0.00013289356203526615,0.00010627610030655833,-1.4844800152277684,327.9356863328892,0.0,0.025905797806064182,252.4934915863126,1.0575974230729775e-16,0.0,3.175916283889004e-06,84.16881393970964,2.5571738220509967e-15,1.7622979039446622e-14,6.254662788404584e-10,1.3701872175393713e-21,3.5061356861005696e-15,2.2053052110131013,1.0442259318725027e-11,0.00032624731212278,1000000.0,928323.3926817351
0.00013289751651333347,0.00010627022487659227,-1.4870510790509288,327.9553553445912,0.0,0.02591009479222132,252.5353732098067,1.0583116892352577e-16,0.0,3.176443079764466e-06,84.18277519689128,2.5569564737058116e-15,1.76258427965153e-14,6.255625249413193e-10,0.0,0.0,2.2056710096001937,1.0454094995194916e-11,0.00032624808873440157,1000000.0,928534.2777441962
0.00013290470992834038,0.00010625951113887804,-1.4917069736431272,327.99122886834243,0.0,0.025917932713772563,252.6117674223154,1.0596184526907756e-16,0.0,3.1774039822486708e-06,84.20824124044555,2.5565637095557254e-15,1.7631067541395517e-14,6.257381057136109e-10,3.6326536882745066e-22,1.2478389110099466e-15,2.206338244837584,1.047571285621177e-11,0.0003262495051120324,1000000.0,928918.9813745089
0.0001329119033433473,0.00010624876400715632,-1.4963356678487556,328.02722381796036,0.0,0.025925798242216157,252.6884307110975,1.0609348707045848e-16,0.0,3.1783682692308655e-06,84.23379698069112,2.5561743009785404e-15,1.7636312108642952e-14,6.259143342549851e-10,7.216976993696495e-22,1.832950528540147e-15,2.2070078302159413,1.0497444488323007e-11,0.00032625092621678604,1000000.0,929305.0899065092
0.00013292663631372578,0.00010622664919030459,-1.5057304741231068,328.10132212437355,0.0,0.025941993481490153,252.8462815479205,1.0636612351769698e-16,0.0,3.1803537502802534e-06,84.2864166249496,2.555387191861771e-15,1.7647115153565433e-14,6.262772814361035e-10,9.09665498112135e-23,7.718935337347871e-16,2.2083865163372187,1.0542309222471035e-11,0.0003262538514668888,1000000.0,930100.2496118934
0.00013297230611805747,0.00010615723032257755,-1.534116312673774,328.33417531874136,0.0,0.025992918449731325,253.34263350412508,1.0723712402997589e-16,0.0,3.1865969696315266e-06,84.45187576275451,2.5530359260549193e-15,1.768112191378946e-14,6.274192861450743e-10,0.0,0.0,2.212721707439965,1.068443375183988e-11,0.00032626304249067914,1000000.0,932601.9356572656
0.00013300190331287114,0.00010611156029444164,-1.5519090506142883,328.4875737567737,0.0,0.02602649422298925,253.66988754641523,1.0782258767655083e-16,0.0,3.19071323983978e-06,84.56096603832151,2.551583130854036e-15,1.7703572473615597e-14,6.281727940046339e-10,2.9872228201965712e-22,1.2622517285613286e-15,2.215579979269276,1.0778999173599225e-11,0.0003262690962946797,1000000.0,934252.4505293919
0.00013303150050768484,0.00010606537076962913,-1.5692196712875484,328.6428784087162,0.0,0.02606051073634724,254.0014376476637,1.0842465786746044e-16,0.0,3.1948835467928948e-06,84.67148840698763,2.5501856209474785e-15,1.7726340185544496e-14,6.289366045625458e-10,0.0,4.8564425988573886e-17,2.2184757733667086,1.0875516414395662e-11,0.00032627522470287393,1000000.0,935925.5128369523
0.00013306109770249854,0.0001060186761131539,-1.586041729337946,328.80004216366024,0.0,0.02609495952347526,254.33720116326634,1.0904341746857578e-16,0.0,3.199106850964612e-06,84.78341531913858,2.548842938820792e-15,1.7749419222964183e-14,6.297105067139577e-10,3.471787468182052e-22,1.1931069885307913e-15,2.221408367892294,1.0973989791739401e-11,0.00032628142600066247,1000000.0,937620.7262794389
0.00013312494713021714,0.00010591629135196284,-1.6206379239465416,329.14519222381585,0.0,0.026170706191684257,255.0754851440312,1.1043548115992423e-16,0.0,3.2083931422932686e-06,85.02952260125092,2.5461309791222953e-15,1.7800238722844066e-14,6.314133750183497e-10,0.0,0.0,2.22785661935318,1.1193098465454525e-11,0.0003262950438898474,1000000.0,941351.2829479706
0.00013318879655793575,0.00010581177282167114,-1.6528685485086954,329.49827627073665,0.0,0.026248334133756462,255.83210580367154,1.1190642525551804e-16,0.0,3.2179100762420476e-06,85.2817424231421,2.543667563133381e-15,1.7852416147927217e-14,6.331599663138083e-10,0.0,0.0,2.2344650253677525,1.1421353747325855e-11,0.00032630897484034547,1000000.0,945178.7902160859
0.00013325264598565436,0.00010570527351138145,-1.6826731332436802,329.85878392989014,0.0,0.026327749398199485,256.60614673162416,1.1345705966983776e-16,0.0,3.227646125977808e-06,85.53976929895684,2.5414482553393394e-15,1.7905885892443563e-14,6.349479506923242e-10,0.0,0.0,2.2412255818343456,1.1658776514734943e-11,0.00032632320020780666,1000000.0,949098.7965628457
0.00013331649541337297,0.00010559695020139959,-1.7099934302682183,330.22618797464827,0.0,0.026408853828637505,257.39665112547124,1.1508815374674982e-16,0.0,3.2375892566332026e-06,85.80328427819761,2.539468699252506e-15,1.7960579161085046e-14,6.367749004294219e-10,0.0,0.0,2.248129931925179,1.1905368367692399e-11,0.00032633770070116403,1000000.0,953106.6269350684
0.00013338034484109158,0.00010548696330948958,-1.734773589665043,330.59994474415635,0.0,0.026491545044146983,258.20262140760246,1.1680041642937858e-16,0.0,3.2477269204777195e-06,86.07195481793906,2.5377246196504266e-15,1.8016423915571558e-14,6.38638289243089e-10,6.161492234177523e-24,9.17921250409223e-16,2.2551693627185823,1.216110598687055e-11,0.0003263524563887977,1000000.0,957197.379098943
0.0001334441942688102,0.0001053754767359099,-1.7569603108391294,330.9794947109207,0.0,0.02657571644991074,259.02301888735514,1.1859447743244124e-16,0.0,3.2580460526507163e-06,86.34543467020204,2.5362118216770054e-15,1.8073344880075083e-14,6.405354916668323e-10,1.8345967827869543e-24,1.0061721440231673e-15,2.2623348022027767,1.2425941579036237e-11,0.0003263674467067947,1000000.0,961365.9206357818
0.0001335080436965288,0.00010526265769814946,-1.7765030233334584,331.3642629409837,0.0,0.026661257228754433,259.8567635440881,1.2047086618602622e-16,0.0,3.268533068427484e-06,86.62336380964148,2.534926188510723e-15,1.813126351241588e-14,6.424637827351397e-10,0.0,9.115265512299869e-16,2.2696168173674307,1.2699800673372271e-11,0.0003263826504692631,1000000.0,965606.8861359732
0.0001335718931242474,0.00010514867655097393,-1.7933540946772542,331.7536595078724,0.0,0.026748052327106187,260.702733974263,1.2242998844222193e-16,0.0,3.2791738625568404e-06,86.90536841590558,2.533863677680832e-15,1.8190097961168733e-14,6.444203380883163e-10,1.2265549196629206e-23,1.4458184370145295e-15,2.277005613750075,1.2982578674943356e-11,0.0003263980458809371,1000000.0,969914.674946721
0.00013363574255196602,0.00010503370659151842,-1.8074690473345245,332.1470799721977,0.0,0.02683598245812602,261.5597675162074,1.2447210140996149e-16,0.0,3.2899538108341494e-06,87.19106091522588,2.5330203153198727e-15,1.8249763054428575e-14,6.464022345266458e-10,1.4888019988609961e-23,1.5090699759204763e-15,2.2844910365354765,1.327413825848653e-11,0.0003264136105524748,1000000.0,974283.4498755801
0.00013369959197968463,0.00010491792385035676,-1.8188067762935778,332.5439059639521,0.0,0.02692492413051065,262.4266605576122,1.2659728830241045e-16,0.0,3.300857773970185e-06,87.4800400829216,2.5323921880158075e-15,1.831017028850202e-14,6.484064510238751e-10,0.0,6.128126909818504e-16,2.2920625732441056,1.3574306530585255e-11,0.00032642932151854295,1000000.0,978707.137007049
0.00013376344140740324,0.00010480150686899154,-1.8273297673838746,332.9435058568795,0.0,0.027014749701166692,263.30216903441857,1.2880543205615163e-16,0.0,3.3118701038656576e-06,87.77189120970384,2.531975432046171e-15,1.8371227858838946e-14,6.504298702202334e-10,2.1853913300841953e-24,7.731409684800773e-16,2.2997093580879855,1.3882872347221199e-11,0.00032644515525883863,1000000.0,983179.4266647344
0.00013382729083512185,0.0001046846364635681,-1.8330043185213296,333.3452355193623,0.0,0.02710532744905265,264.1850091345686,1.3109618824672787e-16,0.0,3.322974652462507e-06,88.06618633627103,2.5317662199061425e-15,1.8432840683534308e-14,6.524692804276217e-10,3.3567089092023195e-23,2.368746533147625e-15,2.307420178115695,1.4199583625669055e-11,0.000326461087722152,1000000.0,987693.7755549432
0.00013389114026284048,0.000104567495474414,-1.8358007641758016,333.74843913937286,0.0,0.027196521670352997,265.07385822166674,1.3346895721099244e-16,0.0,3.3341547833617857e-06,88.36248456121206,2.531760744044217e-15,1.849491047224868e-14,6.545213781831129e-10,3.20191784294564e-23,1.9549268879574937e-15,2.3151834812793313,1.452414472605112e-11,0.0003264770943535768,1000000.0,992243.4101721403
0.0001339549896905591,0.00010445026850115107,-1.8356937011716294,334.15245012947605,0.0,0.027288192796947972,265.9673559924748,1.3592285566394838e-16,0.0,3.3453933863829852e-06,88.66033242685755,2.5319551976509938e-15,1.8557335783822705e-14,6.565827713834778e-10,0.0,8.80657373308872e-16,2.3229873865444888,1.4856214097216815e-11,0.0003264931501250199,1000000.0,996821.331568149
0.0001340188391182777,0.00010433314162330783,-1.8326622152806555,334.556592113591,0.0,0.0273801975401456,266.8641058806163,1.3845668776708551e-16,0.0,3.356672895220202e-06,88.95926438720555,2.532345752562718e-15,1.8620012123337246e-14,6.586499830302377e-10,1.3660711856650964e-23,2.4461217440186027e-15,2.330819696150667,1.519540131270027e-11,0.0003265092295689077,1000000.0,1001420.3215687806
0.0001340826885459963,0.00010421630210655736,-1.8266901042701045,334.9601800085211,0.0,0.027472389060980387,267.76267671700356,1.4106891632400883e-16,0.0,3.367975308327373e-06,89.25880336142531,2.5329285338250495e-15,1.8682832072461336e-14,6.607194556077888e-10,8.373828471708512e-23,4.272890611544509e-15,2.338667910113681,1.5541266133837638e-11,0.0003265253068155606,1000000.0,1006032.9505486721
0.00013414653797371492,0.00010409993809479089,-1.817766098093041,335.3625211935955,0.0,0.027564617167941882,268.66160465631896,1.437576346901663e-16,0.0,3.3792822131500093e-06,89.55846137605086,2.533699591214083e-15,1.8745685406805828e-14,6.627875561167571e-10,6.537691957056193e-23,6.862689448538359e-16,2.3465192430517,1.589331561677548e-11,0.0003265413556339536,1000000.0,1010651.5868112699
0.00013421038740143353,0.00010398423828830365,-1.8058840739537594,335.7629167690919,0.0,0.027656728542837784,269.5593953776722,1.4652053841502497e-16,0.0,3.3905748138054663e-06,89.85774029857103,2.5346548676408584e-15,1.880845928454859e-14,6.648505817801357e-10,0.0,0.0,2.354360643405958,1.6251002831699535e-11,0.0003265573494759644,1000000.0,1015268.4076369929
0.00013427423682915214,0.00010386939160847504,-1.7910432641490188,336.1606629044117,0.0,0.027748566995388847,270.4545265658771,1.4935489855188432e-16,0.0,3.4018339622927794e-06,90.15613266456401,2.535790164438612e-15,1.887103839277513e-14,6.66904766435534e-10,5.948849935132353e-23,8.686494007100197e-15,2.362178815112483,1.6613725758733885e-11,0.00032657326152415366,1000000.0,1019875.4120557487
0.00013433808625687075,0.00010375558684943589,-1.7732484553895582,336.55505228109786,0.0,0.027839973747034334,271.3454506778824,1.5225753627313224e-16,0.0,3.413040193289661e-06,90.45312259988847,2.5371011036879625e-15,1.8933305227846404e-14,6.689462876221319e-10,2.224883337594423e-22,1.1082978338000546e-14,2.369960241764446,1.6980826385736383e-11,0.00032658906474305994,1000000.0,1024464.4354034273
0.00013440193568458936,0.00010364301231737192,-1.7525101763986712,336.9453756257039,0.0,0.02793078774426993,272.23059799644795,1.5522479964382648e-16,0.0,3.424173762562402e-06,90.74818683862762,2.538583087753263e-15,1.8995140243808556e-14,6.709712743644418e-10,4.8156803006954224e-23,0.0,2.377691213283273,1.7351590681398483e-11,0.00032660473193399364,1000000.0,1029027.1656796071
0.00013446578511230796,0.00010353185545819688,-1.7288448741269202,337.3309233236356,0.0,0.028020846001466863,273.10837997107365,1.5825254204205842e-16,0.0,3.4352146889884736e-06,91.04079583678939,2.540231256331017e-15,1.9056422187120543e-14,6.729758156514752e-10,0.0,0.0,2.3853578550986496,1.7725247467583095e-11,0.0003266202357930396,1000000.0,1033555.161700379
0.00013452963454002657,0.00010342230247449344,-1.7022750736605832,337.71098712395116,0.0,0.02810998397278491,273.97719284331123,1.6133610418479426e-16,0.0,3.4461428001564065e-06,91.3304149808057,2.542040441232125e-15,1.911702838065715e-14,6.749559695993816e-10,2.5580562832081154e-22,9.995544623716223e-15,2.392946159812439,1.8100970774637204e-11,0.00032663554897243845,1000000.0,1038039.8730835367
0.00013459348396774518,0.00010331453793275672,-1.6728295213672333,338.0848619303123,0.0,0.028198035952729395,274.83542155073604,1.6447029983480788e-16,0.0,3.4569377814711003e-06,91.61650588892313,2.544005119401541e-15,1.9176835000324883e-14,6.769077732811779e-10,1.3570449997672966e-22,2.2654883444707548e-15,2.4004420212963913,1.8477880339392106e-11,0.0003266506441450701,1000000.0,1042472.6620433539
0.0001346573333954638,0.00010320874436210454,-1.6405433088078156,338.4518476663728,0.0,0.02828483550448063,275.6814439009122,1.676494053721956e-16,0.0,3.467579228654772e-06,91.89852780259592,2.5461193646847118e-15,1.9235717431145008e-14,6.788272531993805e-10,0.0,0.0,2.407831271147933,1.8855043392466344e-11,0.00032666549407181424,1000000.0,1046844.826934532
0.0001347211828231824,0.0001031051018457479,-1.6054579752902385,338.811251211927,0.0,0.02837021591461,276.5136350035839,1.7086715386682394e-16,0.0,3.478046703495581e-06,92.17593906395896,2.5483767989114023e-15,1.9293550645891147e-14,6.807104363693709e-10,2.621305093134434e-22,1.3135065048683814e-14,2.415099717401437,1.9231477425185224e-11,0.0003266800716715767,1000000.0,1051147.627492467
0.000134785032250901,0.00010300378760658401,-1.5676215891535445,339.16238841446324,0.0,0.028454010672795422,277.3303719465991,1.741167337879473e-16,0.0,3.4883197926627943e-06,92.4481986745489,2.5507705428252356e-15,1.9350209569465682e-14,6.825533619751557e-10,6.591425996222049e-22,1.6290460738901106e-14,2.4222331853682886,1.9606152866850307e-11,0.0003266943500937221,1000000.0,1055372.3117271627
0.00013484888167861965,0.00010290497558850457,-1.5270888005624186,339.5045861647848,0.0,0.028536053974707976,278.13003869694734,1.7739079481800108e-16,0.0,3.498378169353419e-06,92.71476792906726,2.553293167971009e-15,1.940556950775391e-14,6.843520935463187e-10,1.4011248997656734e-22,0.0,2.429217560443044,1.9977999244509313e-11,0.0003267083027927291,1000000.0,1059510.1443567984
0.00013491273110633826,0.00010280883603511404,-1.4839208687536278,339.83718451786626,0.0,0.028616181245809662,278.91103120511644,1.8068145987064014e-16,0.0,3.5082016574950434e-06,92.97511211691982,2.5559366500486243e-15,1.9459506518774578e-14,6.861027316027272e-10,0.0,0.0,2.436038832685342,2.0345906953716743e-11,0.00032672190360454934,1000000.0,1063552.4366244285
0.00013497658053405687,0.00010271553506760467,-1.438185661519487,340.15953886903213,0.0,0.028694229683333742,279.6717626881707,1.839803404918924e-16,0.0,3.5177702981973316e-06,93.22870228333315,2.5586923245926217e-15,1.951189796886102e-14,6.878014267023795e-10,1.920976132734146e-21,4.199020563198097e-14,2.4426831429629514,2.0708734088228546e-11,0.00032673512682439374,1000000.0,1067490.5774147585
0.00013504042996177547,0.0001026252342636112,-1.389957625061477,340.47102218300074,0.0,0.02877003881373132,280.4106690639711,1.8727856264131826e-16,0.0,3.527064418105719e-06,93.47501704085414,2.561550845934599e-15,1.9562622753732625e-14,6.894443928214603e-10,3.953858034517129e-21,6.109618681651233e-14,2.449136830414941,2.1065312762178895e-11,0.0003267479472855718,1000000.0,1071316.065531341
0.00013505927540382847,0.00010259917807776582,-1.3752581142000253,340.5607905599817,0.0,0.028791963058221764,280.62436341399814,1.8825056740750593e-16,0.0,3.529752310615315e-06,93.54625214415174,2.562412757713874e-15,1.9577258419708682e-14,6.899181247390095e-10,9.412375468197265e-22,9.800268853957125e-15,2.451003259763041,2.116919144064852e-11,0.00032675165070866915,1000000.0,1072422.4158349396
0.00013506928904745546,0.00010258544621538002,-1.3673626858371588,340.6080774180449,0.0,0.02880352630690033,280.7370697812078,1.8876661080956276e-16,0.0,3.53116995502277e-06,93.58382286003302,2.562873937688555e-15,1.9584970867533102e-14,6.901677059653461e-10,0.0,0.0,2.4519876492494492,2.1224113919619857e-11,0.0003267536031855449,1000000.0,1073005.9196135588
0.00013507510196244344,0.00010257751124185155,-1.3627525958110493,340.63539308929046,0.0,0.02881021096578226,280.80222480942865,1.8906601464226505e-16,0.0,3.531989488680546e-06,93.60554231665378,2.5631426486250837e-15,1.9589427207210984e-14,6.90311899303519e-10,6.022691789836477e-22,1.0248880291932572e-14,2.4525567202465246,2.1255905731685953e-11,0.0003267547316585022,1000000.0,1073343.2316098781
0.00013508091487743145,0.0001025696031233409,-1.358122915631815,340.66260573067837,0.0,0.028816875058234364,280.8671793892097,1.8936529219320703e-16,0.0,3.5328065010556476e-06,93.62719495370092,2.5634120813096294e-15,1.9593868187559647e-14,6.90455583542937e-10,0.0,0.0,2.453124040505463,2.128762778206418e-11,0.0003267558564811173,1000000.0,1073679.4868577258
0.00013508672779241943,0.00010256172197353568,-1.3534737193877648,340.68971291556517,0.0,0.028823518468280906,280.93193238997964,1.8966443554955332e-16,0.0,3.5336209779275228e-06,93.64878039429797,2.5636822276517444e-15,1.9598293693854636e-14,6.905987559619658e-10,0.0,0.0,2.453689600151714,2.131927695956266e-11,0.00032675697763542773,1000000.0,1074014.6728657817
0.00013509254070740744,0.00010255386790567892,-1.348805076657733,340.71671379388556,0.0,0.028830141080258585,280.99648268421663,1.8996343657391968e-16,0.0,3.5344329051139427e-06,93.67029826258506,2.5639530795315776e-15,1.9602703614584664e-14,6.907414138473021e-10,1.5042603646104312e-21,2.0408953444514582e-14,2.4542533893373624,2.1350851173678957e-11,0.00032675809510352625,1000000.0,1074348.7821638635
0.00013509835362239544,0.00010254604103260325,-1.3441170553805237,340.74360816488263,0.0,0.028836742778725586,281.0608291471824,1.9026228703174372e-16,0.0,3.5352422684677173e-06,93.69174818363025,2.5642246287711654e-15,1.9607097851334786e-14,6.908835544930419e-10,1.1165224045152065e-21,1.1607445913075615e-14,2.4548153982388685,2.1382349490924608e-11,0.00032675920886756027,1000000.0,1074681.8093565758
0.00013510416653738342,0.00010253824146674948,-1.339409724137933,340.77039576050146,0.0,0.028843323448524985,281.1249706567854,1.905609787038691e-16,0.0,3.5360490538750016e-06,93.7131297833838,2.5644968671227785e-15,1.961147631771586e-14,6.910251752002095e-10,0.0,0.0,2.455375617055797,2.1413771411603618e-11,0.0003267603189097308,1000000.0,1075013.7488439388
0.00013510997945237143,0.00010253046932016394,-1.3346831524770466,340.7970761017437,0.0,0.028849882974918636,281.1889060936167,1.9085950337123258e-16,0.0,3.536853247255562e-06,93.73444268869027,2.564769786273196e-15,1.961583892556649e-14,6.911662732769122e-10,1.9415976344681796e-21,3.9361450425368056e-14,2.4559340360109982,2.1445115854971456e-11,0.00032676142521229307,1000000.0,1075344.594363901
0.00013511579236735944,0.00010252272470448854,-1.3299374106639592,340.8236486304429,0.0,0.02885642124333205,281.25263434104744,1.911578527693321e-16,0.0,3.537654834564138e-06,93.75568652732092,2.565043377849209e-15,1.9620185588034663e-14,6.913068460386163e-10,6.6966517422786185e-21,9.20312158160956e-14,2.4564906453517255,2.1476381690436472e-11,0.0003267625277575566,1000000.0,1075674.3394116713
0.00013512160528234742,0.00010251500773095355,-1.3251725694858232,340.85011281849,0.0,0.028862938139337924,281.31615428530245,1.9145601862299533e-16,0.0,3.538453801791519e-06,93.77686092799834,2.5653176334195638e-15,1.9624516217228786e-14,6.914468908083389e-10,5.013420842510913e-21,1.40512209363297e-14,2.457045435350303,2.1507568003883377e-11,0.000326763626527886,1000000.0,1076002.9775876838
0.000135132194700606,0.00010250102108585118,-1.316443577994533,340.8980427719426,0.0,0.028874754700728325,281.43132990311443,1.9199869002064504e-16,0.0,3.539902504952772e-06,93.81525476962389,2.565818924937585e-15,1.963236385473977e-14,6.917006453645212e-10,0.0,0.0,2.458051391536112,2.1564172830485783e-11,0.0003267656184040225,1000000.0,1076598.7943528849
0.00013514278411886458,0.00010248712720762235,-1.3076518725833732,340.9456087135646,0.0,0.028886499271723255,281.5458038723538,1.9254067436287156e-16,0.0,3.54134238263061e-06,93.85341471639595,2.5663223398770685e-15,1.9640157469822453e-14,6.919526228061293e-10,0.0,0.0,2.459051219448063,2.1620504741165234e-11,0.000326767597588594,1000000.0,1077190.8796250832
0.00013515922784686002,0.00010246573758642586,-1.2938764416153934,341.01874300481546,0.0,0.028904592481257506,281.7221579040808,1.9338081128232994e-16,0.0,3.5435606007580755e-06,93.91220240855247,2.5671081504600376e-15,1.9652151450783278e-14,6.923403449360387e-10,2.7322248363864138e-21,0.0,2.4605915144555133,2.170742450503375e-11,0.0003267706455538386,1000000.0,1078102.8125501936
0.00013517567157485545,0.00010244457570578587,-1.2799525072470297,341.09098187524734,0.0,0.028922507911435115,281.89677922253065,1.9421897825892683e-16,0.0,3.5457570244531728e-06,93.97041249999285,2.567898754538184e-15,1.96640119745158e-14,6.927236839226412e-10,1.0454059871920475e-21,0.0,2.462116675759453,2.1793649637557273e-11,0.0003267736622715716,1000000.0,1079005.5180004633
0.0001352022228990901,0.00010241089298735228,-1.2571606740648307,341.2057072702886,0.0,0.028951053883277532,282.1750164146821,1.9556769953843473e-16,0.0,3.5492567504148573e-06,94.06316298739264,2.569184923663522e-15,1.968287630613004e-14,6.933332509249805e-10,0.0,0.0,2.464546829205299,2.193135300585797e-11,0.0003267784663561054,1000000.0,1080443.2667622366
0.00013522877422332473,0.00010237782042118326,-1.2339933453236833,341.3180263763373,0.0,0.028979119290510363,282.44856981530467,1.9690996569911615e-16,0.0,3.5526975626606875e-06,94.15435213087183,2.5704821785981093e-15,1.9701379687588963e-14,6.939309918343147e-10,6.0183140246534206e-21,0.0,2.4669360739139523,2.206709485554234e-11,0.000326783186357708,1000000.0,1081856.020824661
0.00013525532554755937,0.00010234536789227457,-1.2104579606262922,341.4278958109088,0.0,0.029006693780108048,282.7173385161623,1.9824495129797774e-16,0.0,3.5560781919456093e-06,94.24394629262662,2.571789614478256e-15,1.971951422843636e-14,6.945166652611536e-10,4.873537487238862e-21,0.0,2.4692835285420855,2.2200782383885482e-11,0.0003267878206948512,1000000.0,1083243.210989689
0.00013528187687179401,0.00010231354507153394,-1.1865621565373001,341.5352730509009,0.0,0.029033767170272725,282.98122327750855,1.9957182262793625e-16,0.0,3.559397390011122e-06,94.33191239104491,2.5731062979167844e-15,1.9737272171826355e-14,6.95090034141783e-10,0.0,0.0,2.4715883263191043,2.233232318699142e-11,0.00032679236781639806,1000000.0,1084604.2769874916
0.00013530842819602863,0.00010228236141823468,-1.1623137559285006,341.6401164346003,0.0,0.029060329451561645,283.2401265396971,2.0088973880753416e-16,0.0,3.562653929731507e-06,94.41821790457668,2.5744312678377757e-15,1.975464589508665e-14,6.956508657601463e-10,6.566831291126437e-21,1.7762591814525094e-15,2.473849615148621,2.246162536353187e-11,0.0003267968262015906,1000000.0,1085938.667604475
0.0001353684358989397,0.00010221428708466686,-1.1062539370429312,341.86752253149217,0.0,0.029118427835028132,283.8064141192502,2.038308875329276e-16,0.0,3.5697768140864737e-06,94.606990112165,2.577451104129463e-15,1.9792457223168993e-14,6.968710069469437e-10,7.745407515050516e-25,3.297596641544265e-15,2.4787956315369994,2.274513293996433e-11,0.0003268065677902965,1000000.0,1088853.3844521986
0.00013542844360185072,0.00010214962717448607,-1.0485297074130924,342.0813248618857,0.0,0.029173755505584372,284.34569701889706,2.06712100218365e-16,0.0,3.5765600278929884e-06,94.78676029809418,2.5804962764030963e-15,1.9828184260306953e-14,6.980234010610498e-10,2.3963159091636527e-23,3.378610612970862e-15,2.48350578615722,2.3015700845698418e-11,0.0003268158319554972,1000000.0,1091623.020704599
0.00013548845130476175,0.00010208847859077045,-0.9892409294590837,342.2810936852608,0.0,0.029226207498516923,284.8569521661517,2.0952342710050637e-16,0.0,3.5829907027303904e-06,94.95718742071165,2.583554190374445e-15,1.9861747310335013e-14,6.991056266967638e-10,1.8447546975648038e-22,3.4657220677393754e-15,2.487971143384675,2.3272314996225717e-11,0.00032682460295514884,1000000.0,1094241.7778479117
0.0001355484590076728,0.0001020309321370937,-0.9284915597941179,342.4664252759619,0.0,0.029275684387766905,285.3392104689303,2.1225489583875545e-16,0.0,3.589056649154545e-06,95.11794843275523,2.586611578830016e-15,1.989307105671835e-14,7.001154000728967e-10,2.1458993275793364e-24,3.527362727588168e-15,2.4921832390652874,2.3513994636052703e-11,0.00032683286597060647,1000000.0,1096704.1571291604
0.00013560846671058384,0.00010197707225603713,-0.8663893957846369,342.63694342669953,0.0,0.02932209269519914,285.7915608049753,2.1489657709690697e-16,0.0,3.594746406877792e-06,95.26873961122928,2.58965452645103e-15,1.9922084902454568e-14,7.010505845408006e-10,8.302272159826528e-24,3.5875004432915915e-15,2.4961341153596024,2.373979987785883e-11,0.00032684060716093644,1000000.0,1099004.9842200817
0.00013566847441349487,0.00010192697680240194,-0.8030458246420025,342.792300755233,0.0,0.02936534526541639,286.21315367570674,2.1743864913787232e-16,0.0,3.600049290728081e-06,95.40927777541754,2.5926685017420674e-15,1.9948723282610113e-14,7.019091992464903e-10,4.552148656268474e-24,3.650800317571484e-15,2.499816352655977,2.3948839079130838e-11,0.0003268478137100193,1000000.0,1101139.4318514343
0.0001357284821164059,0.0001018807168422857,-0.7385755441980729,342.9321798838653,0.0,0.029405361611784614,286.60320457905055,2.1987146483234573e-16,0.0,3.604955433073194e-06,95.53930141121698,2.5956383982508276e-15,1.9972925953480698e-14,7.026894270686339e-10,0.0,3.706938255724016e-15,2.503223099029243,2.4140275945718787e-11,0.00032685447386917563,1000000.0,1103103.0407997572
0.00013578848981931696,0.00010183835646832427,-0.6730962539482419,343.05629453961933,0.0,0.02944206824022197,286.9609971652814,2.221856216216798e-16,0.0,3.6094558235155443e-06,95.65857172313932,2.598548585101316e-15,1.9994638261091487e-14,7.033896219900529e-10,1.3234474998605722e-23,3.75662338607081e-15,2.506348097804158,2.4313336544481458e-11,0.00032686057699701456,1000000.0,1104891.739580999
0.000135848497522228,0.00010179995263001194,-0.6067283255692147,343.16439057406217,0.0,0.029475398950027834,287.28588616910054,2.243720325537312e-16,0.0,3.6135423457724233e-06,95.76687361172044,2.6013829659619815e-15,2.0013811390199624e-14,7.040083158917047e-10,5.3964520973851954e-24,3.803108924486529e-15,2.50918571316448,2.4467315536732537e-11,0.0003268661135963868,1000000.0,1106501.8627769859
0.00013590850522513903,0.00010176555498248344,-0.5395944594455058,343.25624687829134,0.0,0.029505295107264563,287.577300074303,2.2642199678428186e-16,0.0,3.6172078111927355e-06,95.86401656178846,2.6041250460080105e-15,2.0030402588128048e-14,7.04544224666389e-10,0.0,3.8416761622052674e-15,2.511730953426452,2.460158228604687e-11,0.0003268710753475314,1000000.0,1107930.1677038379
0.0001359685129280501,0.00010173520575662163,-0.4718193291371321,343.33167617579,0.0,0.029531705886750793,287.834743472578,2.283272685505189e-16,0.0,3.6204459884264875e-06,95.94983542877058,2.6067580065691317e-15,2.00443753613595e-14,7.049962535604921e-10,6.68457673865189e-24,3.872159851266301e-15,2.5139794916408142,2.4715586297524673e-11,0.0003268754551368074,1000000.0,1109173.8491770355
0.00013602852063096112,0.00010170893965156634,-0.40352921430261424,343.3905256868577,0.0,0.02955458848039993,288.05779909429634,2.300801237442844e-16,0.0,3.6232516289684763e-06,96.02419111565723,2.60926478702939e-15,2.005569964238566e-14,7.053635016917588e-10,2.35944040094053e-24,3.897975316419189e-15,2.5159276833299318,2.480886195931675e-11,0.0003268792470807988,1000000.0,1110230.5522302021
0.00013608852833387215,0.00010168678374982687,-0.3348516233973443,343.4326776626091,0.0,0.029573908270550266,288.24612949808034,2.316734232538432e-16,0.0,3.6256204884100477e-06,96.08697113622075,2.61162817332524e-15,2.0064351925854567e-14,7.056452657135405e-10,0.0,3.916522239695589e-15,2.5175725812446674,2.488103259382418e-11,0.00032688244654572967,1000000.0,1111098.38269763
0.0001361485360367832,0.00010166875745519583,-0.26591490843669563,343.4580497860858,0.0,0.0295896389671122,288.39947840771043,2.331006721735564e-16,0.0,3.6275493432549954e-06,96.13809006067385,2.613830892207342e-15,2.007031537271052e-14,7.058410426008684e-10,4.471108659921245e-24,3.9263413262456464e-15,2.5189119470410772,2.493181373202497e-11,0.0003268850501621003,1000000.0,1111775.9155809074
0.00013620854373969424,0.00010165487245382419,-0.196847874450625,343.4665954372372,0.0,0.029601762707405714,288.5176716853956,2.34356073973098e-16,0.0,3.6290360031615564e-06,96.17748984010967,2.6158557103069192e-15,2.0073579881532166e-14,7.059505315351134e-10,1.752246110168618e-24,3.930266374941067e-15,2.51994425978105,2.496101555529469e-11,0.0003268870558344289,1000000.0,1112262.2011245773
0.00013626855144260527,0.0001016451326987885,-0.12777938618198528,343.45830381906694,0.0,0.029610270117786018,288.60061793261445,2.354345787998201e-16,0.0,3.630079318499915e-06,96.20514000679248,2.6176855369523678e-15,2.0074142126275955e-14,7.059736348694199e-10,0.0,3.9273992019077544e-15,2.5206687211801233,2.4968544474687206e-11,0.000326888462746003,1000000.0,1112556.7685416446
0.0001363285591455163,0.0001016395344183013,-0.05883797446199875,343.4331999436205,0.0,0.029615160336520778,288.6483087132934,2.3633192519583964e-16,0.0,3.6306791831593856e-06,96.22103774855412,2.6193035295985455e-15,2.0072005560107258e-14,7.059104581658348e-10,2.935876600892069e-24,3.915970048391016e-15,2.521085257556742,2.495440382411105e-11,0.00032688927135859523,1000000.0,1112659.6273539476
0.0001364329384082193,0.00010163962559243907,0.060399593844754705,343.3496771024472,0.0,0.02961507572924059,288.6475319349334,2.3745146254208147e-16,0.0,3.6306694126462533e-06,96.22077880833582,2.6215646017608475e-15,2.0061893082228073e-14,7.055960250391413e-10,9.32301311134671e-25,3.8805029700825576e-15,2.5210784730704985,2.4878528067501372e-11,0.0003268892582560538,1000000.0,1112383.5019745072
0.00013649839116424824,0.00010164600682458607,0.13447920785784973,343.2716987280595,0.0,0.029609495402156186,288.59317236045456,2.3786311549882235e-16,0.0,3.6299856664569716e-06,96.20265802031312,2.6225927502779344e-15,2.005144668317155e-14,7.052675007234092e-10,7.594748777290029e-25,3.847579173192742e-15,2.520603690709272,2.4798186852764085e-11,0.00032688833723154147,1000000.0,1111917.8268011448
0.00013656384392027717,0.00010165721390857769,0.2078338194610661,343.1742219440432,0.0,0.029599700636785253,288.4977360053128,2.380491262447229e-16,0.0,3.628785247874576e-06,96.17084426980772,2.623297124063497e-15,2.003787879044607e-14,7.048390162227336e-10,9.781864814289189e-25,3.806736846018655e-15,2.5197701393443506,2.4693130859691465e-11,0.00032688672041266233,1000000.0,1111229.3532048266
0.00013662929667630612,0.00010167319422922373,0.2803059910320115,343.0574995646062,0.0,0.02958574294421977,288.3617248845572,2.380094116938049e-16,0.0,3.627074471350046e-06,96.1255049037526,2.6236594282546565e-15,2.00212354127337e-14,7.043119556220506e-10,8.122043654852054e-25,3.758397238686845e-15,2.5185822036289816,2.4563952742604426e-11,0.0003268844162690529,1000000.0,1110321.0558111188
0.00013669474943233507,0.00010169388497536188,0.3517418399745259,342.92183101342016,0.0,0.02956768497061319,288.1857495441223,2.377451236762121e-16,0.0,3.624861016458689e-06,96.06684344789826,2.623662573687977e-15,2.0001571229813604e-14,7.036879647839523e-10,8.417929842190416e-25,3.702927546431907e-15,2.5170452161368004,2.441136295697087e-11,0.0003268814349356072,1000000.0,1109196.5324496834
0.00013676020218836402,0.00010171921338954035,0.4219915373794076,342.7675609010338,0.0,0.02954560014062605,287.9705255858687,2.372586263377986e-16,0.0,3.622153884191358e-06,95.99509844843311,2.6232908113319068e-15,1.9978949261668264e-14,7.029689421776302e-10,8.327753121048432e-25,3.640799876899008e-15,2.515165427011152,2.42361821015233e-11,0.00032687778816183055,1000000.0,1107859.9821889927
0.00013682565494439294,0.00010174909705369507,0.49090982948844897,342.5950773961961,0.0,0.029519572246026873,287.71686965806776,2.3655346383867096e-16,0.0,3.6189633465219292e-06,95.91054213541001,2.622529865977874e-15,1.99534404923317e-14,7.021570284159827e-10,8.182102254446505e-25,3.572509314131801e-15,2.5129499689455623,2.403933221114862e-11,0.0003268734892538575,1000000.0,1106316.1800620144
0.0001368911077004219,0.00010178344420579568,0.55835651477201,342.4048104234811,0.0,0.029489694986261326,287.4256949777105,2.3563431431454215e-16,0.0,3.6153008900859573e-06,95.81347893010602,2.6213670535246873e-15,1.9925123453527653e-14,7.012545946973725e-10,7.857106009415177e-25,3.4985858595458645e-15,2.5104068180751007,2.3821827224894197e-11,0.00032686855301025674,1000000.0,1104570.4489157614
0.00013695656045645084,0.00010182215408437486,0.6241968601811781,342.19722971241396,0.0,0.029456071466332525,287.09800643671025,2.3450693015103477e-16,0.0,3.6111791546254684e-06,95.70424381367285,2.619791377905484e-15,1.9894083776398327e-14,7.002642302882878e-10,7.6665373341005605e-25,3.4195954349695612e-15,2.5075447512334295,2.358476253081071e-11,0.0003268629956525814,1000000.0,1102628.6287443072
0.00013702201321247977,0.00010186511729865838,0.6883019745960258,341.97284270567417,0.0,0.029418813656814438,286.7348953390014,2.331780674584272e-16,0.0,3.606611866791075e-06,95.58320057274659,2.6177936099324747e-15,1.986041371022097e-14,6.991887291581712e-10,7.495152223441109e-25,3.336114588150469e-15,2.504373299986063,2.3329304472655242e-11,0.0003268568347508673,1000000.0,1100497.0437920382
0.00013708746596850872,0.00010191221622208647,0.7505491469158124,341.7321923437635,0.0,0.029378041820889794,286.3375338162117,2.316554068302274e-16,0.0,3.6016137699011256e-06,95.45073993790952,2.6153663495268586e-15,1.982421161883496e-14,6.98031075880651e-10,7.357553141767051e-25,3.2487356451037936e-15,2.5009027018562464,2.3056679075117672e-11,0.00032685008914474855,1000000.0,1098182.46775145
0.00013715291872453767,0.00010196332540688704,0.810822148362652,341.4758547438736,0.0,0.029333883913501387,285.9071689715068,2.299474667958226e-16,0.0,3.596200550281752e-06,95.30727763153831,2.6125040710514627e-15,1.9785581456059927e-14,6.967944309238573e-10,7.166182852362612e-25,3.1580512819198463e-15,2.49714384917667,2.2768160718788924e-11,0.0003268427788608409,1000000.0,1095692.0873896852
0.0001372183714805666,0.00010201831201719202,0.8690114956411973,341.20443679071707,0.0,0.02928647495788633,285.4451168029679,2.2806351130404246e-16,0.0,3.590388760833836e-06,95.15325234215929,2.6092031509075408e-15,1.974463222546022e-14,6.95482115457998e-10,7.022649036427127e-25,3.0646551348452654e-15,2.4931082360156,2.2465060845910634e-11,0.00032683492502702744,1000000.0,1093033.4649447193
0.00013726401571498685,0.00010205887821785963,0.9083024675355122,341.0065723793614,0.0,0.02925156474828421,285.104877263879,2.266507983313015e-16,0.0,3.586109156284226e-06,95.03983334529245,2.6066406218841753e-15,1.9714763556941958e-14,6.945240124601313e-10,7.199708520832449e-25,2.9982313678716197e-15,2.4901365474161556,2.2245772017532406e-11,0.0003268291381236898,1000000.0,1091084.0649187688
0.0001373096599494071,0.00010210121291745295,0.9464974069422525,340.8019055791102,0.0,0.029215191856859654,284.75038121791096,2.251608220044309e-16,0.0,3.5816502303904886e-06,94.92166193573574,2.6038638719754865e-15,1.9683861872757695e-14,6.935320067611593e-10,7.08326815585167e-25,2.930960002661216e-15,2.487040340958135,2.202050034487979e-11,0.00032682310541491016,1000000.0,1089059.4490663162
0.00013735530418382733,0.00010214526538959598,0.9835653223502726,340.59066490824966,0.0,0.029177407189601608,284.382124821466,2.235972165181463e-16,0.0,3.5770182239122904e-06,94.79890350743922,2.6008733173743098e-15,1.965196765588105e-14,6.925073395148951e-10,6.940570968560293e-25,2.8630320273860533e-15,2.483823950124723,2.1789705916502138e-11,0.00032681683487939853,1000000.0,1086962.4469799574
0.00013740094841824756,0.00010219098352181055,1.0194769501499876,340.37308418945634,0.0,0.029138262809858786,284.00061551198814,2.2196371427666477e-16,0.0,3.5722195195046115e-06,94.67172721489295,2.5976698140474653e-15,1.9619122145201723e-14,6.914512774595868e-10,6.848904207932816e-25,2.7946299707909303e-15,2.4804918069289306,2.1553848910909266e-11,0.00032681033468622104,1000000.0,1084795.9463078277
0.0001374465926526678,0.00010223831389937952,1.0542047728913915,340.14940209915835,0.0,0.029097811825571043,283.6063709088427,2.202641283967983e-16,0.0,3.5672606278927847e-06,94.54030560673489,2.594254650934423e-15,1.958536724033561e-14,6.903651102136978e-10,6.715938307648364e-25,2.7259286955434474e-15,2.4770484323137603,2.1313387986977624e-11,0.00032680361317880154,1000000.0,1082562.8860828395
0.00013749223688708803,0.00010228720189151202,1.0877230336487989,339.9198617067287,0.0,0.029056108275492123,283.19991770436286,2.185023351029961e-16,0.0,3.562148173923838e-06,94.4048142560807,2.5906295413900456e-15,1.9550745408190283e-14,6.892501475538686e-10,6.568187527123764e-25,2.65709668653164e-15,2.473498426466488,2.106877873652027e-11,0.00032679667885856476,1000000.0,1080266.2500158362
0.00013753788112150827,0.00010233759173387915,1.1200077433576492,339.68471003909946,0.0,0.029013207019668755,282.7817905963784,2.1668225725957091e-16,0.0,3.556888883139627e-06,94.26543140468179,2.5867966125057665e-15,1.9515299593499624e-14,6.881077168013228e-10,6.391520895029205e-25,2.588295748150715e-15,2.469846459495255,2.0820472281465936e-11,0.00032678954036949336,1000000.0,1077909.0600689251
0.0001376081475055743,0.00010241796796281929,1.1672461395249318,339.3123196644819,0.0,0.02894495051386249,282.11654303318824,2.1377555728426432e-16,0.0,3.548521259249409e-06,94.04367084320918,2.580495798220995e-15,1.9459222442329602e-14,6.862984261345037e-10,6.292094717479086e-25,2.4827921706752885e-15,2.464036115985317,2.0432017846729432e-11,0.00032677817230207274,1000000.0,1074169.004908883
0.0001376784138896403,0.0001025015567942856,1.2114361183505102,338.92815391277026,0.0,0.028874192905716328,281.4269174095626,2.1075458097006616e-16,0.0,3.5398470029842883e-06,93.81378384482683,2.5737195731129765e-15,1.9401454727547813e-14,6.84432175976066e-10,6.183153587424582e-25,2.3782387987106222e-15,2.4580128518836926,2.003744358746007e-11,0.000326766373701783,1000000.0,1070303.9430556616
0.00013774868027370633,0.00010258814170389053,1.2525146501745774,338.53315516369037,0.0,0.028801142238245567,280.71494144238517,2.076337806060265e-16,0.0,3.5308916193940365e-06,93.57644634982933,2.56648098371565e-15,1.9342156885787187e-14,6.82513969080785e-10,5.888318885496374e-25,2.27510435450619e-15,2.451794377486918,1.9638288657020478e-11,0.0003267541775949703,1000000.0,1066325.2264368203
0.00013781894665777235,0.00010267750209948793,1.2904284597432572,338.12827623761723,0.0,0.028726008223768657,279.98265912181324,2.0442745188366006e-16,0.0,3.521680818217079e-06,93.33233972321396,2.5587949725055175e-15,1.9281489653526678e-14,6.805488369835732e-10,5.745850723948746e-25,2.1738072104746527e-15,2.4453985452240463,1.923603288799316e-11,0.0003267416173912758,1000000.0,1062244.2514411402
0.00013788921304183838,0.00010276941403692995,1.3251338702517368,337.7144768466955,0.0,0.028649001388916358,279.2321223778018,2.01149622251081e-16,0.0,3.5122404090602892e-06,93.08214797671295,2.550678215751853e-15,1.9219613396405346e-14,6.785418198806377e-10,5.09559208236865e-25,2.0747129169986923e-15,2.438843276871171,1.8832089262171032e-11,0.000326728726758204,1000000.0,1058072.410313851
0.0001379594794259044,0.00010286365084878664,1.3565966065348731,337.29272055492754,0.0,0.028570332321421976,278.4653837386459,1.9781396151188933e-16,0.0,3.5025962090565846e-06,92.82655532151537,2.542148958701313e-15,1.9156687523555122e-14,6.764979489832624e-10,4.8263531610017695e-25,1.9781368184838464e-15,2.4321464994303517,1.8427797843395497e-11,0.0003267155395138218,1000000.0,1053821.0487645366
0.00013799171084798813,0.00010290759272005448,1.3699365966415404,337.09686201710974,0.0,0.028533748055362452,278.10881920790507,1.9626818133005954e-16,0.0,3.498111265331441e-06,92.70769438181254,2.5381038953560777e-15,1.9127515428252727e-14,6.755494628551565e-10,5.338950688906661e-25,1.934755540535318e-15,2.4290322266083018,1.8242580869376087e-11,0.00032670940053465146,1000000.0,1051847.4225869775
0.00013800945811764,0.00010293196823177848,1.376987610436321,336.98842100059034,0.0,0.028513480907736248,277.9112875860442,1.9541349256058848e-16,0.0,3.49562667101097e-06,92.6418471306963,2.5358420257915026e-15,1.9111378070348566e-14,6.750245213251784e-10,5.411112139408572e-25,1.911128515875132e-15,2.427306964254909,1.8140720154179e-11,0.00032670599787474507,1000000.0,1050754.955755162
0.00013802238289111775,0.00010294979793757465,1.381990906090311,336.9091834052751,0.0,0.02849866846172538,277.7669195986727,1.9478961413465336e-16,0.0,3.4938107800761576e-06,92.59372200000631,2.534179575109504e-15,1.9099594209487024e-14,6.746410820694616e-10,5.313579282908324e-25,1.8940367202079636e-15,2.4260460387823333,1.8066603154916452e-11,0.0003267035102127744,1000000.0,1049956.8858629726
0.00013803099235036066,0.00010296171024866609,1.3852620328989493,336.8562776881607,0.0,0.02848877774868978,277.6705207586357,1.9437340734999974e-16,0.0,3.4925982551741004e-06,92.56158740521444,2.5330651467519923e-15,1.9091730488279368e-14,6.743851489628474e-10,5.049776208694688e-25,1.8827020861848277e-15,2.4252040809830913,1.8017263733813644e-11,0.00032670184875232785,1000000.0,1049424.1501163833
0.00013803960180960355,0.00010297365051001267,1.3884838179113246,336.8032750245411,0.0,0.028478868422611842,277.5739404935626,1.9395672384982628e-16,0.0,3.4913834482697595e-06,92.52939233230903,2.531945138824893e-15,1.9083855688069873e-14,6.741288136527847e-10,5.026556455814412e-25,1.871416229360244e-15,2.4243605385981493,1.7967951324794e-11,0.00032670018386432207,1000000.0,1048890.5389520393
0.00013804821126884646,0.00010298561829670006,1.3916562412365197,336.75017790870453,0.0,0.02846894086548772,277.47718252665305,1.9353958561698841e-16,0.0,3.490166406194322e-06,92.49713802242026,2.530819591057749e-15,1.907597009563086e-14,6.738720852213458e-10,5.505076068888656e-25,1.8601775111582192e-15,2.423515444146331,1.791866869438033e-11,0.00032669851561088623,1000000.0,1048356.0750112502
0.00013805682072808934,0.0001029976131836688,1.3947792836496118,336.6969883564303,0.0,0.028458995458817204,277.3802505762696,1.9312201466880121e-16,0.0,3.488947175718135e-06,92.46482571506584,2.5296885433663848e-15,1.906807400357676e-14,6.736149727363885e-10,5.157191132048213e-25,1.848973225136791e-15,2.4226688301042127,1.7869418358113712e-11,0.0003266968440541017,1000000.0,1047820.7793950008
0.00013806543018733225,0.00010300963474570882,1.3978529267192823,336.6437080086323,0.0,0.02844903258360498,277.2831483559496,1.9270403297378707e-16,0.0,3.4877258035508554e-06,92.43245664815511,2.528552035872823e-15,1.9060167697364256e-14,6.733574852518113e-10,4.228784401463107e-25,1.8378177572025355e-15,2.4218207289062295,1.7820202198047398e-11,0.0003266951692560062,1000000.0,1047284.6719919593
0.00013807403964657516,0.00010302168255745138,1.4008771541543754,336.59033860085344,0.0,0.028439052620364166,277.1858795744398,1.92285662347394e-16,0.0,3.4865023363418777e-06,92.40003205800035,2.5274101089202476e-15,1.9052251456377626e-14,6.730996318078305e-10,4.0886175171130227e-25,1.8266921971435785e-15,2.4209711729449714,1.7771022146074512e-11,0.0003266934912785999,1000000.0,1046747.7729540041
0.00013808264910581804,0.00010303375619338786,1.4038519522569712,336.5368820942192,0.0,0.02842905594909764,277.088447935514,1.9186692442647903e-16,0.0,3.4852768206780495e-06,92.36755317925618,2.5262628030631473e-15,1.9044325561951687e-14,6.728414214305206e-10,4.296865289495087e-25,1.8157052432288528e-15,2.4201201945695963,1.7721880366019796e-11,0.0003266918101838365,1000000.0,1046210.103105757
0.00013809125856506095,0.00010304585522790159,1.4067773094495157,336.48334049230436,0.0,0.028419042949268614,276.99085713768693,1.9144784076261953e-16,0.0,3.4840493030800677e-06,92.33502124482402,2.525110159047738e-15,1.903639030077774e-14,6.725828631309808e-10,7.047897498973982e-25,1.8044429509348854e-15,2.419267826083327,1.767277915715305e-11,0.0003266901260336209,1000000.0,1045671.683367879
0.00013809986802430384,0.00010305797923529025,1.4096532158400354,336.4297156988611,0.0,0.02840901399977926,276.8931108740054,1.9102843286376975e-16,0.0,3.4828198299998514e-06,92.30243748578266,2.523952217804353e-15,1.902844595880314e-14,6.723239659047932e-10,0.0,1.794416629218981e-15,2.4184140997416312,1.7623720674767468e-11,0.00032668843888980807,1000000.0,1045132.5343099872
0.00013811339529630647,0.00010307707802221174,1.414071962794922,336.34529635888015,0.0,0.028393225101826944,276.73922575740056,1.9036885127094856e-16,0.0,3.4808842306103323e-06,92.25113981597306,2.5221222472376446e-15,1.901594605836275e-14,6.71916520857782e-10,4.951768063459887e-25,1.7765289116692493e-15,2.417070050642555,1.7546730571853283e-11,0.0003266857821335269,1000000.0,1044283.9937309712
0.0001381269225683091,0.00010309623575676279,1.4183685893163611,336.2606835405756,0.0,0.028377399227268195,276.5849802179589,1.8970860443150516e-16,0.0,3.4789440977465236e-06,92.19972199905637,2.520279461379996e-15,1.9003425517216015e-14,6.715082960173372e-10,4.918258722886962e-25,1.7595060234715256e-15,2.4157228535718125,1.7469858593382844e-11,0.0003266831183789125,1000000.0,1043433.7822107781
0.00013814044984031173,0.00010311545078690812,1.4225430848237357,336.17588440343235,0.0,0.028361537836917347,276.4303884938108,1.8904777405421905e-16,0.0,3.4769996104986284e-06,92.14818878131942,2.5184240217359946e-15,1.8990885419433006e-14,6.71099326033868e-10,4.846677542291822e-25,1.7426048101953721e-15,2.414372632886761,1.7393112522607222e-11,0.0003266804478650221,1000000.0,1042581.9782492509
0.00013815397711231436,0.00010313472146054494,1.4265954503796732,336.09090616823096,0.0,0.028345642387713334,276.27546478531724,1.8838644111081833e-16,0.0,3.4750509474817737e-06,92.09654489645871,2.5165560908583244e-15,1.897832684949773e-14,6.706896454533489e-10,4.87000021880249e-25,1.7258140865371365e-15,2.413019512614874,1.7316500057186738e-11,0.00032667777083052435,1000000.0,1041728.6602915807
0.00013816750438431697,0.00010315404612565848,1.4305256987180426,336.0057561473074,0.0,0.02832971433256992,276.12022325361005,1.877246858193427e-16,0.0,3.4730982868176584e-06,92.04479506509358,2.5146758323038573e-15,1.8965750886220504e-14,6.702792887138653e-10,5.678777031253164e-25,1.709048701918631e-15,2.411663616440995,1.724002873911981e-11,0.00032667508751367134,1000000.0,1040873.9068164295
0.0001381810316563196,0.0001031734231304822,1.4343338538931956,335.92044164598406,0.0,0.028313755120223525,275.9646780191084,1.8706258765757406e-16,0.0,3.471141806115885e-06,91.99294399427183,2.512783410586208e-15,1.8953158600909544e-14,6.69868290142053e-10,4.559374182595952e-25,1.6926319589637903e-15,2.4103050676943782,1.7163706002866975e-11,0.00032667239815227517,1000000.0,1040017.7960211816
0.00013819455892832223,0.00010319285082365316,1.438019950987339,335.8349698942511,0.0,0.028297766195086817,275.80884316009224,1.8640022536444547e-16,0.0,3.4691816824560226e-06,91.94099637699411,2.5108789911329542e-15,1.8940551060490518e-14,6.694566839497145e-10,5.159879582711848e-25,1.6761448502611914e-15,2.408943989336227,1.7087539166610845e-11,0.0003266697029836865,1000000.0,1039160.4056029611
0.00013821690195063785,0.0001032250461862453,1.443841116411997,335.6934708620444,0.0,0.028271296023381565,275.550853551085,1.8530582929045034e-16,0.0,3.465936634847295e-06,91.85499542987122,2.507707627402476e-15,1.891969658560923e-14,6.687755933703337e-10,4.807401032881408e-25,1.6493216832849523e-15,2.406690680444625,1.6962094691843e-11,0.0003266652392822712,1000000.0,1037741.6559031121
0.00013823924497295348,0.00010325736789519165,1.4493296961555706,335.5515947763521,0.0,0.028244755178929,275.29217505384514,1.8421127155676373e-16,0.0,3.4626829222574197e-06,91.76876484156107,2.5045047407410937e-15,1.88988081542041e-14,6.680930909931379e-10,4.86390335411996e-25,1.6227977200011347e-15,2.4044313547294114,1.6837126509567487e-11,0.00032666076144842677,1000000.0,1036319.9724806651
0.00013826158799526908,0.00010328980852332954,1.454486043697241,335.40937371876055,0.0,0.02821815008658938,275.0328702897085,1.8311689260030655e-16,0.0,3.4594213323507404e-06,91.68232548691286,2.5012710911747392e-15,1.887789048859929e-14,6.674093287782404e-10,5.086219220495778e-25,1.5966044751627822e-15,2.4021665591320445,1.6712665163196922e-11,0.0003266562705424103,1000000.0,1034895.6989150945
0.0001382839310175847,0.0001033223606522824,1.4593105919119318,335.266839649575,0.0,0.02819148713374568,274.77300151474986,1.8202302655588596e-16,0.0,3.4561526481972695e-06,91.59569811901592,2.4980074439607363e-15,1.885694826999642e-14,6.66724457710566e-10,4.675967257457508e-25,1.5708035722416492e-15,2.399896837403753,1.658874027513311e-11,0.00032665176762019594,1000000.0,1033469.1762415756
0.00013830627403990032,0.0001033550168742153,1.463803852010588,335.124024442616,0.0,0.028164772668755632,274.51263060469483,1.80930001112552e-16,0.0,3.452877648082907e-06,91.50890336416992,2.4947145690855203e-15,1.8835986141363033e-14,6.66038627764619e-10,4.280045921589392e-25,1.5453606851414737e-15,2.397622729973753,1.646538059169744e-11,0.00032664725373322226,1000000.0,1032040.7430024322
0.00013834373345057753,0.00010340998020578194,1.4705954090160298,334.88404245003744,0.0,0.028119886019597893,274.07514544226007,1.7910024467792005e-16,0.0,3.4473748676199318e-06,91.3630674971234,2.4891304198467462e-15,1.880080984927068e-14,6.648870504694018e-10,4.498868783313647e-25,1.5033963556312676e-15,2.3938016876838177,1.625990498024922e-11,0.00032663966420606947,1000000.0,1029642.5242229442
0.00013838119286125477,0.00010346518058750946,1.4764606934164313,334.643507349788,0.0,0.028074901746473716,273.63670859664876,1.7727522203375218e-16,0.0,3.4418601166857636e-06,91.21691438608407,2.483469964290808e-15,1.8765611947539907e-14,6.637338910080349e-10,4.54255389491791e-25,1.4624455037228842e-15,2.389972333291123,1.605622135417096e-11,0.0003266320516984525,1000000.0,1027241.440827538
0.000138418652271932,0.00010352058339064895,1.4814035332489621,334.4025657822032,0.0,0.02802984895884949,273.1976037902939,1.7545635059043262e-16,0.0,3.4363369640008825e-06,91.07053861004684,2.477736896876498e-15,1.8730413524721103e-14,6.625798354584204e-10,4.313889350554182e-25,1.4225052150839951e-15,2.3861371448577966,1.585444802156039e-11,0.0003266244210681366,1000000.0,1024839.0326096236
0.00013845611168260922,0.00010357615414019537,1.4854283212557955,334.1613627296135,0.0,0.027984756399576927,272.7581111724636,1.7364499276539348e-16,0.0,3.4308089333417472e-06,90.92403355689054,2.471934929032351e-15,1.8695235316761327e-14,6.614255605973659e-10,4.1979533274498215e-25,1.383551111298666e-15,2.3822985692375647,1.5654696262599968e-11,0.00032661677712734826,1000000.0,1022436.8146271564
0.00013849357109328646,0.0001036318585368664,1.4885399973439823,333.9200414855641,0.0,0.027939652428035058,272.3185071549431,1.718424550766539e-16,0.0,3.425279501473971e-06,90.77749136860253,2.4660677827869508e-15,1.8660097698624505e-14,6.60271733521984e-10,3.941471535728802e-25,1.3456047137458336e-15,2.378459020640576,1.545707047844943e-11,0.0003266091246398708,1000000.0,1020036.2765626549
0.00013853103050396367,0.00010368766247701278,1.4907440319981982,333.67874362660757,0.0,0.02789456500556273,271.8790642700425,1.7004998763844423e-16,0.0,3.4197520963663127e-06,90.63100289394539,2.4601391848819362e-15,1.8625020675566478e-14,6.591190113249555e-10,4.243887215739341e-25,1.3086225383085397e-15,2.374620879393227,1.5261668366456376e-11,0.000326601468318487,1000000.0,1017638.8821884745
0.0001385684899146409,0.00010374353207164596,1.4920464097482544,333.4376089521318,0.0,0.027849521682187413,271.4400510412395,1.682687839418236e-16,0.0,3.414230095563593e-06,90.48465764533583,2.4541528611219295e-15,1.859002387455625e-14,6.579680408004239e-10,3.411969793308898e-25,1.272689825491176e-15,2.3707864908083454,1.5068581062581698e-11,0.0003265938128226026,1000000.0,1015246.0687938477
0.00013862472588982325,0.00010382745594672189,1.492323072679201,333.0762134075931,0.0,0.027782042462836297,270.7823668386674,1.65618373347652e-16,0.0,3.4059576052234663e-06,90.26541833359026,2.4450656519173364e-15,1.8537677565338727e-14,6.562448250224437e-10,3.2226248041580055e-25,1.2205288875577761e-15,2.3650422065059717,1.4783238593030656e-11,0.0003265823316234447,1000000.0,1011665.5386025803
0.00013868096186500555,0.00010391133921614804,1.4906062834028617,332.7159546572879,0.0,0.02771481358770454,270.12712230521845,1.6299950499768102e-16,0.0,3.3977158015553115e-06,90.0469922866012,2.4358692497561816e-15,1.8485618775896306e-14,6.54529094874514e-10,4.2499651479742145e-25,1.1705231169839753e-15,2.3593192305352875,1.450356317396193e-11,0.0003265708779758767,1000000.0,1008103.158852128
0.0001387371978401879,0.00010399507049399901,1.4869223070982103,332.3572811930649,0.0,0.02764792270189844,269.47517169796447,1.6041550297734683e-16,0.0,3.389515429584378e-06,89.82966427133043,2.4265760873093165e-15,1.8433908935632923e-14,6.528229004035558e-10,2.4937757620218443e-25,1.1227779352759237e-15,2.3536250240690877,1.4229785118399858e-11,0.0003265594669017975,1000000.0,1004563.4413763098
0.0001387934338153702,0.00010407853993802478,1.4812995889822544,332.0006310136693,0.0,0.0275814550893382,268.827346260527,1.578694120020831e-16,0.0,3.3813669448678957e-06,89.61371138319616,2.417198461279594e-15,1.8382607418744314e-14,6.511282334207372e-10,8.2362590845304825e-25,1.0769326740955326e-15,2.3479668472782276,1.3962105932666132e-11,0.0003265481130997439,1000000.0,1001050.752436257
0.00013884966979055253,0.00010416163937399659,1.4737686236338265,331.64643130460706,0.0,0.0275154936122072,268.1844536328628,1.5536400385664462e-16,0.0,3.373280506071228e-06,89.39940284932486,2.40774849764623e-15,1.8331771521623345e-14,6.494470262206479e-10,0.0,1.0338663265698104e-15,2.3423517541766237,1.3700699842894425e-11,0.0003265368309320593,1000000.0,997569.3107886302
0.00013890590576573486,0.00010424426239928584,1.4643618387321267,331.2950982003017,0.0,0.027450118671589144,267.5472774675667,1.5290178551393514e-16,0.0,3.36526597014165e-06,89.18699990064553,2.3982381232245424e-15,1.8281456454278365e-14,6.477811507935435e-10,4.672610040154047e-24,9.902476751084194e-16,2.336786589270003,1.3445715268904485e-11,0.00032652563441513786,1000000.0,994123.1868692492
0.00013896214174091717,0.00010432630448140854,1.4531134804397179,330.9470365753215,0.0,0.027385408176207708,266.9165771251491,1.5048500829993318e-16,0.0,3.3573328884754903e-06,88.97675567031048,2.3886790396368883e-15,1.8231715338520124e-14,6.461324182264477e-10,0.0,9.578181485408911e-16,2.331277984894428,1.3197276506705032e-11,0.00032651453721075014,1000000.0,990716.302436968
0.00013905361150266677,0.00010445824383199005,1.4309773556138716,330.3889015989555,0.0,0.027281767253805364,265.90644133681633,1.4665618608208652e-16,0.0,3.344627187901591e-06,88.64002647093474,2.3730562710563627e-15,1.8152166637568148e-14,6.434918088973457e-10,0.0,9.115182957995825e-16,2.322455350674649,1.2807418761553745e-11,0.0003264967335527745,1000000.0,985268.3875961506
0.00013909038379888894,0.0001045106787258822,1.4207687383291985,330.16762364477535,0.0,0.027240723854160848,265.50641192294137,1.45153994217269e-16,0.0,3.33959553372986e-06,88.50667649381789,2.366758694301471e-15,1.8120699955143885e-14,6.424459560921393e-10,0.0,8.742484844655612e-16,2.318961450907421,1.2655721021298834e-11,0.0003264896726487279,1000000.0,983113.8022312124
0.00013909414058123996,0.00010451601421010138,1.4196842459641157,330.14512422322167,0.0,0.027236552121524232,265.46575213607593,1.450017504994017e-16,0.0,3.3390841063720055e-06,88.49312253638378,2.3661149690455304e-15,1.8117502661418887e-14,6.423396461377583e-10,0.0,8.663978117590838e-16,2.3186063239719092,1.26403866353636e-11,0.0003264889546328838,1000000.0,982894.8960193394
0.000139097897363591,0.00010452134560573304,1.4185920971727695,330.1226446941468,0.0,0.027232384436537187,265.4251317991014,1.4484973557542068e-16,0.0,3.3385731752231825e-06,88.47958172958772,2.3654711926269363e-15,1.8114308655305153e-14,6.422334377614346e-10,0.0,8.632456814423793e-16,2.3182515415959717,1.2625082566481053e-11,0.0003264882372525014,1000000.0,982676.2175851099
0.000139101654145942,0.00010452667288403362,1.4174923021940373,330.10018462634997,0.0,0.027228220819488464,265.3845511097682,1.4469794983524328e-16,0.0,3.338062742770738e-06,88.46605413934999,2.364827368216302e-15,1.8111117948455133e-14,6.421273314318e-10,1.397472560541887e-24,8.64270528736529e-16,2.3178971055067823,1.2609808625104476e-11,0.0003264875205112251,1000000.0,982457.7663103858
0.00013910541092829307,0.00010453199601629982,1.41638487252549,330.0777439959636,0.0,0.027224061290619602,265.34401026536716,1.4454639365104367e-16,0.0,3.337552811496238e-06,88.45253983143752,2.3641834989818727e-15,1.8107930551956933e-14,6.420213276163816e-10,2.0013666579757894e-25,8.575183777435684e-16,2.317543017427501,1.2594564634098865e-11,0.00032648680441269316,1000000.0,982239.5427988913
0.0001391091677106441,0.00010453731497387183,1.4152698203556888,330.05532299508445,0.0,0.02721990587012256,265.30350946270545,1.4439506738273254e-16,0.0,3.337043383875164e-06,88.4390388714561,2.3635395880864327e-15,1.8104746477468937e-14,6.419154267815156e-10,0.0,8.531652829222131e-16,2.3171892790770614,1.2579350549131911e-11,0.0003264860889605368,1000000.0,982021.5483007228
0.00013911292449299512,0.00010454262972813586,1.4141471578110691,330.0329217832499,0.0,0.027215754578137682,265.26304889808756,1.4424397138612924e-16,0.0,3.336534462376676e-06,88.42555132484388,2.3628956386848973e-15,1.8101565737665737e-14,6.418096293922792e-10,0.0,8.328085289142622e-16,2.3168358921700083,1.256416642467456e-11,0.0003264853741583791,1000000.0,981803.7839658764
0.00013911668127534614,0.00010454794025052424,1.4130168967721513,330.01054042946936,0.0,0.027211607434753954,265.22262876731605,1.4409310601860215e-16,0.0,3.3360260494636187e-06,88.41207725687177,2.362251653924502e-15,1.8098388345828962e-14,6.417039359124945e-10,8.21200537595872e-24,9.083124375779078e-16,2.316482858416503,1.2549012311492062e-11,0.00032648466000983513,1000000.0,981586.2506703727
0.00013912237291803192,0.0001045559777318072,1.4112900662598002,329.97667002603924,0.0,0.027205332331432318,265.1614684752256,1.4386498044456165e-16,0.0,3.335256762435803e-06,88.39168944720635,2.3612759365297598e-15,1.8093580904717827e-14,6.415440059850806e-10,2.21768855291082e-23,1.014375395266726e-15,2.315948677871561,1.2526110478975915e-11,0.0003264835793057697,1000000.0,981257.1232290242
0.00013912806456071767,0.00010456400533513135,1.4095458639611105,329.9428457247539,0.0,0.027199066865922703,265.10040211697503,1.4363738625200472e-16,0.0,3.3344886569275984e-06,88.37133295042683,2.360300156080395e-15,1.8088781222230552e-14,6.41384317228051e-10,1.6436605379384276e-23,9.45812528378813e-16,2.315415317754842,1.2503277442075014e-11,0.00032648250012274943,1000000.0,980928.5315015028
0.00013913375620340344,0.0001045720229617419,1.407784331741101,329.9090678458404,0.0,0.027192811107423165,265.0394303670237,1.4341032462426315e-16,0.0,3.3337217414224983e-06,88.3510079913646,2.3593243234382982e-15,1.8083989343517993e-14,6.412248712384063e-10,0.0,8.49233428275725e-16,2.3148827839571484,1.2480513235108255e-11,0.00032648142247324757,1000000.0,980600.4787469732
0.00013913944784608922,0.00010458003051312273,1.4060055117247225,329.87533675102486,0.0,0.027186565124865527,264.9785538972382,1.431837967216557e-16,0.0,3.3329560243713793e-06,88.3307147939866,2.358348449430761e-15,1.807920531378598e-14,6.410656696067237e-10,0.0,6.919866005055868e-16,2.3143510823466324,1.2457817919027142e-11,0.00032648034636969777,1000000.0,980272.9683377183
0.00013914888239628952,0.00010459328149144384,1.403018948188291,329.81952760736823,0.0,0.027176233410046602,264.8778558351881,1.4280947942409606e-16,0.0,3.331689422950536e-06,88.29714705170522,2.3567307642482217e-15,1.807129264546247e-14,6.408023171389826e-10,3.7707429073487106e-23,6.68744439331372e-16,2.313471574682072,1.2420349651480261e-11,0.0003264785660431635,1000000.0,979731.2858853271
0.0001391583169464898,0.00010460650407011209,1.399985192588595,329.763849626896,0.0,0.02716592905614415,264.7774244435767,1.4243663685298557e-16,0.0,3.3304261757666047e-06,88.26366820412927,2.3551130439830135e-15,1.8063401871887964e-14,6.405396476165632e-10,5.011671143692202e-23,7.9268657075064335e-16,2.3125943961456996,1.2383070903426643e-11,0.00032647679005466115,1000000.0,979191.1180173708
0.0001391677514966901,0.0001046196978048056,1.3969044390549425,329.70830440681846,0.0,0.027155652372279723,264.6772627353602,1.420652739547646e-16,0.0,3.329166320717184e-06,88.23027925562904,2.3534953373045023e-15,1.805553319654057e-14,6.402776681671236e-10,0.0,6.879113683619868e-16,2.311719573052999,1.234598181437819e-11,0.00032647501846009094,1000000.0,978652.4797358654
0.00013918639213809616,0.00010464567927221406,1.390680132145313,329.59895529776963,0.0,0.027135430391653153,264.4801691761826,1.413359090625344e-16,0.0,3.3266872364427714e-06,88.16457803293345,2.3502993249970967e-15,1.804005213236931e-14,6.397621092701138e-10,0.0,3.0147756984275933e-16,2.309998136786974,1.2273259687360801e-11,0.0003264715313033409,1000000.0,977592.8003180431
0.00013920503277950222,0.00010467154302661064,1.3842746361592955,329.4901423988809,0.0,0.027115319967496953,264.2841628930065,1.406123742801213e-16,0.0,3.3242218281547795e-06,88.09923925416066,2.3471039243509113e-15,1.8024659653560957e-14,6.392493258047073e-10,6.975685052462962e-23,2.620591254764411e-16,2.3082861969060615,1.220127903462795e-11,0.0003264680619408427,1000000.0,976539.2623142936
0.0001392236734209083,0.00010469728570290006,1.3776894784859628,329.38187752700344,0.0,0.027095323416417568,264.0892664653885,1.3989470305712245e-16,0.0,3.3217703798636203e-06,88.0342704462155,2.343909501525069e-15,1.8009357273553116e-14,6.387393711144002e-10,4.6831540885056896e-23,7.76315224481253e-16,2.306583950622527,1.2130040404921644e-11,0.0003264646107935797,1000000.0,975491.9770613246
0.00013924231406231436,0.00010472290396539138,1.370926200372005,329.2741723610441,0.0,0.027075443023927122,263.8955021698283,1.391829267085406e-16,0.0,3.3193331717677946e-06,87.96967903497872,2.340716418423946e-15,1.799414648157519e-14,6.382322977934533e-10,0.0,9.961791607071141e-16,2.304891592501706,1.2059544174778032e-11,0.0003264611782777534,1000000.0,974451.0541811651
0.00013928110329234296,0.00010477579973846886,1.3562883654507125,329.05189330981364,0.0,0.027034456118244572,263.4960231680029,1.377208136468173e-16,0.0,3.314308440794821e-06,87.83651253795878,2.334077791754103e-15,1.7962794340160292e-14,6.371865919844737e-10,3.740963236444246e-23,4.4126503484288594e-17,2.301402500092396,1.191522928144155e-11,0.00032645409707688034,1000000.0,972305.8641671228
0.00013931989252237155,0.00010482811314989288,1.3409001871995507,328.83218966180647,0.0,0.026994001790093643,263.1017349098356,1.3628458490067746e-16,0.0,3.309349000088224e-06,87.70507637756951,2.3274496699217585e-15,1.7931857967612365e-14,6.36154042992661e-10,2.131607644778085e-22,0.0,2.2979587441944367,1.1774129478705459e-11,0.000326447101965878,1000000.0,970189.6374518507
0.00013935868175240016,0.00010487981532120389,1.3247760495622554,328.6151612196687,0.0,0.026954099405284187,262.7128261506707,1.3487444412102105e-16,0.0,3.3044572238524373e-06,87.575433475486,2.3208351387622896e-15,1.7901349837617326e-14,6.351350951691513e-10,6.894987486392494e-23,1.8063566625390836e-15,2.294561973417228,1.1636241865549121e-11,0.00032644019650729194,1000000.0,968103.2945118216
0.00013939747098242876,0.00010493087797501332,1.307930564560962,328.4009050463333,0.0,0.02691476773759876,262.3294798755867,1.3349055868680692e-16,0.0,3.299635413712291e-06,87.44764482986271,2.314237199279611e-15,1.7871281971655142e-14,6.341301786487421e-10,0.0,1.4919006884886298e-15,2.2912137859720554,1.1501560808848542e-11,0.0003264333841696948,1000000.0,966047.7236231766
0.00013943626021245737,0.00010498127343627683,1.290378554174494,328.1895154955031,0.0,0.026876024978173214,261.9518733906722,1.3213306208981726e-16,0.0,3.2948857998610673e-06,87.32176954576045,2.3076587673510543e-15,1.7841665950854262e-14,6.331397095892587e-10,0.0,5.8208904342478295e-15,2.2879157304692863,1.1370078198989368e-11,0.00032642666832880706,1000000.0,964023.7815438996
0.00013950294624883507,0.00010506627504341914,1.2585954271887656,327.8330620796897,0.0,0.02681084619211898,261.31660805078866,1.2986123730739362e-16,0.0,3.286895298696376e-06,87.110003571571,2.2964029593573602e-15,1.7791838700243647e-14,6.314718362294129e-10,2.535595497258371e-25,6.585419087385668e-16,2.282367254917045,1.1151479782360961e-11,0.0003264153575652251,1000000.0,960620.5531305104
0.0001395696322852128,0.00010514909116778803,1.2248458402480134,327.48580058031735,0.0,0.026747545760151193,260.6996501251023,1.2766803832986848e-16,0.0,3.279135072041084e-06,86.9043403817752,2.2852269628081476e-15,1.7743433689568295e-14,6.298498066347638e-10,0.0,6.352658295493104e-16,2.2769786782821737,1.0942237127952574e-11,0.0003264043578019828,1000000.0,957317.2412262637
0.0001396363183215905,0.00010522959330235121,1.1892084798245797,327.1481578278539,0.0,0.026686204867661188,260.10179091634444,1.2555357440373328e-16,0.0,3.2716150730674574e-06,86.70504375747821,2.2741438737360965e-15,1.7696501380948897e-14,6.282754661884772e-10,0.0,7.416487208935547e-16,2.271756911887513,1.0742268705373352e-11,0.00032639368438975647,1000000.0,954117.5994463883
0.0001397030043579682,0.00010530765820412124,1.151763166036864,326.82053860529237,0.0,0.026626900086395924,259.5237767592532,1.2351775494138127e-16,0.0,3.2643446893309e-06,86.51236248968549,2.263166062792713e-15,1.7651088861040248e-14,6.267505501432189e-10,0.0,5.155169784173547e-16,2.266708474300632,1.055148000694849e-11,0.00032638335192404093,1000000.0,951025.1393831684
0.00013976969039434592,0.00010538316798527869,1.112590697145432,326.5033257296293,0.0,0.026569703452309277,258.96630977938673,1.215603118205254e-16,0.0,3.257332752314454e-06,86.32653063225321,2.2523051794212938e-15,1.760723993214085e-14,6.252766856427296e-10,3.5489752095700723e-25,3.225653671862713e-16,2.2618394979613803,1.0369765675789373e-11,0.00032637337424801786,1000000.0,948043.1370436993
0.00013983637643072362,0.00010545601018287006,1.0717727166878503,326.19688018106103,0.0,0.026514682557109075,258.43004878540023,1.1968081959353693e-16,0.0,3.250587548652051e-06,86.1477677993294,2.2415721612887106e-15,1.7564995214611647e-14,6.238553940488825e-10,2.99027199668306e-26,4.713102480605077e-16,2.2571557369751374,1.0197011523989648e-11,0.0003263637644570021,1000000.0,945174.6398086072
0.00013990306246710132,0.00010552607780810339,1.0293915846967738,325.90154131444234,0.0,0.02646190065180923,257.91561027833563,1.178787154585547e-16,0.0,3.2441168328235537e-06,85.97627950180109,2.2309772471244154e-15,1.7524392254233836e-14,6.224880935425355e-10,6.774485711163214e-25,4.508252403097452e-16,2.2526625759280576,1.003309642396804e-11,0.00032635453490564246,1000000.0,942422.4739362578
0.00013996974850347905,0.00010559326938531766,0.9855302524637732,325.6176271140922,0.0,0.026411416753910122,257.42356949625076,1.1615331877595063e-16,0.0,3.2379278402943195e-06,85.81225749552175,2.220529991546649e-15,1.7485465630674537e-14,6.211761018009299e-10,0.0,6.912694930551592e-16,2.2483650390109675,9.877894047275057e-12,0.00032634569721655036,1000000.0,939789.252184581
0.00014003643453985675,0.00010565748898575507,0.9402721458364983,325.34543445997787,0.0,0.026363285753757744,256.95446145088806,1.1450384943594038e-16,0.0,3.232027300554649e-06,85.65588012688535,2.2102392815038114e-15,1.744824706438992e-14,6.199206386450258e-10,1.6207227057664555e-24,2.089825406978426e-16,2.2442677990737474,9.731274456473101e-12,0.00032633726228925,1000000.0,937277.3812892814
0.00014010312057623445,0.0001057186462560889,0.8937010594943812,325.08523939732584,0.0,0.026317558519648097,256.5087819520491,1.1292944477766068e-16,0.0,3.226421450004573e-06,85.50731267430209,2.200113354326489e-15,1.7412765520047653e-14,6.18722828645639e-10,0.0,1.0527334302698682e-15,2.2403751865723236,9.593105543347143e-12,0.0003263292403091906,1000000.0,934889.0692534347
0.00014021504030850004,0.00010581417345619773,0.8128211780856289,324.6762113327552,0.0,0.026246344206418224,255.81469390563623,1.104532366058305e-16,0.0,3.2176910644536746e-06,85.27593812555538,2.183509956478863e-15,1.7357191830642764e-14,6.168449116344643e-10,0.0,1.0732689887900116e-15,2.2343129471968854,9.379842245920024e-12,0.00032631673086341097,1000000.0,931163.9157514621
0.00014032696004076563,0.00010590047348253932,0.7288782299123211,324.3027684646165,0.0,0.026182229262861238,255.18980069598356,1.0818113166368598e-16,0.0,3.2098310261241435e-06,85.06762970538014,2.16742402794981e-15,1.7306692243992576e-14,6.151365683131885e-10,5.070653846719546e-25,2.56592131814567e-16,2.228855062940152,9.189383251327835e-12,0.00032630545142659287,1000000.0,927800.7720280177
0.0001404388797730312,0.00010597722582356242,0.6422712251291776,323.96583360666204,0.0,0.026125382788692694,254.63575053939172,1.0610816664825908e-16,0.0,3.2028620666274724e-06,84.88293684738734,2.1518831769119677e-15,1.726135609582275e-14,6.136014293405021e-10,0.0,2.3199406463202e-15,2.2240159294998727,9.021119412123056e-12,0.00032629543703287624,1000000.0,924806.6380513351
0.0001405507995052968,0.00010604415461963223,0.5533987631488678,323.6661764825097,0.0,0.026075946188107043,254.15392171091057,1.0422928085545592e-16,0.0,3.196801522197299e-06,84.7223190001562,2.136910763918461e-15,1.7221254809908872e-14,6.12242473207873e-10,0.0,1.4242028725727235e-15,2.219807584877998,8.87446811478811e-12,0.0003262867174493939,1000000.0,922187.2177023564
0.00014066271923756236,0.00010610102858572667,0.46265822159941833,323.40441781423056,0.0,0.02603403432812798,253.74543383429142,1.0253945040527593e-16,0.0,3.1916634756967253e-06,84.58614939074438,2.1225262108473984e-15,1.718644292582698e-14,6.110620545412821e-10,0.0,8.135558658761618e-15,2.216239807988306,8.74888199446616e-12,0.00032627931730634744,1000000.0,919946.9939802028
0.00014077463896982795,0.0001061476608225205,0.3704452304358003,323.18103273868326,0.0,0.025999736614406105,253.41115836801492,1.01033779343939e-16,0.0,3.187458888513937e-06,84.4747185202099,2.1087453089383595e-15,1.7156959026053035e-14,6.100619302463668e-10,0.0,5.89710298767566e-15,2.2133202102425398,8.64385564136228e-12,0.00032627325620300095,1000000.0,918089.2956229594
0.00014088655870209352,0.00010618390857716188,0.27715325463205615,322.99635387210714,0.0,0.02597311793583358,253.1517278115666,9.970757285643702e-17,0.0,3.1841957163603745e-06,84.38823723252723,2.0955805156428987e-15,1.7132826569860576e-14,6.092432824464282e-10,0.0,2.670830836101391e-14,2.2110543159589238,8.558930494253682e-12,0.0003262685488005025,1000000.0,916616.3544044873
0.00014099847843435911,0.00010620967298124237,0.1831731630668551,322.85057435430446,0.0,0.025954219455825496,252.9675434200886,9.855640808781851e-17,0.0,3.1818790063087666e-06,84.32683928626962,2.083041239475149e-15,1.711405455446354e-14,6.086067377743161e-10,1.3887049132264211e-25,0.0,2.2094456297429823,8.493698311232147e-12,0.00032626520491131806,1000000.0,915529.3533684198
0.00014111039816662468,0.00010622489875084087,0.0888928191042592,322.74375064563105,0.0,0.02594305926222592,252.85878153356762,9.757619548345002e-17,0.0,3.1805109763986403e-06,84.29058346444657,2.071134114834836e-15,1.7100638019898366e-14,6.081523832750779e-10,4.244812849114475e-25,1.2111817600935056e-13,2.208495691766784,8.447802943465613e-12,0.0003262632295817279,1000000.0,914828.465825955
0.00014122231789889027,0.00010622957383324847,-0.005303279390466813,322.6758051583406,0.0,0.02593963288521266,252.82539863789376,9.676322163186383e-17,0.0,3.180091079305262e-06,84.27945526161011,2.0598632664192926e-15,1.7092558498541923e-14,6.078797791881405e-10,-6.155357060538009e-41,0.0,2.2082041219741133,8.420941396287687e-12,0.00032626262316025264,1000000.0,914512.8858745786
0.00014133423763115587,0.00010622372900875635,-0.09903427226779636,322.6465280806318,0.0,0.02594391368437633,252.86713511515288,9.611417506106769e-17,0.0,3.180616049497336e-06,84.29336813401626,2.0492305597087394e-15,1.70897843293051e-14,6.077879685231958e-10,4.291808102502127e-25,6.79635635943884e-15,2.208568652833604,8.412863159520621e-12,0.0003262633813500731,1000000.0,914580.8485476073
0.00014144615736342143,0.00010620743746240721,-0.19192323185908525,322.65557913837415,0.0,0.025955853088988453,252.98351760378088,9.562616264462035e-17,0.0,3.1820799329294404e-06,84.33216428638349,2.039235834586923e-15,1.709227075791212e-14,6.078754832747672e-10,0.0,0.0,2.2095851499544463,8.423368707303418e-12,0.00032626549524806696,1000000.0,915029.6415338813
0.00014155807709568703,0.00010618081432779627,-0.28359748844952215,322.7024890573448,0.0,0.02597538069989835,253.17385998901122,9.529671976331942e-17,0.0,3.1844740995054283e-06,84.39561500205888,2.0298771227166242e-15,1.7099960008840728e-14,6.081403473527062e-10,4.727704282304243e-25,5.935516693986711e-15,2.2112476207367653,8.452307045610133e-12,0.0003262689513731897,1000000.0,915855.6079568621
0.0001416699968279526,0.00010614401619423315,-0.3736889858032842,322.78666064863825,0.0,0.02600240426137481,253.43726312864126,9.512381252979085e-17,0.0,3.187787239627753e-06,84.4834205516021,2.0211508503211606e-15,1.7112781226386362e-14,6.085800764955734e-10,6.571717047879202e-25,8.196873327650386e-15,2.2135482119764425,8.49957210829585e-12,0.00032627373168491293,1000000.0,917054.140464741
0.0001417819165602182,0.00010609724056901855,-0.46183467628066827,322.90736958751125,0.0,0.02603680951482995,253.7726134242503,9.510583041201184e-17,0.0,3.192005346222823e-06,84.5952097165004,2.0130520269679846e-15,1.7130650274220564e-14,6.091916754434468e-10,0.0,0.0,2.216477197385654,8.565098173841533e-12,0.0003262798135918907,1000000.0,918619.6673210434
0.00014189383629248375,0.00010604072529050147,-0.5476769744203417,323.06376496389845,0.0,0.026078459943228886,254.17858032913585,9.524156992530095e-17,0.0,3.1971116833934396e-06,84.7305389584382,2.0055744200049607e-15,1.715346945511188e-14,6.099716326061909e-10,4.671164193941246e-25,3.425489046939164e-15,2.220022955826811,8.64885426229364e-12,0.00032628716995214505,1000000.0,920545.6311407097
0.00014200575602474935,0.00010597474788682128,-0.6308642922630969,323.25486970735625,0.0,0.026127196416991023,254.65361289955337,9.553021077294272e-17,0.0,3.2030867430414917e-06,84.8888912696511,1.998710714575644e-15,1.718112715236737e-14,6.109159125023415e-10,1.2377868062416428e-24,7.223452982949786e-15,2.224171941190968,8.75083748933588e-12,0.000326295769067196,1000000.0,922824.4610490463
0.00014211767575701494,0.00010589962487103203,-0.7110516673681013,323.47958090050014,0.0,0.026182836757073523,255.19593553708512,9.597128454052826e-17,0.0,3.2099081913163856e-06,85.06967475364293,1.9924526598372613e-15,1.721349737758687e-14,6.120199463403091e-10,0.0,0.0,2.2289086452112956,8.871065281635187e-12,0.0003263055746728772,1000000.0,925447.5389477985
0.0001422295954892805,0.00010581571096046807,-0.7879014907531637,323.7366700142059,0.0,0.02624517523382165,255.80354310316943,9.656463494096415e-17,0.0,3.217550807163792e-06,85.27222099661195,1.9867912020797216e-15,1.7250439256994524e-14,6.132786211898982e-10,0.0,6.096470540267532e-16,2.2342155547927534,9.00956642017934e-12,0.00032631654592946033,1000000.0,928405.1607638856
0.0001423415152215461,0.0001057233982077976,-0.8610843459497811,324.0247831770384,0.0,0.02631398202167575,256.4741956044634,9.731036863485207e-17,0.0,3.225986415476387e-06,85.49578329581412,1.981716604908648e-15,1.7291796476223098e-14,6.146862682328447e-10,0.0,0.0,2.2400731055934937,9.166370864965455e-12,0.00032632863741381354,1000000.0,931686.4938713375
0.00014245343495381167,0.00010562311503114859,-0.93027997027829,324.34244156287457,0.0,0.026389002632058248,257.20541266451863,9.820879620400634e-17,0.0,3.235183817556758e-06,85.73953481669399,1.9772185562380837e-15,1.7337396684795546e-14,6.162366506209036e-10,0.0,0.0,2.2464596337397937,9.341498241729621e-12,0.00032634179911680464,1000000.0,935279.5318873501
0.00014256535468607726,0.000105515325129782,-0.9951783446264274,324.68804201352975,0.0,0.026469957348815534,257.9944680218245,9.926036259165436e-17,0.0,3.2451087219132792e-06,86.00256675880489,1.973286261502452e-15,1.738705089515116e-14,6.179229515272295e-10,6.031011294629436e-25,2.4242401431034444e-15,2.2533513277714445,9.534945104578509e-12,0.00032635597644950883,1000000.0,939171.0482664105
0.00014267727441834283,0.0001054005262705464,-1.055480917512945,325.0598579823335,0.0,0.02655654069394397,258.8383843228584,1.0046556635377518e-16,0.0,3.2557236787666573e-06,86.28388662007008,1.9699085225114215e-15,1.7440552884125393e-14,6.197377630429787e-10,2.9825346344015303e-25,3.9718112671652063e-16,2.2607221831637445,9.746670747173245e-12,0.00032637111026211573,1000000.0,943346.5501773737
0.00014278919415060842,0.00010527924892969135,-1.1109019653503376,325.4560408957321,0.0,0.026648420953880158,259.7339285044997,1.0182486680658321e-16,0.0,3.2669880219687315e-06,86.58241665750849,1.967073801054087e-15,1.7497678627385508e-14,6.216730766295182e-10,0.0,0.0,2.268543961996973,9.976581738727713e-12,0.0003263871368795531,1000000.0,947790.2343264522
0.000142901113882874,0.00010515205477468969,-1.1611700884467389,325.8746220561093,0.0,0.02674523979861972,260.6776080814193,1.0333857825512278e-16,0.0,3.2788578223040155e-06,86.89699264963434,1.964770265909171e-15,1.7558185793167712e-14,6.237202758842756e-10,3.9917709950481574e-25,1.214669514440065e-15,2.2767861605300346,1.022451518196266e-11,0.00032640398815796985,1000000.0,952484.946601637
0.00014301303361513958,0.00010501953497114761,-1.2060298390865223,326.3135152116029,0.0,0.026846612027998613,261.6656686728688,1.050067508044314e-16,0.0,3.2912858563810866e-06,87.22636307201141,1.962985821518684e-15,1.7621813318846963e-14,6.25870132419757e-10,3.518723979802527e-25,2.8797450686112313e-15,2.2854159875991678,1.049022081056849e-11,0.00032642159156630676,1000000.0,957412.1475550878
0.00014312495334740518,0.00010488230830038331,-1.2452434764728642,326.7705199183377,0.0,0.026952125481243514,262.69409312100356,1.0682903761327615e-16,0.0,3.3042215955429457e-06,87.56918880334548,1.961708116387129e-15,1.768828109916675e-14,6.281128056936628e-10,7.042459328337396e-25,0.0,2.294398356917297,1.0773342021693578e-11,0.0003264398702975927,1000000.0,962551.8858717465
0.00014323687307967074,0.00010474101907414247,-1.2785928356911975,327.24332580325364,0.0,0.027061341147348247,263.75860256627027,1.0880454878532999e-16,0.0,3.3176112193934916e-06,87.9240434839653,1.960924529008445e-15,1.7757289822145664e-14,6.304378476549179e-10,0.0,1.7523967498413613e-15,2.303695896466577,1.1073396354548317e-11,0.000326458743414106,1000000.0,967882.7820389793
0.00014334879281193634,0.00010459633483441508,-1.3058812953802477,327.7295178473326,0.0,0.027173793514363415,264.8546598517168,1.1093169259343732e-16,0.0,3.331397658617624e-06,88.28941465065085,1.9606221290562036e-15,1.7828520978204076e-14,6.328342130803292e-10,6.041000664999461e-25,0.0,2.3132689782320237,1.1389755418703697e-11,0.0003264781260306526,1000000.0,973382.024555552
0.0001434607125442019,0.0001044489438282919,-1.3269358259828266,328.2265828052133,0.0,0.027288991195753308,265.97747562704785,1.132080053811147e-16,0.0,3.3455206717592377e-06,88.66370577142281,1.960787611579442e-15,1.7901637076695364e-14,6.352902764682684e-10,1.7086650460911957e-25,1.3431569901307029e-15,2.3230757715149575,1.1721624921898736e-11,0.0003264979295400962,1000000.0,979025.3810645518
0.0001435726322764675,0.00010429955225027821,-1.341609092826866,328.7319168656531,0.0,0.027406417870711106,267.1220175133236,1.156299723422456e-16,0.0,3.3599169604967144e-06,89.04523930059874,1.9614072021034867e-15,1.7976282102803255e-14,6.377938563256823e-10,0.0,1.5229238890026268e-15,2.3330723229784818,1.206802531703215e-11,0.00032651806188485844,1000000.0,984787.2267763395
0.00014368455200873306,0.0001041488812474268,-1.3497815863006832,329.2428346488422,0.0,0.02752553357352404,268.2830226693038,1.1819284239079363e-16,0.0,3.3745203277051797e-06,89.43226086778951,1.9624665309796954e-15,1.8052082243497787e-14,6.403322476303968e-10,3.1433555981581924e-25,7.232526687000242e-16,2.3432126664032746,1.2427773716684042e-11,0.00032653842787770156,1000000.0,990640.5924881105
0.00014379647174099866,0.0001039976636861727,-1.351363744084212,329.75657959416077,0.0,0.02764577636363481,269.4550140683919,1.2089044073335704e-16,0.0,3.3892618821912786e-06,89.82294470382547,1.9639504757522493e-15,1.8128646915954735e-14,6.428922631677055e-10,0.0,1.9199688892553395e-15,2.353448964852163,1.2799467473739659e-11,0.00032655892957382765,1000000.0,996557.234281409
0.00014390839147326425,0.00010384664068390202,-1.346298025813954,330.27033581937695,0.0,0.02776656440339169,270.6323207491879,1.23714985172678e-16,0.0,3.4040702934088847e-06,90.21540039128696,1.9658429717366058e-15,1.8205570108221046e-14,6.454602843226592e-10,0.0,1.5547079710109585e-15,2.3637316875406262,1.3181471302507145e-11,0.0003265794666970698,1000000.0,1002507.7268906849
0.00014402031120552982,0.00010369655791289143,-1.3345608984299344,330.78124146492956,0.0,0.027887298464378717,271.80910224305535,1.266569121824242e-16,0.0,3.418872098714206e-06,90.6076810074443,1.96812679182459e-15,1.828243208111569e-14,6.480223217615534e-10,1.1574462386877884e-24,0.0,2.374009823189779,1.357190718710732e-11,0.0003265999371205549,1000000.0,1008461.582284821
0.0001441322309377954,0.00010354816168922954,-1.3161646855203344,331.28640351475633,0.0,0.028007364875634308,272.9793773086673,1.2970471931005466e-16,0.0,3.433592064794826e-06,90.99779270293111,1.9707832980852293e-15,1.8358801405754366e-14,6.505640862545259e-10,5.973628506331688e-25,2.3834285839276793e-15,2.3842311309969677,1.396864942071949e-11,0.00032662023740151415,1000000.0,1014387.3946051175
0.00014424415067006098,0.00010340219486464433,-1.2911592317423366,331.78291406750054,0.0,0.02812613891810475,274.1370570160568,1.3284483307834173e-16,0.0,3.4481536038079354e-06,91.38370573032662,1.973792169625488e-15,1.84342374005866e-14,6.530710696771321e-10,0.0,3.6739024447707834e-15,2.3943424295954294,1.43693251175279e-11,0.00032664026336903573,1000000.0,1020253.0121346617
0.00014435607040232657,0.00010325939254480747,-1.259633330408111,332.2678679881852,0.0,0.028242988659336787,275.27598212130954,1.3606151098756226e-16,0.0,3.462479243487281e-06,91.76336690302567,1.9771311132778843e-15,1.8508292875012272e-14,6.555286359829696e-10,3.1029162045534068e-24,0.0,2.40428992348886,1.4771320989286313e-11,0.0003266599107621908,1000000.0,1026025.7363392651
0.00014446799013459214,0.0001031204776635727,-1.221715861191975,332.7383818204763,0.0,0.028357279210661994,276.3899645590176,1.3933678687559034e-16,0.0,3.4764911490436993e-06,92.13471342676597,1.9807755657645106e-15,1.8580517327531447e-14,6.579221216653037e-10,3.2109832264953308e-24,1.0100570245785933e-15,2.4140195654509253,1.5171797307771735e-11,0.0003266790759143578,1000000.0,1031672.5472833656
0.00014457990986685773,0.00010298615644838857,-1.1775765886880096,333.1916138121856,0.0,0.02846837737647842,277.4728327568993,1.4265046884600284e-16,0.0,3.4901116931418448e-06,92.49568800527608,1.984698398208044e-15,1.8650460290062562e-14,6.602369449327592e-10,0.0,9.30899797061126e-15,2.4234774523080334,1.5567709587615824e-11,0.0003266976564780335,1000000.0,1037160.3539917829
0.0001446918295991233,0.00010285711381766174,-1.127426572562911,333.6247848610413,0.0,0.02857565665218436,278.5184803486907,1.4598019852780724e-16,0.0,3.503264068621647e-06,92.84425507873873,1.9888696363104707e-15,1.8717675280369155e-14,6.624587225200614e-10,1.4977289467898231e-24,1.2159265130933138e-15,2.4326102504029703,1.595583847204076e-11,0.0003267155521829269,1000000.0,1042456.2674907481
0.0001448037493313889,0.00010273400875585571,-1.071518148733194,334.035200137578,0.0,0.02867850251412871,279.52091773242313,1.493015777062874e-16,0.0,3.515872937009072e-06,93.17841801076487,1.9932562098876625e-15,1.8781723654987233e-14,6.645733927527544e-10,2.3144538757834145e-24,0.0,2.441365645910354,1.633282708173771e-11,0.00032673266561900895,1000000.0,1047527.8933846214
0.00014491566906365449,0.0001026174697168559,-1.0101444370097743,334.4202711101899,0.0,0.028776317931434113,280.47432579258293,1.5258836944413585e-16,0.0,3.527865104244236e-06,93.49623699669861,1.9978217491776763e-15,1.884217882882312e-14,6.665673431841989e-10,0.0,9.888209150811017e-15,2.44969281405178,1.6695227540394586e-11,0.0003267489030343727,1000000.0,1052343.6399931114
0.00014502758879592005,0.00010250809011013377,-0.9436383482963087,334.77753767688984,0.0,0.028868529017543564,281.37311098398413,1.5581277646269655e-16,0.0,3.5391702135384857e-06,93.79584742584984,2.0025264448987017e-15,1.8898630759310413e-14,6.684275408468405e-10,1.4456713447188218e-24,0.0,2.4575429002042983,1.7039553545632712e-11,0.0003267641751366419,1000000.0,1056873.0373059635
0.00014513950852818565,0.000102406423927079,-0.8723710707850083,335.1046900486209,0.0,0.02895459072847646,282.21196087000914,1.5894579574345268e-16,0.0,3.5497214439460677e-06,94.07547839519081,2.0073269884554928e-15,1.89506902493397e-14,6.701416629224593e-10,3.2677157778333406e-24,0.0,2.4648695049772664,1.736233944325097e-11,0.000326778397885728,1000000.0,1061087.0611877206
0.0001452514282604512,0.0001023129815664228,-0.7967500263034393,335.399590025334,0.0,0.02903399250577129,282.98589912348655,1.6195764548255248e-16,0.0,3.5594562021761453e-06,94.33347104392213,2.0121766079000405e-15,1.8997993275023366e-14,6.716982254503712e-10,0.0,1.583660440805855e-14,2.471629164595977,1.7660204224036914e-11,0.0003267914932649931,1000000.0,1064958.4567182406
0.0001453633479927168,0.00010222822591786452,-0.7172163018140544,335.66029131397534,0.0,0.029106263756518858,283.6903389397093,1.6481825727403661e-16,0.0,3.568316794433823e-06,94.5682963587254,2.017025213408559e-15,1.9040205347486326e-14,6.730867075700313e-10,0.0,0.0,2.4777818174167234,1.792991830040334e-11,0.0003268033900174166,1000000.0,1068462.0541786493
0.00014547526772498237,0.00010215256876209102,-0.6342415672775341,335.8850584891152,0.0,0.029170979059626227,284.32113377960644,1.6749782222087178e-16,0.0,3.5762510646783174e-06,94.77857208902144,2.021819662822999e-15,1.9077025505487103e-14,6.742976687388827e-10,5.1884257354575484e-24,0.0,2.4832912471229656,1.8168471125217677e-11,0.00032681402433324726,1000000.0,1071575.0707869444
0.00014558718745724797,0.00010208636754309695,-0.5483245096537867,336.0723842286492,0.0,0.029227762986975964,284.8746243619345,1.6996737554712349e-16,0.0,3.5832129856994487e-06,94.96307841183723,2.0265041533970154e-15,1.910818997964273e-14,6.753228563886608e-10,0.0,2.7490724954385276e-14,2.4881254931602523,1.8373137375507785e-11,0.00032682334047593755,1000000.0,1074277.3913174835
0.00014569910718951356,0.00010202992256444801,-0.45998683253027545,336.2210045156432,0.0,0.02927629443296823,285.347680863939,1.7219940109556953e-16,0.0,3.5891631899280195e-06,95.12077199941477,2.031020740665127e-15,1.9133475615580573e-14,6.761553016001633e-10,0.0,0.0,2.492257219321411,1.854153925494421e-11,0.00032683129133394967,1000000.0,1076551.8210739002
0.00014581102692177913,0.00010198347465551527,-0.3697688698999023,336.32991144844897,0.0,0.02931631035380436,285.73773936609246,1.7416843480232118e-16,0.0,3.5940694278453124e-06,95.2507981680799,2.0353099795982362e-15,1.9152702721217933e-14,6.767894005770941e-10,1.312547966853311e-23,0.0,2.4956640320585555,1.867170246622694e-11,0.0003268378388871417,1000000.0,1078384.304878691
0.00014592294665404472,0.00010194720334709542,-0.27822488004378443,336.3983633804783,0.0,0.029347608827996585,286.0428316849617,1.7585164484413936e-16,0.0,3.597906943224918e-06,95.35250082304157,2.039311677159784e-15,1.9165737285769485e-14,6.772209799753194e-10,1.0951952525650705e-24,4.9208812913519866e-14,2.498328741046701,1.8762103678970734e-11,0.00032684295457793215,1000000.0,1079764.1065409784
0.0001460348663863103,0.00010192122558749599,-0.1859181075942585,336.42589223872113,0.0,0.02937005136557001,286.2616078834912,1.772293659386231e-16,0.0,3.600658756274671e-06,95.42542996220443,2.042965739390955e-15,1.9172492734896276e-14,6.774473445043387e-10,0.0,0.0,2.5002395557911488,1.8811707564251766e-11,0.00032684661957936367,1000000.0,1080683.9444274544
0.00014614678611857588,0.0001019055950211631,-0.09341568502494282,336.4123077810266,0.0,0.029383564411079182,286.39335091821414,1.7828556618952875e-16,0.0,3.602315847872259e-06,95.46934655882276,2.046213090586558e-15,1.9172930988179927e-14,6.774673056344569e-10,3.115098710094422e-23,0.0,2.5013902135573773,1.8819991699126524e-11,0.0003268488249542972,1000000.0,1081140.0793761825
0.00014625870585084145,0.00010190030184271399,-0.0012834610661060094,336.3576986838412,0.0,0.029388140002958626,286.43798307021297,1.7900822715257333e-16,0.0,3.602877240451096e-06,95.48422470526405,2.0489966374077622e-15,1.916706271617094e-14,6.772811906964257e-10,2.955603255116858e-24,8.455600035511895e-14,2.501780035540019,1.878695841837882e-11,0.000326849571702277,1000000.0,1081132.3526312371
0.00014637062558310704,0.00010190527322850881,0.08991913147538076,336.2624305602976,0.0,0.029383835575243385,286.3960640169632,1.7938962152926252e-16,0.0,3.6023499737526473e-06,95.47025097025723,2.0512622473822492e-15,1.9154947031837957e-14,6.768908321634418e-10,0.0,0.0,2.501413910022397,1.8713133191882717e-11,0.0003268488706932137,1000000.0,1080664.1732832387
0.0001464825453153726,0.0001019203743376676,0.1796441017786403,336.12714081112586,0.0,0.029370772909605325,286.2687806129508,1.7942647726982745e-16,0.0,3.600748976284571e-06,95.42782099225703,2.052959709334723e-15,1.913669051198936e-14,6.76299537405232e-10,6.859164788980211e-23,0.0,2.5003022031186295,1.859954937085607e-11,0.00032684674248948504,1000000.0,1079742.4552061737
0.0001465944650476382,0.00010194540986536643,0.2673597356640633,335.9527304075267,0.0,0.029349136262965637,286.0579286466605,1.7912002193952856e-16,0.0,3.5980968358497447e-06,95.35753339812811,2.0540436430187694e-15,1.9112445427804414e-14,6.755120396729978e-10,2.3468925473780557e-24,1.2876257387343056e-13,2.4984605994377116,1.84477202548503e-11,0.0003268432170604193,1000000.0,1078377.5052175012
0.0001467063847799038,0.0001019801261208802,0.3525551230397437,335.74035298606884,0.0,0.02931916972038726,285.76588704511903,1.7847590695491976e-16,0.0,3.5944234750935946e-06,95.26018120421865,2.054474326778316e-15,1.9082407458031724e-14,6.745344315473437e-10,0.0,0.0,2.4959098767836005,1.825959979326149e-11,0.00032683833339562277,1000000.0,1076582.8661908377
0.00014681830451216936,0.00010202421359426128,0.4347443464825654,335.4914012575083,0.0,0.029281173841020153,285.39558517333364,1.7750401649166425e-16,0.0,3.589765740188541e-06,95.1367409156139,2.0542184151921535e-15,1.904681290855965e-14,6.733740824862548e-10,1.3549622692510079e-22,0.0,2.492675620543886,1.803753318239152e-11,0.00032683213902558053,1000000.0,1074375.1185711515
0.00014693022424443496,0.00010207730996908804,0.5134702628118974,335.207491048158,0.0,0.029235501674390006,284.95046401745316,1.7621817083592446e-16,0.0,3.5841669125815946e-06,94.98835958652623,2.0532495231686666e-15,1.900593532353542e-14,6.720395424296476e-10,4.40264940811835e-25,1.5605653518151726e-15,2.4887878846603884,1.7784199900463606e-11,0.00032682468945965075,1000000.0,1071773.6455354253
0.00014704214397670052,0.00010213900353200617,0.5883078034705193,334.89044343440935,0.0,0.02918255424432252,284.43443216397736,1.74635738746899e-16,0.0,3.5776761552944203e-06,94.81634014594579,2.0515486587227137e-15,1.8960081774522106e-14,6.705404336911397e-10,0.0,1.0179102589844605e-15,2.484280807146366,1.750255126367697e-11,0.0003268160475530761,1000000.0,1068800.3681346413
0.00014715406370896612,0.000102208836924226,0.6588667734338635,334.5422652351972,0.0,0.029122775601251556,283.8518175787702,1.727771760591743e-16,0.0,3.5703479063924594e-06,94.62212532315377,2.0491044931086138e-15,1.8909588867759387e-14,6.688873335643587e-10,4.8996758267738265e-24,2.2936649032444443e-15,2.4791921889194586,1.7195744772379995e-11,0.0003268062828157141,1000000.0,1065479.456563012
0.00014726598344123168,0.00010228631117720572,0.7247941320887675,334.1651281970772,0.0,0.029056647551583548,283.20731623574795,1.706655102928028e-16,0.0,3.5622412328252054e-06,94.40728052307344,2.045913463730302e-15,1.8854818496555767e-14,6.670916501599617e-10,0.0,1.1034521131746372e-15,2.473563045119105,1.6867077768637165e-11,0.00032679547067575353,1000000.0,1061837.0241329395
0.00014737790317349728,0.00010237088997362767,0.785775742354545,333.76134726735813,0.0,0.028984684172478684,282.5059386533504,1.6832579210251856e-16,0.0,3.5534191579489023e-06,94.17347600417996,2.0419797118856873e-15,1.8796153483955725e-14,6.651654939890868e-10,6.453706207007099e-24,1.1443304197081512e-15,2.467437138150268,1.651992247805139e-11,0.00032678369171180793,1000000.0,1057900.8107265686
0.00014748982290576287,0.00010246200407431331,0.8415375862315174,333.33335835151547,0.0,0.02890742621856353,281.75295537848024,1.657845341546277e-16,0.0,3.5439479758116517e-06,93.92246870554811,2.0373148636055833e-15,1.873399320523026e-14,6.631215477463799e-10,0.0,0.0,2.4608605015343286,1.6157664381179487e-11,0.00032677103086664535,1000000.0,1053699.8623313543
0.00014760174263802844,0.00010255905585225266,0.8918464634461197,332.8836959060155,0.0,0.028825435522683233,280.95384241217755,1.6306915661808e-16,0.0,3.5338965647066508e-06,93.65608405447745,2.031937667248774e-15,1.866874925782651e-14,6.609729366206169e-10,2.601397568759426e-23,4.3573449269381364e-15,2.453880963251104,1.578364575866421e-11,0.0003267575766552024,1000000.0,1049264.2128036346
0.00014771366237029403,0.00010266142387702073,0.9365101990084822,332.41497069522967,0.0,0.028739289485080047,280.11422749733674,1.6020745655012175e-16,0.0,3.5233357115686037e-06,93.37619806147968,2.0258735058016066e-15,1.860084124838699e-14,6.587331012713523e-10,0.0,0.0,2.4465476766100664,1.5401115153959622e-11,0.0003267434203789324,1000000.0,1044624.5734671368
0.0001478255821025596,0.00010276846749646117,0.9753773954948916,331.9298480024913,0.0,0.028649575735522154,279.23983809057296,1.57227115899571e-16,0.0,3.51233745755231e-06,93.08471997667799,2.019153805039959e-15,1.8530692781749365e-14,6.564156753651125e-10,1.0759320550477444e-22,1.4940450869971206e-14,2.43891066583096,1.5013184276109067e-11,0.0003267286553573075,1000000.0,1039812.035446458
0.0001479375018348252,0.00010287953136688779,1.0083367686625075,331.43102658736103,0.0,0.02855688704082916,278.3364517280918,1.5415525938137852e-16,0.0,3.500974473724906e-06,92.78357574424838,2.011815360624062e-15,1.8458727700183842e-14,6.540343692895812e-10,0.0,0.0,2.4310203925341405,1.4622792464544015e-11,0.00032671337618594916,1000000.0,1034857.7889898736
0.00014804942156709076,0.00010299394988800612,1.0353161161656752,330.921218578108,0.0,0.028461816518938813,277.4098493744895,1.5101807048070717e-16,0.0,3.489319474274644e-06,92.47469245122224,2.0038996078942563e-15,1.8385366599198018e-14,6.516028613717517e-10,5.919750154627754e-22,6.937551852942006e-14,2.4229273482836637,1.4232678869694178e-11,0.0003266976780294696,1000000.0,1029792.8630211948
0.00014816134129935635,0.00010311105150364602,1.0562809580456156,330.4031305958588,0.0,0.02836495320595508,276.4657722226055,1.4784047047701942e-16,0.0,3.4774446731363262e-06,92.15998392669854,1.995451857758908e-15,1.8311023670189503e-14,6.491346976363823e-10,0.0,0.0,2.4146816772733253,1.3845362420982006e-11,0.0003266816559557391,1000000.0,1024647.8878187316
0.00014827326103162192,0.00010323016283568604,1.071232925028465,329.8794460066838,0.0,0.02826687801445364,275.50988228319284,1.446458621422159e-16,0.0,3.465421288266472e-06,91.84133760439371,1.986520520726236e-15,1.8236103898966195e-14,6.466432008343835e-10,3.983267238413878e-21,3.818569569853471e-13,2.406332832110963,1.3463128801749823e-11,0.0003266654043166805,1000000.0,1019452.8817648286
0.0001483851807638875,0.00010335061262328114,1.0802078996703457,329.3528088693817,0.0,0.028168160099361482,274.5477269919534,1.4145593739540587e-16,0.0,3.45331909648098e-06,91.52060272438153,1.9771563388978933e-15,1.816100060642405e-14,6.441413892084327e-10,0.0,0.0,2.39792926469545,1.3088024280206282e-11,0.00032664901617935916,1000000.0,1014237.0646122147
0.0001484971004961531,0.00010347173544560982,1.0832740112585781,328.82580915727283,0.0,0.0280693536544924,273.58470794659246,1.3829054705114857e-16,0.0,3.441206040217591e-06,91.19957991157682,1.9674116441449677e-15,1.8086093330609392e-14,6.416419051937221e-10,0.0,0.0,2.3895181531587926,1.2721855852836329e-11,0.0003266325828099235,1000000.0,1009028.6960169271
0.00014860902022841867,0.0001035928752126402,1.080529510806802,328.30096947643057,0.0,0.02797099512563521,272.62605377943856,1.3516762615172903e-16,0.0,3.4291478863147682e-06,90.88001213281174,1.9573396561435557e-15,1.8011746090532718e-14,6.391569540054345e-10,0.0,0.0,2.3811451649364606,1.2366195054755441e-11,0.0003266161932110518,1000000.0,1003854.9395868141
0.00014872093996068426,0.00010371338841311373,1.072100560851741,327.7807333728659,0.0,0.02787360084565965,271.6767970866754,1.3210316909823805e-16,0.0,3.4172079358237524e-06,90.56357700618531,1.9469938316561774e-15,1.7938305964172853e-14,6.366982518693124e-10,0.0,0.0,2.3728542552627667,1.2022387290953112e-11,0.00032659993371283335,1000000.0,998741.7518632924
0.00014883285969294983,0.00010383264711285248,1.0581389850842382,327.26745516524187,0.0,0.027777665068261882,270.7417552669917,1.2911124876105292e-16,0.0,3.405446782997549e-06,90.25188041361909,1.936427273720562e-15,1.7866101978728352e-14,6.342769834962632e-10,0.0,0.0,2.3646874998139853,1.1691564097592212e-11,0.0003265838876162061,1000000.0,993713.7948441992
0.00014894477942521543,0.00010395004170090315,1.0388200207136096,326.7633911867465,0.0,0.027683658381673245,269.8255150601119,1.2620407253757087e-16,0.0,3.393922120813991e-06,89.94645134676979,1.92569220638454e-15,1.7795444303506355e-14,6.319037682620078e-10,5.457229138970513e-22,1.538617802087584e-14,2.3566849596662585,1.137465767523519e-11,0.00032656813488708946,1000000.0,988794.370224418
0.000149056699157481,0.0001040649833854003,1.0143401026064935,326.2706923819933,0.0,0.02759202647502236,268.93242052319266,1.2339206775874893e-16,0.0,3.382688589739039e-06,89.64873789895587,1.9148395177900893e-15,1.7726623705816716e-14,6.295886344364789e-10,1.7246510520268903e-21,2.952504644479092e-14,2.34888457628025,1.1072417334357622e-11,0.00032655275189850675,1000000.0,984005.3735163269
0.00014916861888974659,0.00010417690644434455,0.9849147023378823,325.7913981995144,0.0,0.02750318922699644,268.06656414766707,1.2068398951088456e-16,0.0,3.371797665992305e-06,89.3601043039537,1.903918372084449e-15,1.7659911240557694e-14,6.273410007311372e-10,1.3257638523657858e-21,0.0,2.341322093914703,1.0785426941381394e-11,0.000326537811217466,1000000.0,979367.2660709622
0.00014928053862201218,0.00010428527023887565,0.9507762452295353,325.3274316664618,0.0,0.027417540084243453,267.23178079854955,1.1808704452600874e-16,0.0,3.361297585313606e-06,89.08182891566243,1.8929758887556987e-15,1.759555814892498e-14,6.251696643903219e-10,0.0,0.0,2.3340310066915104,1.0514122786269317e-11,0.0003265233814330667,1000000.0,974899.0628054199
0.00014939245835427775,0.00010438956099872104,0.9121721247450795,324.88059551675656,0.0,0.027335445695401188,266.43164414628404,1.1560702563796393e-16,0.0,3.351233298078476e-06,88.8151030186588,1.8820568864909237e-15,1.753379593544578e-14,6.230827950308251e-10,4.953089414276566e-21,1.6473476148651172e-13,2.3270425274310167,1.0258811422421733e-11,0.0003265095270220567,1000000.0,970618.3333934242
0.00014950437808654334,0.00010448929339060381,0.8693628112177394,324.45256942603373,0.0,0.02725724576622105,265.66946526223836,1.1324845209951346e-16,0.0,3.3416464516401832e-06,88.56103036000486,1.8712036875030137e-15,1.7474836592466634e-14,6.210879334417867e-10,1.5307332974370254e-20,1.2092148904677931e-14,2.320385575385728,1.0019687195966902e-11,0.0003264963082479872,1000000.0,966541.2152799084
0.0001496162978188089,0.00010458401188201966,0.8226200876201392,324.0449079987355,0.0,0.027183253105356076,264.9482930500772,1.1101471116442412e-16,0.0,3.3325753957531536e-06,88.3206272930461,1.860455977378016e-15,1.741887294500463e-14,6.191919945652619e-10,0.0,1.0599886709038555e-14,2.3140867800064644,9.79684874874771e-12,0.0003264837810899645,1000000.0,962682.4357087523
0.0001497282175510745,0.0001046732919141145,0.7722254070384944,323.65903949858347,0.0,0.027113753822540786,264.2709161919248,1.089081976025193e-16,0.0,3.3240552070486022e-06,88.09482342616577,1.84985071491373e-15,1.7366079089455885e-14,6.174012738981434e-10,-1.686637849710317e-35,1.0916565826217752e-14,2.3081704979418753,9.590314764528568e-12,0.0003264719971970166,1000000.0,959055.3410909987
0.00014984013728334007,0.00010475674089747801,0.7184683679370688,323.2962652715388,0.0,0.027049007653442893,263.63986630652096,1.0693044845451828e-16,0.0,3.3161177287588376e-06,87.8844626755575,1.8394220861584322e-15,1.7316610902045532e-14,6.157214566030335e-10,1.7291231866252e-25,3.8011132362849657e-16,2.302658840621299,9.40003844734129e-12,0.0003264610038642662,1000000.0,955671.932038814
0.00014995205701560566,0.00010483399904418357,0.6616453090754992,322.9577597326363,0.0,0.026989248379310868,263.05742204030463,1.0508227091926018e-16,0.0,3.3087916221775143e-06,87.69030462898985,1.829201496843127e-15,1.727060659425824e-14,6.141576286747014e-10,0.0,6.391926935406213e-16,2.297571709986832,9.225920735636515e-12,0.0003264508440273484,1000000.0,952542.9023055623
0.00015006397674787125,0.00010490474004917569,0.6020580233258895,322.6445707960342,0.0,0.026934684315990744,262.52561383458897,1.033638618692654e-16,0.0,3.3021024266228685e-06,87.51302613494599,1.8192175975333164e-15,1.7228187295201635e-14,6.127142895638419e-10,1.5893339392424938e-22,3.0977700039994506e-16,2.29292684013044,9.067822228865634e-12,0.00032644155627173605,1000000.0,949677.6800392225
0.00015017589648013682,0.00010496867163398606,0.5400125851792369,322.3576206563934,0.0,0.02688549884827618,262.0462291333398,1.0177491799730928e-16,0.0,3.2960726249416905e-06,87.35322303863904,1.809496336072216e-15,1.7189457643137764e-14,6.113953657124497e-10,0.0,4.749648529533855e-17,2.288739842779225,8.925573745602061e-12,0.00032643317485385855,1000000.0,947084.4699770908
0.00015028781621240241,0.00010502553596519156,0.4758182833682542,322.09770685361656,0.0,0.026841850987751433,261.6208178203036,1.0031473600600715e-16,0.0,3.290721711898034e-06,87.21141199448095,1.8000610322408526e-15,1.715450637057255e-14,6.102042245139279e-10,0.0,5.736585348890878e-16,2.2850242547838864,8.798985555035438e-12,0.0003264257297311773,1000000.0,944770.2954201237
0.00015039973594466798,0.00010507510995895776,0.4097866492876185,321.8655035564572,0.0,0.02680387593527976,261.2506977013325,9.898230258519933e-17,0.0,3.2860662631310837e-06,87.088032293618,1.7909324699877695e-15,1.7123406870019135e-14,6.091436882760309e-10,0.0,1.0700638151319094e-15,2.2817915860019213,8.68785533084727e-12,0.0003264192465987138,1000000.0,942741.0389794766
0.00015051165567693357,0.00010511720548181845,0.3422305720818615,321.66156299927894,0.0,0.026771685631981967,260.9369598746236,9.777637420721051e-17,0.0,3.2821200027034742e-06,86.98344765410215,1.782129003092013e-15,1.7096217727017297e-14,6.082160478288716e-10,2.6679476816460505e-22,5.596709068119361e-16,2.2790513662018737,8.591974828136064e-12,0.00032641374692990357,1000000.0,941001.4812219706
0.00015062357540919914,0.00010515166945676849,0.27346349066953557,321.48631701064875,0.0,0.026745369285110416,260.6804738563189,9.669554693785264e-17,0.0,3.2788938675722715e-06,86.89794792951226,1.773666670540132e-15,1.7072983215933693e-14,6.074230754788497e-10,0.0,4.091035128278824e-16,2.276811189830876,8.511135444224842e-12,0.00032640924801990724,1000000.0,939555.3364790798
0.00015073549514146473,0.00010517838388268221,0.20379865175553896,321.34007858858655,0.0,0.026724993857619804,260.481892352316,9.573831659835815e-17,0.0,3.276396067609696e-06,86.83175069963907,1.7655593183977095e-15,1.7053733747914105e-14,6.067660370648105e-10,5.686392567968656e-22,0.0,2.275076757692159,8.445132602774461e-12,0.00032640576302985305,1000000.0,938405.2852464399
0.0001508474148737303,0.00010519726577386041,0.13354842237538606,321.22304348766903,0.0,0.02671060451263985,260.3416555903896,9.490312973453227e-17,0.0,3.274632140093328e-06,86.78500271459981,1.7578187254198705e-15,1.7038486263931693e-14,6.062457029275132e-10,0.0,1.2271789825151467e-15,2.273851914782263,8.393769099775904e-12,0.0003264033010308116,1000000.0,937553.0027407864
0.0001509593346059959,0.00010520826702517023,0.06302364523281076,321.13529179384454,0.0,0.02670222500637161,260.25999514977667,9.418842585415885e-17,0.0,3.2736049978755133e-06,86.75778117143194,1.7504547300617509e-15,1.702724457375124e-14,6.058623576574699e-10,1.9189499294785958e-21,0.0,2.2731386837390444,8.356857468646982e-12,0.0003264018670466157,1000000.0,936999.1833170244
0.0001510712543382615,0.000105211374206928,-0.007466974086310886,321.07678946136963,0.0,0.026699858025246055,260.23693724722506,9.359267142451543e-17,0.0,3.2733149707159452e-06,86.75009480949912,1.74347535692932e-15,1.701999963741139e-14,6.056158085372195e-10,0.0,3.1852991334283426e-15,2.2729372935423666,8.334221399020107e-12,0.00032640146209493847,1000000.0,936743.5605405539
0.00015118317407052705,0.00010520660829240883,-0.07761745983934382,321.04738980778717,0.0,0.02670348546517004,260.2723054591396,9.311438610544644e-17,0.0,3.273759839521584e-06,86.76188481791955,1.7368869410560334e-15,1.7016729785273717e-14,6.055053926420972e-10,6.065716008730259e-21,0.0,2.2732462032896477,8.325696273619933e-12,0.00032640208322633657,1000000.0,936784.9228628611
0.00015129509380279265,0.00010519402431967837,-0.14712514868336585,321.04683494848535,0.0,0.026713068652913396,260.3657228788302,9.275216164191374e-17,0.0,3.2749348634806096e-06,86.79302555468566,1.7306942486943632e-15,1.7017400880886863e-14,6.055299826085164e-10,0.0,9.114091135369805e-15,2.274062121037434,8.331128855678987e-12,0.00032640372356124885,1000000.0,937121.124889084
0.00015140701353505822,0.00010517371098818971,-0.21569127470718852,321.07475720250176,0.0,0.026728548511258166,260.5166137272247,9.250467380553917e-17,0.0,3.2768328003228666e-06,86.84332508359586,1.724900593567295e-15,1.7021966429851553e-14,6.056879911234789e-10,1.9406450637243355e-20,0.0,2.275380017869646,8.350376180197011e-12,0.00032640637232521564,1000000.0,937749.0944555581
0.0001515189332673238,0.00010514579018947555,-0.28302156390473265,321.13068043650674,0.0,0.0267498456720801,260.7242044534135,9.237068769613489e-17,0.0,3.279443920161814e-06,86.91252554112168,1.719507947733802e-15,1.7030367633890958e-14,6.059773742305007e-10,0.0,2.4267764684765533e-14,2.2771931375096788,8.383303646746141e-12,0.0003264100148828464,1000000.0,938664.8356211184
0.00015163085299958938,0.00010511041647005616,-0.3488268524818601,321.21402143783575,0.0,0.026776860542273042,260.9875243799786,9.234905668093777e-17,0.0,3.28275601361315e-06,87.00030335152837,1.7145170463879726e-15,1.7042533397225637e-14,6.063956335897228e-10,5.873657161709234e-20,0.0,2.279493001957056,8.429782392521538e-12,0.0003264146327713041,1000000.0,939863.4281196446
0.00015174277273185497,0.00010506777642381851,-0.41282373029015285,321.32409122562996,0.0,0.026809473330988598,261.3054059640868,9.243871513132108e-17,0.0,3.286754395076465e-06,87.10626931391046,1.7099274860412625e-15,1.7058380293057797e-14,6.069398178666411e-10,0.0,6.057777220808244e-14,2.282269413767397,8.489685875444269e-12,0.0003264202037343302,1000000.0,941339.0233556565
0.00015185469246412056,0.00010501808800998186,-0.4747352281976759,321.46009651255554,0.0,0.026847544045433686,261.6764847635366,9.263866513896939e-17,0.0,3.291421902311904e-06,87.2299685908735,1.7057378156221231e-15,1.7077812494552396e-14,6.07606523465231e-10,1.6145270899959963e-19,0.0,2.28551045575658,8.562885825925416e-12,0.00032642670175801015,1000000.0,943084.8379990386
0.00015196661219638613,0.00010496159979220292,-0.5342915414193146,321.62114108223875,0.0,0.02689091246881955,262.09919921106103,9.294795722174192e-17,0.0,3.296738893595756e-06,87.37088063329777,1.7019456200955553e-15,1.7100721677631562e-14,6.083918948532873e-10,0.0,1.34184760777804e-13,2.289202489028374,8.649247372322513e-12,0.00032643409710978285,1000000.0,945093.1449806301
0.00015207853192865172,0.0001048985900933968,-0.591230812444004,321.8062274801279,0.0,0.02693939812847955,262.5717903176503,9.336566514719884e-17,0.0,3.30268324399429e-06,87.52841908144086,1.6985475962119686e-15,1.712698690954478e-14,6.092916247669839e-10,4.9199815645828836e-21,0.0,2.2933301503846786,8.748623646853524e-12,0.00032644235638222275,1000000.0,947355.263639798
0.0001521904516609173,0.0001048293660602864,-0.6452999636244804,322.0142587583252,0.0,0.026992800273600476,263.09230144029453,9.389085483320877e-17,0.0,3.3092303424412107e-06,87.70193168751446,1.6955396200170915e-15,1.7156474531421762e-14,6.10300954614434e-10,0.0,2.065099694098375e-15,2.297876350295398,8.860849613091766e-12,0.0003264514425434882,1000000.0,949861.5489058099
0.00015230237139318288,0.00010475426263145819,-0.696255587259179,322.24404042737103,0.0,0.027050897871808543,263.6585782619036,9.452254736308768e-17,0.0,3.316353091483074e-06,87.8907003089908,1.6929168057354e-15,1.718903804255385e-14,6.114146754253772e-10,1.5995952253251522e-21,0.0,2.302822272724425,8.985735316624028e-12,0.0003264613149963602,1000000.0,952601.3806784088
0.00015241429112544845,0.00010467364140238824,-0.7438648972142807,322.49428272008186,0.0,0.027113449646138193,264.2682691441599,9.5259676148718e-17,0.0,3.3240219117175684e-06,88.0939410262261,1.690673555602436e-15,1.7224518005729423e-14,6.126271297225645e-10,5.223084277176588e-21,0.0,2.3081473782107325,9.123058576576198e-12,0.0003264719296479124,1000000.0,955563.1545044861
0.00015252621085771404,0.00010458788938061292,-0.787906741568334,322.7636032062786,0.0,0.02718019416717026,264.9188260267626,9.610103833087201e-17,0.0,3.3322047531052873e-06,88.31080444222414,1.6888036001912074e-15,1.7262741984560473e-14,6.139322147179279e-10,0.0,2.1474064706562287e-15,2.313829411722599,9.27255716898384e-12,0.00032648323899198714,1000000.0,958734.2745233747
0.0001526381305899796,0.00010449741762432352,-0.8281726724188747,323.05052979920066,0.0,0.02725085002007363,265.6075060559207,9.704524059733306e-17,0.0,3.340867115453923e-06,88.54037622549511,1.6873000287492865e-15,1.730352452559325e-14,6.153233872563436e-10,0.0,2.1514591261044943e-16,2.319844416881097,9.433920597708238e-12,0.0003264951922067102,1000000.0,962101.1497191844
0.0001527500503222452,0.00010440265975811703,-0.8644680694150692,323.3535042023265,0.0,0.02732511606589614,266.33137413102526,9.80906396936531e-17,0.0,3.3499720804505322e-06,88.78167795898986,1.6861553090461461e-15,1.7346667202043447e-14,6.167936709416742e-10,0.0,6.986947123500847e-16,2.3261667582030063,9.606781544274087e-12,0.00032650773526926623,1000000.0,965649.194590623
0.0001528619700545108,0.00010430407036023178,-0.8966133116688684,323.6708858734257,0.0,0.027402671816847746,267.087306562346,9.923527808418569e-17,0.0,3.3594803576683285e-06,89.03366835939467,1.685361296239902e-15,1.7391958734755782e-14,6.183356658863999e-10,0.0,3.403724250540799e-16,2.3327691530475336,9.790707153525066e-12,0.00032652081109024625,1000000.0,969362.8354737636
0.00015297388978677636,0.00010420212321628958,-0.9244449905430889,324.0009565728143,0.0,0.027483177945576392,267.87199603429997,1.0047681535534023e-16,0.0,3.3693503469957007e-06,89.29524493163899,1.6849092302950694e-15,1.7439175205853237e-14,6.199415615273815e-10,6.740061534613971e-22,0.0,2.3396227149660027,9.985190304694594e-12,0.0003265343596695825,1000000.0,973225.523755848
0.00015308580951904196,0.00010409730943558541,-0.947817151303104,324.341925545549,0.0,0.027566276948039994,268.681958066115,1.0181245621711769e-16,0.0,3.379538219899954e-06,89.5652461225603,1.68478972156193e-15,1.7488080380759428e-14,6.21603152941122e-10,0.0,9.852995759131869e-16,2.3466970101299798,1.0189641075793686e-11,0.00032654831827608454,1000000.0,977219.7571790211
0.00015319772925130752,0.00010399013542729253,-0.966602551927031,324.69193538826795,0.0,0.027651593978907877,269.51353915418514,1.032388762731236e-16,0.0,3.3899980218437385e-06,89.84245403516196,1.6849927242749933e-15,1.7538426154114643e-14,6.233118610714654e-10,0.0,4.52746059216928e-16,2.353960128447498,1.0403378651103349e-11,0.00032656262165248976,1000000.0,981327.1104264046
0.00015330964898357312,0.00010388112073552964,-0.9806939237021863,325.0490686358079,0.0,0.027738737877155455,270.3629267679906,1.0475214678737884e-16,0.0,3.40068179801579e-06,90.12559776075729,1.685507497861196e-15,1.758995313524031e-14,6.250587572510995e-10,1.1047106389696926e-21,0.0,2.3613787708684857,1.0625623773509701e-11,0.00032657720224741677,1000000.0,985528.2761024659
0.00015342156871583868,0.00010377079573411206,-0.9900052149500452,325.41135511228214,0.0,0.027827302397598393,271.22616135326876,1.0634766044851057e-16,0.0,3.4115397443091827e-06,90.41335738023182,1.6863225563354312e-15,1.764239138324027e-14,6.268345923526306e-10,0.0,1.5814390177109537e-15,2.368918354221753,1.0855492481507167e-11,0.0003265919904757701,1000000.0,989803.1171870903
0.00015353348844810428,0.00010365969918388873,-0.9944727993687896,325.77678007089634,0.0,0.027916867661703208,272.0991504724384,1.0802006007127778e-16,0.0,3.422520385182618e-06,90.70436867775976,1.6874256063045411e-15,1.7695461309152115e-14,6.28629830847676e-10,0.0,7.804686820773615e-16,2.376543134718969,1.1091990740164148e-11,0.0003266069150082361,1000000.0,994130.7318902677
0.00015364540818036987,0.00010354837565786166,-0.9940566268407793,326.14329312966004,0.0,0.028007001837986305,272.97768518260733,1.0976317231543168e-16,0.0,3.433570779666537e-06,90.99722860042002,1.6888034745236165e-15,1.774887474724471e-14,6.304346899808568e-10,2.993026985172589e-21,0.0,2.3842163510019323,1.1334010912289747e-11,0.0003266219030902148,1000000.0,998489.5316586429
0.00015375732791263544,0.00010343737284184444,-0.9887412925294699,326.50881799803824,0.0,0.028097263058539955,273.8574587151704,1.115699493801682e-16,0.0,3.4446367563188824e-06,91.29050148504797,1.6904420264654288e-15,1.780233621121065e-14,6.322391841789448e-10,1.9304976028187333e-22,3.2230212582208854e-15,2.391900387292176,1.1580330144997015e-11,0.0003266368808901218,1000000.0,1002857.3328882975
0.00015386924764490103,0.0001033272387211112,-0.9785370007706414,326.8712629854723,0.0,0.028187201573926682,274.7340874788686,1.1343242144188885e-16,0.0,3.4556631774061323e-06,91.5827260596145,1.692326077950894e-15,1.785554432575746e-14,6.340331747158928e-10,0.0,1.9923135178708293e-15,2.39955695683396,1.182961097779997e-11,0.00032665177387639814,1000000.0,1007211.462692092
0.0001539811673771666,0.00010321851866630888,-0.9634803971816093,327.2285322507011,0.0,0.028276362143827068,275.60313436034437,1.1534166288136547e-16,0.0,3.466594231982701e-06,91.87242321047597,1.6944393024839146e-15,1.7908193453259786e-14,6.358064245423478e-10,1.0782511976196252e-20,0.0,2.407147305403797,1.2080404559061204e-11,0.00032666650722186665,1000000.0,1011528.8787435824
0.0001540930871094322,0.00010311175243488997,-0.9436352415292156,327.5785377270753,0.0,0.028364286655230664,276.4601342425839,1.1728777541780914e-16,0.0,3.4773737568668565e-06,92.15810448895803,1.696764137577801e-15,1.7959975478994447e-14,6.375486580634003e-10,4.837773769816992e-21,6.911454335616958e-15,2.4146324341912524,1.2331156696346563e-11,0.0003266810062333585,1000000.0,1015786.3028828995
0.00015420500684169776,0.00010300747110717077,-0.9190928988792734,327.91921166922054,0.0,0.02845051695415036,277.3006216050334,1.1925989115630074e-16,0.0,3.487945583801072e-06,92.43828131186615,1.6992816940071814e-15,1.801058179826514e-14,6.392496255173789e-10,0.0,6.324829261534554e-15,2.421973340861356,1.2580216967448672e-11,0.0003266951968038688,1000000.0,1019960.3679156469
0.00015431692657396335,0.00010290619397891796,-0.8899726217570804,328.2485197149155,0.0,0.028534597870896353,278.1201600095966,1.2124619854948287e-16,0.0,3.4982539103333857e-06,92.7114747906555,1.7019716726343854e-15,1.805970540500313e-14,6.4089917147154e-10,8.039593491895727e-21,0.0,2.4291312770884286,1.2825851101009516e-11,0.0003267090058837823,1000000.0,1024027.7765675219
0.00015442884630622892,0.0001028084254350801,-0.8564216008399843,328.5644743400172,0.0,0.02861608041242,278.91437321537484,1.2323399324675366e-16,0.0,3.5082436911847437e-06,92.97622610354317,1.7048122935157866e-15,1.810704318230439e-14,6.424873068110405e-10,0.0,2.892488175004775e-15,2.436068020315554,1.3066256290588525e-11,0.0003267223619671128,1000000.0,1027965.4711822828
0.0001545407660384945,0.00010271465183176168,-0.8186147636238514,328.8651485880887,0.0,0.028694525089094067,279.67897760419896,1.2520975635809782e-16,0.0,3.517861046104147e-06,93.23110730457284,1.7077802431302329e-15,1.8152298259479096e-14,6.44004283459347e-10,0.0,2.4694564124682964e-15,2.4427461569626856,1.3299580266328783e-11,0.0003267351955878153,1000000.0,1031750.8124341934
0.0001546526857707601,0.00010262533841567111,-0.7767543036435288,329.1486899210895,0.0,0.02876950533747595,280.4098155410126,1.2715926124767983e-16,0.0,3.527053679482816e-06,93.47473244431315,1.7108506454240376e-15,1.8195182443852538e-14,6.454406709387849e-10,1.3687125779771177e-20,0.0,2.449129373799776,1.3523942864836922e-11,0.00032674743982068953,1000000.0,1035361.7648945741
0.00015476460550302567,0.00010254092631200166,-0.7310689265787436,329.4133340160066,0.0,0.02884061099491538,281.1028892399775,1.2906770881744119e-16,0.0,3.535771306328981e-06,93.70576885913833,1.713997062208545e-15,1.8235418739364968e-14,6.467874337623736e-10,0.0,3.628139235202979e-15,2.455182753736967,1.373746043161433e-11,0.0003267590307808966,1000000.0,1038777.0869217312
0.00015487652523529127,0.00010246182961284409,-0.6818128068497662,329.6574183429074,0.0,0.028907451777333785,281.75439466186265,1.3091989052466916e-16,0.0,3.5439660786364752e-06,93.9229484709374,1.717191528163828e-15,1.8272743854742086e-14,6.480360085494501e-10,0.0,5.785752907952196e-15,2.4608730718880425,1.3938272599495372e-11,0.0003267699081157762,1000000.0,1041976.5221099274
0.00015498844496755683,0.00010238843259887356,-0.6292642495600894,329.8793953223549,0.0,0.028969660707815894,282.36075493172103,1.3270037719939683e-16,0.0,3.5515930057195248e-06,94.12507892691113,1.7204046257766257e-15,1.830691067333725e-14,6.49178379680731e-10,2.474757224574543e-20,0.0,2.4661690874439905,1.4124570418556951e-11,0.0003267800154816858,1000000.0,1044940.9891896533
0.00015510036469982243,0.00010232108712713371,-0.5737240609374378,330.0778448824287,0.0,0.029026897440922437,282.9186527401361,1.3439373087501267e-16,0.0,3.5586103617621593e-06,94.31105440054142,1.723605603396143e-15,1.8337690660245323e-14,6.502071522559126e-10,0.0,6.682071339466377e-16,2.471041826668933,1.4294626079897756e-11,0.0003267893009997804,1000000.0,1047652.7671729883
0.000155212284432088,0.0001022601102171091,-0.5155136365389297,330.2514862194709,0.0,0.029078851426317665,283.4250611790318,1.3598473509286256e-16,0.0,3.564980073677416e-06,94.47986587072187,1.726762539664421e-15,1.836487615910111e-14,6.511156210981369e-10,0.0,5.130084226719511e-15,2.475464852223434,1.4446822155702582e-11,0.00032679771768327206,1000000.0,1050095.6723867003
0.0001553242041643536,0.00010220578186588344,-0.45497278275037506,330.39918857981326,0.0,0.02912524485576036,283.8772724657722,1.374586383058021e-16,0.0,3.570668082405573e-06,94.63061069694866,1.7298425557413936e-15,1.8388282513228422e-14,6.518978345640673e-10,1.5641165558258718e-19,0.0,2.4794145140438677,1.4579680810380354e-11,0.0003268052238293845,1000000.0,1052255.224056342
0.00015543612389661918,0.00010215834312115171,-0.39245729156708903,330.51998085443546,0.0,0.029165835339246594,284.27292402679063,1.3880140329989756e-16,0.0,3.575644670999129e-06,94.76250131430956,1.7328120747638964e-15,1.840774999557996e-14,6.525486519685464e-10,1.8537887526321798e-19,0.0,2.4828701771595703,1.4691890619602906e-11,0.0003268117833692169,1000000.0,1054118.7950823766
0.00015554804362888475,0.0001021179944381643,-0.32833629670937303,330.61305984983585,0.0,0.029200418259282906,284.6100214449037,1.399999556419937e-16,0.0,3.5798847532584152e-06,94.87487288298085,1.7356371259094342e-15,1.8423145470051505e-14,6.53063793514865e-10,0.0,2.437057590937567e-14,2.485814422117156,1.4782332404676325e-11,0.00032681736617029295,1000000.0,1055675.7450218266
0.00015565996336115034,0.00010208489434314736,-0.2629894472804593,330.6777971115085,0.0,0.029228828757527667,284.8869578243031,1.4104242561744476e-16,0.0,3.5833681173096424e-06,94.96718974355572,1.7382836890401746e-15,1.8434363841705546e-14,6.534398817454534e-10,1.0894175517345566e-19,2.06642813027703e-14,2.488233214116534,1.485010071296256e-11,0.00032682194828649954,1000000.0,1056917.532566355
0.0001557718830934159,0.00010205915842171991,-0.19680393363643306,330.71374414971046,0.0,0.029250943314798314,285.1025291905229,1.4191837274510073e-16,0.0,3.5860796193101226e-06,95.0390505506299,1.7407180740277305e-15,1.844132904351222e-14,6.536744736809324e-10,6.718301704958787e-19,0.0,2.4901160375157985,1.489452163531094e-11,0.00032682551215074053,1000000.0,1057837.8050322628
0.0001558838028256815,0.00010204085864704251,-0.1301713955065138,330.720635893554,0.0,0.029266680892269383,285.2559456123838,1.4261898718810074e-16,0.0,3.5880093233382586e-06,95.09019198030657,1.742907326568042e-15,1.8443995037176334e-14,6.537660829814358e-10,1.8293700911722527e-19,4.8031482891248736e-14,2.491455992971297,1.491516617103755e-11,0.0003268280467067478,1000000.0,1058432.4626585091
0.00015599572255794707,0.00010203002305721319,-0.06348478070225527,330.6983924631946,0.0,0.02927600361023225,285.3468378216252,1.4313726066116052e-16,0.0,3.5891525846583384e-06,95.12049093685354,1.744819651038176e-15,1.844234565627951e-14,6.537141916720633e-10,0.0,9.208628929632214e-14,2.492249855254518,1.4911858418369236e-11,0.00032682954747782517,1000000.0,1058699.6968093915
0.00015610764229021266,0.00010202663578543129,0.0028648041768842745,330.64711920590753,0.0,0.02927891695248041,285.3752592064551,1.434681210557292e-16,0.0,3.589510074801369e-06,95.129965217254,1.7464248396400219e-15,1.8436395957928373e-14,6.535192512076995e-10,2.918613721466182e-18,0.0,2.492498090664046,1.488467867724928e-11,0.0003268300165716178,1000000.0,1058640.0012227737
0.00015621956202247823,0.00010203063744245895,0.06849123695639586,330.567104789214,0.0,0.029275469492968553,285.341683142214,1.436085264651953e-16,0.0,3.5890877479839687e-06,95.11877262138204,1.74769469641174e-15,1.8426188921412873e-14,6.531826728540511e-10,3.8124977901920705e-18,0.0,2.49220483371067,1.48339607492165e-11,0.00032682946262077773,1000000.0,1058256.1554161469
0.00015633148175474382,0.00010204192584688979,0.13301645182642463,330.45881749546714,0.0,0.02926575214848469,285.24699571056556,1.4355751451544136e-16,0.0,3.5878967495210243e-06,95.08720852494184,1.7486034443123537e-15,1.8411801622066476e-14,6.527068075641376e-10,0.0,2.885621735101384e-13,2.4913778235262747,1.4760283960518823e-11,0.0003268279006603922,1000000.0,1057553.180971758
0.00015644340148700942,0.00010206035709085062,0.19607334215470823,330.3229001222936,0.0,0.029249896974878994,285.09248397817356,1.4331620665202794e-16,0.0,3.585953268406815e-06,95.03570197215956,1.7491281038420804e-15,1.839332868817386e-14,6.520949158003958e-10,5.024955315812944e-19,1.6421224358628884e-13,2.4900283014896534,1.4664460590770507e-11,0.00032682535194479074,1000000.0,1056538.2728494324
0.00015655532121927498,0.0001020857469238016,0.2573085291561979,330.1601631238332,0.0,0.0292280755376582,284.8798200974765,1.4288776658540213e-16,0.0,3.583278337333326e-06,94.9648103757697,1.7492488321935137e-15,1.83709092719966e-14,6.513511279590616e-10,8.264709916073155e-25,8.675627756006297e-16,2.488170872359075,1.4547518240698226e-11,0.00032682184370747604,1000000.0,1055220.7058593116
0.00015666724095154058,0.0001021178724361492,0.3163849670696841,329.97157608390836,0.0,0.029200496883268742,284.61104154490596,1.4227731801946977e-16,0.0,3.5798975841113013e-06,94.87521292941658,1.7489492145217993e-15,1.834469367810509e-14,6.504803961683098e-10,0.0,1.1748112324986605e-15,2.485823331671899,1.4410679059244055e-11,0.0003268174088680417,1000000.0,1053611.7182144655
0.00015677916068380614,0.0001021564740206804,0.37298429796276455,329.7582579627193,0.0,0.02916740515456319,284.2885278809516,1.4149181890962906e-16,0.0,3.5758409393508572e-06,94.76770286061233,1.7482164978817593e-15,1.8314856835198184e-14,6.494884383864928e-10,2.0345548550762737e-20,3.4593547468880747e-16,2.4830064627646036,1.4255334003273994e-11,0.0003268120856912202,1000000.0,1051724.3755680013
0.00015689108041607174,0.00010220125758360482,0.42680893221118155,329.5214662791889,0.0,0.02912907689789308,283.9149744984561,1.405399016693026e-16,0.0,3.5711423062672515e-06,94.64317867971931,1.747041761761535e-15,1.8281601322832002e-14,6.483816759042597e-10,0.0,0.0,2.4797438074870626,1.4083016642503048e-11,0.0003268059174041723,1000000.0,1049573.4184101715
0.0001570030001483373,0.00010225189697350543,0.47758385899652456,329.2625852826794,0.0,0.029085818113438328,283.4933638753449,1.3943168603332934e-16,0.0,3.565839199095219e-06,94.50263459703562,1.745420022015674e-15,1.8245146126204184e-14,6.471671654594231e-10,9.310595010096323e-21,2.398893657704122e-15,2.476061415121034,1.3895374780240341e-11,0.0003267989517786561,1000000.0,1047175.0955816143
0.0001571149198806029,0.00010230803659663968,0.5250581804723906,328.9831132596687,0.0,0.029037961103694512,283.0269348580196,1.3817856918419094e-16,0.0,3.559972356727904e-06,94.34715028340075,1.743350266854181e-15,1.820572584250158e-14,6.458525271887759e-10,0.0,1.3207624676238604e-16,2.4719875740980486,1.3694141140013054e-11,0.0003267912406847791,1000000.0,1044546.9870126372
0.0001572268396128685,0.00010236929418731586,0.569006352578136,328.6846492100421,0.0,0.028985861173946387,282.51915050127826,1.3679300025339684e-16,0.0,3.5535853381981415e-06,94.17788014961941,1.740835425204975e-15,1.8163590975858795e-14,6.444458696323981e-10,4.3363744089326934e-20,3.5118092410356555e-15,2.467552531109778,1.3481104455272872e-11,0.00032678283962306825,1000000.0,1041707.8190770675
0.00015733875934513406,0.00010243526370076282,0.6092291234004,328.36887913207283,0.0,0.02892989323894754,281.9736649947284,1.3528824688577872e-16,0.0,3.546724106671657e-06,93.99604232136706,1.7378822699034858e-15,1.8119003952644044e-14,6.429557130064628e-10,0.0,0.0,2.4627882022398158,1.3258081564193481e-11,0.0003267738072416661,1000000.0,1038677.2759458226
0.00015745067907739965,0.00010250551829472517,0.645554174886391,328.03756209170626,0.0,0.028870448389831303,281.39429020052614,1.336781606748145e-16,0.0,3.5394366085522614e-06,93.80290748453083,1.7345012602879625e-15,1.8072235521022194e-14,6.413909119406207e-10,1.1578155743841894e-19,1.0760215228348373e-14,2.4577278807006353,1.3026890823477981e-11,0.0003267642048455121,1000000.0,1035475.8100488009
0.00015756259880966522,0.00010257961336663924,0.67783648028661,327.69251625509474,0.0,0.028807930472002603,280.78496229999234,1.3197694798902822e-16,0.0,3.5317723539573537e-06,93.59978776684474,1.7307063305599003e-15,1.8023564172044338e-14,6.397605788060809e-10,0.0,0.0,2.4524059455216896,1.2789327915841137e-11,0.0003267540959040338,1000000.0,1032124.4545925155
0.0001576745185419308,0.00010265708961547067,0.7059583962167514,327.33560500792146,0.0,0.0287427527208514,280.1497090004748,1.301989519068748e-16,0.0,3.5237820042374004e-06,93.38802580628308,1.7265146314332428e-15,1.7973273401715875e-14,6.38074008648843e-10,4.648989255183889e-19,3.450910604181649e-14,2.4468575751304287,1.2547144119575996e-11,0.0003267435455632935,1000000.0,1028644.6406493878
0.00015778643827419638,0.00010273747609937316,0.7298294992114358,326.96872339253207,0.0,0.02867533449563646,279.4926177047593,1.2835844977547136e-16,0.0,3.5155169716062595e-06,93.16898414031998,1.7219462333352418e-15,1.7921647746849248e-14,6.363406066252383e-10,0.0,0.0,2.4411184693409145,1.2302027446192429e-11,0.00032673262016798136,1000000.0,1025058.0214021766
0.00015789835800646197,0.00010282029326253312,0.749386198754155,326.5937848671864,0.0,0.028606098149118648,278.8178049925447,1.2646946992181522e-16,0.0,3.5070290352674566e-06,92.94403503256598,1.7170237998613713e-15,1.7868972162218384e-14,6.34569818712223e-10,2.194741146304262e-18,1.3814568325981895e-13,2.4352245828010073,1.205558675681864e-11,0.00032672138679801883,1000000.0,1021386.305113227
0.00015801027773872756,0.00010290505590593702,0.7645911238571013,326.21270879738347,0.0,0.02853546606055184,278.12938771617354,1.2454563083615018e-16,0.0,3.4983699778614567e-06,92.71455083751742,1.7117722404174798e-15,1.7815530882289754e-14,6.327710663530846e-10,0.0,0.0,2.4292118725409075,1.1809339188097439e-11,0.0003267099128240638,1000000.0,1017651.0993997856
0.00015812219747099313,0.00010299127608104098,0.7754323659821657,325.8274081461912,0.0,0.028463857862687927,277.43145594205754,1.226000040237642e-16,0.0,3.489591245093611e-06,92.48189498056904,1.7062183507868233e-15,1.7761603094457397e-14,6.309536855363575e-10,1.2497252309967249e-17,6.497408270811086e-13,2.423116061637544,1.1564700157376188e-11,0.00032669826548520093,1000000.0,1013873.7660591576
0.00015823411720325873,0.00010307846588477103,0.7819224749834259,325.4397788600117,0.0,0.02839168786853459,276.7280479387217,1.2064500173919492e-16,0.0,3.4807436311833047e-06,92.24741362026775,1.7003904499741286e-15,1.7707461752215887e-14,6.2912687073308e-10,0.0,0.0,2.416972420764573,1.1322977385981493e-11,0.0003266865114920661,1000000.0,1010075.2918835913
0.0001583460369355243,0.00010316614014583868,0.7840975349627508,325.0516877105139,0.0,0.02831936273855333,276.0231272861244,1.1869228769783822e-16,0.0,3.4718769908137877e-06,92.01242801769465,1.694318020600482e-15,1.765337502161078e-14,6.272996238340045e-10,8.350795427499846e-17,3.563180445174077e-12,2.4108155682470356,1.1085365062687386e-11,0.0003266747166562995,1000000.0,1006276.1654698792
0.00015842599042759084,0.00010322880360802138,0.7830404343319614,324.77517484125605,0.0,0.028267820255251683,275.5207655416618,1.173047489516542e-16,0.0,3.4655581790079646e-06,91.84496551422875,1.6898470075675279e-15,1.7614913918517852e-14,6.259988720956952e-10,2.0091025422555384e-18,2.330608406826726e-14,2.406427886943709,1.091874010128202e-11,0.0003266663014547119,1000000.0,1003572.784017047
0.00015850594391965736,0.00010329129660092082,0.7798382890320614,324.50001444314836,0.0,0.028216542503067044,275.020983779707,1.1592762446014538e-16,0.0,3.459271818788918e-06,91.67836304904426,1.6852778629482213e-15,1.7576703786598777e-14,6.24705487397551e-10,0.0,0.0,2.4020627394801064,1.0755126278544716e-11,0.0003266579214634013,1000000.0,1000886.277442884
0.00015858589741172389,0.00010335344890388864,0.7745241760420692,324.2268457818173,0.0,0.028165667249747173,274.5251248425817,1.1456437836895117e-16,0.0,3.4530348007120505e-06,91.51306825920561,1.680621863200151e-15,1.7538833640140318e-14,6.234224998902348e-10,2.9801132798869126e-18,2.0479852250835336e-14,2.3977318543891983,1.0594853173072424e-11,0.0003266495992952319,1000000.0,998223.4917172205
0.0001586756243444311,0.00010342258562953193,0.7660928514484888,323.9234296503804,0.0,0.02810921844550102,273.9749427952433,1.130550159161711e-16,0.0,3.446114495128834e-06,91.3296648372287,1.6753072764786088e-15,1.749684583884891e-14,6.219987084170485e-10,0.0,3.9855311081962477e-16,2.3929265054331865,1.0419338988464122e-11,0.0003266403560650491,1000000.0,995271.6746268702
0.00015876535127713832,0.00010349085091067607,0.7551106286162731,323.6241643523868,0.0,0.028053629072901848,273.433137155974,1.1157142328988672e-16,0.0,3.439299549758601e-06,91.14905369448397,1.6699134030011818e-15,1.745551154731592e-14,6.205957421697533e-10,0.0,0.0,2.388194316922867,1.0248795163739041e-11,0.00032663124388900613,1000000.0,992367.1361760239
0.00015885507820984554,0.00010355801886120795,0.7416453789761285,323.32987916833656,0.0,0.027999076246409654,272.90143423247207,1.1011746546103747e-16,0.0,3.4326116784645804e-06,90.97181029638377,1.664455975881126e-15,1.7414942783445916e-14,6.192174732825754e-10,0.0,0.0,2.383550366614392,1.0083564105745247e-11,0.0003266222922220955,1000000.0,989518.5631979926
0.00015894480514255276,0.00010362386998027755,0.7257715315462657,323.0413735219316,0.0,0.027945730153539263,272.38149282099573,1.086966556761773e-16,0.0,3.4260717459454065e-06,90.79848760337295,1.6589504968696435e-15,1.7375246655187095e-14,6.178676141140568e-10,0.0,0.0,2.3790091426121256,9.923948369490729e-12,0.0003266135295023081,1000000.0,986734.2637529427
0.00015903453207525997,0.00010368819172036334,0.7075696387889411,322.759415099269,0.0,0.027893753759333815,271.87490132302804,1.0731216574766855e-16,0.0,3.4196997314528687e-06,90.6296151097678,1.6534121657090546e-15,1.7336524970723554e-14,6.165497111657629e-10,8.900076430868326e-20,7.07814928011681e-16,2.3745845181849923,9.770212729093835e-12,0.00032660498309113284,1000000.0,984022.1549836472
0.00015912425900796716,0.00010375077901929875,0.6871259296231016,322.4847383326239,0.0,0.02784330255477119,271.3831752906979,1.0596683859214446e-16,0.0,3.4135146979172836e-06,90.46569802552115,1.6478558168988155e-15,1.729887417405419e-14,6.152671399730383e-10,0.0,2.7107879478324023e-16,2.3702897303276966,9.622586550223064e-12,0.00032659667922008704,1000000.0,981389.753934646
0.00015921398594067438,0.00010381143479120621,0.6645318586189157,322.218043178573,0.0,0.02779452435006596,270.90775541251844,1.046632032390708e-16,0.0,3.4075347666189038e-06,90.30721660476728,1.642295863878548e-15,1.7262385358373492e-14,6.140231009915098e-10,1.4379367747875714e-19,1.179015326676076e-15,2.3661373621679846,9.481266304905871e-12,0.0003265886429439829,1000000.0,978844.1710844091
0.0001593037128733816,0.00010386997037513183,0.6398836689895968,321.9599940361365,0.0,0.02774755911107697,270.4500059203111,1.0340349170975663e-16,0.0,3.4017770971531787e-06,90.15462561476954,1.6367462507816552e-15,1.722714417438706e-14,6.128206164324003e-10,0.0,0.0,2.36213932905271,9.346418048818037e-12,0.0003265808981007547,1000000.0,976392.1059761709
0.00015939343980608882,0.00010392620594454948,0.6132819749406903,321.7112187571109,0.0,0.027702538833637422,270.0112133643988,1.0218965694750041e-16,0.0,3.3962578720225714e-06,90.00835392763037,1.6312204116075132e-15,1.719323076045891e-14,6.11662527923622e-10,5.048283018874753e-19,3.021604527544735e-15,2.3583068678502483,9.218179976941692e-12,0.0003265734672769714,1000000.0,974039.8445454045
0.00015948316673879603,0.000103979970880989,0.5848313575810343,321.4723078016409,0.0,0.027659587450332698,269.5925857047106,1.0102339125497946e-16,0.0,3.390992285201881e-06,89.86880421731058,1.6257312363572853e-15,1.7160719801545103e-14,6.105514948762774e-10,0.0,0.0,2.354650529012087,9.096664858113178e-12,0.00032656637177828934,1000000.0,971793.2580572902
0.00015957289367150325,0.00010403110411281575,0.5546399719534124,321.2438135561874,0.0,0.02761882076631221,269.19525168414384,9.990614508988869e-17,0.0,3.385994534256068e-06,89.73635275073954,1.6202910436018347e-15,1.7129680546820418e-14,6.094899934792636e-10,1.7681430522134708e-18,9.344929566867828e-15,2.351180171099605,8.981962436369798e-12,0.0003265596316045313,1000000.0,969657.8035277418
0.00015966262060421047,0.00010407945441913114,0.5228191652420517,321.02624981357064,0.0,0.027580346421365767,268.8202604600221,9.883914604236472e-17,0.0,3.381277815706439e-06,89.61134926496139,1.6149115591009999e-15,1.7100176777782292e-14,6.084803162661351e-10,0.0,0.0,2.347904957565305,8.874141791259833e-12,0.0003265532654292123,1000000.0,967638.525486153
0.00015975234753691766,0.00010412488069966827,0.4894831132365399,320.82009133624246,0.0,0.027544263875700192,268.4685814638145,9.782341770160657e-17,0.0,3.3768543232657628e-06,89.49411692037242,1.6096039000438331e-15,1.7072266888746693e-14,6.075245721856489e-10,7.307009990354118e-18,3.2345298683458514e-14,2.344833355527418,8.773253550359625e-12,0.00032654729058316046,1000000.0,965740.0586832393
0.00015984207446962488,0.00010416725221239456,0.45474846839572075,320.62577356855553,0.0,0.027510664415042997,268.1411044544046,9.685979813383412e-17,0.0,3.3727352485096435e-06,89.38495231847841,1.6043785645738322e-15,1.7046003985507572e-14,6.066246870967271e-10,0.0,0.0,2.341973136235532,8.679332012199069e-12,0.0003265417230417634,1000000.0,963966.6317755447
0.0001599318014023321,0.00010420644878083775,0.4187340322379099,320.44369233892286,0.0,0.027479631173037485,267.83863972961393,9.594895768933803e-17,0.0,3.368930783533228e-06,89.28412557240581,1.5992454258823067e-15,1.70214358791012e-14,6.05782404607866e-10,3.3349628466053795e-17,1.2332046658870375e-13,2.339331376917359,8.592397051952725e-12,0.0003265365774153746,1000000.0,962322.0713369888
0.0001600215283350393,0.00010424236097204079,0.38156042302356397,320.27420386497107,0.0,0.027451239165276708,267.56191847107874,9.509141610667074e-17,0.0,3.3654501252960465e-06,89.19188042186693,1.5942137307833671e-15,1.6998605146341623e-14,6.049992872045726e-10,0.0,0.0,2.3369144637922923,8.512456056319897e-12,0.00032653186694259814,1000000.0,960809.8070239293
0.00016011125526774653,0.0001042748902469342,0.3433497947495995,320.11762441014054,0.0,0.027425555337969008,267.3115931925587,9.428755862466383e-17,0.0,3.362301481247425e-06,89.10843438260342,1.5892921014236924e-15,1.697754928463494e-14,6.042767175977159e-10,1.660837090711573e-16,5.099441714870909e-13,2.3347280959843024,8.439505354175982e-12,0.0003265276034860773,1000000.0,959432.8757804076
0.00016020098220045375,0.0001043039490825976,0.30422549180604086,319.97423089991975,0.0,0.027402638617916524,267.08823828140675,9.35376514521439e-17,0.0,3.359492076165735e-06,89.03397892688596,1.5844885415898021e-15,1.6958300748605445e-14,6.036159002691823e-10,0.0,0.0,2.3327772902567783,8.37353222546809e-12,0.00032652379753069676,1000000.0,958193.9289833496
0.00016029070913316096,0.00010432946106961326,0.26431184056742046,319.8442601769042,0.0,0.027382539982882356,266.89235059598946,9.284185576686181e-17,0.0,3.3570281596347635e-06,88.96867968266412,1.5798104437378536e-15,1.6940886940737105e-14,6.030178631323183e-10,6.7907764522463976e-18,7.296623444021477e-15,2.3310663862213854,8.314515449746815e-12,0.000326520458183692,1000000.0,957095.2353473915
0.00016038043606586815,0.0001043513609862138,0.2237338549335658,319.7279094116753,0.0,0.027365302518927975,266.72435009529124,9.220024074935335e-17,0.0,3.3549150139764477e-06,88.91267664344552,1.5752646001671932e-15,1.6925330411875488e-14,6.024834592537819e-10,0.0,0.0,2.329599051844357,8.262427209696875e-12,0.00032651759317629,1000000.0,956138.687106027
0.00016047016299857537,0.00010436959484797158,0.18261695017954213,319.6253365910792,0.0,0.02735096148966577,266.5845805013362,9.161279560109506e-17,0.0,3.3531569625979026e-06,88.86608438911426,1.5708572162436384e-15,1.6911648892202483e-14,6.020133686387815e-10,8.191207298502473e-18,8.23045796448467e-15,2.3283782892308666,8.217233825930076e-12,0.00032651520886699123,1000000.0,955325.8061867683
0.0001605598899312826,0.00010438411993305583,0.1410867000124941,319.5366606766308,0.0,0.027339544406911914,266.47330998687306,9.107944040629329e-17,0.0,3.3517573786385523e-06,88.82899231517108,1.5665939247994782e-15,1.6899855320244468e-14,6.016081000633852e-10,0.0,0.0,2.3274064406312496,8.178896664826076e-12,0.00032651331024643137,1000000.0,954657.7491162326
0.0001606496168639898,0.00010439490478568099,0.09926861496350428,319.4619616498401,0.0,0.027331071102367894,266.3907318625619,9.060003575024358e-17,0.0,3.350718693604122e-06,88.8014648618073,1.562479801657509e-15,1.688995794606005e-14,6.012679928971003e-10,1.4106596518837543e-17,1.3871172406794437e-14,2.3266851944417852,8.147372868953475e-12,0.00032651190094342417,1000000.0,954135.3112133084
0.0001607911923962952,0.00010440426992791692,0.03300402458863135,319.3726099238474,0.0,0.027323715369714507,266.3190519410916,8.995285372493585e-17,0.0,3.349817088460879e-06,88.77757032894762,1.5563025265012567e-15,1.6878204952419294e-14,6.008642347227866e-10,8.737363370062897e-18,3.810823176105677e-15,2.3260591343220827,8.111375560918166e-12,0.0003265106774636801,1000000.0,953608.074436332
0.00016088765412511924,0.00010440527591627296,-0.012126507275087834,319.33170731477503,0.0,0.02732292450694288,266.3113537305382,8.958807130105383e-17,0.0,3.3497202587435703e-06,88.7750041269799,1.5523206734787157e-15,1.6872902111812693e-14,6.006822311842528e-10,0.0,0.0,2.3259918973223073,8.096396659401341e-12,0.00032651054605832683,1000000.0,953457.1217811818
0.0001609841158539433,0.00010440193658493373,-0.057064695104734435,319.3069184487367,0.0,0.02732554534770642,266.3369087252532,8.928460894386077e-17,0.0,3.3500416948391386e-06,88.78352289526848,1.5485274945563764e-15,1.686978059723861e-14,6.005753367676492e-10,0.0,0.0,2.3262150973800018,8.089077869108955e-12,0.0003265109822471205,1000000.0,953474.3522308295
0.00016108057758276734,0.00010439427781689764,-0.10165877043433781,319.2981210645586,0.0,0.027331558870628127,266.3955315439466,8.904206290140314e-17,0.0,3.3507790649841185e-06,88.80306483688048,1.5449263434197133e-15,1.6868824260495072e-14,6.005430143266654e-10,5.060690872664362e-18,1.212350410519547e-16,2.3267271153553026,8.089347351452304e-12,0.00032651198273691754,1000000.0,953658.716546535
0.00016117703931159137,0.0001043823400529455,-0.14575876231591456,319.30514356105516,0.0,0.027340936283219083,266.4869415671176,8.885999355710965e-17,0.0,3.3519288394881444e-06,88.83353640718457,1.5415199674070632e-15,1.687001107691861e-14,6.005845131015328e-10,0.0,0.0,2.3275255002875195,8.097129212544924e-12,0.00032651354248561883,1000000.0,954008.7108617745
0.0001612735010404154,0.00010436617810356581,-0.1892167984772553,319.32776561484945,0.0,0.027353639103769496,266.61076373508575,8.873792790663521e-17,0.0,3.3534863007715856e-06,88.87481257987498,1.5383105335356738e-15,1.687331319769269e-14,6.006988708643595e-10,0.0,4.1595972786584875e-16,2.328606976365211,8.112343136006344e-12,0.00032651565471963705,1000000.0,954522.3801252528
0.00016136996276923946,0.00010434586092959148,-0.23188742327072698,319.3657188751556,0.0,0.027369619242553506,266.76652934022457,8.86753608810391e-17,0.0,3.3554455533309905e-06,88.92673711106288,1.5352996541697535e-15,1.6878697002092874e-14,6.008849160568887e-10,0.0,0.0,2.3299674498457112,8.134903895173987e-12,0.0003265183109533278,1000000.0,955197.321236764
0.0001614664244980635,0.00010432147139284138,-0.27362792069989295,319.41868770130094,0.0,0.02738881908270403,266.95367681558264,8.867175504323011e-17,0.0,3.3577995336590015e-06,88.98912280216364,1.53248841177101e-15,1.6886123135254006e-14,6.011412699217219e-10,8.645110064988287e-18,1.5975753873692211e-15,2.331602015943073,8.164720393850235e-12,0.0003265215010101954,1000000.0,956030.6858051099
0.00016156288622688753,0.00010429310597648576,-0.31429863566969807,319.48630994892727,0.0,0.027411171562429306,267.17155253640846,8.8726538748931e-17,0.0,3.3605400203259126e-06,89.0617517670854,1.5298773826455823e-15,1.6895546550710793e-14,6.014663486629727e-10,0.0,0.0,2.333504965828687,8.201695068002483e-12,0.00032652521304606146,1000000.0,957019.1826336533
0.00016165934795571159,0.00010426087447441773,-0.35376329758142516,319.56817780498227,0.0,0.027436600260885225,267.41941165667265,8.883910261932015e-17,0.0,3.363657644501672e-06,89.14437571108422,1.5274666592889361e-15,1.6906916553274352e-14,6.018583656883347e-10,2.8559462908997164e-17,5.0862913525460366e-15,2.3356697939375146,8.245722642858077e-12,0.00032652943357443253,1000000.0,958159.0800453721
0.00016175580968453562,0.0001042248996488698,-0.3918893525923987,319.6638386999297,0.0,0.027465019490077888,267.6964190051928,8.900879468054367e-17,0.0,3.3671419012273726e-06,89.23671622948756,1.5252558715256631e-15,1.6920176831171534e-14,6.023153339901814e-10,2.388050233801721e-17,3.0423718603215967e-15,2.338089205794973,8.296688831883437e-12,0.00032653414749438825,1000000.0,959446.2082578074
0.00016185227141335965,0.00010418531685565495,-0.42854830151667506,319.7727962921502,0.0,0.027496334395592348,268.00165006699575,8.923491411453956e-17,0.0,3.3709811617589654e-06,89.33846513483189,1.5232442060647416e-15,1.693526550789522e-14,6.028350687237915e-10,0.0,0.0,2.3407551265882227,8.354469282935188e-12,0.0003265393381212761,1000000.0,960875.9619250132
0.00016194873314218368,0.00010414227363630518,-0.4636160477526003,319.89451153259625,0.0,0.027530441068933684,268.33409207839077,8.951670366561783e-17,0.0,3.375162687341596e-06,89.44928482190576,1.521430424310133e-15,1.695211517948679e-14,6.034151900479104e-10,5.190558890608274e-18,1.573533970181033e-15,2.3436587107306606,8.418927684614177e-12,0.00032654498722059917,1000000.0,962443.3030172923
0.00016204519487100774,0.00010409592927631371,-0.49697325293704264,320.02840383139375,0.0,0.02756722667469625,268.6926452666628,8.98533408126727e-17,0.0,3.3796726448025234e-06,89.56880868100214,1.5198128786282372e-15,1.6970652974703264e-14,6.040531262966236e-10,0.0,0.0,2.3467903526895633,8.489914468711394e-12,0.0003265510750454074,1000000.0,964142.7642636864
0.00016214165659983177,0.00010404645432861173,-0.5285057021280952,320.17385232246204,0.0,0.02760656959605111,269.07612426768446,9.024392764675103e-17,0.0,3.38449612438244e-06,89.69664157047993,1.5183895265819354e-15,1.6990800611783764e-14,6.047461175578882e-10,4.061145534093747e-17,6.263587326515111e-15,2.350139699367617,8.567264783123912e-12,0.00032655758037769084,1000000.0,965968.4533171982
0.0001622381183286558,0.00010399403010155345,-0.5581046744543691,320.3301972531708,0.0,0.02764833960185293,269.4832597552972,9.068747985561253e-17,0.0,3.389617160229586e-06,89.83236035991888,1.517157943584773e-15,1.701247448386586e-14,6.054912197334101e-10,0.0,0.0,2.353695664334179,8.650797172212942e-12,0.0003265644805739856,1000000.0,967914.0579025563
0.00016233458005747987,0.00010393884811086589,-0.5856673187597637,320.49674147399526,0.0,0.027692398039141242,269.9127003163685,9.11829145653695e-17,0.0,3.3950187539854333e-06,89.97551455517079,1.516115332873571e-15,1.7035585753334963e-14,6.062853091558015e-10,1.1221541476975291e-16,1.521693813176416e-14,2.357446444202102,8.740311523897199e-12,0.00032657175161562456,1000000.0,969972.8520519296
0.0001624310417863039,0.0001038811094949539,-0.6110970375335752,320.67275210022467,0.0,0.02773859805418867,270.363014607192,9.172903746050935e-17,0.0,3.4006829019068958e-06,90.12562701719624,1.5152585345871478e-15,1.706004045350064e-14,6.071250878420925e-10,0.0,0.0,2.3613795374621644,8.835587271977009e-12,0.00032657936816402153,1000000.0,972137.7038395643
0.00016252750351512793,0.00010382102439314571,-0.6343038718947371,320.85746225894684,0.0,0.027786784846527614,270.83269382638565,9.232452909044658e-17,0.0,3.4065906259736922e-06,90.28219478640645,1.5145840307193306e-15,1.708573962100989e-14,6.080070894609816e-10,3.0863580720677896e-16,3.5300345169253546e-14,2.3654817660813228,8.936381607110548e-12,0.0003265873036213626,1000000.0,974401.0845433273
0.00016259451762915382,0.00010377801587064887,-0.6490734301714908,320.99048440147584,0.0,0.027821345212896028,271.16955540233744,9.276652812896882e-17,0.0,3.41082774177171e-06,90.39448773726585,1.5142207174091992e-15,1.7104271271400045e-14,6.086427784051736e-10,7.977697209123312e-17,6.850649414577046e-15,2.368423951175189,9.009514139182835e-12,0.00032659298964131855,1000000.0,976027.3358153566
0.00016266153174317971,0.00010373405561786882,-0.6627042316260896,321.12704378190415,0.0,0.027856729628278478,271.51444892606185,9.323112143373978e-17,0.0,3.4151658850987888e-06,90.5094581413627,1.5139421280973126e-15,1.7123317400567844e-14,6.092958369873808e-10,0.0,0.0,2.3714362881614233,9.085085276195822e-12,0.00032659880654695584,1000000.0,977694.5678508471
0.00016272854585720563,0.00010368922073736044,-0.6751723641540163,321.26685737425635,0.0,0.027892879891505948,271.86680712482325,9.371773825581255e-17,0.0,3.4195979206794347e-06,90.62691689808689,1.5137467838074553e-15,1.714284083074081e-14,6.099649705169642e-10,9.521742023829055e-17,8.490870527444207e-15,2.3745138224191713,9.162992107641041e-12,0.0003266047444519426,1000000.0,979399.9369106293
0.00016279555997123152,0.00010364358988832007,-0.6864557576046387,321.40963588012806,0.0,0.027929736204856805,272.22604716472193,9.422576757490284e-17,0.0,3.4241165175063004e-06,90.74666971950766,1.5136331234507836e-15,1.7162803358748627e-14,6.106488509827671e-10,0.0,0.0,2.3776514634147334,9.243125228507036e-12,0.0003266107932333174,1000000.0,981140.517032038
0.00016286257408525741,0.00010359724315443855,-0.6965342494397413,321.555084146582,0.0,0.027967237248301014,272.59157137351264,9.475455561071732e-17,0.0,3.428714157932023e-06,90.86851737132531,1.5135995035632903e-15,1.7183165803060793e-14,6.113461187426625e-10,0.0,0.0,2.3808439910146553,9.325368578455354e-12,0.0003266169425461104,1000000.0,982913.3032299315
0.0001629295881992833,0.00010355026190512885,-0.7053896502657551,321.7029016108764,0.0,0.028005320261178954,272.9627680375325,9.530340338515626e-17,0.0,3.433383147693505e-06,90.99225593852763,1.5136441977535605e-15,1.7203888051372048e-14,6.120553843784272e-10,3.036929250915289e-17,2.1785240085580694e-15,2.384086062446271,9.409599212999963e-12,0.0003266231818389783,1000000.0,984715.2150919671
0.0001629966023133092,0.00010350272865841786,-0.7130058039825856,321.8527827514485,0.0,0.0280439211251419,273.3390122097506,9.587156448994707e-17,0.0,3.4381156260755108e-06,91.11767709475346,1.5137653960592187e-15,1.7224929109560443e-14,6.127752305724661e-10,5.249894261332375e-17,4.627108098236644e-15,2.387372219355255,9.495687161181415e-12,0.00032662950037004904,1000000.0,986543.1004819754
0.00016308829005601462,0.00010343695215000956,-0.7213932415564572,322.0606267315115,0.0,0.0280974540961074,273.8608002487028,9.667874668010712e-17,0.0,3.444678785844249e-06,91.29161536139621,1.5140516989484483e-15,1.7254157475222862e-14,6.137746259706329e-10,1.108197793047932e-18,5.308864802883607e-16,2.3919295719890967,9.61622969507753e-12,0.00032663825378390565,1000000.0,989080.1987128182
0.00016317997779872003,0.00010337051530111533,-0.7274053582384314,322.2709470270186,0.0,0.028151662889649823,274.38917562030724,9.751838980282762e-17,0.0,3.451324802469257e-06,91.46774951820362,1.5144725414237207e-15,1.7283794805174235e-14,6.147873549072915e-10,0.0,0.0,2.396544459092023,9.73961791197465e-12,0.0003266471066474546,1000000.0,991651.4445364705
0.00016327166554142548,0.00010330363699327739,-0.7310203989522036,322.48292596430133,0.0,0.028206372813866277,274.9224356397251,9.838811008504784e-17,0.0,3.458032259222341e-06,91.64551197445346,1.5150225031277529e-15,1.7313729230333237e-14,6.158095758711185e-10,8.950173482346025e-18,9.789944973171045e-16,2.4012020092322186,9.86545268841095e-12,0.00032665603006711637,1000000.0,994248.198541081
0.0001633633532841309,0.0001032365377141714,-0.732224608122887,322.6957368781352,0.0,0.02826140605247658,275.45884716855636,9.928532766008297e-17,0.0,3.4647793563240087e-06,91.8243249877157,1.5156958499417914e-15,1.7343846799337875e-14,6.168373862383185e-10,0.0,0.0,2.4058870849932017,9.993309285058553e-12,0.0003266649947790072,1000000.0,996861.6461630826
0.00016345504102683632,0.00010316943880518585,-0.7310124400577475,322.9085468473803,0.0,0.02831658222952426,275.99665211874276,1.0020726114505737e-16,0.0,3.4715439801726156e-06,92.00360249858116,1.5164865265750008e-15,1.737403183855856e-14,6.17866834843468e-10,0.0,0.0,2.4105843310454977,1.0122737786010817e-11,0.0003266739712464494,1000000.0,999482.8249672088
0.00016354672876954177,0.00010310256173248856,-0.727386727180299,323.1205194102676,0.0,0.028371718979106005,276.53407300566835,1.0115092445005818e-16,0.0,3.4783037731925296e-06,92.18275198178979,1.5173881485750077e-15,1.740416731659726e-14,6.188939346278569e-10,0.0,0.0,2.415278222648025,1.0253263731999785e-11,0.000326682929757032,1000000.0,1002102.652554364
0.00016363841651224719,0.00010303612733133328,-0.7213588266944319,323.33081742870417,0.0,0.02842663256203402,277.06931895851454,1.0211312548338605e-16,0.0,3.4850362094336974e-06,92.36117644978516,1.518393994674995e-15,1.7434135241786573e-14,6.199146762843018e-10,8.610940574908582e-18,1.278951204934699e-15,2.41995311814317,1.0384389175355564e-11,0.0003266918405251772,1000000.0,1004711.9571293507
0.0001637301042549526,0.00010297035500998384,-0.7129487474814781,323.53860615260686,0.0,0.028481138541439962,277.60059230528253,1.0309046700090587e-16,0.0,3.491718677399359e-06,92.53827664783454,1.519497000157098e-15,1.7463817102471993e-14,6.209250431587207e-10,0.0,0.0,2.424593316471087,1.0515594188098909e-11,0.00032670067380195095,1000000.0,1007301.5113385789
0.00016382179199765805,0.00010290546193779108,-0.7021852435654847,323.7430563993808,0.0,0.028535052497584347,278.1260955397257,1.0407935023178243e-16,0.0,3.4983285676776026e-06,92.71345337645874,1.5206897509493463e-15,1.7493094336071215e-14,6.219210269685781e-10,5.220099327143793e-18,1.1602460406150823e-15,2.429183118019621,1.0646338794743246e-11,0.0003267093999891744,1000000.0,1009862.0684256803
0.00016391347974036347,0.00010284166223848002,-0.6891058627898394,323.9433477741163,0.0,0.028588190764188247,278.64403849838163,1.0507598168845202e-16,0.0,3.5048433632156044e-06,92.88610988389888,1.521964479212425e-15,1.7521848815005083e-14,6.228986439472691e-10,0.0,0.0,2.433706887309291,1.0776065295472775e-11,0.0003267179897551728,1000000.0,1012384.3998468602
0.00016405544536255475,0.00010274552367099786,-0.6643962262614806,324.24338445249526,0.0,0.028668513218660988,279.42694888015245,1.0662507559649397e-16,0.0,3.5146909747648e-06,93.14709339547608,1.5240808784595625e-15,1.756506674463735e-14,6.243669287846003e-10,2.701596563177652e-24,4.269116817881378e-16,2.440544910458782,1.0973579740104754e-11,0.00032673095326823926,1000000.0,1016193.0902950686
0.00016419741098474603,0.00010265326674991246,-0.634461314354012,324.52859323436314,0.0,0.02874587565306051,280.1810090098139,1.081676073363289e-16,0.0,3.5241757017704132e-06,93.398459663115,1.526342396979862e-15,1.760632344233331e-14,6.257674061347298e-10,0.0,4.2185349560538024e-16,2.447130952414981,1.1165099810026392e-11,0.0003267434155421765,1000000.0,1019854.6499559373
0.00016433937660693734,0.00010256561521368753,-0.599563952201735,324.7961683920515,0.0,0.02881963413939203,280.89994261437346,1.0968719551841954e-16,0.0,3.533218599949785e-06,93.63811648851892,1.5287151830720565e-15,1.7645204706178454e-14,6.270862278763982e-10,0.0,3.4670683385348006e-16,2.4534101955371126,1.1348413212944341e-11,0.0003267552756184293,1000000.0,1023336.4905751196
0.00016448134222912862,0.00010248325206346533,-0.5600148812176118,325.0434519292977,0.0,0.028889172429366502,281.5777432025505,1.111668405431217e-16,0.0,3.541744118391407e-06,93.8640616052407,1.531163458370654e-15,1.7681314483968567e-14,6.283101940094064e-10,0.0,4.4151153974499427e-16,2.4593301784867854,1.1521310125185963e-11,0.000326766437576654,1000000.0,1026607.3499154488
0.0001646233078513199,0.00010240681291195929,-0.5161704463442266,325.2679627210188,0.0,0.02895390924989412,282.20874517271346,1.1258918031858083e-16,0.0,3.5496809939655194e-06,94.07440638254427,1.5336496668235769e-15,1.7714279811735742e-14,6.294269094990475e-10,0.0,4.705723416595204e-16,2.46484141729233,1.1681624602432251e-11,0.0003267768115892028,1000000.0,1029637.6810371297
0.0001647652734735112,0.00010233687971358402,-0.4684296418200909,325.4674243687866,0.0,0.029013305437281145,282.78769334885146,1.1393678274326338e-16,0.0,3.5569631259622124e-06,94.26739900525058,1.5361346919965347e-15,1.7743755655386963e-14,6.304249368193243e-10,3.269415389972457e-24,4.92076535350854e-16,2.4698980126834233,1.1827278712321268e-11,0.00032678631493054716,1000000.0,1032400.0354172935
0.0001649072390957025,0.0001022739749630241,-0.41723049610053226,325.63979132420786,0.0,0.029066870765946384,283.30980953927167,1.1519247079423759e-16,0.0,3.563530413280721e-06,94.44144666110783,1.5385781483250814e-15,1.7769429549904686e-14,6.312939410525105e-10,6.237264751549322e-23,5.752996951622427e-16,2.4744582314218864,1.1956328010974835e-11,0.0003267948729255416,1000000.0,1034869.4317315617
0.00016504920471789377,0.00010221855645205253,-0.36304576761913415,325.78327284068735,0.0,0.02911417032005543,283.77085464037054,1.1633967444775178e-16,0.0,3.569329535583745e-06,94.59513624311052,1.5409387505835626e-15,1.7791025916600973e-14,6.320248242551499e-10,1.0481892210030395e-22,5.14687102691947e-16,2.4784850487226766,1.206700637606092e-11,0.00032680241982085246,1000000.0,1037023.7017376359
0.00016519117034008505,0.00010217101268054709,-0.3063779942794272,325.896354219077,0.0,0.029154830249206544,284.16718473703014,1.1736279733206301e-16,0.0,3.574314658940028e-06,94.7272530505904,1.5431747612151524e-15,1.780830995756687e-14,6.326098456881345e-10,7.66531597735345e-23,4.519911029386731e-16,2.481946638240755,1.2157769169616127e-11,0.0003268088995602856,1000000.0,1038843.804070463
0.00016529486617511595,0.00010214144624496602,-0.26371926083923036,325.9590262570105,0.0,0.029180153676790544,284.41402605480175,1.1802343722647297e-16,0.0,3.57741948097643e-06,94.80953770955014,1.544705277957548e-15,1.7818097995650633e-14,6.329413104368027e-10,5.118138155715855e-24,5.28270495069042e-16,2.484102576749985,1.221072893749061e-11,0.0003268129314379411,1000000.0,1039952.9404741402
0.0001653985620101468,0.00010211634831686843,-0.22022823730056343,326.0044492649449,0.0,0.02920167259221412,284.62378553447417,1.186052331464146e-16,0.0,3.580057879848457e-06,94.87946112185533,1.5461310260042662e-15,1.782542399179896e-14,6.331896413984431e-10,2.0632168996672661e-25,5.270887212309117e-16,2.485934638512126,1.225196909739396e-11,0.00032681635519855737,1000000.0,1040870.4883784442
0.00016550225784517768,0.0001020957940792473,-0.1761206041509101,326.03234095144495,0.0,0.02921931117502997,284.7957241398628,1.1910373017822041e-16,0.0,3.58222055980345e-06,94.93677692947689,1.5474362730500398e-15,1.783024309123762e-14,6.333533604876512e-10,4.701453748079122e-24,5.27286462410885e-16,2.48743636870597,1.228117583622519e-11,0.00032681915986337075,1000000.0,1041592.6334900841
0.00016560595368020855,0.00010207983617870837,-0.1316146664799859,326.04251084154555,0.0,0.02923301479356492,284.9293093575038,1.1951508094978263e-16,0.0,3.583900822775003e-06,94.98130761882358,1.5486057329303813e-15,1.7832524550377675e-14,6.334314526658585e-10,0.0,5.3572743276517855e-16,2.4886031163018822,1.2298128999220621e-11,0.00032682133770344413,1000000.0,1042116.6597961016
0.0001657096495152394,0.00010206850452830799,-0.08692998257218894,326.0348612284876,0.0,0.029242750343024183,285.02421849236174,1.1983609877045243e-16,0.0,3.5850946098370566e-06,95.01294561936717,1.549624704349561e-15,1.783225193695554e-14,6.33423371863767e-10,4.867300988737516e-24,5.285681959042673e-16,2.4894320628468587,1.2302705165339941e-11,0.0003268228842772342,1000000.0,1042440.9679612404
0.00016581334535027028,0.00010206180627137658,-0.04228596792114844,326.00938736597124,0.0,0.02924850639209069,285.08034009697764,1.2006430144049663e-16,0.0,3.585800519180036e-06,95.03165378004988,1.5504792116073408e-15,1.7829423192342424e-14,6.33329042724107e-10,3.528285962964661e-23,5.263642655878418e-16,2.4899222349468646,1.2294879063713886e-11,0.0003268237984410362,1000000.0,1042565.083169174
0.00016591704118530115,0.00010205972587563569,0.0020994801714617193,325.9661770323008,0.0,0.02925029316247907,285.09777377245666,1.2019794407819856e-16,0.0,3.5860198036076233e-06,95.03746530294336,1.5511561418568506e-15,1.7824050574404186e-14,6.33148858724218e-10,2.9372709520672364e-23,5.361419881679104e-16,2.4900745025286373,1.2274723494356891e-11,0.0003268240823369847,1000000.0,1042489.6536694594
0.00016602073702033204,0.00010206222535371488,0.04601132592569371,325.9054094841288,0.0,0.02924814234431657,285.0768283692826,1.2023604071645556e-16,0.0,3.585756347906225e-06,95.03048314348946,1.5516433763109978e-15,1.7816160485468722e-14,6.328836767571325e-10,4.054697331988594e-24,5.204667337214088e-16,2.4898915631254046,1.2242408144716945e-11,0.00032682374135924896,1000000.0,1042216.4401864646
0.0001661244328553629,0.00010206924462162165,0.08923870817768909,325.8273537532223,0.0,0.029242106738279813,285.01801849954285,1.2017837449671173e-16,0.0,3.5850166249750066e-06,95.01087884784896,1.5519299141838786e-15,1.7805793178348736e-14,6.325348079862473e-10,4.137855671898266e-23,5.081931580252131e-16,2.4893779114142878,1.2198196621677956e-11,0.0003268227840967802,1000000.0,1041748.2957442049
0.00016622812869039377,0.00010208070199865224,0.13157621510545298,325.7323662760617,0.0,0.029232259723675276,284.9220593526475,1.20025495986082e-16,0.0,3.5838096306169135e-06,94.97889082471924,1.55200598738399e-15,1.779300234182462e-14,6.32104004971395e-10,4.498957519669803e-23,5.224567622571819e-16,2.488539793936234,1.2142442219763182e-11,0.0003268212222522543,1000000.0,1041089.1359075273
0.00016633182452542464,0.00010209649483965275,0.17282510207443416,325.6208879023544,0.0,0.029218694563750414,284.7898599245485,1.1977870968772318e-16,0.0,3.582146798374363e-06,94.93482208829167,1.5518631630993715e-15,1.7777854573369914e-14,6.315934453293885e-10,0.0,5.049078745822162e-16,2.4873851499592914,1.2075582479650263e-11,0.00032681907053885205,1000000.0,1040243.9000865743
0.0001664355203604555,0.0001021165002876316,0.21279443570642836,325.49344034324093,0.0,0.0292015235631766,284.6225148060809,1.1944004913030537e-16,0.0,3.5800418962412743e-06,94.87903752089146,1.5514944316694368e-15,1.7760428751835037e-14,6.310057122694821e-10,3.4343545507298095e-23,4.857829429578878e-16,2.485923539757103,1.1998132584181896e-11,0.00032681634655704566,1000000.0,1039218.5047573015
0.00016653921619548637,0.00010214057613833667,0.25130215445385606,325.35062210626495,0.0,0.029180877090525914,284.4212946554013,1.1901224134489888e-16,0.0,3.5775109068233957e-06,94.81196069696117,1.5508942779949274e-15,1.7740815318701904e-14,6.303437722944552e-10,4.239012359487094e-23,4.980005013670356e-16,2.484166061394161,1.1910677822675718e-11,0.00032681307065308035,1000000.0,1038019.7893536934
0.00016664291203051724,0.00010216856181026761,0.2881760396505915,325.1931039575199,0.0,0.02915690247778464,284.18763547190116,1.1849866180575544e-16,0.0,3.574571892423323e-06,94.73407030751481,1.5500587353544672e-15,1.7719115478616676e-14,6.296109503385837e-10,0.0,4.795471474187273e-16,2.4821252570430175,1.181386530494185e-11,0.00032680926576059794,1000000.0,1036655.4555564348
0.00016674660786554813,0.00010220027941165898,0.3232545905706099,325.02162396048953,0.0,0.029129762811238205,283.923126811305,1.1790328103393933e-16,0.0,3.5712448468075308e-06,94.6458962316361,1.5489854207489601e-15,1.7695440329285688e-14,6.288109026622129e-10,2.332976920033958e-23,4.63866443573252e-16,2.47981501005369,1.1708395102895302e-11,0.00032680495722717267,1000000.0,1035134.0008277006
0.000166850303700579,0.00010223553489341858,0.3563877966555134,324.83698215263416,0.0,0.02909963563067,283.62949910709784,1.172306042155454e-16,0.0,3.5675515357326107e-06,94.54801531007054,1.547673551146902e-15,1.7669909934521856e-14,6.27947587877706e-10,2.0019236288144585e-23,4.61662021195844e-16,2.4772504342176487,1.1595011026266008e-11,0.0003268001726279361,1000000.0,1033464.647180194
0.00016695399953560986,0.00010227411927621326,0.3874378019080856,324.64003492437365,0.0,0.029066711554697817,283.30861027199757,1.1648560534643704e-16,0.0,3.5635153284157775e-06,94.44104687882064,1.546123940456649e-15,1.7642652352897604e-14,6.27025236498278e-10,8.94172813626565e-24,4.482286137317599e-16,2.4744477567436425,1.1474491233963354e-11,0.00032679494156859294,1000000.0,1031657.2662137963
0.00016705769537064073,0.00010231580994035102,0.4162794592395152,324.4316891628288,0.0,0.02903119284967187,282.9624317493039,1.1567365750447062e-16,0.0,3.5591610220857977e-06,94.32564811935711,1.5443389775889123e-15,1.7613802635512833e-14,6.260483193899982e-10,3.7779750769327515e-24,4.379335547978218e-16,2.471424196428684,1.1347638871820867e-11,0.0003267892954800504,1000000.0,1029722.3014283838
0.0001671613912056716,0.00010236037196743106,0.4428007745607457,324.2128962206808,0.0,0.028993291959080746,282.5930341792991,1.1480046085098117e-16,0.0,3.5545146616919604e-06,94.20250928050734,1.5423225864252704e-15,1.758350180491892e-14,6.250215154946778e-10,8.748624899828904e-24,4.220222113936009e-16,2.4681978384668577,1.1215272914999244e-11,0.0003267832674068068,1000000.0,1027670.6887898593
0.00016726508704070246,0.00010240755952256192,0.4669032415714768,323.9846457702492,0.0,0.028953230010177466,282.20257284358973,1.138719699041489e-16,0.0,3.5496033568199446e-06,94.07234882632046,1.540080168848398e-15,1.7551895827574946e-14,6.239496791844097e-10,3.297126186752033e-24,4.176174102137641e-16,2.4647875073186465,1.1078219374977808e-11,0.00032677689179123393,1000000.0,1025513.7765048033
0.00016736878287573336,0.00010245711726580178,0.488502069450277,323.7479596023549,0.0,0.028911235314117115,281.7932730461843,1.1289432153793125e-16,0.0,3.54445509781194e-06,93.93590856284337,1.537618532277234e-15,1.7519134591305704e-14,6.228378075976974e-10,0.0,4.021189576179681e-16,2.46121263902769,1.0937303010894623e-11,0.00032677020425586053,1000000.0,1023263.2449261401
0.00016747247871076422,0.00010250878178170655,0.5075263062160055,323.50388542637063,0.0,0.028867541875018,281.36741558152335,1.118737650364945e-16,0.0,3.539098572980465e-06,93.79394879388215,1.5349458034176555e-15,1.748537089860075e-14,6.216910082863387e-10,7.620380313052191e-25,3.894073973401668e-16,2.4574931542970058,1.0793339659999833e-11,0.00032676324138566405,1000000.0,1020931.0274512629
0.0001675761745457951,0.00010256228301643288,0.5239188632208021,323.25349072498204,0.0,0.02882238792208707,280.92732242729386,1.1081659540113182e-16,0.0,3.53356298864958e-06,93.64724355169592,1.5320713301570873e-15,1.7450759485555196e-14,6.205144674731986e-10,1.7962409138531663e-26,3.789832325760119e-16,2.453649333528499,1.0647129283611255e-11,0.0003267560405122498,1000000.0,1018529.2331977576
0.00016767987038082596,0.00010261734571248286,0.5376364463556148,322.9978567117785,0.0,0.0287760144775356,280.4753427860681,1.0972909091884755e-16,0.0,3.527877893583681e-06,93.49657594397084,1.5290055736785958e-15,1.7415456074970605e-14,6.193134191891192e-10,0.0,3.7219414296407847e-16,2.449701694909139,1.0499449792077713e-11,0.0003267486395016163,1000000.0,1016070.0721509634
0.00016778356621585682,0.00010267369083180974,0.5486494009132815,322.73807243442116,0.0,0.028728663971550696,280.0138395855729,1.0861745576383997e-16,0.0,3.5220730091850445e-06,93.34273365367919,1.5257599929346373e-15,1.7379616471146883e-14,6.180931155246936e-10,1.3533197801859308e-24,3.553729861721794e-16,2.445670876502861,1.0351051679152534e-11,0.0003267410765470008,1000000.0,1013565.7833845107
0.0001678872620508877,0.00010273103695861174,0.556941475761358,322.4752290634251,0.0,0.02868057891412486,279.5451765331319,1.074877683220609e-16,0.0,3.5161780666618823e-06,93.18650462367225,1.5223469236218866e-15,1.7343395702245208e-14,6.168587982001744e-10,0.0,3.511831942073343e-16,2.4415775231826893,1.0202653527651185e-11,0.0003267333899682357,1000000.0,1011028.5668703241
0.00016799095788591856,0.00010278910167388255,0.5625095157200166,322.21041439926256,0.0,0.028632000631970814,279.0717058044751,1.0634593557485228e-16,0.0,3.510222652175589e-06,93.0286729527395,1.5187794537594964e-15,1.730694721580619e-14,6.15615671622282e-10,0.0,3.134394568819045e-16,2.4374421791034644,1.0054938297218362e-11,0.00032672561801873036,1000000.0,1008470.5192919063
0.00016809465372094945,0.00010284760289463423,0.5653630896663198,321.944707626896,0.0,0.028583168077112364,278.5957564311521,1.051976538346632e-16,0.0,3.5042360607751865e-06,92.87001502454794,1.5150712978797674e-15,1.7270422130692926e-14,6.14368877560893e-10,0.0,3.686329398407406e-16,2.4332851862762808,9.908550488070608e-12,0.0003267177987010989,1000000.0,1005903.5741830649
0.00016819834955598032,0.00010290626017155706,0.5655240621699501,321.67917434089907,0.0,0.028534316712149167,278.11962343527694,1.0404837589619981e-16,0.0,3.4982471597318635e-06,92.71129588570466,1.5112366717066314e-15,1.7233968548036168e-14,6.131234715441195e-10,0.0,1.8284453930569265e-16,2.4291265896701777,9.764094051331221e-12,0.00032670996959223355,1000000.0,1003339.446618498
0.00016830204539101118,0.0001029647959396898,0.563026116600551,321.4148618585183,0.0,0.028485677475704917,277.6455577457824,1.0290328451815658e-16,0.0,3.4922842617034807e-06,92.55326588433572,1.5072901690297345e-15,1.7197730923043097e-14,6.118844010381329e-10,1.0815416817654767e-39,6.744318495873923e-16,2.4249860491396196,9.622131031386115e-12,0.000326702167678426,1000000.0,1000789.5825930492
0.00016840574122604205,0.00010302293671746526,0.5579142374895857,321.1527948343925,0.0,0.02843747583015484,277.17575691669896,1.0176727199745908e-16,0.0,3.486375007987166e-06,92.3966575760206,1.5032466422871793e-15,1.716184949785368e-14,6.106564854480617e-10,-5.398558088115557e-40,0.0,2.420882758356962,9.483180887115308e-12,0.0003266944292009711,1000000.0,998265.1131493474
0.00016850943706107292,0.00010308041425028952,0.5502441596885412,320.893971183275,0.0,0.0283899308924459,276.71235665516826,1.0064492551533947e-16,0.0,3.480546261956814e-06,92.24218289965185,1.4991210881597883e-15,1.7126459794761154e-14,6.094443979482855e-10,-7.600082842707645e-40,2.6736389669060848e-15,2.4168353708171986,9.347720410716669e-12,0.000326686789512534,1000000.0,995776.8132303649
0.00016861313289610378,0.00010313696659557108,0.5400817911624717,320.63935832070604,0.0,0.028343254647554033,276.25742315528754,9.954051785569972e-17,0.0,3.474824012636736e-06,92.09053062191875,1.494928539264791e-15,1.7091692168916035e-14,6.082526491252234e-10,-6.72583960245573e-41,0.0,2.4128619328809617,9.216184180601803e-12,0.00032667928294441233,1000000.0,993335.0651917225
0.00016871682873113465,0.00010319233914684645,0.5275026165894227,320.38988970794196,0.0,0.028297651243235755,275.81294622346456,9.845800301116317e-17,0.0,3.469233288230534e-06,91.94236404564151,1.490683962821363e-15,1.705767141840045e-14,6.070855723932534e-10,-1.0303356118404458e-39,1.3010117034173834e-14,2.408979823730582,9.088965466026443e-12,0.00032667194268467896,1000000.0,990949.8267883576
0.00016882052456616554,0.00010324628559526211,0.5125910863983331,320.1464617311365,0.0,0.028253316363442724,275.38083317244053,9.74010161628286e-17,0.0,3.46379807931977e-06,91.79831897434117,1.4864021669505188e-15,1.7024516448884102e-14,6.059473111261528e-10,-5.363598320273472e-40,0.0,2.405205702039963,8.966417532557387e-12,0.0003266648006670838,1000000.0,988630.6035502468
0.0001689242204011964,0.00010329856882737137,0.49544000042380204,319.90993083059595,0.0,0.028210436677854677,274.96290345287184,9.637287745762072e-17,0.0,3.4585412713367315e-06,91.65900192267505,1.4820977150658776e-15,1.6992339989559e-14,6.048418074289524e-10,4.07935299760692e-40,6.854552149710622e-14,2.4015554590859396,8.848855215685261e-12,0.0003266578874704546,1000000.0,986386.4250717334
0.00016902791623622728,0.00010334896175860055,0.47614988420678245,319.68111101152954,0.0,0.02816918936255185,274.56088398643425,9.537659905725642e-17,0.0,3.453484585865903e-06,91.52498856072502,1.4777848486244824e-15,1.696124835799541e-14,6.037727924648178e-10,1.9770073655068817e-24,6.281674495806817e-15,2.3980441779876305,8.736556793532315e-12,0.0003266512322283047,1000000.0,984225.8253929445
0.00016913161207125814,0.00010339724810226326,0.45482836970276325,319.460771582282,0.0,0.028129741689647568,274.1764051592819,9.441489497022348e-17,0.0,3.4486485302482276e-06,91.3968223784154,1.4734774183561893e-15,1.6931341269573523e-14,6.027437782408587e-10,8.630303915560326e-25,4.346884931367371e-15,2.3946860987122003,8.629766061711518e-12,0.0003266448625482716,1000000.0,982156.8267427253
0.000169235307906289,0.00010344322307453387,0.43158958116204166,319.24963515772566,0.0,0.028092250678669887,273.8109974302933,9.349019302610008e-17,0.0,3.4440523549178935e-06,91.27501355487021,1.4691888239119582e-15,1.6902711686074295e-14,6.017580507481241e-10,0.0,0.0,2.3914945884515584,8.528694365828226e-12,0.00032663880444088616,1000000.0,980186.9264983487
0.00016933900374131988,0.00010348669403611514,0.4065535283126737,319.0483759331962,0.0,0.028056862807151674,273.46608850650284,9.2604648498289e-17,0.0,3.4397140178739942e-06,91.16003801684218,1.4649319617499132e-15,1.6875445702070194e-14,6.008186643470698e-10,6.5943645313154965e-25,5.525197454222173e-15,2.388482116951898,8.433522862906158e-12,0.000326633082257186,1000000.0,978323.0871118152
0.00016944269957635074,0.00010352748107149328,0.37984550897180497,318.85761822386416,0.0,0.028023713774034113,273.14300103801475,9.176015898460425e-17,0.0,3.4356501556874834e-06,91.05233667031118,1.460719180975582e-15,1.6849622464283036e-14,5.999284372900987e-10,1.9531697583375657e-24,8.070018276678254e-15,2.3856602363809367,8.344404759425725e-12,0.00032662771863468915,1000000.0,976571.7287240631
0.00016954639541138164,0.00010356541750687632,0.35159552417978196,318.67793523375803,0.0,0.02799292831157712,272.84295078476015,9.095838012693928e-17,0.0,3.431876060443022e-06,90.95231478937207,1.456562246768001e-15,1.6825314119121105e-14,5.990899482736161e-10,2.8937604842396466e-24,0.0,2.3830395653161887,8.26146748903223e-12,0.00032662273445121224,1000000.0,974938.7240995934
0.0001696500912464125,0.00010360035036824583,0.3219377091378034,318.5098480048423,0.0,0.027964620040820325,272.56704520694996,9.020074174083986e-17,0.0,3.4284056620083044e-06,90.86034154636137,1.4524723109504901e-15,1.6802585785038253e-14,5.983055339116443e-10,4.0523140079538655e-24,1.575097248030117e-15,2.3806297764337545,8.184814834294656e-12,0.0003266181487859769,1000000.0,973429.3954769124
0.00016975378708144337,0.00010363214078109452,0.29100977780039516,318.3538245834604,0.0,0.0279388913655772,272.31628243246695,8.948846400287073e-17,0.0,3.42525151504557e-06,90.77674966763716,1.448459889207696e-15,1.6781495547263242e-14,5.97577287026642e-10,6.961485633125072e-24,1.3902989756784727e-14,2.3784395874894866,8.114528976642667e-12,0.00032661397888747874,1000000.0,972048.5132110202
0.00016985748291647423,0.0001036606643133595,0.2589524816364317,318.21027939013914,0.0,0.02791583340067268,272.0915505577579,8.882257341759391e-17,0.0,3.422424790218921e-06,90.70183520053104,1.4445348444156287e-15,1.676209447007784e-14,5.969070556609062e-10,7.049772458019238e-24,0.0,2.3764767552129418,8.050672406199902e-12,0.0003266102401476246,1000000.0,970800.2959442424
0.0001699611787515051,0.00010368581126313349,0.2259090859355237,318.07957272496213,0.0,0.02789552593042891,271.8936272412662,8.82039183163888e-17,0.0,3.4199352690794233e-06,90.63585737781877,1.4407063755307048e-15,1.6744426624378085e-14,5.962964427178375e-10,3.5177864549024446e-24,5.759981426609191e-14,2.374748071756187,7.993289697957171e-12,0.00032660694608166197,1000000.0,969688.4118928685
0.00017006487458653597,0.00010370748689264712,0.1920248576241656,317.9620104850517,0.0,0.027878037392747544,271.7231795523734,8.763318364492675e-17,0.0,3.417791342166817e-06,90.5790385673649,1.436983011488445e-15,1.672852912552804e-14,5.957468061515419e-10,0.0,0.0,2.3732593633748635,7.942409066801384e-12,0.00032660410831346934,1000000.0,968715.981303836
0.00017016857042156686,0.0001037256116101086,0.15744657146086324,317.85784397032194,0.0,0.02786342488695642,271.58076404144225,8.711090491736717e-17,0.0,3.416000009889259e-06,90.53156429547153,1.4333726095395602e-15,1.6714432186851196e-14,5.952592596289758e-10,0.0,0.0,2.37201549103929,7.898043949282059e-12,0.00032660173656580513,1000000.0,967885.5795353776
0.00017027226625659773,0.00010374012110097557,0.1223220291532659,317.7672698350676,0.0,0.027851734199924674,271.4668270000819,8.663748114776795e-17,0.0,3.4145668857962753e-06,90.49358333363799,1.4298823574869564e-15,1.6702159174022438e-14,5.9483467359738e-10,0.0,0.0,2.371020352708238,7.86019412696542e-12,0.0003265998386551367,1000000.0,967199.2407948163
0.0001703759620916286,0.00010375096640998768,0.08679958928791211,317.69043019193003,0.0,0.027842999849940712,271.38170488617095,8.621318661828519e-17,0.0,3.413496201925429e-06,90.46520784024236,1.4265187792962503e-15,1.6691726667592588e-14,5.944736767016913e-10,0.0,0.0,2.3702768870408617,7.82884684416398e-12,0.000326598420490742,1000000.0,966658.4624357243
0.00017047965792665946,0.00010375811397508671,0.05102770880566791,317.6274128317926,0.0,0.02783724514507893,271.32562489323726,8.583818142827476e-17,0.0,3.412790815964606e-06,90.44651355034443,1.4232877435702972e-15,1.668314453199438e-14,5.941766575078107e-10,0.0,0.0,2.3697870783697743,7.80397771753823e-12,0.0003265974860778398,1000000.0,966264.209609921
0.00017058335376169033,0.00010376154561431376,0.015154495278342967,317.57825154570014,0.0,0.027834482254723902,271.2987056475493,8.551252077653659e-17,0.0,3.412452220020177e-06,90.43754000806155,1.4201944744086147e-15,1.667641598608441e-14,5.939437664960189e-10,0.0,0.0,2.369551962789516,7.78555141446546e-12,0.0003265970375245464,1000000.0,966016.9201597145
0.0001706870495967212,0.00010376125846675214,-0.020672731408007242,317.5429265423711,0.0,0.02783471229287928,271.3009580198703,8.52361629180627e-17,0.0,3.41248055082685e-06,90.43829083716703,1.4172435642067e-15,1.6671537675470598e-14,5.937749182969234e-10,1.598451776168399e-24,1.4373433151634319e-16,2.3695716352464777,7.773522155906015e-12,0.0003265970750524882,1000000.0,965916.5096782455
0.00017079074543175206,0.00010375726488839293,-0.05630787092367635,317.52136498215066,0.0,0.027837925412353054,271.3322860436944,8.500897575772823e-17,0.0,3.412874601297603e-06,90.4487340471848,1.4144389879814775e-15,1.6668499748511748e-14,5.936697941530335e-10,5.609964355431983e-24,3.3876082008379133e-16,2.3698452575589033,7.767834046565517e-12,0.00032659759701096245,1000000.0,965962.3767733282
0.00017089444126678295,0.00010374959230356966,-0.0916064684318363,317.51344161195107,0.0,0.027844100909568865,271.39248793689563,8.483074207723457e-17,0.0,3.4136318333743813e-06,90.46880237395625,1.4117841188364681e-15,1.6667285934173877e-14,5.936278446002014e-10,0.0,3.3212105669723317e-16,2.3703710673400855,7.76842122301432e-12,0.0003265985998945981,1000000.0,966153.408483163
0.00017099813710181382,0.00010373828301246546,-0.12642613578283854,317.51897949492957,0.0,0.027853207340137465,271.4812572280425,8.470116338619945e-17,0.0,3.414748392195095e-06,90.49839365509794,1.4092817442250844e-15,1.6667873618912594e-14,5.936482923727231e-10,2.895344456111646e-23,3.757340236660424e-16,2.371146387835709,7.775207768806556e-12,0.00032660007836451396,1000000.0,966487.9858420155
0.0001711018329368447,0.00010372339395512008,-0.1606269690800244,317.53775083880834,0.0,0.027865202645672174,271.5981839923511,8.461986246588855e-17,0.0,3.4162191216395855e-06,90.53737124200693,1.4069340826807008e-15,1.6670233929831187e-14,5.937301355437245e-10,0.0,0.0,2.3721676387187873,7.78810759277711e-12,0.00032660202527302494,1000000.0,966963.9896441441
0.00017120552877187555,0.00010370499643226963,-0.19407196386310224,317.569477926164,0.0,0.02788003429274174,271.7427562059838,8.458638454994184e-17,0.0,3.4180375813642085e-06,90.5855644513169,1.4047428007256238e-15,1.6674331823729406e-14,5.938721509206964e-10,3.0182295097223727e-22,1.805790707367794e-15,2.3734303479182532,7.807024032808356e-12,0.00032660443169197837,1000000.0,967578.8064713954
0.00017130922460690642,0.00010368317578321301,-0.22662742920931228,317.61383415422137,0.0,0.027897639425237333,271.9143612313752,8.460019730124318e-17,0.0,3.4201960654847746e-06,90.6427690600322,1.4027090297116858e-15,1.668012617307965e-14,5.940728977246018e-10,0.0,0.0,2.374929164591975,7.831849355675047e-12,0.0003266072869448467,1000000.0,968329.3350823822
0.0001714129204419373,0.00010365803102081308,-0.2581634005338738,317.6704451709543,0.0,0.02791794503191112,272.1122874496791,8.466068951240425e-17,0.0,3.4226856231094306e-06,90.70874784970471,1.4008333823627468e-15,1.6687569858228576e-14,5.94330721588219e-10,2.929359009383221e-21,1.4902071594769392e-14,2.3766578733846755,7.862464136464042e-12,0.00032661057864273965,1000000.0,969211.993214775
0.00017151661627696815,0.00010362967442364739,-0.28855405319153044,317.73889014271043,0.0,0.02794086813084786,272.3357260597498,8.476716864358033e-17,0.0,3.4254960809672064e-06,90.7832312061251,1.3991159688166e-15,1.6696609879481534e-14,5.946437589163801e-10,1.0305028515751453e-25,1.9008910013362432e-16,2.378609410140527,7.898736507840091e-12,0.00032661429272453745,1000000.0,970222.7250179717
0.00017162031211199905,0.0001035982310853266,-0.3176781150014946,317.81870312482283,0.0,0.027966315973511967,272.58377306545924,8.491885730942704e-17,0.0,3.428616068404704e-06,90.86591778179572,1.3975564119820596e-15,1.670718746571113e-14,5.95009941655635e-10,0.0,1.8872176413417096e-16,2.3807758792604425,7.940521355611997e-12,0.0003266184135013706,1000000.0,971357.009150593
0.0001717240079470299,0.00010356383842102568,-0.34541927865038347,317.90937455520964,0.0,0.027994186270262175,272.85543147515017,8.511488875803339e-17,0.0,3.432033045051036e-06,90.95647522911942,1.396153862075022e-15,1.6719238193572354e-14,5.954270025252111e-10,5.911339622564753e-24,2.1269141543416947e-16,2.3831485729124826,7.987659329001412e-12,0.00032662292370567276,1000000.0,972609.8677380852
0.00017182770378206078,0.00010352664563126733,-0.3716666139419786,318.01035288382974,0.0,0.02802436744050662,273.1496137390633,8.53543014285897e-17,0.0,3.4357333314763348e-06,91.05454101291681,1.3949070102104574e-15,1.6732692127480578e-14,5.958924807651295e-10,0.0,1.6224741781844663e-16,2.385717992320522,8.03997589133829e-12,0.00032662780454506085,1000000.0,973975.87637541
0.00017193139961709165,0.00010348681312302454,-0.39631497879083877,318.1210463407326,0.0,0.028056738889989465,273.4651444520973,8.563603272503607e-17,0.0,3.439702143187763e-06,91.15972331139257,1.393814100947215e-15,1.674747397166297e-14,5.96403728460274e-10,3.877817979480079e-22,1.7479383918205281e-15,2.388473871370463,8.097280302930174e-12,0.00032663303576130424,1000000.0,975449.1753378932
0.0001720350954521225,0.00010344451188830051,-0.41926542800647404,318.2408248480446,0.0,0.02809117131818496,273.8007633500029,8.595891214699896e-17,0.0,3.4439236283163727e-06,91.27160201491797,1.3928729437130848e-15,1.6763503237467406e-14,5.969579175004932e-10,0.0,9.719562837921023e-17,2.391405202779326,8.15936458055347e-12,0.0003266385956946449,1000000.0,977023.4821774021
0.00017213879128715338,0.00010339992284051499,-0.4404256178469029,318.3690220776007,0.0,0.02812752705868416,274.15512862690167,8.632165391291586e-17,0.0,3.4483809093454696e-06,91.38972983192713,1.3920809230687454e-15,1.678069443211465e-14,5.975520472360426e-10,0.0,0.0,2.3945002670707933,8.226002476869131e-12,0.0003266444613537074,1000000.0,978692.1058718739
0.00017224248712218425,0.00010335323610921344,-0.45971020491773484,318.50493766346284,0.0,0.028165660455312252,274.526820601325,8.672284923041794e-17,0.0,3.4530561292227184e-06,91.51363351099288,1.3914350077948935e-15,1.6798957269458307e-14,5.981829528857757e-10,3.458335518244983e-22,1.341723793832436e-15,2.397746664594809,8.29694850690487e-12,0.00032665060849121856,1000000.0,980447.9627193284
0.00017234618295721514,0.00010330465029377389,-0.47704123797867903,318.6478395801951,0.0,0.028205418276719053,274.9143457571195,8.716095839938412e-17,0.0,3.457930502187575e-06,91.64281518786407,1.3909317588138719e-15,1.6818196904259676e-14,5.988473147532047e-10,0.0,0.0,2.4011313508212693,8.371937047869643e-12,0.00032665701168573723,1000000.0,982283.5941712694
0.000172449878792246,0.00010325437167701447,-0.4923485391989509,318.7969666842314,0.0,0.028246640171957035,275.31614118373074,8.763430295551503e-17,0.0,3.4629843696221386e-06,91.77675386563625,1.3905673359882644e-15,1.6838314192298497e-14,5.995416683011715e-10,0.0,0.0,2.4046406751219296,8.450681546324348e-12,0.0003266636444295595,1000000.0,984191.1867527113
0.00017255357462727687,0.00010320261339991095,-0.5055700721740858,318.9515314219496,0.0,0.028289159169227435,275.7305794374768,8.814105807489149e-17,0.0,3.468197261197222e-06,91.9149070352592,1.3903375038736144e-15,1.685920597849861e-14,6.002624151291694e-10,4.557007883218032e-22,1.646648379489533e-15,2.408260423229301,8.53287386578293e-12,0.00032667047922291156,1000000.0,986162.5942250063
0.00017265727046230774,0.00010314959459894401,-0.5166522941202041,319.1107227100534,0.0,0.028332802219693653,276.1559738419966,8.867924547474507e-17,0.0,3.473547961542578e-06,92.05671244244373,1.390237636539288e-15,1.6880765414507765e-14,6.01005834889537e-10,0.0,0.0,2.411975863531333,8.618183812828407e-12,0.00032667748767449144,1000000.0,988189.3621405766
0.0001727609662973386,0.00010309553950794198,-0.5255504880063612,319.2737089826035,0.0,0.028377390787803537,276.5905842418348,8.92467270631238e-17,0.0,3.479014582616662e-06,92.20159000562153,1.390262721608499e-15,1.6902882306919958e-14,6.017680981692076e-10,0.0,0.0,2.4157717973238273,8.706258873387093e-12,0.00032668464060835395,1000000.0,990262.7548863135
0.00017286466213236947,0.00010304067652666912,-0.532229071065713,319.43964140368706,0.0,0.02842274148898991,277.0326232180761,8.984119960301184e-17,0.0,3.4845746418881033e-06,92.34894388792975,1.3904073637065645e-15,1.6925443497053605e-14,6.025452803523975e-10,8.49172682156796e-22,2.682231758793988e-15,2.4196326130984653,8.796724193254404e-12,0.0003266919081770627,1000000.0,992373.7853053968
0.00017296835796740034,0.00010298523725877088,-0.5366618767271483,319.6076572485689,0.0,0.028468666775139824,277.4802627695389,9.046019067039942e-17,0.0,3.490205146373309e-06,92.49816472438958,1.3906657875481727e-15,1.6948333273036507e-14,6.033333764675802e-10,0.0,0.0,2.423542344897077,8.889182842476638e-12,0.00032669925998095664,1000000.0,994513.2469755486
0.00017307205380243123,0.00010292945552211102,-0.5388324045427793,319.77688343697486,0.0,0.028514975667560408,277.93164145661507,9.11010561912976e-17,0.0,3.495882682493169e-06,92.64863200330842,1.3910318409365028e-15,1.6971433814221556e-14,6.041283170079126e-10,0.0,0.0,2.4274847347066775,8.983216389748726e-12,0.00032670666519329326,1000000.0,996671.7491328584
0.0001731757496374621,0.00010287356633502082,-0.5387340338042763,319.9464402082175,0.0,0.028561474536310933,278.38487199739893,9.176097983379737e-17,0.0,3.501583511618559e-06,92.79971659845269,1.3914989979865461e-15,1.6994625667407636e-14,6.049259846979575e-10,2.049959483974729e-21,5.441571113030336e-15,2.43144329880489,9.078385811132263e-12,0.000326714092690928,1000000.0,998839.7542152435
0.00017327944547249297,0.00010281780488235546,-0.536370198884215,320.1154449430637,0.0,0.02860796792415029,278.8380492987195,9.24369745307853e-17,0.0,3.5072836710866265e-06,92.9507834461959,1.3920603629254016e-15,1.7017788254076712e-14,6.057222321641677e-10,0.0,0.0,2.435401397903856,9.174232770740566e-12,0.00032672151119010503,1000000.0,1001007.6180140474
0.00017338314130752383,0.00010276240546567954,-0.5317545196374006,320.2830160998615,0.0,0.028654259412572523,279.2892588968026,9.312588640118752e-17,0.0,3.512959080369233e-06,93.10119435921698,1.3927086748591354e-15,1.704080040713541e-14,6.065129004494584e-10,0.0,0.0,2.4393423108718424,9.270281284053505e-12,0.00032672888938683613,1000000.0,1003165.6322669866
0.0001734868371425547,0.00010270760044245032,-0.5249108818501865,320.44827724005313,0.0,0.028700152526264313,279.7365857730514,9.382440129470369e-17,0.0,3.518585651959176e-06,93.2503109652445,1.3934363139237069e-15,1.7063540934670574e-14,6.072938382922477e-10,6.022024549988333e-21,1.3152309066270895e-14,2.4432493117312335,9.366039761551812e-12,0.0003267361961012227,1000000.0,1005304.0695053308
0.00017359053297758556,0.00010265361915933942,-0.5158734695314526,320.6103611647323,0.0,0.028745451671728397,280.178123503121,9.452905417380282e-17,0.0,3.5241394064498146e-06,93.39749775690463,1.3942353092712042e-15,1.7085889208306947e-14,6.080609220746173e-10,1.3001021029075007e-22,2.174416430844017e-16,2.4471057495675748,9.461003477342633e-12,0.00032674340042499595,1000000.0,1007413.2300778624
0.00017369422881261646,0.0001026006868852154,-0.5046867393115185,320.7684140944196,0.0,0.028789963105110505,280.6119836890572,9.523624147797706e-17,0.0,3.5295965911744245e-06,93.54212523592861,1.3950973493328254e-15,1.7107725773504653e-14,6.088100763263108e-10,0.0,0.0,2.450895130910772,9.554657409027918e-12,0.00032675047187147614,1000000.0,1009483.490949198
0.00017385495321654216,0.00010252122980109638,-0.4832313110996635,321.0034755176394,0.0,0.028856952181380287,281.26493806027224,9.632861497398028e-17,0.0,3.5378095886693583e-06,93.75978785554828,1.3965377624120341e-15,1.7140285988066607e-14,6.099264632568769e-10,1.759203376399922e-21,2.3559263487101823e-15,2.456598104339239,9.696006872499031e-12,0.00032676110002113917,1000000.0,1012593.2897570923
0.00017401567762046787,0.00010244560890805073,-0.4569972811835877,321.22384604429806,0.0,0.028920900047737556,281.88825057164667,9.740375443328549e-17,0.0,3.545649744612142e-06,93.96756934845709,1.3980751725134952e-15,1.7170909228251818e-14,6.109757147794745e-10,2.6800643812845824e-21,3.4106492542919848e-15,2.462042182587778,9.83099931284924e-12,0.00032677122954075143,1000000.0,1015552.427817123
0.00017417640202439357,0.00010237456832974369,-0.42629140622841727,321.4266847543705,0.0,0.028981146710242694,282.47548832537393,9.84469175117536e-17,0.0,3.5530361446601706e-06,94.16332530540983,1.3996743531860774e-15,1.7199189677038126e-14,6.119440801242466e-10,3.584447586436336e-21,4.58409409360181e-15,2.467171180037731,9.957695759348167e-12,0.0003267807582080266,1000000.0,1018327.956985409
0.00017433712642831928,0.00010230879857784685,-0.39147337897835377,321.609350603807,0.0,0.029037072472686973,283.0206111933644,9.944320802981378e-17,0.0,3.5598928148111408e-06,94.3450422471152,1.4012987194826058e-15,1.722474715061185e-14,6.128187079888211e-10,5.78102025243406e-21,8.272772239773395e-15,2.4719323415632313,1.007421296513287e-11,0.00032678959064506147,1000000.0,1020888.8946366468
0.00017449785083224498,0.00010224892835573183,-0.3529518815078082,321.76943710067883,0.0,0.029088106666622617,283.5180569080742,1.003778580500249e-16,0.0,3.566149791693451e-06,94.51086598930007,1.4029106434691788e-15,1.7247232691364108e-14,6.13587827566363e-10,7.350099975038144e-22,1.2709541343247494e-15,2.4762770857236225,1.0178765025235032e-11,0.00032679763957401585,1000000.0,1023206.6803325352
0.0001746585752361707,0.00010219551705871685,-0.3111798526008538,321.90480436536825,0.0,0.029133735905301585,283.9628215126689,1.0123653228646501e-16,0.0,3.571744134485018e-06,94.6591284608061,1.4044718353128705e-15,1.7266333852940745e-14,6.142409185695369e-10,0.0,0.0,2.480161707423776,1.0269705663128124e-11,0.00032680482698117477,1000000.0,1025255.6097589011
0.00017477536814684228,0.00010216103563774244,-0.2790654017417723,321.98659971364725,0.0,0.029163243870203432,284.2504482014217,1.0180505336324291e-16,0.0,3.5753619635022485e-06,94.75500894070564,1.4055525078691454e-15,1.7277934531372354e-14,6.146374515482595e-10,1.696538395116893e-21,1.971240644455263e-15,2.4826738697333774,1.032640632865583e-11,0.0003268094703222582,1000000.0,1026562.8940693822
0.00017489216105751385,0.00010213038035910161,-0.2456932368737159,322.05375928088904,0.0,0.029189510837146052,284.50648540989727,1.0232139212343206e-16,0.0,3.57858245338784e-06,94.84035905379088,1.4065713496914856e-15,1.7287514967627538e-14,6.149648799089163e-10,0.0,0.0,2.484910126137632,1.0374650101533846e-11,0.00032681360047470107,1000000.0,1027708.8529620168
0.00017500895396818544,0.00010210368610826689,-0.21127070106901358,322.1057741512707,0.0,0.029212409274463363,284.72969008207906,1.0278104617789234e-16,0.0,3.5813899687216053e-06,94.91476442680552,1.407513855851237e-15,1.72949995484396e-14,6.152206644469836e-10,5.788264591707875e-22,1.072277527949537e-15,2.4868596196521118,1.041401391227435e-11,0.00032681719843391673,1000000.0,1028687.1247733091
0.00017512574687885703,0.00010208106315238767,-0.1760113424652021,322.14223282594077,0.0,0.029231833829223085,284.91903533432196,1.0317994078171038e-16,0.0,3.583771593144936e-06,94.97788274764594,1.4083658347409616e-15,1.7300326777298007e-14,6.154027397942595e-10,1.4655762164274333e-21,1.480014316522188e-15,2.4885133813650486,1.0444149137630453e-11,0.0003268202486236673,1000000.0,1029492.472999618
0.00017524253978952863,0.000102062596510407,-0.1401333635568615,322.1628240104711,0.0,0.029247702136637386,285.0737183446987,1.0351448649025546e-16,0.0,3.5857172285947205e-06,95.02944639527844,1.409113533502443e-15,1.7303449769353375e-14,6.155095299853506e-10,0.0,0.0,2.489864399343727,1.0464786665467907e-11,0.0003268227390004731,1000000.0,1030120.8293172109
0.00017535933270020022,0.00010204834552605426,-0.10385800328722428,322.16733850649103,0.0,0.029259955409338945,285.19316609676434,1.0378163095667147e-16,0.0,3.5872196675494957e-06,95.06926435442543,1.4097437674880575e-15,1.730433659981009e-14,6.155399593171181e-10,0.0,2.330425832567639e-15,2.490907668801126,1.0475740822097438e-11,0.000326824661126294,1000000.0,1030569.3248577997
0.00017547612561087181,0.00010203834361622026,-0.06740790687051906,322.1556703141653,0.0,0.029268558824672844,285.2770391548461,1.039789025241274e-16,0.0,3.588274640515873e-06,95.09722347406013,1.410244049255049e-15,1.7302970514102953e-14,6.154934589169834e-10,4.283606350950791e-21,4.9704625785162996e-15,2.4916402250697263,1.0476911626321633e-11,0.000326826010212968,1000000.0,1030836.3106074258
0.0001755929185215434,0.00010203259819450371,-0.031005499830099856,322.1278169442939,0.0,0.029273501706405,285.3252334353802,1.0410444494145248e-16,0.0,3.5888808383090326e-06,95.11328905788227,1.4106027147172752e-15,1.72993500069809e-14,6.153699689636375e-10,1.6074388713977676e-21,0.0,2.4920611590725517,1.0468286532530458e-11,0.0003268267851382955,1000000.0,1030921.3667144973
0.00017570971143221497,0.00010203109078490932,0.005128634429300619,322.0838788602402,0.0,0.029274797485751666,285.3378798270162,1.0415704312061132e-16,0.0,3.5890399072740536e-06,95.11750473767974,1.410809045008561e-15,1.7293488742212197e-14,6.151699362579216e-10,0.0,0.0,2.492171614005089,1.0449940001097608e-11,0.0003268269884315221,1000000.0,1030825.2998713852
0.00017582650434288657,0.00010203377733159592,0.04077735975070602,322.02405803624237,0.0,0.029272483436011867,285.31534160458256,1.0413613814601824e-16,0.0,3.5887564167579095e-06,95.10999161127299,1.4108533819043822e-15,1.7285415340834845e-14,6.14894307045461e-10,1.3096157806851188e-20,1.139831076806632e-14,2.4919747627486095,1.0422031919831446e-11,0.0003268266262273881,1000000.0,1030550.1285242309
0.00017594329725355816,0.00010204058869672007,0.07572854732775713,321.9486556930534,0.0,0.029266620188843257,285.2582097149457,1.0404183180695126e-16,0.0,3.5880377998146947e-06,95.090946671054,1.4107272338838583e-15,1.7275172993537527e-14,6.145445152834901e-10,9.921576843155113e-21,1.6172314621971547e-15,2.4914757666963996,1.0384804796031306e-11,0.00032682570819003823,1000000.0,1030099.0564300645
0.00017606009016422975,0.0001020514313346874,0.10977657259268708,321.858069233007,0.0,0.029257291045199214,285.1672960602845,1.0387488031516595e-16,0.0,3.586894268721465e-06,95.0606405649631,1.410423370165894e-15,1.726281899425534e-14,6.141224666456316e-10,0.0,0.0,2.4906817170890845,1.0338579567869682e-11,0.00032682424740873925,1000000.0,1029476.4351662558
0.00017617688307490135,0.00010206618813451484,0.1427237389030621,321.7527883810303,0.0,0.029244601092214457,285.04362489067614,1.0363667736963881e-16,0.0,3.5853387067105596e-06,95.01941472720353,1.4099359006138509e-15,1.724842405392103e-14,6.136305185254796e-10,2.397788983143193e-20,3.2708506498852865e-14,2.4896015598365446,1.0283750247061779e-11,0.0003268222602669578,1000000.0,1028687.7161331183
0.00017629367598557294,0.00010208471942254968,0.17438159571161813,321.6333907070306,0.0,0.029228676138325426,284.8884224264738,1.0332922727728202e-16,0.0,3.5833865374395115e-06,94.96767791885678,1.4092603399059783e-15,1.7232071653428393e-14,6.13071456315629e-10,2.827287202446787e-20,9.36343175505788e-15,2.4882460048788015,1.0220777627187906e-11,0.0003268197662863569,1000000.0,1027739.3931983508
0.0001764104688962445,0.0001021068641147667,0.2045721556381068,321.50053648747183,0.0,0.029209661483218654,284.70310486747405,1.0295510904402e-16,0.0,3.581055574168929e-06,94.90590223073336,1.4083936546477096e-15,1.721385703670647e-14,6.124484663160448e-10,0.0,0.0,2.486627421456612,1.015018220381897e-11,0.0003268167879478115,1000000.0,1026638.936586858
0.0001765272618069161,0.00010213244100601578,0.23312901836373162,321.35496285238474,0.0,0.0291877205406944,284.4892649701493,1.0251743228833252e-16,0.0,3.5783658509233433e-06,94.83461860888742,1.4073342923403956e-15,1.7193886527382338e-14,6.117651056767919e-10,1.8323282069344178e-20,7.40118637701749e-14,2.4847597208755614,1.0072536253102836e-11,0.0003268133504918484,1000000.0,1025394.7186908833
0.0001766440547175877,0.00010216125018087394,0.25989833300633947,321.19747764909806,0.0,0.029163033335813358,284.2486574031435,1.0201978615521705e-16,0.0,3.5753394382938175e-06,94.75441197286499,1.406082191589585e-15,1.7172276104507265e-14,6.110252698395645e-10,5.249956981197639e-20,1.935999762979332e-14,2.4826582285997514,9.988455630526349e-12,0.00032680948170131285,1000000.0,1024015.9341572294
0.00017676084762825928,0.00010219307452982231,0.28473963594299806,321.02895285131643,0.0,0.029135794900237277,283.98318310240177,1.0146618296724073e-16,0.0,3.5720002466559128e-06,94.66591600047965,1.4046387735153146e-15,1.7149150970961288e-14,6.102331579629463e-10,0.0,0.0,2.4803395476073633,9.898591434657272e-12,0.00032680521166926875,1000000.0,1022512.5147082895
0.00017687764053893088,0.00010222768135766905,0.307526606638372,320.8503173216898,0.0,0.02910621358446519,283.6948728212854,1.0086099781260983e-16,0.0,3.5683738192495973e-06,94.56980764423638,1.403006914727177e-15,1.7124643446727252e-14,6.093932367583751e-10,0.0,1.4543905312910765e-13,2.4778214147156428,9.803621134560324e-12,0.0003268005725546373,1000000.0,1020895.0389969733
0.00017699443344960247,0.00010226482406762478,0.32814760138911436,320.6625497820376,0.0,0.02907450930971061,283.38587009858,1.0020890528058285e-16,0.0,3.564487117956244e-06,94.46680145370985,1.401190902658823e-15,1.7098893297295177e-14,6.085102032199581e-10,1.0543629590539337e-19,1.604517220347695e-14,2.4751225518223525,9.704240241540096e-12,0.00032679559832849526,1000000.0,1019174.6412528111
0.00017711122636027406,0.0001023042439033352,0.34650609144243777,320.46667139582917,0.0,0.029040911785362434,283.0584138721123,9.951481571635905e-17,0.0,3.560368304609208e-06,94.35764377978585,1.39919637448467e-15,1.7072044634202795e-14,6.075889467385118e-10,0.0,0.0,2.472262514049977,9.6011543898241e-12,0.0003267903245142431,1000000.0,1017362.9178117277
0.00017722801927094563,0.00010234567173379388,0.3625209832804385,320.26373815211235,0.0,0.0290056587080318,282.71482093736046,9.878381145511655e-17,0.0,3.556046520350692e-06,94.24310692723175,1.3970302411297237e-15,1.704424648032409e-14,6.066345110277791e-10,0.0,2.3063067437705362e-15,2.469261536538612,9.495071182552855e-12,0.0003267847879241457,1000000.0,1015471.8330309441
0.00017734481218161722,0.00010238882986690195,0.3761267921656312,320.05483330341633,0.0,0.02896899396550009,282.3574684352322,9.802108469775395e-17,0.0,3.5515516653585816e-06,94.12398331698977,1.3947005980775064e-15,1.7015651006809047e-14,6.056520562555847e-10,2.4358957306564836e-21,0.0,2.466140381491694,9.386693172453905e-12,0.00032677902639483583,1000000.0,1013513.6262125733
0.00017746160509228882,0.00010243343387616828,0.38727367951539254,319.84105990939463,0.0,0.028931165861975396,281.9887765540749,9.723187815896973e-17,0.0,3.546914181270283e-06,94.00107971988447,1.3922166249811815e-15,1.6986412002042624e-14,6.046468217721762e-10,0.0,4.496088301367989e-16,2.462920187093528,9.276711307057016e-12,0.00032677307852433226,1000000.0,1011500.7204896957
0.0001775783980029604,0.0001024791944249997,0.39592737392618804,319.6235334853667,0.0,0.028892425383178426,281.61119162044366,9.642142946510877e-17,0.0,3.5421648384959804e-06,93.87521161992332,1.389588476255788e-15,1.6956684232209833e-14,6.036240898034924e-10,3.770543582431032e-21,2.4001912288862263e-16,2.459622319822333,9.165799039371597e-12,0.00032676698341298953,1000000.0,1009445.6343946481
0.000177695190913632,0.00010252581907502364,0.40206898785458245,319.40337478998197,0.0,0.02885302451640933,281.22716972505606,9.559492008698178e-17,0.0,3.537334530262133e-06,93.74719775600137,1.3868271648387501e-15,1.6926622382109647e-14,6.025891504155293e-10,0.0,0.0,2.456268231437588,9.054607239638084e-12,0.0003267607804104469,1000000.0,1007360.8968121563
0.0001778119838243036,0.00010257301406695227,0.4056947360075613,319.18170282307864,0.0,0.02881321463761547,280.8391610015235,9.475742937347748e-17,0.0,3.532454074865156e-06,93.61785488120977,1.3839444413410935e-15,1.6896379971187052e-14,6.015472679930407e-10,0.0,2.519070889445233e-16,2.4528793216687728,8.943759893174921e-12,0.0003267545088703332,1000000.0,1005258.9660047222
0.0001779287767349752,0.00010262048606305382,0.40681555544824116,318.95962811375836,0.0,0.028773244975831263,280.44959465921715,9.391389395440772e-17,0.0,3.527554027411617e-06,93.48799277353524,1.3809526705628548e-15,1.6866108340483182e-14,6.005036494401304e-10,3.404761507075968e-21,1.52383715296146e-16,2.4494768074908073,8.833850501153374e-12,0.0003267482079142059,1000000.0,1003152.1533385882
0.00017804556964564675,0.00010266794384054475,0.40545664174040885,318.73824632793014,0.0,0.028733361164008018,280.0608648582609,9.306907286245413e-17,0.0,3.52266450215129e-06,93.35840952728279,1.3778647075127585e-15,1.683595594674922e-14,5.99463414280744e-10,0.0,1.6902620929435403e-16,2.44608159975472,8.725439377813348e-12,0.000326741916206151,1000000.0,1001052.5521014084
0.00017816236255631835,0.00010271509992638269,0.4016569138318255,318.51863221143964,0.0,0.028693803883180085,279.67531749435244,9.222751847473637e-17,0.0,3.5178150062540197e-06,93.22988714779024,1.3746937747656746e-15,1.6806067487677186e-14,5.984315667933387e-10,0.0,2.084750386498125e-16,2.442714187764875,8.61905153977474e-12,0.00032673567173916953,1000000.0,998971.9716638506
0.00017827915546698994,0.0001027616721656385,0.39546841720866976,318.30183389155536,0.0,0.028654807604497297,279.29523793740657,9.139355306448686e-17,0.0,3.513034285583682e-06,93.10318746409966,1.3714533428172193e-15,1.677658322215838e-14,5.974129702631696e-10,0.0,2.3422771240194994e-16,2.439394532186962,8.51517534128724e-12,0.00032672951163416905,1000000.0,996921.8771519777
0.00017839594837766153,0.00010280738521699724,0.38695567407021253,318.0888675596472,0.0,0.02861659943159667,278.922839748154,9.057125078778589e-17,0.0,3.5083501827730595e-06,92.97904836763077,1.368157014892826e-15,1.6747638222521446e-14,5.964123233932524e-10,1.0150089562783724e-21,1.8212979921071782e-16,2.436141966497567,8.414261718115555e-12,0.0003267234719521265,1000000.0,994913.3347076507
0.00017851274128833313,0.00010285197196981165,0.3761949889323595,317.8807125508878,0.0,0.028579398044292683,278.5602543822808,8.976442475272517e-17,0.0,3.503789507720333e-06,92.85818038005141,1.3648184174475069e-15,1.6719361874437412e-14,5.954341388842177e-10,0.0,2.049829081630238e-16,2.432975107059014,8.316723965096309e-12,0.0003267175875198082,1000000.0,992956.9623245676
0.00017862953419900472,0.00010289517487795519,0.36327371889324367,317.67830682575914,0.0,0.028543412743248172,278.2095218788463,8.89766187931708e-17,0.0,3.4993779204661234e-06,92.7412635492576,1.3614510973567812e-15,1.669187730502929e-14,5.944827241662408e-10,9.037444402630214e-22,1.5379359085388508e-16,2.4299117717910166,8.222938001965998e-12,0.0003267118917692686,1000000.0,991062.886154797
0.0001787463271096763,0.00010293674720674326,0.34828951711442035,317.4825428521646,0.0,0.02850884259394786,277.87258251659006,8.821110347005053e-17,0.0,3.49513982624478e-06,92.62894466799993,1.358068426570266e-15,1.6665300959733952e-14,5.935621642387476e-10,0.0,2.505593609450363e-16,2.4269689072959637,8.13324304477693e-12,0.0003267064165911687,1000000.0,989240.7021064752
0.00017886312002034788,0.0001029764541902489,0.3313495569675351,317.29426388472825,0.0,0.028475875667054448,277.5512694096811,8.747087579783173e-17,0.0,3.4910982823521453e-06,92.52183480567344,1.354683514779081e-15,1.6639742180781333e-14,5.92676306548544e-10,2.1905191401706362e-21,6.833167824222033e-17,2.4241625241894087,8.047942607984702e-12,0.0003267011922017885,1000000.0,987499.4424981625
0.00017897991293101947,0.00010301407409719477,0.31256974307010266,317.11426063543604,0.0,0.02844468837129978,277.24730200536425,8.675866216297781e-17,0.0,3.4872749163575492e-06,92.42050714075512,1.3513091304426245e-15,1.6615302891123326e-14,5.918287478183398e-10,0.0,3.9199176117925753e-16,2.4215076403078037,7.96730576927878e-12,0.0003266962470234758,1000000.0,985847.5474931309
0.00017909670584169107,0.00010304939920426263,0.29207391508839775,316.9432683268935,0.0,0.028415444874407083,276.9622804396932,8.607692391720387e-17,0.0,3.4836898551090457e-06,92.32549507928519,1.3479576303318112e-15,1.6592077309155924e-14,5.910228227250805e-10,4.848254879920133e-21,0.0,2.41901823141088,7.891568629380666e-12,0.00032669160757818166,1000000.0,984292.8410060841
0.00017921349875236266,0.00010308223667623222,0.2699930491043154,316.7819641150263,0.0,0.028388296607111542,276.6976807031295,8.542786513029366e-17,0.0,3.480361663925285e-06,92.23729064331745,1.3446408975789592e-15,1.6570151720033946e-14,5.902615943189e-10,0.0,9.531930945180753e-16,2.4167071889574605,7.820935903535424e-12,0.00032668729839366176,1000000.0,982842.510748262
0.00017933029166303425,0.00010311240935292687,0.24646446132258454,316.6309648687962,0.0,0.02836338184496544,276.4548505644661,8.481344201060995e-17,0.0,3.4773072953258193e-06,92.15634311215736,1.3413702880784093e-15,1.6549604293386037e-14,5.895478460672613e-10,1.3434569575860454e-20,0.0,2.4145862845045833,7.755582588023297e-12,0.0003266833419218622,1000000.0,981503.0920726113
0.00017944708457370585,0.00010313975644341557,0.2216310169148585,316.49082528862215,0.0,0.028340825362514158,276.2350061998969,8.423537352332683e-17,0.0,3.4745420466307717e-06,92.08305789866107,1.3381565849634113e-15,1.6530504943196178e-14,5.888840754061841e-10,9.198935342045518e-26,1.6213307912940388e-16,2.412666140265419,7.695655644589172e-12,0.00032667975846896165,1000000.0,980280.4552635193
0.00017956387748437744,0.00010316413412828593,0.1956403471739513,316.3620363520375,0.0,0.02832073815433827,276.03922947409677,8.369515280273282e-17,0.0,3.4720795257616994e-06,92.01779564288213,1.3350099607651562e-15,1.6512915225812954e-14,5.882724886812674e-10,0.0,1.6071082320213563e-16,2.410956205361946,7.641275683570972e-12,0.00032667656613655753,1000000.0,979179.7959456821
0.000179680670395049,0.00010318541607107388,0.16864407695527367,316.2450240688312,0.0,0.02830321721770733,275.86846582166356,8.319405894595795e-17,0.0,3.4699316245939467e-06,91.96087150584937,1.3319399468179198e-15,1.649688827075784e-14,5.877149973652227e-10,8.958606749321253e-23,1.5378908074404678e-16,2.4094647373212297,7.592538547691924e-12,0.0003266737807734276,1000000.0,978205.6282819654
0.0001797974633057206,0.00010320349384013173,0.14079706373734507,316.14014852972525,0.0,0.028288345391798215,275.7235226799436,8.273316884814475e-17,0.0,3.4681084992443947e-06,91.91255464714864,1.328955409390577e-15,1.6482468742731425e-14,5.87213215444932e-10,0.0,1.5810422936463276e-16,2.4081987883875597,7.549516832993055e-12,0.0003266714159373489,1000000.0,977361.7806557943
0.0001799142562163922,0.00010321827724234857,0.11225664921678169,316.0477032343965,0.0,0.02827619124883393,275.60506842790465,8.231336879517597e-17,0.0,3.466618556724367e-06,91.87306787119546,1.3260645319801115e-15,1.6469692830581225e-14,5.867684578793827e-10,0.0,1.970762886269439e-16,2.407164196254445,7.512261281351011e-12,0.000326669482866494,1000000.0,976651.3935632237
0.00018003104912706378,0.0001032296945702187,0.08318192392036079,315.9679146857647,0.0,0.028266809032940345,275.5136317901269,8.193536555415444e-17,0.0,3.465468447442906e-06,91.84258742855549,1.3232748031892771e-15,1.6458588259382762e-14,5.863817400397884e-10,4.380415619806365e-22,1.4240000071757251e-16,2.406365578859012,7.480802015047715e-12,0.0003266679904599588,1000000.0,976076.9194704959
0.00018014784203773538,0.00010323769276379033,0.053733004973289464,315.90094223765277,0.0,0.028260238643039785,275.44960167002023,8.159969674467085e-17,0.0,3.4646630631089416e-06,91.82124296034705,1.3205930096055947e-15,1.6449174324366262e-14,5.860537780543567e-10,0.0,1.7139202274924503e-16,2.4058063329253034,7.45514963448355e-12,0.00032666694526700435,1000000.0,975640.1244231309
0.00018026463494840697,0.00010324223748901924,0.024070326765791017,315.84687818470087,0.0,0.028256505656668672,275.4132273819335,8.130674031209851e-17,0.0,3.464205539650816e-06,91.80911757561516,1.3180252330992273e-15,1.644146194396728e-14,5.857849899923847e-10,2.8492544630491438e-22,1.0740260880002971e-16,2.4054886359915497,7.435296129203096e-12,0.0003266663514846582,1000000.0,975342.0912296675
0.00018038142785907856,0.00010324331313400972,-0.0056460559535220665,315.80574808499347,0.0,0.02825562139221938,275.40461925776543,8.105672296712255e-17,0.0,3.4640972648463674e-06,91.80624805354545,1.3155768519664994e-15,1.6435453730028377e-14,5.855754978352948e-10,0.0,2.0662525329498188e-16,2.4054134517083687,7.421215615247508e-12,0.00032666621096338725,1000000.0,975183.224080929
0.00018049822076975013,0.00010324092272455918,-0.035257153161522205,315.7775113081019,0.0,0.028257583007730444,275.4237496098285,8.084972748956586e-17,0.0,3.464337890434026e-06,91.81262516443513,1.3132525453669157e-15,1.6431144074520252e-14,5.854251301954874e-10,5.770330409020931e-22,6.883892117499975e-17,2.405580538248527,7.41286489620576e-12,0.0003266665232206166,1000000.0,975163.2545060143
0.00018061501368042172,0.00010323508776035036,-0.06460571342789179,315.76206180218963,0.0,0.028262373634989655,275.47045403787916,8.068569882830682e-17,0.0,3.464925348552919e-06,91.82819410539226,1.3110563005314459e-15,1.6428519251905603e-14,5.853334257571143e-10,0.0,2.6601486919518706e-16,2.4059884597226766,7.410183844561725e-12,0.0003266672854619275,1000000.0,975281.2486023027
0.00018073180659109332,0.00010322584797306244,-0.09353688721541943,315.7592290764312,0.0,0.028269962548323882,275.5444330742784,8.056444895773118e-17,0.0,3.465855872436047e-06,91.85285504875057,1.308991422253645e-15,1.6427557536618715e-14,5.852996374257865e-10,7.449625038585294e-22,0.0,2.406634600548369,7.413095611618893e-12,0.0003266684926098263,1000000.0,975535.6155172483
0.0001808485995017649,0.00010321326100760548,-0.12189888012055332,315.76877939523087,0.0,0.028280305368066624,275.64525416709444,8.048566047872307e-17,0.0,3.467124021354165e-06,91.88646380313776,1.3070605442110285e-15,1.6428229336067095e-14,5.853227371866338e-10,0.0,3.977268600094721e-16,2.4075151827706818,7.421506674916048e-12,0.00032667013734003874,1000000.0,975924.117191754
0.0001809653924124365,0.00010319740202762622,-0.14954359648803556,315.79041718431836,0.0,0.02829334429923904,275.77235400650795,8.044888898056572e-17,0.0,3.4687227098778023e-06,91.92883258898352,1.3052656417023962e-15,1.6430497339741968e-14,5.854014216818139e-10,1.1029885620281536e-21,0.0,2.4086252863812967,7.435306735753215e-12,0.0003266722101253355,1000000.0,976443.8794158447
0.0001810821853231081,0.00010317836324640115,-0.1763272735023468,315.82378664731755,0.0,0.028309008406535146,275.9250412049598,8.045356420589887e-17,0.0,3.4706432415887124e-06,91.97973093194804,1.3036080454278417e-15,1.6434316685240603e-14,5.855341185291879e-10,0.0,5.900771873564402e-16,2.409958872727189,7.454368482313314e-12,0.00032667469928694616,1000000.0,977091.4042702684
0.0001811989782337797,0.00010315625338422927,-0.20211110567962717,315.8684735963508,0.0,0.028327213927121838,276.1024993460158,8.049899008557923e-17,0.0,3.4728753474291576e-06,92.03888667926229,1.3020884559809084e-15,1.643963514257978e-14,5.857189934132692e-10,1.4349687075403344e-21,0.0,2.411508811139747,7.478547238529218e-12,0.0003266775910536553,1000000.0,977862.5840681881
0.00018131577114445125,0.00010313119705347206,-0.22676185926180895,315.9240074963173,0.0,0.02834786462321683,276.3037904207708,8.058434373343723e-17,0.0,3.47540722892569e-06,92.10598714525493,1.3007069587658547e-15,1.6446393318418726e-14,5.859539579874276e-10,0.0,7.641664254791001e-16,2.413266908948688,7.507680519604861e-12,0.0003266808696287084,1000000.0,978752.7169208034
0.00018143256405512285,0.00010310333407246447,-0.2501524756729685,315.9898637288572,0.0,0.028370852176653905,276.5278586737,8.070867351506145e-17,0.0,3.478225606563121e-06,92.18068039336833,1.2994630390964974e-15,1.6454524881930426e-14,5.862366786325334e-10,1.694176952014528e-21,0.0,2.415223945072142,7.541587520888438e-12,0.0003266845172646731,1000000.0,979756.5240891023
0.00018154935696579444,0.00010307281870964116,-0.27216266284205404,316.06546607596806,0.0,0.0283960566279589,276.77353488211804,8.087089632764826e-17,0.0,3.481315773612413e-06,92.26257666271829,1.2983555972775821e-15,1.646395681434049e-14,5.865645861216161e-10,0.0,8.569269433287126e-16,2.4173697073938953,7.580068566530688e-12,0.0003266885143464149,1000000.0,980868.1692797695
0.00018166614987646603,0.00010303981885939833,-0.2926794725339635,316.15018942995243,0.0,0.028423346862494175,277.0395410946649,8.106979425159646e-17,0.0,3.4846616557323957e-06,92.35124994767018,1.2973829635143162e-15,1.6474609684261106e-14,5.869348862423575e-10,1.6335136454070992e-21,0.0,2.4196930341498497,7.622904550283558e-12,0.00032669283948233955,1000000.0,982081.2800744381
0.00018178294278713763,0.00010300451515143474,-0.3115978617306636,316.2433627296882,0.0,0.028452581146362614,277.32449585452514,8.130401075707826e-17,0.0,3.488245876668484e-06,92.44623973900137,1.2965429125422917e-15,1.6486397950913382e-14,5.873445714293941e-10,4.197202142415452e-23,1.4117954535261744e-16,2.422181859548159,7.669856399670078e-12,0.0003266974696040485,1000000.0,983388.9716662818
0.00018189973569780922,0.00010296709999559455,-0.32882123527891677,316.3442721269425,0.0,0.028483607714573707,277.6269199322731,8.157204666967872e-17,0.0,3.492049830361623e-06,92.54705293494771,1.2958326779140685e-15,1.649923029746899e-14,5.87790433456212e-10,0.0,1.6839391260799557e-16,2.424823263840533,7.720664602848236e-12,0.00032670238007449765,1000000.0,984783.8730901808
0.0001820165286084808,0.0001029277765645759,-0.34426196666129133,316.4521643839376,0.0,0.02851626541385782,277.9452425912213,8.187225612196653e-17,0.0,3.4960537597551603e-06,92.65316592976005,1.2952489659294573e-15,1.651300999621285e-14,5.882690772316832e-10,1.0380440781800249e-23,1.579234400433135e-16,2.427603528044449,7.775048826220754e-12,0.00032670754480474686,1000000.0,986258.1561198591
0.00018213332151915238,0.00010288675771726273,-0.35784189336549377,316.5662505013345,0.0,0.02855038440212806,278.27780840495996,8.220284273697603e-17,0.0,3.5002368425472976e-06,92.76402688633387,1.2947879692422737e-15,1.652763530765203e-14,5.887769357390707e-10,0.0,1.642826015299518e-16,2.4305081934882766,7.83270767301918e-12,0.00032671293637930797,1000000.0,987803.5669883433
0.00018225011442982397,0.00010284426486587472,-0.3694927829098752,316.6857095740353,0.0,0.028585786906172306,278.6228846424471,8.256185630474326e-17,0.0,3.5045772840823046e-06,92.87905819803247,1.2944453802230346e-15,1.6542999914940077e-14,5.893102861457165e-10,0.0,1.7073148047165113e-16,2.4335221263134477,7.893318611682048e-12,0.00032671852619001575,1000000.0,989411.4610663225
0.00018236690734049557,0.00010280052679062626,-0.37915676492863004,316.809692870765,0.0,0.028622288038572998,278.9786692303906,8.294719023661427e-17,0.0,3.5090524175030292e-06,92.99765914295021,1.2942164042125632e-15,1.655899339461739e-14,5.89865267099328e-10,0.0,1.6860428119571539e-16,2.4366295870187495,7.95653812197609e-12,0.0003267242845782882,1000000.0,991072.8406059098
0.00018248370025116716,0.00010275577840611776,-0.386786724785849,316.9373281298156,0.0,0.028659696674162276,279.3432992959149,8.335658007609869e-17,0.0,3.5136388112023646e-06,93.11920873161432,1.2940957728413423e-15,1.657550172455868e-14,5.904378972121557e-10,0.0,1.7217594293058904e-16,2.439814305072896,8.022002080163389e-12,0.0003267301809855159,1000000.0,992778.3956177529
0.00018260049316183875,0.00010271025948424747,-0.39234665370418187,317.0677240608171,0.0,0.028697816385514968,279.7148602846673,8.378760335748347e-17,0.0,3.5183123835127065e-06,93.24306874650931,1.2940777576410151e-15,1.6592407829126045e-14,5.910240947174827e-10,1.425847782030869e-24,1.7536423882580012e-16,2.4430595585530406,8.089326437278533e-12,0.0003267361841112306,1000000.0,994518.5479074719
0.00018271728607251034,0.00010266421333902555,-0.39581195015132553,317.19997503926675,0.0,0.02873644643607043,280.0913956406254,8.423768110944838e-17,0.0,3.523048524460614e-06,93.36858696884526,1.2941561842215842e-15,1.660959216113468e-14,5.916196982638269e-10,4.004744713202106e-26,1.7605462011943076e-16,2.4463482586892575,8.158108211720685e-12,0.0003267422620785859,1000000.0,996283.4982478797
0.0001828340789831819,0.00010261788547929014,-0.3971696671995691,317.3331659769161,0.0,0.028775382828461978,280.4709170240126,8.47040812854428e-17,0.0,3.5278222242898924e-06,93.49510058470405,1.2943244473290279e-15,1.6626933319441487e-14,5.922204887913086e-10,0.0,1.810513366436013e-16,2.4496630391089025,8.227926824275272e-12,0.0003267483826065483,1000000.0,998063.2766071003
0.0001829508718938535,0.00010257152223594141,-0.3964187006442707,317.46637734740085,0.0,0.028814419404549138,280.8514150331594,8.518392438443623e-17,0.0,3.53260820832343e-06,93.62193975917653,1.2945755271342723e-15,1.6644308700322593e-14,5.928222124123156e-10,1.3388220271506783e-24,1.8450071087460312e-16,2.4529863494825053,8.298345799725544e-12,0.00032675451318805825,1000000.0,999847.7952918134
0.0001830676648045251,0.00010252536937091504,-0.3935699127811195,317.5986903427865,0.0,0.028853348992509926,281.2308703850604,8.567419149998224e-17,0.0,3.5373810775945897e-06,93.74843136340607,1.2949020071351341e-15,1.666159517994782e-14,5.934206041952823e-10,0.0,1.8512335498121353e-16,2.4563005531759496,8.368914848484968e-12,0.0003267606212732881,1000000.0,1001626.9048004966
0.0001831844577151967,0.0001024796706756958,-0.3886461869676594,317.72919213301645,0.0,0.028891964595180022,281.6072654979668,8.617173500038734e-17,0.0,3.5421154545354996e-06,93.8739028356506,1.2952960940754713e-15,1.667866982452466e-14,5.940114127265714e-10,0.0,1.904434057067962e-16,2.4595880284140756,8.439172334769593e-12,0.0003267666744569888,1000000.0,1003390.4521147545
0.00018330125062586828,0.00010243466656772075,-0.38168240848051693,317.85698119659327,0.0,0.028930060612643135,281.9785964078286,8.667329199717244e-17,0.0,3.546786132864572e-06,93.99768615363394,1.2957496402974608e-15,1.669541062381247e-14,5.945904253015079e-10,1.799950553327107e-24,1.9435240735122727e-16,2.462831272360167,8.50864812886992e-12,0.00032677264066878394,1000000.0,1005128.3410886107
0.00018341804353653988,0.00010239059269351696,-0.37272536770771836,317.9811726872686,0.0,0.02896743409091482,282.34288493907746,8.717550070181509e-17,0.0,3.5513682306731686e-06,94.1191218916812,1.2962541689417318e-15,1.6711697242971645e-14,5.951534935722671e-10,0.0,1.9365054186246937e-16,2.466013007416866,8.576866830493508e-12,0.0003267784883651391,1000000.0,1006830.5945276872
0.0001836002415746457,0.00010232423591546725,-0.35491452669292767,318.16569329159097,0.0,0.02902382430930607,282.8925352669131,8.795207934763922e-17,0.0,3.5582818481670172e-06,94.30234806406172,1.2971221535802167e-15,1.6735919278091338e-14,5.959904690182962e-10,0.0,2.0075449597257104e-16,2.47081371226163,8.679648528589703e-12,0.0003267873014275636,1000000.0,1009391.8375179111
0.0001837824396127515,0.00010226153236810014,-0.3326758393953415,318.33623122066086,0.0,0.02907724444146748,283.41323676450577,8.870854395313641e-17,0.0,3.5648313411810802e-06,94.47592413144875,1.2980581943351407e-15,1.6758319050591258e-14,5.967639920818271e-10,2.024903879726067e-25,2.0595034851872734e-16,2.4753615749213185,8.776415335493442e-12,0.0003267956389660387,1000000.0,1011806.6859786266
0.00018396463765085733,0.00010220325860522778,-0.3063511482942548,318.48986060138884,0.0,0.029127008055888415,283.89829882316263,8.943148094685355e-17,0.0,3.570932553831083e-06,94.637619776563,1.2990264666654885e-15,1.6778491681880568e-14,5.974601804348711e-10,0.0,2.0895064727704425e-16,2.479598158902786,8.865424206673738e-12,0.00032680339574059467,1000000.0,1014041.2837940948
0.00018414683568896317,0.0001021501233533475,-0.2763420620704049,318.62391112573323,0.0,0.02917248239305605,284.3415539635413,9.010764699059175e-17,0.0,3.5765079102638237e-06,94.78537906751878,1.299990307023128e-15,1.6796065259421658e-14,5.980663053162764e-10,1.6481323103327602e-25,2.131329098040507e-16,2.48346959678068,8.945025465280174e-12,0.00032681047527334577,1000000.0,1016064.4000171336
0.00018427612618349175,0.00010211588347836811,-0.2530599111442683,318.70584669052596,0.0,0.02920183565757324,284.6276725509316,9.055206735124524e-17,0.0,3.5801067700648468e-06,94.88075682118603,1.3006512825015242e-15,1.680677533618924e-14,5.984355062652072e-10,1.1371724379914581e-25,2.148056562305284e-16,2.4859685871715635,8.994969110913721e-12,0.00032681504055496547,1000000.0,1017356.2419218647
0.00018440541667802036,0.0001020847494091116,-0.228328185449831,318.775975057317,0.0,0.029228560414497114,284.88817142057064,9.09621489959932e-17,0.0,3.58338337966382e-06,94.96759423094177,1.3012781679743715e-15,1.6815903121491967e-14,5.987500117717106e-10,7.045054549102451e-26,2.16590096452892e-16,2.488243812202655,9.038920401827443e-12,0.00032681919388854574,1000000.0,1018518.4627649614
0.00018453470717254896,0.00010205689656891453,-0.2023346757373319,318.83364054059456,0.0,0.029252496115045483,285.1214857021214,9.133380676880653e-17,0.0,3.5863180557922988e-06,95.04536964658769,1.3018579019995892e-15,1.682335586311076e-14,5.990066575106845e-10,1.4486531508975817e-25,2.1839271482064065e-16,2.4902816041287754,9.076441891442828e-12,0.0003268229111640647,1000000.0,1019543.1496019757
0.00018466399766707756,0.00010203247546968775,-0.17527621130411844,318.8782839824896,0.0,0.029273504015606303,285.32626305713194,9.166326277180507e-17,0.0,3.5888937884526264e-06,95.11363226552064,1.302377673685902e-15,1.6829054128059984e-14,5.992027343739206e-10,9.772569036995798e-26,2.19442840440715e-16,2.4920701514810037,9.10715423946351e-12,0.000326826171648369,1000000.0,1020423.4769051009
0.00018479328816160617,0.00010201161065602742,-0.14735699703003388,318.90944717942756,0.0,0.029291468379303923,285.50137539077974,9.194710090719702e-17,0.0,3.5910963882307075e-06,95.17200603684763,1.3028250376373443e-15,1.6832932514892367e-14,5.993360116014622e-10,9.227229957630531e-26,2.2035459779342067e-16,2.4935996013583037,9.130741799753087e-12,0.0003268289581490761,1000000.0,1021153.7688292008
0.00018492257865613477,0.0001019943998915236,-0.1187868459162609,318.92677630757163,0.0,0.029306297436520665,285.6459282141952,9.218231738910709e-17,0.0,3.5929146040572916e-06,95.2201927823203,1.303188032964941e-15,1.6834940214169207e-14,5.994047548730668e-10,2.5680876929392484e-25,2.2125662499078557e-16,2.4948621411990586,9.14695733294928e-12,0.00032683125714306246,1000000.0,1021729.5490383301
0.00018505186915066335,0.00010198091355807127,-0.0897793987002801,318.93002441548157,0.0,0.0293179241217152,285.75926782637845,9.236636414728512e-17,0.0,3.594340213543635e-06,95.25797459043011,1.303455301812361e-15,1.6835041424982405e-14,5.994077397604454e-10,1.1270319056811695e-25,2.2084267435623519e-16,2.495852061508708,9.15562543205363e-12,0.0003268330588717018,1000000.0,1022147.5787523016
0.00018518115964519195,0.00010197119426863536,-0.06055033522885977,318.9190529879651,0.0,0.029326306579920237,285.84098625120885,9.249718523019014e-17,0.0,3.5953680850802365e-06,95.28521546216241,1.3036162055037462e-15,1.6833215629073858e-14,5.993442604220664e-10,0.0,2.201523448203268e-16,2.4965657989801104,9.156645328833066e-12,0.00032683435740303384,1000000.0,1022405.8826604804
0.00018531045013972056,0.00010196525671294207,-0.03131555751854799,318.8938325148742,0.0,0.029331428421497587,285.8909237207463,9.257324656133309e-17,0.0,3.5959962090723337e-06,95.30186213880614,1.3036609374784795e-15,1.6829457698609338e-14,5.992141331122961e-10,3.744539878199512e-25,2.2051421479599329e-16,2.497001958182969,9.149992017919434e-12,0.00032683515065861225,1000000.0,1022503.7616416359
0.00018543974063424916,0.00010196308774734197,-0.00228935732918939,318.85444201823935,0.0,0.029333298712548913,285.9091685819973,9.259355758026347e-17,0.0,3.5962256967671827e-06,95.3079440708742,1.3035806311732638e-15,1.6823777844328397e-14,5.99017694269143e-10,2.071937161636709e-25,2.1907667336123407e-16,2.4971613107495116,9.135716264488378e-12,0.0003268354404033723,1000000.0,1022441.791642378
0.00018556903112877776,0.00010196464672414741,0.026317392081634736,318.80106754929244,0.0,0.029331951704012812,285.89605465667574,9.25576838081417e-17,0.0,3.59606074704457e-06,95.30357253797852,1.3033674599979276e-15,1.681620138923908e-14,5.987557932738484e-10,0.0,2.1627410793110042e-16,2.4970467723143632,9.113943399077107e-12,0.0003268352321988476,1000000.0,1022221.8088466665
0.00018569832162330637,0.00010196986604922035,0.0542989858445803,318.7339997001075,0.0,0.029327446310020766,285.8521561570054,9.246574971929855e-17,0.0,3.5955085824667098e-06,95.28893895401069,1.3030147266998996e-15,1.6806768400268813e-14,5.984297801275835e-10,5.886469297371017e-25,2.1617310585003665e-16,2.4966633581086133,9.084870827410654e-12,0.00032683453532126867,1000000.0,1021846.8816847546
0.00018582761211783494,0.00010197865195832331,0.08145656148893009,318.65363017693835,0.0,0.029319865346413915,285.7782802638187,9.231843212077068e-17,0.0,3.5945793559240118e-06,95.26431239304794,1.3025169400852103e-15,1.67955331509956e-14,5.980414882909075e-10,2.7790087754031535e-25,2.1439823915025707e-16,2.496018118136143,9.048764401670932e-12,0.00032683336264620875,1000000.0,1021321.2702909508
0.00018595690261236355,0.00010199088550405263,0.1075996851412936,318.5604474812974,0.0,0.029309314540876243,285.6754574786076,9.211694454068881e-17,0.0,3.5932860292811366e-06,95.23003637320534,1.3018698775381117e-15,1.6782563470079608e-14,5.975932129400607e-10,0.0,2.0911688621459016e-16,2.495120052907398,9.005953757766443e-12,0.0003268317305014204,1000000.0,1020650.3740739385
0.00018608619310689215,0.00010200642374246654,0.13254783369165415,318.45503175608945,0.0,0.02929592132996628,285.5449298984745,9.186301306620906e-17,0.0,3.59164422589687e-06,95.1865249480853,1.3010706319436996e-15,1.6767939925039757e-14,5.97087684972402e-10,8.230181721603141e-25,2.0834670401795182e-16,2.4939800110315566,8.9568267379467e-12,0.00032682965848988935,1000000.0,1019840.6682672608
0.00018621548360142075,0.00010202510110430707,0.15613175423421408,318.3380488715815,0.0,0.029279833463211308,285.3881376105191,9.155884422843289e-17,0.0,3.589672059489851e-06,95.13425817134099,1.3001176418116993e-15,1.675175493650398e-14,5.965280411921254e-10,2.0178715771795638e-25,2.0693344134967261e-16,2.4926105703836443,8.90182305837765e-12,0.00032682716928573654,1000000.0,1018899.630582264
0.00018634477409594936,0.00010204673093300154,0.17819468569141364,318.2102438387001,0.0,0.02926121743772266,285.2067034343051,9.120708587926772e-17,0.0,3.5873899422261115e-06,95.07377701057075,1.299010703818786e-15,1.673411173383089e-14,5.959177911714677e-10,0.0,1.9977192720959926e-16,2.491025904843607,8.84142739298812e-12,0.0003268242884060556,1000000.0,1017835.6592620749
0.00018647406459047796,0.00010207110717071147,0.19859343301701657,318.0724336425769,0.0,0.0292402567882175,285.0024162549641,9.08107822582401e-17,0.0,3.584820375079344e-06,95.00567779140128,1.2977509675195693e-15,1.6715123302172827e-14,5.952607813077547e-10,9.931220271938746e-25,1.9811816550935283e-16,2.4892416387258502,8.776162052960027e-12,0.00032682104396197163,1000000.0,1016657.9839146578
0.00018660335508500654,0.00010209800617326569,0.21719928773652514,317.9254995915015,0.0,0.029217150258013788,284.77721319613,9.037332454963673e-17,0.0,3.581987723598322e-06,94.93060625482757,1.2963409124594736e-15,1.6694911172445318e-14,5.945611566071434e-10,0.0,1.9646697628785373e-16,2.487274691075739,8.706579443413597e-12,0.00032681746639228923,1000000.0,1015376.5705381014
0.00018673264557953514,0.00010212718863407481,0.23389879017832763,317.77037927861716,0.0,0.029192109877188177,284.53316088797334,8.989839821964596e-17,0.0,3.5789179822922958e-06,94.8492513129043,1.294784308320263e-15,1.667360427273473e-14,5.938233207358058e-10,0.0,1.8939675450284455e-16,2.485143112062609,8.633254472214927e-12,0.0003268135881831659,1000000.0,1014002.0221764625
0.00018686193607406375,0.00010215840159633336,0.24859433055549127,317.60805825589796,0.0,0.02916535897444325,284.27243608908304,8.938992844101155e-17,0.0,3.575638530888933e-06,94.76233858904146,1.2930861590831898e-15,1.6651337625617184e-14,5.930518948836873e-10,9.712333684373428e-26,1.8692836636485476e-16,2.482865913729195,8.556777066311654e-12,0.00032680944357732456,1000000.0,1012545.4766531248
0.00018699122656859235,0.00010219138053251819,0.26120458932647767,317.4395615173354,0.0,0.029137130148877057,283.9973059174949,8.885202488552728e-17,0.0,3.5721778856760475e-06,94.67062382800958,1.2912526325720155e-15,1.6628251144547758e-14,5.9225167597556e-10,9.379065047792855e-26,1.8297477212400468e-16,2.480462897327323,8.477744998378414e-12,0.0003268050682762188,1000000.0,1011018.5027904212
0.00018712051706312095,0.00010222585147046594,0.27166481927634994,317.26594488894085,0.0,0.0291076632267565,283.71010793553114,8.828892712190134e-17,0.0,3.568565449004509e-06,94.57488625721224,1.2892909769829878e-15,1.6604488368064534e-14,5.91427594738972e-10,9.71853581499921e-26,1.7895488264562736e-16,2.477954479376766,8.396757012535488e-12,0.0003268004991385937,1000000.0,1009432.996465398
0.00018724980755764953,0.0001022615331459364,0.27992697460422405,317.0882864159864,0.0,0.029077203226800043,283.4132303175609,8.770495172672379e-17,0.0,3.5648312598341637e-06,94.47592197560047,1.287209426291108e-15,1.6580195213027826e-14,5.905846741034691e-10,9.174174816955777e-26,1.740115890969557e-16,2.475361518448332,8.314406543883278e-12,0.0003267957738786226,1000000.0,1007801.0777454963
0.00018737909805217814,0.00010229813916236986,0.2859596941094414,316.9076778308249,0.0,0.029045998355576096,283.109092311275,8.71044420581359e-17,0.0,3.561005747971638e-06,94.37453744043049,1.2850170965754896e-15,1.6555518782613405e-14,5.897279883645425e-10,1.20048704242177e-25,1.7162769776260244e-16,2.4727051445105537,8.231275988602317e-12,0.00032679093076654937,1000000.0,1006134.9902286736
0.00018750838854670674,0.00010233538013949561,0.2897481467002235,316.72521617890544,0.0,0.029014298052492997,282.80012518231104,8.64917214849953e-17,0.0,3.5571194943878225e-06,94.27154311514617,1.2827238753721843e-15,1.653060620479259e-14,5.888626235005676e-10,9.167396112681609e-26,1.671102019975932e-16,2.470006592497994,8.14793159867999e-12,0.0003267860083345586,1000000.0,1004447.0035878281
0.00018763767904123534,0.00010237296583357267,0.291293748677676,316.5419956740399,0.0,0.028982351101525097,282.4887538093351,8.58710507147354e-17,0.0,3.5532029997169343e-06,94.1677473340917,1.2803403061864497e-15,1.6505603514286773e-14,5.879936389819155e-10,1.2648139191891526e-25,1.649369073264986e-16,2.467287041560725,8.064919084652701e-12,0.0003267810450903665,1000000.0,1002749.3201846002
0.00018776696953576395,0.00010241060721334662,0.2906137633779391,316.3590998437421,0.0,0.02895040382433099,282.1773790724341,8.524658961376276e-17,0.0,3.549286462734008e-06,94.06395043167453,1.277877470228515e-15,1.6480654604827486e-14,5.871260313595916e-10,1.5135790874810812e-26,1.5675361938712378e-16,2.4645674612426536,7.982759871893296e-12,0.0003267760792406572,1000000.0,1001053.9864662617
0.00018789626003029255,0.00010244801847723608,0.2877407944379796,316.17759401827215,0.0,0.02891869836686514,281.8683611527716,8.462236384311369e-17,0.0,3.5453995702944544e-06,93.96093917529848,1.2753468673751435e-15,1.6455900247498694e-14,5.862646998678427e-10,2.3100697694888024e-25,1.6049834029999806e-16,2.46186846561893,7.901948077148512e-12,0.0003267711484262386,1000000.0,999372.8097172918
0.00018802555052482113,0.00010248491899874572,0.2827221841951614,315.99851820777025,0.0,0.028887471089063813,281.5640038368922,8.400223641068447e-17,0.0,3.5415712999102985e-06,93.85948153319701,1.2727602982027435e-15,1.643147717265455e-14,5.854144142234548e-10,1.2386108289393643e-25,1.5320220022615888e-16,2.4592101762080607,7.822948111024932e-12,0.0003267662894704648,1000000.0,997717.2805922857
0.00018815484101934973,0.00010252103518860465,0.275619328966376,315.82288040413715,0.0,0.028856951064764692,281.2665398954599,8.338988418482101e-17,0.0,3.5378297358408714e-06,93.76032180042925,1.2701297487836728e-15,1.6407517232456832e-14,5.845797847549007e-10,6.003811043134698e-25,1.641946510911235e-16,2.4566120942682423,7.746192965690553e-12,0.0003267615381422016,1000000.0,996098.5017234932
0.00018828413151387833,0.00010255610226359955,0.2665069222486282,315.6516503341884,0.0,0.02882735869676272,280.97811758421807,8.278877905430607e-17,0.0,3.534201899299042e-06,93.66417609896916,1.2674672796573375e-15,1.6384146639758713e-14,5.837652349490039e-10,0.0,1.1962020727262622e-16,2.454092982895296,7.67208292723587e-12,0.0003267569289342508,1000000.0,994527.1225647498
0.00018841342200840694,0.00010258986591351338,0.25547213705230565,315.48575368538,0.0,0.028798904449833677,280.70078829476404,8.220217360085112e-17,0.0,3.5307135931200678e-06,93.57172826108618,1.264784920229764e-15,1.636148527887126e-14,5.829749764606571e-10,1.6670802254269516e-24,2.005450005105783e-16,2.451670759163217,7.600984982743692e-12,0.000326752494857976,1000000.0,993013.2805281485
0.00018854271250293554,0.00010262208385897788,0.24261375785915093,315.32606681829,0.0,0.028771787702690205,280.4364953645618,8.163309091714106e-17,0.0,3.5273892610115707e-06,93.48362609915785,1.2620945696115368e-15,1.6339646094621966e-14,5.822129865938414e-10,0.0,0.0,2.4493623963896205,7.533232559566291e-12,0.00032674826725461245,1000000.0,991566.5483697491
0.00018867200299746415,0.0001026525272943674,0.22804127195977897,315.1734119722437,0.0,0.028746195718219823,280.18706403981105,8.108431821249742e-17,0.0,3.5242518613043936e-06,93.40047805978817,1.2594079046717186e-15,1.6318734557358308e-14,5.814829882300017e-10,6.1989751983773986e-24,4.997437152815448e-16,2.4471838364703666,7.469125662378823e-12,0.0003267442756235031,1000000.0,990195.8876910042
0.00018880129349199272,0.00010268098221106437,0.2118739289361491,315.0285529675912,0.0,0.028722302729995423,279.95419257168555,8.055840368511815e-17,0.0,3.521322754959233e-06,93.32285025573465,1.2567362958602407e-15,1.6298848194874228e-14,5.8078843215329e-10,0.0,0.0,2.4451499121131555,7.408931346257137e-12,0.00032674054746732365,1000000.0,988909.6083622255
0.00018893058398652133,0.00010270725059753032,0.1942397767131989,314.89219139792715,0.0,0.028700269141990715,279.73944441582853,8.005765621045778e-17,0.0,3.5186216074501847e-06,93.25126386560689,1.2540907311431116e-15,1.6280076193118716e-14,5.801324817009028e-10,2.450135167384116e-23,1.8101384155750506e-15,2.443274278707074,7.352884420794957e-12,0.00032673710815421146,1000000.0,987715.333603365
0.00018905987448104993,0.00010273115151358234,0.17527468069087343,314.76496331526454,0.0,0.028680240837557734,279.54424149710485,7.958414741060857e-17,0.0,3.516166304047525e-06,93.18619288866869,1.251481748207556e-15,1.626249906532621e-14,5.7951799965118e-10,0.0,0.0,2.441569355496242,7.301188343384572e-12,0.00032673398079659585,1000000.0,986619.9704627247
0.00018918916497557853,0.00010275252203719236,0.15512133369137843,314.6474363805274,0.0,0.02866234859323527,279.3698584955916,7.913971562901654e-17,0.0,3.5139728779454123e-06,93.12806224007072,1.2489193749296684e-15,1.6246188378021977e-14,5.789475372505495e-10,1.0497888332485683e-22,6.53796413117123e-15,2.4400462756730024,7.25401623182219e-12,0.00032673118614641987,1000000.0,985629.6853213168
0.00018931845547010714,0.0001027712180828051,0.13392825930993627,314.5401075045277,0.0,0.02864670759242838,279.21741810706453,7.872597136740941e-17,0.0,3.5120554506478504e-06,93.07724617093152,1.246413077953809e-15,1.6231206531948603e-14,5.784233252755931e-10,0.0,0.0,2.4387148449825724,7.211511963874321e-12,0.00032672874250638155,1000000.0,984749.8842163783
0.00018944774596463572,0.00010278711509092551,0.11184881787127227,314.4434009050881,0.0,0.028633417034234762,279.0878872290725,7.834430372508956e-17,0.0,3.510426183995592e-06,93.0340669969638,1.2439717191025031e-15,1.6217606600458304e-14,5.779472670229707e-10,2.884444920036071e-23,1.100454656309911e-15,2.437583508411702,7.17379124677808e-12,0.00032672666565676647,1000000.0,983985.1974653688
0.00018957703645916432,0.00010280010858924697,0.08904021432198517,314.3576666302993,0.0,0.028622559832091637,278.98207402446064,7.799588755740891e-17,0.0,3.509095243230698e-06,92.99879411959864,1.241603519247881e-15,1.620543221653233e-14,5.775209331219802e-10,1.5503602049186757e-22,6.2930780379785254e-15,2.4366593245412513,7.140942823650753e-12,0.00032672496879741563,1000000.0,983339.4684803062
0.00018970632695369292,0.00010281011462590551,0.06566251188726377,314.2831795193738,0.0,0.02861420239792679,278.90062581749646,7.768169092632649e-17,0.0,3.5080707705341644e-06,92.97164332465827,1.23931602919077e-15,1.619471749919556e-14,5.771455580725522e-10,0.0,0.0,2.4359479471707446,7.11302938096904e-12,0.00032672366250440725,1000000.0,982815.7464389324
0.00018983561744822153,0.00010281707007589519,0.04187765700723971,314.2201385496601,0.0,0.02860839450749247,278.84402778061707,7.740248252774624e-17,0.0,3.5073588685071965e-06,92.95277634458269,1.237116107040713e-15,1.618548702762864e-14,5.7682203841779e-10,0.0,0.0,2.435453613848213,7.0900885754139014e-12,0.0003267227547010255,1000000.0,982416.2824321172
0.00018996490794275013,0.0001028209328220868,0.017848515707526574,314.1686665837166,0.0,0.028605169242785253,278.81260237354417,7.715883889934131e-17,0.0,3.5069635931159364e-06,92.9423006714583,1.2350099015529677e-15,1.617775585523686e-14,5.76550932468349e-10,1.8854526856203273e-22,5.029469029693444e-15,2.4351791409714094,7.0721339093208144e-12,0.0003267222506425987,1000000.0,982142.5289420616
0.00019009419843727873,0.00010282168181243329,-0.006262078402544225,314.12881052478997,0.0,0.028604543008410463,278.80650950275606,7.695115121335156e-17,0.0,3.5068869556977146e-06,92.94026961017806,1.2330028408656056e-15,1.6171529558121632e-14,5.763324615093765e-10,0.0,0.0,2.4351259251806576,7.059155460396045e-12,0.0003267221529148426,1000000.0,981995.1425261226
0.0001902234889318073,0.0001028193169951017,-0.03029226071629833,314.1005418372155,0.0,0.02860651561926378,278.8257473756237,7.677963145438437e-17,0.0,3.5071289337044973e-06,92.94668256316814,1.2310996260792926e-15,1.616680432012254e-14,5.761665124342157e-10,0.0,0.0,2.4352939508189215,7.05112050449823e-12,0.0003267224614453996,1000000.0,981973.9894558664
0.00019035277942633591,0.00010281385913349259,-0.05408205628403909,314.0837574313927,0.0,0.028611070457357796,278.8701540293545,7.664431785255153e-17,0.0,3.507687489934079e-06,92.96148554006186,1.229304229125981e-15,1.6163567053091815e-14,5.760526417613608e-10,2.849172499968587e-22,4.947872005054606e-15,2.4356818032858114,7.047974020341551e-12,0.0003267231735283053,1000000.0,982078.1542337862
0.00019048206992086452,0.00010280534950324202,-0.07747428458039922,314.0782809229174,0.0,0.028618174696546254,278.93940952135364,7.654507951186635e-17,0.0,3.5085586000812164e-06,92.98457188785775,1.2276198943916007e-15,1.6161795549732097e-14,5.759900810045977e-10,0.0,0.0,2.4362866881684386,7.049639065525061e-12,0.0003267242838611648,1000000.0,982305.950979825
0.00019061136041539312,0.00010279384947347906,-0.1003154451946986,314.08386423234333,0.0,0.028627779594391112,279.033038773499,7.648162019767699e-17,0.0,3.509736288513375e-06,93.01578323905973,1.2260491435901869e-15,1.6161458669486235e-14,5.759777433784649e-10,0.0,0.0,2.4371044560835657,7.0560170290750915e-12,0.00032672578459486454,1000000.0,982654.9375796125
0.00019074065090992173,0.0001027794399748129,-0.12245658382150135,314.10018953027867,0.0,0.02863982085080925,279.15041506817784,7.645348128637749e-17,0.0,3.5112126722443933e-06,93.05491067708238,1.2245937834249695e-15,1.6162516558336673e-14,5.760142318321748e-10,4.370704713280117e-22,4.978112629218886e-15,2.4381296332124114,7.0669877965839354e-12,0.00032672766539568085,1000000.0,983121.9326401032
0.00019086994140445033,0.00010276222085664695,-0.14375413821269073,314.1268715420541,0.0,0.028654219033965783,279.2907641994585,7.646004392341573e-17,0.0,3.5129780131491395e-06,93.10169612004591,1.2232549156168516e-15,1.616492090218436e-14,5.76097848416366e-10,0.0,0.0,2.4393554575574297,7.082409832779649e-12,0.00032672991351968817,1000000.0,983703.0353613177
0.0001909992318989789,0.00010274231013665506,-0.1640707601487348,314.1634601788721,0.0,0.028670880074193866,279.4531692867817,7.650053045644812e-17,0.0,3.515020778511037e-06,93.15583392542216,1.2220329489282813e-15,1.6168615214542896e-14,5.762266049951195e-10,0.0,0.0,2.4407739209855634,7.102120192257937e-12,0.00032673251389939194,1000000.0,984393.6483096781
0.0001911285223935075,0.00010271984314558905,-0.1832761117355051,314.2094435006798,0.0,0.028689695826818483,279.63657626109847,7.657400525724678e-17,0.0,3.5173277100276354e-06,93.21697271884108,1.2209276128590575e-15,1.6173535160376113e-14,5.763982353206074e-10,6.383213808435772e-22,4.804013160212224e-15,2.4423758171448022,7.125934511657736e-12,0.0003267354492425094,1000000.0,985188.5032192478
0.00019125781288803611,0.00010269497157087019,-0.2012476344886453,314.2642510261266,0.0,0.02871054470524638,279.83980003554876,7.667937508721005e-17,0.0,3.519883901427016e-06,93.28471745108905,1.2199379727467303e-15,1.617960891689288e-14,5.766102084918242e-10,0.0,0.0,2.4441507953595503,7.1536469998244925e-12,0.0003267387001428202,1000000.0,986081.6899962517
0.00019138710338256472,0.00010266786240280349,-0.2178712862428498,314.32725735812596,0.0,0.028733292385623745,280.0615313732133,7.681538917175203e-17,0.0,3.5226728848517184e-06,93.358631687477,1.219062446063168e-15,1.618675757231431e-14,5.768597438193747e-10,0.0,0.0,2.4460874206142686,7.185030447477257e-12,0.00032674224520298805,1000000.0,987066.6889632669
0.00019151639387709332,0.00010263869678773517,-0.23304224275527263,314.3977861286151,0.0,0.02875779258407787,280.3003444631699,7.698063918417914e-17,0.0,3.5256767261517803e-06,93.43824013332184,1.2182988197549377e-15,1.61948955645517e-14,5.771438271151812e-10,8.416330120279194e-22,4.233006841196716e-15,2.4481732397235967,7.2198363179793106e-12,0.00032674606116920695,1000000.0,988136.4064914149
0.00019164568437162193,0.00010260766879295253,-0.24666556072094475,314.47511427160606,0.0,0.028783887907578208,280.5547052137504,7.717355937249023e-17,0.0,3.5288761291993487e-06,93.52303139850741,1.2176442685337705e-15,1.6203931160641576e-14,5.774592284207032e-10,0.0,0.0,2.4503948537665527,7.2577949421205444e-12,0.0003267501230774721,1000000.0,989283.2141819524
0.0001917749748661505,0.00010257498408870424,-0.2586567961481138,314.5584765917833,0.0,0.02881141077889928,280.8229802676434,7.739242706875663e-17,0.0,3.532250549282447e-06,93.61246100267283,1.2170953740830475e-15,1.621376697755634e-14,5.778025211781025e-10,0.0,0.0,2.4527379968253675,7.298615846305449e-12,0.00032675440441119866,1000000.0,990498.9916124968
0.0001919042653606791,0.00010254085855337999,-0.2689425735016047,314.64707062602093,0.0,0.02884018443541757,281.1034467374027,7.763536384422957e-17,0.0,3.535778315560093e-06,93.70595462054833,1.2166481452026027e-15,1.6224300545464264e-14,5.781701028358593e-10,9.559302078571077e-22,3.2728152622094368e-15,2.4551876210164942,7.34198827458051e-12,0.00032675887726981145,1000000.0,991775.172736103
0.0001920335558552077,0.000102505516808549,-0.27746110072659075,314.7400617950274,0.0,0.028870024000964268,281.39430265266793,7.79003375885456e-17,0.0,3.5394367624698577e-06,93.80291156454072,1.2162980389706996e-15,1.623542491324103e-14,5.785582168650648e-10,0.0,0.0,2.4577279877377514,7.387581927472523e-12,0.000326763512547818,1000000.0,993102.7959922048
0.00019216284634973631,0.00010246919069128382,-0.28416262348928556,314.8365888090968,0.0,0.028900737628914437,281.6936781014238,7.818516578447577e-17,0.0,3.543202369864894e-06,93.90270849867707,1.216039983056223e-15,1.624702929552668e-14,5.78962976143893e-10,0.0,0.0,2.460342764977245,7.43504794774854e-12,0.0003267682801237528,1000000.0,994472.5580453103
0.00019229213684426492,0.00010243211767197049,-0.289009813040893,314.9357693136672,0.0,0.02893212771352839,281.9996470371043,7.848752025269936e-17,0.0,3.5470509115260822e-06,94.00470337450787,1.2158683993618256e-15,1.625899976053402e-14,5.793803876459374e-10,8.989590418210634e-22,2.165112869688131e-15,2.4630151304379098,7.48402020034652e-12,0.00032677314905823405,1000000.0,995874.8710908222
0.0001924214273387935,0.00010239453922657131,-0.29197808195951946,315.0367057556799,0.0,0.028963992165561277,282.3102397118062,7.880493363206942e-17,0.0,3.550957611549742e-06,94.1082395757241,1.2157772292222063e-15,1.6271219956431948e-14,5.798063783443173e-10,0.0,0.0,2.4657278801305287,7.534116860894423e-12,0.0003267780878002213,1000000.0,997299.9236011041
0.0001925507178333221,0.00010235669917308024,-0.29305582140074005,315.1384914277646,0.0,0.02899612574675851,282.6234556832627,7.913480784405181e-17,0.0,3.5548973079519987e-06,94.21265025403748,1.2157599604202056e-15,1.628357187341263e-14,5.802368222176084e-10,1.6018484267272933e-21,2.3471454927019227e-15,2.4684635419780077,7.584942338223051e-12,0.00032678306440039813,1000000.0,998737.7442508981
0.0001926800083278507,0.00010231884198267205,-0.2922445543105224,315.2402166702478,0.0,0.02902832145640486,282.937277329831,7.947442470710739e-17,0.0,3.5588446226633395e-06,94.3172628344074,1.2158096563041022e-15,1.6295936637932424e-14,5.806675682164381e-10,0.0,0.0,2.471204493856768,7.636089514877053e-12,0.0003267880467304738,1000000.0,1000178.2687721214
0.0001928092988223793,0.00010228121107678901,-0.28955899884217295,315.3409751634052,0.0,0.029060371961927102,283.24968379378,7.982095892981246e-17,0.0,3.562774136909666e-06,94.42140366304189,1.2159189873102973e-15,1.6308195334553583e-14,5.810944690211801e-10,7.234882735122422e-21,1.1006497266490823e-14,2.47393308537885,7.687142391185817e-12,0.0003267930027069651,1000000.0,1001611.4092697619
0.0001929385893169079,0.00010224404712202638,-0.28502703832204407,315.4398703235995,0.0,0.029092071063693412,283.55866525969094,8.01714935906202e-17,0.0,3.5666605708099177e-06,94.52440276710844,1.2160802651985009e-15,1.632022984967281e-14,5.815134103941478e-10,0.0,0.0,2.476631762601102,7.737679027318643e-12,0.0003267979005178953,1000000.0,1003027.1257248503
0.00019306787981143651,0.0001022075863352699,-0.27868959216792627,315.536021663131,0.0,0.02912321518354952,283.86223746120316,8.052303813107154e-17,0.0,3.5704789658436903e-06,94.62559869056412,1.2162854803002017e-15,1.6331923730326425e-14,5.819203409026912e-10,2.3898044597783372e-20,3.044232014477279e-14,2.479283194728461,7.7872747943506e-12,0.00032680270885073094,1000000.0,1004415.4988505893
0.00019326471863659087,0.00010215394321046437,-0.26569904246935205,315.675212933392,0.0,0.02916911692104516,284.3096579286853,8.105331689499459e-17,0.0,3.576106714637978e-06,94.77474649510647,1.216663516257557e-15,1.634881716647921e-14,5.82507920535266e-10,0.0,0.0,2.4831910130199017,7.860021435438085e-12,0.00032680978881874725,1000000.0,1006454.881085579
0.0001934615574617452,0.0001021032369752255,-0.24889576481928707,315.8031701473555,0.0,0.029212594203632616,284.73344761680903,8.156802941554623e-17,0.0,3.5814372305169576e-06,94.9160169692034,1.2170938641800833e-15,1.6364271908399684e-14,5.830451230287506e-10,6.938429520979826e-21,8.577813909425945e-15,2.4868924375525183,7.928136780691574e-12,0.0003268164872879556,1000000.0,1008375.3757445462
0.00019365839628689954,0.0001020561888355884,-0.22858749526742272,315.91720438362086,0.0,0.029253012064387626,285.127417521274,8.205637752189171e-17,0.0,3.586392666881054e-06,95.04734700561538,1.2175453963861385e-15,1.637792723416884e-14,5.835194506482392e-10,0.0,0.0,2.4903334128997114,7.990210139706332e-12,0.0003268227076999156,1000000.0,1010145.9883916058
0.00019379993089360987,0.00010202498986606644,-0.2120218150145519,315.9892179711121,0.0,0.02927985531038485,285.3890711278538,8.23853142086271e-17,0.0,3.589683801004593e-06,95.13456934742882,1.2178654814050437e-15,1.6386448264536176e-14,5.838152303982184e-10,8.242571094162415e-26,1.5202794459178413e-16,2.4926187235270856,8.03036673705229e-12,0.0003268268353045596,1000000.0,1011310.4855604706
0.00019394146550032017,0.00010199624147829217,-0.19398483516335652,316.0519523467345,0.0,0.029304619065795918,285.6304561523751,8.269142230852792e-17,0.0,3.5927199926367185e-06,95.21503514871235,1.2181684686476326e-15,1.6393757880658275e-14,5.840687808310783e-10,4.091241081790385e-24,1.5620601775887087e-16,2.4947270061871527,8.066265643682866e-12,0.0003268306405205752,1000000.0,1012373.1961058578
0.0001940830001070305,0.00010197014040685859,-0.17464162446573137,316.1046789212026,0.0,0.02932712648617349,285.8498488904092,8.297114313383981e-17,0.0,3.595479560660863e-06,95.28816981185503,1.2184427437258157e-15,1.639975701660855e-14,5.842766797844329e-10,0.0,1.4783135103345093e-16,2.4966432058607766,8.097497002992345e-12,0.0003268340967856126,1000000.0,1013325.4962376282
0.0001942245347137408,0.00010194685920356903,-0.15416821419822968,316.14676159945367,0.0,0.029347221574397148,286.04572883397975,8.322115392197112e-17,0.0,3.597943379807784e-06,95.35346647487059,1.2186769110166225e-15,1.6404358879121814e-14,5.844359301957624e-10,5.001543109052518e-24,1.5871929464176768e-16,2.4983540422683945,8.123697537729831e-12,0.00032683718075562283,1000000.0,1014159.7888515117
0.00019436606932045111,0.00010192654480612416,-0.13274990134216771,316.177662511945,0.0,0.02936477068610103,286.21679334506945,8.343841560234797e-17,0.0,3.6000950652221613e-06,95.41049090281713,1.2188599020748746e-15,1.6407489805397563e-14,5.845439886683022e-10,0.0,1.5520423077665105e-16,2.4998481380300013,8.14455593670978e-12,0.00032683987251548574,1000000.0,1014869.579718601
0.0001945076039271614,0.00010190931737985393,-0.11057938890687924,316.19694668489825,0.0,0.02937966377914028,286.3619698343707,8.362021839464768e-17,0.0,3.6019211256498403e-06,95.45888554758886,1.2189810874186098e-15,1.640908996613942e-14,5.84598788801209e-10,0.0,1.5557157837793005e-16,2.5011161250356717,8.15981753019975e-12,0.0003268421557522947,1000000.0,1015449.5408611175
0.0001946491385338717,0.00010189526941299856,-0.0878548945715154,316.20428564843667,0.0,0.029391815415144733,286.48042552358805,8.376422172145515e-17,0.0,3.6034110862302086e-06,95.49837280218382,1.21903038730525e-15,1.6409113919702957e-14,5.845987595017638e-10,1.3120126564186932e-24,1.5767467513802221e-16,2.502150729710557,8.169288087019246e-12,0.00032684401789114984,1000000.0,1015895.5612027753
0.00019479067314058204,0.00010188446506529342,-0.0647782487543623,316.19945997419916,0.0,0.029401165505925718,286.57157472078256,8.386848798103231e-17,0.0,3.604557580006884e-06,95.52875742594308,1.2189983794447859e-15,1.640753101147412e-14,5.845428381591331e-10,0.0,1.55662389165503e-16,2.5029468365585226,8.172836695141036e-12,0.00032684545019306813,1000000.0,1016204.784057697
0.00019493220774729233,0.0001018769397869412,-0.041552950666570235,316.18236069902576,0.0,0.029407679784001998,286.63508340673656,8.393151071559551e-17,0.0,3.6053564056158632e-06,95.54992807341732,1.2188764029275108e-15,1.640432560580137e-14,5.84430478275004e-10,1.710538866700834e-25,1.5587828968378646e-16,2.5035015282199407,8.170397563550591e-12,0.000326846447813424,1000000.0,1016375.6304741744
0.00019507374235400266,0.00010187270022158023,-0.018382185298734276,316.15298958862087,0.0,0.02941134998119434,286.6708709759198,8.39522365751722e-17,0.0,3.6058065491837953e-06,95.56185787471874,1.2186566569485468e-15,1.6399497142011145e-14,5.842616512518409e-10,1.9552701023402856e-25,1.553754286454192e-16,2.5038141006774812,8.161970723017117e-12,0.0003268470098192546,1000000.0,1016407.8076424287
0.00019521527696071296,0.00010187172439359483,0.004533153839664197,316.1114582275097,0.0,0.029412193712590424,286.6791091057272,8.393007969099815e-17,0.0,3.6059101701050777e-06,95.56460405858088,1.2183322918708771e-15,1.6393060013624103e-14,5.840368423192009e-10,8.173208540117012e-26,1.5448724422302513e-16,2.5038860533799103,8.147621591161725e-12,0.00032684713916489674,1000000.0,1016302.3021872024
0.00019535681156742325,0.0001018739621712857,0.02699639094935651,316.05798595985647,0.0,0.02941025407278936,286.66021782130446,8.386492761631416e-17,0.0,3.6056725515444136e-06,95.55830664056658,1.217897490078989e-15,1.6385043275624567e-14,5.837570407697857e-10,7.043595720062552e-26,1.5334453652729646e-16,2.503721054871858,8.127479411805537e-12,0.0003268468426267738,1000000.0,1016061.3586684547
0.00019549834617413358,0.00010187933599558562,0.04881691936591879,315.99289672804076,0.0,0.02940559895485841,286.6148588576454,8.375713891675298e-17,0.0,3.6051020169438494e-06,95.54318621032029,1.217347534682612e-15,1.6375490187069452e-14,5.834237247395193e-10,1.0555259141442304e-25,1.521674813530064e-16,2.503324884817665,8.101734627139109e-12,0.0003268461306989504,1000000.0,1015688.4438520655
0.00019563988078084388,0.00010188774186404334,0.06981196495556816,315.91661486412136,0.0,0.02939832010422714,286.54392643813014,8.360753284218479e-17,0.0,3.6042098140332765e-06,95.51954085758986,1.2166788646554363e-15,1.6364457597560512e-14,5.830388407972558e-10,1.0801636730844488e-25,1.5064283737554955e-16,2.5027053534601467,8.070635262912158e-12,0.0003268450174513778,1000000.0,1015188.1974423028
0.0001957814153875542,0.00010189905055766814,0.08980824365774728,315.82965989710993,0.0,0.029388531923237066,286.44853562270754,8.341737142580834e-17,0.0,3.603009968271411e-06,95.48774228808799,1.2158891151947138e-15,1.6352015188283542e-14,5.826047786792433e-10,9.211303597619022e-26,1.490138879186918e-16,2.501872199852367,8.03448243134575e-12,0.00032684352035303096,1000000.0,1014566.3701507073
0.0001959229499942645,0.0001019131090941754,0.10864349035677628,315.73264045334366,0.0,0.029376370046983406,286.3300084268586,8.318833440255005e-17,0.0,3.6015191082472163e-06,95.44823119624289,1.21497714223783e-15,1.6338244581344175e-14,5.821243416010705e-10,8.820547335498684e-26,1.470881681972081e-16,2.500836970619183,7.993625081236828e-12,0.00032684166006264833,1000000.0,1013829.7502238104
0.00019606448460097483,0.0001019297423874238,0.12616783916073893,315.6262473438431,0.0,0.02936198971544235,286.18985795494376,8.292248765184402e-17,0.0,3.599756266105802e-06,95.40151197604271,1.213943030413463e-15,1.6323238333719696e-14,5.816007126633317e-10,9.221725715902958e-26,1.451986568706977e-16,2.4996128813761938,7.948454143629595e-12,0.0003268394601903699,1000000.0,1012986.0797803156
0.00019620601920768512,0.00010194875509062765,0.14224504194168694,315.5112459443019,0.0,0.029345563969561027,286.02977081770086,8.26222461801244e-17,0.0,3.597742656392009e-06,95.34814685990095,1.2127880841977295e-15,1.630709883365682e-14,5.810374179160423e-10,9.223178462736806e-26,1.4292713734473012e-16,2.498214663162291,7.899396233189474e-12,0.0003268369470339906,1000000.0,1012043.9624546553
0.00019634755381439542,0.00010196993359985103,0.15675351667082663,315.38846797874004,0.0,0.02932728170033449,285.85158811679315,8.229033277655021e-17,0.0,3.595501436870051e-06,95.2887495798474,1.2115148025262637e-15,1.6289937118007342e-14,5.80438286669584e-10,8.610033907606324e-26,1.4090115774638904e-16,2.496658396356658,7.846907068963528e-12,0.000326834149293736,1000000.0,1011012.7639145341
0.00019648908842110575,0.00010199304819344252,0.16958721903877305,315.2588028201138,0.0,0.02930734558068662,285.65728528703266,8.192973346874651e-17,0.0,3.5930574549747545e-06,95.22397864792458,1.2101268375045825e-15,1.6271871629329275e-14,5.798074096525125e-10,8.315549938106998e-26,1.3821371762853443e-16,2.4949613346185924,7.791464774991e-12,0.00032683109776954764,1000000.0,1009902.5068530288
0.00019663062302781604,0.00010201785528217215,0.18065633286315877,315.12318842297077,0.0,0.029285969910460036,285.4489510916579,8.154365090675267e-17,0.0,3.5904369836097493e-06,95.15453035425462,1.2086289381915477e-15,1.6253026931804866e-14,5.791490956230603e-10,7.690832634315429e-26,1.360088221396245e-16,2.49314172143001,7.733563218135884e-12,0.00032682782504492514,1000000.0,1008723.7620687798
0.00019677215763452637,0.00010204409974418576,0.18988777725125544,314.98260200348244,0.0,0.029263378404771983,285.2287660655811,8.113545678864655e-17,0.0,3.587667450002091e-06,95.08113158108648,1.2070268807518412e-15,1.6233532403813015e-14,5.784678270367922e-10,7.551145058018423e-26,1.3362651073820046e-16,2.491218601816456,7.673705493457182e-12,0.000326824365161389,1000000.0,1007487.5372300054
0.00019691369224123667,0.00010207151731888703,0.19722553317100053,314.83805058132305,0.0,0.029239801955109536,284.99898069290475,8.070864446640647e-17,0.0,3.584777161214468e-06,95.00453252826159,1.205327386554653e-15,1.6213520926753238e-14,5.777682153517063e-10,7.562456375511687e-26,1.3108035107383182e-16,2.489211631747196,7.612397754478763e-12,0.00032682075328757985,1000000.0,1006205.1648615925
0.00019705522684794696,0.000102099837034455,0.20263079415604954,314.6905614921946,0.0,0.029215476390904684,284.76189358909625,8.026678273592604e-17,0.0,3.5817950297160065e-06,94.92549944023257,1.203538030034758e-15,1.6193127584676765e-14,5.770549565167172e-10,7.84446874672768e-26,1.2839097001541294e-16,2.487140887575994,7.55014339762891e-12,0.00032681702538681973,1000000.0,1004888.1909917764
0.0001971967614546573,0.00010212878364464829,0.20608194838377464,314.5411729721321,0.0,0.029190640267226554,284.5198299377068,7.981347165351584e-17,0.0,3.578750302154784e-06,94.84480741793418,1.201667138271156e-15,1.617248839104485e-14,5.763327871451824e-10,6.825233440382798e-26,1.2630944361605744e-16,2.4850266777051044,7.487437749525643e-12,0.00032681321788668153,1000000.0,1003548.2657660859
0.0001973382960613676,0.00010215808005162887,0.2075744001885326,314.3909249079683,0.0,0.029165532701892195,284.27512040875473,7.935230108703327e-17,0.0,3.5756722941888125e-06,94.76323339121728,1.199723684309313e-15,1.6151739055291345e-14,5.756064418266983e-10,7.142083668740568e-26,1.2379564339037572e-16,2.482889358456171,7.424763279050903e-12,0.0003268093673538875,1000000.0,1002197.0372004453
0.0001974798306680779,0.00010218744969276689,0.20712024089199388,314.24084984157173,0.0,0.029140391282780516,284.03008076136064,7.888681265029381e-17,0.0,3.5725901339236945e-06,94.68154931937858,1.1977171762742206e-15,1.6131013801042177e-14,5.748806119785062e-10,4.732019056099875e-26,1.2206171317800637e-16,2.480749155917461,7.362585423558903e-12,0.00032680551017762063,1000000.0,1000846.0491026858
0.0001976213652747882,0.00010221661887094742,0.20474778178905054,314.09196430203235,0.0,0.02911545006333644,283.78699230595635,7.842046534702557e-17,0.0,3.5695325161621756e-06,94.60051567822958,1.1956575442489066e-15,1.6110444246721186e-14,5.741599065810755e-10,1.1064813764133575e-25,1.1783510246202066e-16,2.4786259952987004,7.301348950364011e-12,0.0003268016822638206,1000000.0,999506.6440187654
0.00019776289988149854,0.00010224531900968215,0.20050096124353567,313.9452605331873,0.0,0.029090937661320822,283.54808337281537,7.795660523509875e-17,0.0,3.5665274693114147e-06,94.5208752826232,1.193555026815375e-15,1.6090158354412922e-14,5.734488150832395e-10,8.954618373073497e-26,1.1643284718379635e-16,2.476539339075236,7.2414749654237194e-12,0.00032679791874283635,1000000.0,998189.8719058584
0.00019790443448820883,0.00010227328881612252,0.19443863821916973,313.80169867552326,0.0,0.029067075473024496,283.3155119059979,7.74984393354293e-17,0.0,3.563602136445968e-06,94.44334748413795,1.191420059034938e-15,1.607027945432687e-14,5.727516727052857e-10,2.3738469654527635e-25,1.1023200682733296e-16,2.4745080349616866,7.183358529264656e-12,0.00032679425369252195,1000000.0,996906.4050815459
0.00019804596909491913,0.00010230027633687227,0.18663378574666303,313.66219944557525,0.0,0.02904407601246272,283.09134927546785,7.704901356342878e-17,0.0,3.560782571693188e-06,94.36862277484023,1.1892631634118387e-15,1.6050925348618705e-14,5.720726283150588e-10,0.0,1.2121876260165587e-16,2.4725501745252396,7.127366647378832e-12,0.000326790719878267,1000000.0,995666.4598295308
0.00019818750370162946,0.0001023260408933212,0.17717259715707553,313.5276373524124,0.0,0.02902214138251793,282.87756537530043,7.66111947071487e-17,0.0,3.5580935527953404e-06,94.29735781976527,1.1870948452136967e-15,1.6032207497686964e-14,5.714156150012396e-10,7.191200925140545e-25,8.872337106843775e-17,2.4706829630317944,7.07383698774678e-12,0.00032678734851135827,1000000.0,994479.724923004
0.00019832903830833975,0.00010235035488504062,0.16615351761762498,313.3988344807127,0.0,0.029001461882649612,282.67601505299615,7.618765619934738e-17,0.0,3.555558410414658e-06,94.2301709331233,1.1849254932965475e-15,1.6014230289648095e-14,5.707843234218341e-10,0.0,1.6987596788857027e-16,2.468922600918144,7.023076903278071e-12,0.0003267841690267209,1000000.0,993355.29719787
0.00019847057291505008,0.00010237300545153219,0.15368621297728144,313.2765548612866,0.0,0.0289822147557046,282.4884258946084,7.578086746136702e-17,0.0,3.5531988744921148e-06,94.16763800646655,1.1827652873673193e-15,1.5997090392848217e-14,5.701821779652495e-10,3.1688215870041446e-24,0.0,2.4672841771059657,6.9753628731021665e-12,0.00032678120888076853,1000000.0,992301.6241977868
0.00019861210752176038,0.00010239379598427629,0.139890487293154,313.16149944153335,0.0,0.02896456307457769,282.31638737295947,7.539308636571707e-17,0.0,3.5510349377513826e-06,94.1102888912423,1.1806241123915877e-15,1.5980876191042833e-14,5.696123157266104e-10,0.0,5.150985786051103e-16,2.46578157422118,6.930940302499272e-12,0.0003267784933698447,1000000.0,991326.4538185375
0.00019875364212847068,0.0001024125474825617,0.12489515943292724,313.0543016658923,0.0,0.02894865476798349,282.1613413518353,7.502635445996431e-17,0.0,3.549084736258636e-06,94.05860423336226,1.1785114806354013e-15,1.5965667299097178e-14,5.690775682734979e-10,1.4253218470649137e-23,0.0,2.46442738565657,6.890023582678398e-12,0.0003267760454695484,1000000.0,990436.7908192287
0.000198895176735181,0.00010242909974801244,0.10883690866781265,312.95552366309505,0.0,0.028934621783446385,282.0245739274858,7.46824945930586e-17,0.0,3.5473644468031343e-06,94.0130127535631,1.1764364616323578e-15,1.5951534156240493e-14,5.685804461526687e-10,0.0,2.1466093854547453e-15,2.4632328443145632,6.852796369172805e-12,0.00032677388569506263,1000000.0,989638.8599873448
0.0001990367113418913,0.00010244331241400841,0.09185909736527338,312.8656530513661,0.0,0.02892257938467715,281.90720858031403,7.436311053944435e-17,0.0,3.5458882007579274e-06,93.97388896451923,1.1744076201971337e-15,1.5938537694743922e-14,5.681231260730466e-10,6.806385562297451e-23,0.0,2.4622077627933763,6.819412032274513e-12,0.0003267720319824571,1000000.0,988938.0757673461
0.00019917824594860162,0.0001024550658074205,0.07411058002460322,312.785100328233,0.0,0.02891262558000987,281.8102006033405,7.406958820792344e-17,0.0,3.5446680139994947e-06,93.94155131356878,1.1724329624527826e-15,1.592672908078434e-14,5.677074406884126e-10,0.0,8.853671875770063e-15,2.4613604847245742,6.789994208924318e-12,0.0003267704995908054,1000000.0,988339.0180081492
0.00019931978055531192,0.00010246426164103924,0.055744502831465106,312.7141968948715,0.0,0.028904840677992146,281.73433277140697,7.380309808248425e-17,0.0,3.5437137324349365e-06,93.91626073904102,1.1705198897028037e-15,1.5916149523949422e-14,5.673348708986487e-10,3.390698054257276e-22,0.0,2.4606978469475327,6.7646374520259845e-12,0.00032676930102489026,1000000.0,987845.4137543403
0.00019946131516202222,0.00010247082353615257,0.03691710494952898,312.6531936022687,0.0,0.02889928696658637,281.680212212741,7.35645984974822e-17,0.0,3.5430329926506797e-06,93.89821962739104,1.168675159862811e-15,1.5906830151209264e-14,5.670065405845865e-10,0.0,2.0646551336647914e-15,2.460225152185188,6.743407836156718e-12,0.0003267684459781786,1000000.0,987460.1244937043
0.00019960284976873254,0.00010247469737554052,0.01778652219617753,312.60225991820715,0.0,0.028896008511597057,281.64826844535804,7.335483959326442e-17,0.0,3.5426311972142415e-06,93.8875711586334,1.1669048560892629e-15,1.589879194882187e-14,5.66723213693377e-10,0.0,1.1003464920074883e-14,2.459946151893886,6.726343772513353e-12,0.0003267679412957662,1000000.0,987185.138969565
0.00019974438437544284,0.00010247585148773327,-0.0014884011557620158,312.56148367759033,0.0,0.02889503107122494,281.638752544327,7.31743675622874e-17,0.0,3.542511504200914e-06,93.88439902874991,1.1652143621860036e-15,1.589204575661627e-14,5.664852935997456e-10,6.019690448931934e-22,0.0,2.4598630389902096,6.7134564859657e-12,0.0003267677909569172,1000000.0,987021.5712614206
0.00019988591898215317,0.00010247427666417934,-0.02074928421763364,312.53087133219316,0.0,0.028896362123511987,281.6517374081794,7.302352894427135e-17,0.0,3.5426748305441077e-06,93.88872753849712,1.1636083443158285e-15,1.5886592324894917e-14,5.662928246731508e-10,0.0,0.0,2.459976450177721,6.704730706554093e-12,0.00032676799607683814,1000000.0,986969.6637166428
0.00020002745358886346,0.00010246998601174641,-0.03983936291361387,312.5103487353708,0.0,0.02889999100340574,281.68711909547085,7.290247488704109e-17,0.0,3.5431198688462114e-06,93.90052203894983,1.1620907385153606e-15,1.5882422428805357e-14,5.661454959866222e-10,0.0,1.052741567973089e-14,2.4602854776207024,6.7001252508376316e-12,0.000326768554927328,1000000.0,987028.7947260329
0.0002001689881955738,0.000102463014643407,-0.05860462326438756,312.4997624998967,0.0,0.028905889147272313,281.7446192081338,7.281116528498689e-17,0.0,3.543843117357741e-06,93.91968972599251,1.1606647435190806e-15,1.587951703413647e-14,5.660426471146898e-10,1.0323457972421736e-21,0.0,2.46078768976063,6.699573527831537e-12,0.0003267694629759593,1000000.0,987197.4913835153
0.0002003105228022841,0.00010245341921048764,-0.07689490682483754,312.49888183892637,0.0,0.028914010442995165,281.8237883029018,7.274937266641138e-17,0.0,3.5448389228868315e-06,93.94608077751923,1.1593328184168486e-15,1.5877847517009583e-14,5.659832759774455e-10,0.0,0.0,2.4614791611118263,6.702984009862517e-12,0.0003267707129434392,1000000.0,987473.446696666
0.00020045205740899439,0.00010244127728054145,-0.09456498511909715,312.5074008946236,0.0,0.02892429168375607,281.9240103150417,7.271668578735049e-17,0.0,3.5460995364413383e-06,93.97948982808668,1.1580966846799755e-15,1.587737593773843e-14,5.65966048693741e-10,0.0,1.1878579334434892e-14,2.4623545108988982,6.710240690702072e-12,0.0003267722948787957,1000000.0,987853.5413444645
0.0002005935920157047,0.00010242668656542739,-0.11147560128795066,312.52494159716343,0.0,0.028936653124494772,282.0445079822765,7.271251298929749e-17,0.0,3.5476151814528675e-06,94.01965777698108,1.156957332117679e-15,1.5878055366092844e-14,5.659893114137063e-10,1.770430119041502e-21,0.0,2.463406950429879,6.721203528158317e-12,0.0003267741962520432,1000000.0,988333.8701299542
0.000200735126622415,0.0001024097640048118,-0.12749447110356757,312.5510569660937,0.0,0.02895099914007329,282.1843492587169,7.273608537621815e-17,0.0,3.5493741344522807e-06,94.06627392630504,1.1559150283731804e-15,1.5879830257887853e-14,5.660511041045771e-10,0.0,0.0,2.4646283391160786,6.735708863577649e-12,0.00032677640206395215,1000000.0,988909.7728800055
0.00020087666122912533,0.00010239064471103436,-0.1424972396439837,312.5852348618757,0.0,0.028967218983780758,282.3424547087945,7.278645991087576e-17,0.0,3.551362818071484e-06,94.11897844574848,1.1549693316185474e-15,1.5882636884534123e-14,5.661491762640091e-10,0.0,1.3171747978771919e-14,2.4660092490515826,6.753569903698851e-12,0.0003267788949725084,1000000.0,989575.8698634612
0.00020101819583583563,0.00010236948078185429,-0.15636839101454325,312.62690223507155,0.0,0.028985187645450886,282.51760587148493,7.286252259048152e-17,0.0,3.5535659062513447e-06,94.17736516080588,1.154119106162742e-15,1.5886403814320763e-14,5.662810045353256e-10,2.9049026751319647e-21,0.0,2.4675390380672972,6.774577270094655e-12,0.00032678165543561095,1000000.0,990326.1019375346
0.00020115973044254593,0.00010234643998835447,-0.1690021020981932,312.67542976853997,0.0,0.02900476680801789,282.70845458257077,7.296299184550174e-17,0.0,3.555966441498828e-06,94.24098466035662,1.1533625407457301e-15,1.5891052444454558e-14,5.664438121938647e-10,0.0,0.0,2.469205931152469,6.798499604976814e-12,0.0003267846618694803,1000000.0,991153.7751454739
0.00020130126504925625,0.00010232170434619122,-0.18030303548569604,312.7301369164891,0.0,0.029025805900354043,282.91353323754095,7.308642235783204e-17,0.0,3.5585459639751974e-06,94.30934771780703,1.1526971693435732e-15,1.589649758534517e-14,5.666345904629891e-10,0.0,1.3692227343708021e-14,2.4709971100920542,6.825084338536916e-12,0.00032678789082215155,1000000.0,992051.6098217557
0.00020144279965596655,0.00010229546857914583,-0.19018706762612786,312.79029738410156,0.0,0.02904814324434882,283.13126597227443,7.323120954603689e-17,0.0,3.5612846521299623e-06,94.38192901817595,1.1521198943688078e-15,1.590264809555108e-14,5.66850121607068e-10,4.383688670632957e-21,0.0,2.4728988111200234,6.854058622209108e-12,0.0003267913171613294,1000000.0,993011.7943722572
0.00020158433426267688,0.00010226793848482441,-0.19858194270981047,312.8551449329235,0.0,0.029071607293133715,283.3599807306667,7.339559492305113e-17,0.0,3.5641614744897527e-06,94.45817118084328,1.1516270122142887e-15,1.590940756519365e-14,5.670870037326264e-10,0.0,0.0,2.47489643031918,6.885130418960798e-12,0.0003267949142757481,1000000.0,994026.0433604772
0.00020172586886938718,0.00010223932921335307,-0.20542784654815094,312.92387950911154,0.0,0.029096017955831006,283.5979221779345,7.357767255850992e-17,0.0,3.5671543520839214e-06,94.53748906420563,1.1512142411383498e-15,1.5916675047906998e-14,5.673416772078545e-10,0.0,1.2920478734460206e-14,2.476974636407456,6.917989855264671e-12,0.00032679865428902714,1000000.0,995085.6598478
0.0002018674034760975,0.00010220986347081237,-0.210677895200466,312.99567371962485,0.0,0.029121188003790963,283.8432654072513,7.377539690328641e-17,0.0,3.570240330850415e-06,94.61927433478914,1.1508767515357975e-15,1.5924345837981908e-14,5.676104525884107e-10,5.900173403715893e-21,0.0,2.479117490453151,6.952310826848665e-12,0.00032680250828486055,1000000.0,996181.601980031
0.0002020089380828078,0.00010217976966011219,-0.21429852952044046,313.06967953413607,0.0,0.02914692455165264,284.09413037436013,7.39865921746215e-17,0.0,3.573395763197077e-06,94.7029002790339,1.1506091986854958e-15,1.5932312288495112e-14,5.678895399116068e-10,0.0,0.0,2.4813085719482637,6.987752846715842e-12,0.0003268064465421977,1000000.0,997304.5532837531
0.0002021504726895181,0.00010214927997298974,-0.21626980985721883,313.1450351980937,0.0,0.02917303060466362,284.34859698026554,7.420896349912641e-17,0.0,3.5765964977143754e-06,94.78772683111565,1.1504057580948162e-15,1.594046466791808e-14,5.68175079192244e-10,0.0,1.0832191687071634e-14,2.4835311105424474,7.023963218294722e-12,0.0003268104387788902,1000000.0,998444.9964165438
0.00020229200729622842,0.00010211862844768215,-0.21658560550967376,313.2208723525486,0.0,0.029199306662887732,284.60472070735887,7.444010999619487e-17,0.0,3.5798180758505706e-06,94.87310578525509,1.1502601635820804e-15,1.5948692049165623e-14,5.684631719242771e-10,6.506997738286418e-26,1.0631248791528062e-16,2.4857681226106063,7.060579503404685e-12,0.0003268144544020949,1000000.0,999593.2900808989
0.00020243354190293872,0.00010208804900764082,-0.2152536724840835,313.2963232484306,0.0,0.029225552371005777,284.8605486990578,7.467753990764795e-17,0.0,3.5830359341647203e-06,94.95838615587245,1.1501657482509046e-15,1.595688322438714e-14,5.687499133626415e-10,0.0,1.0633054261424768e-16,2.488002551694095,7.097232268784555e-12,0.00032681846276354085,1000000.0,1000739.7483929087
0.00020257507650964904,0.00010205777349740464,-0.21229561499125618,313.3705280144937,0.0,0.029251568200565445,285.1141361576256,7.491868784230644e-17,0.0,3.5862256105816427e-06,95.04291964380754,1.1501154885031375e-15,1.5964927639524735e-14,5.690314253296184e-10,2.7650284611328833e-24,1.179645723070185e-16,2.4902174117211344,7.133548142915222e-12,0.00032682243341758995,1000000.0,1001874.7221525101
0.00020271661111635934,0.00010202802973235097,-0.20774672729805715,313.4426419297984,0.0,0.029277157150675175,285.36356292022424,7.516093414165692e-17,0.0,3.589362952889005e-06,95.12606616195434,1.1501020512150786e-15,1.5972716339916416e-14,5.69303889261994e-10,0.0,0.0,2.492395931783778,7.169153126826752e-12,0.00032682633637986196,1000000.0,1002988.6813635178
0.00020293650788450382,0.00010198339177204901,-0.1976420689682142,313.54861155175877,0.0,0.029315615732157213,285.7384364199261,7.553324561603545e-17,0.0,3.5940781906531665e-06,95.2510304036326,1.150136313771672e-15,1.598406110578225e-14,5.697005402330376e-10,2.807576717370841e-26,1.5217560823340947e-16,2.4956701170855706,7.222190975683564e-12,0.0003268321975082509,1000000.0,1004655.8778945283
0.0002031564046526483,0.00010194136306309222,-0.18406265624250936,313.64462287830355,0.0,0.029351887735823895,286.09199759861843,7.589184383511898e-17,0.0,3.5985253575580074e-06,95.36889017395306,1.1502116976153964e-15,1.5994151546778212e-14,5.700530580291903e-10,3.0824694414784713e-26,2.5689074946374836e-16,2.4987581582922274,7.2712641538496305e-12,0.0003268377200720775,1000000.0,1006216.3972400348
0.00020331183567137427,0.00010191363012745512,-0.17253711306502384,313.70499874480856,0.0,0.029375854746245163,286.3256168964669,7.613169953444487e-17,0.0,3.6014638702457795e-06,95.44676726691547,1.150273436158832e-15,1.6000333951899267e-14,5.702688561482325e-10,0.0,1.8366116124507857e-16,2.5007986142635263,7.302858351094785e-12,0.0003268413662572449,1000000.0,1007238.0248040238
0.00020346726669010024,0.0001018878030027505,-0.15956237994791717,313.7581742641426,0.0,0.029398198110806448,286.54341064305925,7.635646623858341e-17,0.0,3.6042033258191213e-06,95.51936890557394,1.1503300337914236e-15,1.600559890445025e-14,5.704524488663101e-10,1.6729881812401654e-25,3.340862145151751e-17,2.5027008481746065,7.331409052785784e-12,0.00032684476331676815,1000000.0,1008180.6493879947
0.00020362269770882622,0.00010186409587008163,-0.14528358031142385,313.80336142846556,0.0,0.02941872727483527,286.7435214983159,7.656295680456016e-17,0.0,3.606720362263613e-06,95.58607594481595,1.1503709013870997e-15,1.6009842840547276e-14,5.70600223071567e-10,7.795723166611049e-27,1.6196704088136852e-16,2.504448637818225,7.356528985821907e-12,0.00032684788271113147,1000000.0,1009035.058070806
0.00020377812872755216,0.00010184269930752811,-0.12985881122581325,313.83986186240577,0.0,0.029437271876702916,286.9242889420378,7.674817725195338e-17,0.0,3.6089940932067075e-06,95.64633484952074,1.1503856352145555e-15,1.6012973698366986e-14,5.707089681466182e-10,8.178691797128947e-26,1.0285622566279997e-16,2.506027480033063,7.377870257141381e-12,0.00032685069900172386,1000000.0,1009793.0233601418
0.00020393355974627814,0.00010182377840263006,-0.11345738561623098,313.8670741167183,0.0,0.02945368362474157,287.08426756829635,7.690937057556017e-17,0.0,3.6110063380284376e-06,95.699663793002,1.1503641272535288e-15,1.6014911947506846e-14,5.707759109543869e-10,7.112990157321699e-26,1.1470319088895778e-16,2.507424750488889,7.39512968814078e-12,0.00032685319011732455,1000000.0,1010447.396298577
0.0002040889907650041,0.0001018074711798712,-0.09625783783809114,313.88449977287763,0.0,0.02946783789103709,287.22224262026737,7.704405946648565e-17,0.0,3.612741817261818e-06,95.7456578355512,1.1502966783694042e-15,1.6015591453613236e-14,5.70798745155647e-10,6.374447021391802e-26,1.1788815704298481e-16,2.5086298393694575,7.40805354245514e-12,0.000326855337579424,1000000.0,1010992.1856717826
0.00020424442178373009,0.00010179388733836902,-0.07844584951428675,313.89174831487924,0.0,0.029479635016566804,287.33724271154216,7.715008454497004e-17,0.0,3.614188312604173e-06,95.78399316509241,1.1501741099186359e-15,1.6014960178081796e-14,5.707756548169326e-10,1.2140510911556166e-25,7.535021904975087e-17,2.509634262481809,7.416441499724787e-12,0.0003268571266840545,1000000.0,1011422.6227833931
0.00020439985280245606,0.00010178310730128016,-0.060212152948614,313.8885407389358,0.0,0.02948900131784166,287.42854963802006,7.722563690646963e-17,0.0,3.6153367903331755e-06,95.81443036798065,1.1499878711608695e-15,1.6012980703268837e-14,5.707053321548462e-10,5.0643652720665514e-26,1.22810526517466e-16,2.5104317469543864,7.420149665852517e-12,0.00032685854663884115,1000000.0,1011735.2111848762
0.000204555283821182,0.0001017751815915243,-0.04175038601552782,313.87471185345663,0.0,0.029495889775276847,287.4957050876317,7.726928536737836e-17,0.0,3.6161814857031634e-06,95.83681666569116,1.1497301416173925e-15,1.6009630575501577e-14,5.705869890463368e-10,2.8331127914556515e-26,1.3039293459180496e-16,2.5110182898404805,7.419092772104423e-12,0.00032685959065375186,1000000.0,1011927.7603790036
0.00020471071483990798,0.00010177013054888284,-0.023254891794180305,313.8502112170547,0.0,0.029500280384806624,287.5385140677158,7.727999810983026e-17,0.0,3.616719946055418e-06,95.8510870573369,1.149393927203258e-15,1.6004902451559765e-14,5.704203619668526e-10,9.29504597668931e-26,9.568045189214938e-17,2.511392188053302,7.413245192067455e-12,0.0003268602559838107,1000000.0,1011999.4025833796
0.00020486614585863395,0.00010176794439368247,-0.004918506641635294,313.8151026879376,0.0,0.029502180164735183,287.55704497199605,7.725715747562816e-17,0.0,3.6169530316605957e-06,95.85726434199518,1.1489731478930472e-15,1.5998804048205222e-14,5.702057102377518e-10,4.4802707258098515e-26,1.2357178977270009e-16,2.5115540389509663,7.402640920523326e-12,0.0003268605439227089,1000000.0,1011950.5921286433
0.00020502157687735993,0.00010176858363177438,0.013069607440071877,313.7695625988505,0.0,0.029501622821016562,287.55162631827295,7.720056700959665e-17,0.0,3.616884874684743e-06,95.85545803121602,1.1484627144038935e-15,1.5991357895613424e-14,5.699438076852648e-10,3.9178146558220457e-26,1.1930392464014152e-16,2.5115067118431456,7.387372481754942e-12,0.00032686045974760484,1000000.0,1011783.0876314403
0.0002051770078960859,0.0001017719797895517,0.03052605112069554,313.7138766043451,0.0,0.02949866808144889,287.5228402590198,7.711045064990148e-17,0.0,3.6165227975641972e-06,95.84586218577644,1.1478585919361517e-15,1.5982600903248145e-14,5.696359279476149e-10,7.886960813205108e-26,1.0456588212919104e-16,2.511255291311918,7.367588779218113e-12,0.00032686001261667756,1000000.0,1011499.9174864393
0.00020533243891481185,0.00010177803646529132,0.04727517784143654,313.6484352651103,0.0,0.029493400713413845,287.4715130074947,7.698744442076184e-17,0.0,3.615877192583216e-06,95.82875222422082,1.147157849619236e-15,1.597258374644522e-14,5.692838237411362e-10,4.840124276031227e-26,1.1651235696217545e-16,2.5108069935924036,7.343491976251999e-12,0.0003268592154217155,1000000.0,1011105.3294673659
0.00020548786993353782,0.00010178663068078475,0.06315096510016183,313.57372844586433,0.0,0.02948592924364311,287.3987023595064,7.683258098327914e-17,0.0,3.6149613649201126e-06,95.80448076323609,1.146358694586467e-15,1.596137008666608e-14,5.688897004696642e-10,5.397900996898545e-26,1.112900094546048e-16,2.51017105758653,7.315333501686162e-12,0.0003268580845984187,1000000.0,1010604.7254377428
0.0002056433009522638,0.00010179761451327692,0.07799874025773385,313.4903386183289,0.0,0.029476384403495003,287.305682539714,7.664726741000649e-17,0.0,3.613791342040835e-06,95.77347256615943,1.1454604897602306e-15,1.5949035639749897e-14,5.684561846581343e-10,5.953111424741453e-26,1.1012655455689059e-16,2.509358612508993,7.283409297598158e-12,0.00032685663989759074,1000000.0,1010004.5824267006
0.00020579873197098977,0.0001018108169830313,0.09167673559928308,313.3989331802084,0.0,0.02946491732855162,287.1939266532801,7.643325680207233e-17,0.0,3.612385652972157e-06,95.73621869322903,1.1444637547512502e-15,1.593566711053862e-14,5.679862877915046e-10,5.947175346107494e-26,1.0746418905526809e-16,2.5083825246181104,7.2480544506124955e-12,0.00032685490412107376,1000000.0,1009312.3615975218
0.00020595416298971575,0.00010182604616812179,0.1040574547261137,313.3002559176192,0.0,0.029451697545439096,287.0650870635687,7.619261467122904e-17,0.0,3.610765081488239e-06,95.69326996048162,1.1433701497698483e-15,1.592136101378821e-14,5.674833662141744e-10,5.605805114539435e-26,1.0892057380402367e-16,2.507257225832539,7.209637359904593e-12,0.0003268529028268827,1000000.0,1008536.4068478055
0.00020610959400844172,0.00010184309151593422,0.11502883879633867,313.1951177476231,0.0,0.029436910781060713,286.9209740388861,7.592768115651781e-17,0.0,3.6089523975248344e-06,95.64522982163396,1.1421824429486914e-15,1.590622240290043e-14,5.66951077784326e-10,5.906440176386338e-26,1.0480535563151941e-16,2.505998527229615,7.168553600452527e-12,0.00032685066400833985,1000000.0,1007685.8348958701
0.00020626502502716767,0.00010186172631967862,0.1244952242965517,313.08438688138807,0.0,0.029420756630493407,286.7635330215927,7.564103015444592e-17,0.0,3.6069720712654008e-06,95.59274679073197,1.1409044618846195e-15,1.5890363528159245e-14,5.663933359940487e-10,5.84777696741122e-26,1.0594964914748343e-16,2.5046234205113485,7.125219638418479e-12,0.00032684821775214436,1000000.0,1006770.4187545747
0.00020642045604589364,0.00010188171032722771,0.1323780865043036,312.96897855071273,0.0,0.029403446120288838,286.59482087770533,7.533542643202404e-17,0.0,3.604849974403594e-06,95.53650652494504,1.139541030538732e-15,1.5873902446386647e-14,5.658142622717698e-10,6.283555375275409e-26,1.0294712800289567e-16,2.503149870565899,7.08006654820722e-12,0.0003268455958803789,1000000.0,1005800.466506422
0.00020657588706461961,0.00010190279244876447,0.1386165657834471,312.8498444398888,0.0,0.029385199203913782,286.41698148503866,7.501378177966726e-17,0.0,3.6026130730857726e-06,95.47722368686276,1.1380978929548786e-15,1.5856961603311612e-14,5.652181371793349e-10,6.239714653920596e-26,1.0116234596467745e-16,2.5015966022517913,7.033533865806189e-12,0.0003268428315814414,1000000.0,1004786.6972716358
0.0002067313180833456,0.00010192471352951426,0.14316777899811847,312.727961965988,0.0,0.029366242225198673,286.23222100950306,7.467911126133739e-17,0.0,3.6002891169310772e-06,95.41563370283814,1.1365816255091517e-15,1.5839666409861274e-14,5.64609351195123e-10,6.135740787733902e-26,9.980282317346975e-17,2.499982884458451,6.98606370312474e-12,0.0003268399590349141,1000000.0,1003740.116208602
0.00020688674910207156,0.00010194720915443732,0.14600692140688426,312.60432354319835,0.0,0.029346805383845632,286.04278320145545,7.433449051081491e-17,0.0,3.5979063283037214e-06,95.35248452801554,1.134999539638681e-15,1.5822143831217433e-14,5.639923557357777e-10,5.782296730091729e-26,9.955799771571283e-17,2.4983283143418857,6.938095223272174e-12,0.0003268370130351368,1000000.0,1002671.8902679274
0.0002070421801207975,0.0001019700124529697,0.14712716764659026,312.47992595830357,0.0,0.029327120234519027,285.8509250193604,7.398301487898373e-17,0.0,3.5954930957022773e-06,95.28852852046764,1.1333595771288445e-15,1.5804521006566065e-14,5.633716150171945e-10,6.387073013105437e-26,9.563714638630336e-17,2.4966526044191295,6.890059556670894e-12,0.0003268340286179391,1000000.0,1001593.2262720634
0.00020719761113952348,0.0001019928568733838,0.14653938156570634,312.3557599746528,0.0,0.02930741724817513,285.6588928600778,7.362776109200531e-17,0.0,3.593077674779232e-06,95.22451451755165,1.1316702000787992e-15,1.578692391494201e-14,5.627515592974735e-10,5.982867541617969e-26,9.481941449271625e-17,2.4949753749610304,6.842375207487521e-12,0.0003268310406946628,1000000.0,1000515.2527258691
0.00020735304215824946,0.00010201547889798356,0.14427164662080447,312.23280027365035,0.0,0.029287923461250948,285.4688996454974,7.327175198450655e-17,0.0,3.5906879001318465e-06,95.16118019772915,1.1299402776411463e-15,1.576947610126844e-14,5.621365399836356e-10,7.179557840812366e-26,9.036400778693186e-17,2.493315953864457,6.795444014103159e-12,0.00032682808369731425,1000000.0,999448.9065958672
0.00020750847317697543,0.00010203762067238626,0.1403686323798491,312.11199582881574,0.0,0.029268860234996967,285.28310298273107,7.291792462580106e-17,0.0,3.58835091059647e-06,95.09924480025668,1.1281789715755322e-15,1.57522974734604e-14,5.615307870179088e-10,5.989383526991372e-26,9.154478469274136e-17,2.491693185901086,6.749647618362507e-12,0.00032682519123815686,1000000.0,998404.8261012884
0.0002076639041957014,0.0001020590325244364,0.13489081094251631,311.9942607985585,0.0,0.02925044114378636,285.103584581426,7.256910216666328e-17,0.0,3.5860928903551614e-06,95.03940226393837,1.1263956225161345e-15,1.573550318102807e-14,5.609383688912856e-10,8.958965271416349e-26,8.467596823187679e-17,2.4901252529460005,6.7053445586707766e-12,0.0003268223957868006,1000000.0,997393.250380845
0.00020781933521442735,0.00010207947535072343,0.12791353953296775,311.8804660069275,0.0,0.029232870007827642,284.93233107856594,7.222796939401668e-17,0.0,3.5839388277460116e-06,94.98231483506518,1.1245996387055193e-15,1.571920258052324e-14,5.603631555659149e-10,8.400012079893296e-27,9.879943199395689e-17,2.4886295064994592,6.662867780445777e-12,0.0003268197283672194,1000000.0,996423.9266999146
0.00020797476623315333,0.00010209872285110757,0.11952602464980293,311.7714310735378,0.0,0.029216339082500754,284.771216389873,7.189705203650297e-17,0.0,3.5819122932753594e-06,94.92860718424713,1.1228003887232112e-15,1.5703498295358964e-14,5.598087845254065e-10,1.8181096634392553e-25,6.805119277257592e-17,2.487222313542143,6.6225227586191544e-12,0.0003268172182768706,1000000.0,995506.0257039699
0.0002081301972518793,0.00010211656359407741,0.10983018358117448,311.667917241606,0.0,0.029201027413578034,284.6219856780774,7.157869967842114e-17,0.0,3.5800352379673085e-06,94.87886106222906,1.1210070995223976e-15,1.5688485372535554e-14,5.592786301150919e-10,0.0,1.3200680031664417e-16,2.4859189165123046,6.584586011568309e-12,0.00032681489282966304,1000000.0,994648.0650656135
0.00020828562827060527,0.00010213280289819008,0.09893941892024181,311.5706209421948,0.0,0.02918709936488229,284.48624100193325,7.127507207644847e-17,0.0,3.578327812854039e-06,94.83361051598406,1.1192287608624682e-15,1.5674250537526094e-14,5.587757762824032e-10,5.947784604584536e-25,0.0,2.484733307962741,6.5493040365781915e-12,0.00032681277712412785,1000000.0,993857.8417332291
0.00020844105928933125,0.00010214726451723331,0.08697732101332573,311.4801681220466,0.0,0.029174703322530065,284.36542868638566,7.098812857468237e-17,0.0,3.5768082101150988e-06,94.79333767855312,1.1174740369880885e-15,1.5660871549356137e-14,5.583029927815804e-10,0.0,3.1132930414706426e-16,2.483678120250475,6.516892614539807e-12,0.00032681089383781574,1000000.0,993142.3728664403
0.00020859649030805722,0.00010215979211902426,0.07407631242917545,311.39710935616995,0.0,0.02916397057785377,284.2608284343599,7.071962031058164e-17,0.0,3.575492526123215e-06,94.75846913945531,1.1157511861732026e-15,1.5648416655147227e-14,5.578627148681448e-10,1.9415659956865395e-24,0.0,2.482764530437956,6.487536414028966e-12,0.00032680926304865985,1000000.0,992507.8454533507
0.00020875192132678317,0.00010217025054988709,0.06037624775707918,311.32191575398,0.0,0.029155014389453015,284.17354418443176,7.047108488114112e-17,0.0,3.574394646450106e-06,94.72937289708847,1.1140679885371132e-15,1.5636944142062532e-14,5.574570264772911e-10,0.0,9.777178544889418e-16,2.4820021804429726,6.461388849865243e-12,0.00032680790208378693,1000000.0,991959.57451297
0.00020890735234550914,0.00010217852687884308,0.0460229812168389,311.25497567119254,0.0,0.029147929223474867,284.1044967058537,7.024384311763668e-17,0.0,3.5735261527252455e-06,94.7063558902779,1.112431682350779e-15,1.562650198566044e-14,5.570876468558933e-10,6.673140593983816e-24,0.0,2.481399112362826,6.43857215068578e-12,0.0003268068253960374,1000000.0,991501.9697621991
0.00020906278336423512,0.00010218453121742825,0.031166913852309443,311.19659221472443,0.0,0.02914279017028669,284.05441791259244,7.003899761952395e-17,0.0,3.5728962511164816e-06,94.68966210285829,1.1108489088827735e-15,1.5617127592387508e-14,5.567559205992642e-10,0.0,2.98525809039939e-15,2.480961718812503,6.419177583957744e-12,0.00032680604446825814,1000000.0,991138.5105260608
0.0002092182143829611,0.00010218819731280462,0.015961530984816914,311.14698155868814,0.0,0.029139652534861303,284.0238468710481,6.985743273228023e-17,0.0,3.5725117221145536e-06,94.67947123284527,1.1093256656862554e-15,1.5608847633102148e-14,5.564628110307631e-10,2.3793335430634326e-23,0.0,2.4806947080557094,6.403265813334865e-12,0.0003268055677452837,1000000.0,990871.7287621133
0.00020937364540168707,0.00010218948291347508,0.0005619403646427756,311.1062720215563,0.0,0.0291385515979397,284.0131274714401,6.96998156724308e-17,0.0,3.5723768912428177e-06,94.67589791619093,1.1078672681099448e-15,1.5601677965310238e-14,5.562088968538502e-10,0.0,9.39223245585653e-15,2.480601083666437,6.3908673348742835e-12,0.00032680540059338675,1000000.0,990703.1998549043
0.000209529076420413,0.00010218836990840801,-0.014876580131852009,311.0745039556097,0.0,0.029139502544405758,284.02240773043076,6.956659854314991e-17,0.0,3.5724936202860437e-06,94.67899149431298,1.1064783187216695e-15,1.559562364152e-14,5.559943720020784e-10,3.2016950721826843e-24,0.0,2.4806821384380946,6.381982982316675e-12,0.00032680554528687837,1000000.0,990633.5411750218
0.000209684507439139,0.00010218486424182441,-0.030200015433078004,311.0516303764724,0.0,0.029142500555740976,284.05164069121975,6.945802112714877e-17,0.0,3.5728613186119265e-06,94.68873631414174,1.1051626842657996e-15,1.5590679004142006e-14,5.558190486100087e-10,1.988384810514937e-23,0.0,2.480937462244932,6.37658457968093e-12,0.0003268060010214744,1000000.0,990662.4180191531
0.00020983993845786496,0.00010217899560728093,-0.045257018698021505,311.0375183210835,0.0,0.029147521062682688,284.10058688684677,6.937411417082333e-17,0.0,3.5734769741545004e-06,94.70505254926304,1.1039234797534391e-15,1.5586827856237925e-14,5.556823630282524e-10,0.0,5.480379810202951e-15,2.4813649635568615,6.3746154252477785e-12,0.0003268067639538992,1000000.0,990788.5567641798
0.00020999536947659094,0.00010217081692596595,-0.059900281254772966,311.03195096577224,0.0,0.02915452015485538,284.168818332649,6.931470307737127e-17,0.0,3.5743352036325694e-06,94.72779753080574,1.1027630592323165e-15,1.5584043716380686e-14,5.555833848060789e-10,0.0,0.0,2.481960904309996,6.375991035705175e-12,0.0003268078272671728,1000000.0,991009.765231611
0.0002101508004953169,0.00010216040361540207,-0.07398785830776763,311.03463043062754,0.0,0.029163435143809858,284.25572401364985,6.927941201877096e-17,0.0,3.57542832157118e-06,94.7567675766651,1.1016830127803969e-15,1.5582290150666554e-14,5.555208285648267e-10,1.257155118884706e-23,0.0,2.482719947834047,6.380599850251369e-12,0.00032680918126095856,1000000.0,991322.9599409035
0.00021030623151404286,0.00010214785265604767,-0.08738444222555428,311.0451812746455,0.0,0.029174185275685258,284.36051683150174,6.926766849583889e-17,0.0,3.5767464276819284e-06,94.791700307269,1.1006841692958221e-15,1.5581521179553248e-14,5.554930686832558e-10,3.9975600907640396e-23,0.0,2.4836352195277347,6.388304025684999e-12,0.00032681081346625125,1000000.0,991724.2001984349
0.00021046166253276883,0.00010213328146456574,-0.09996257555549128,311.06315460444733,0.0,0.02918667258993253,284.4822419735422,6.92787082466681e-17,0.0,3.578277512129726e-06,94.83227743540651,1.0997666046980916e-15,1.558168175628224e-14,5.554981567126037e-10,0.0,1.3512874510852377e-14,2.484698379954941,6.398940209929562e-12,0.00032681270878357534,1000000.0,992208.7287167198
0.0002106170935514948,0.0001021168265838108,-0.11160379506999343,311.08803289323254,0.0,0.029200782919538766,284.61978666302963,6.93115807296188e-17,0.0,3.580007578174741e-06,94.87812801647327,1.0989296551545605e-15,1.5582708322977047e-14,5.555338414314651e-10,7.140165999677465e-23,0.0,2.4858997100044276,6.412320650887809e-12,0.0003268148496437761,1000000.0,992771.0190213142
0.00021077252457022078,0.00010209864220086723,-0.12219969883476603,311.1192352936305,0.0,0.029216387028548212,284.77189124450877,6.936515522229691e-17,0.0,3.58192078160499e-06,94.92883214378256,1.0981719350131052e-15,1.5584529433160545e-14,5.55597591441128e-10,0.0,3.359789793442593e-14,2.4872282077104018,6.4282341981109165e-12,0.00032681721619034793,1000000.0,993404.8288888221
0.00021092795558894675,0.00010207889850589917,-0.13165292586656974,311.15612365766447,0.0,0.02923334188040295,284.9371615501402,6.943812779124994e-17,0.0,3.5839995862855372e-06,94.9839250708868,1.097491359164384e-15,1.5587066440082046e-14,5.556866201859681e-10,3.028479248399723e-22,0.0,2.488671696261767,6.44644763396257e-12,0.00032681978648210205,1000000.0,994103.2604229922
0.0002110833866076727,0.00010205777990568997,-0.13987804504850138,311.19800876906226,0.0,0.029251492032496013,285.1140824853472,6.952902909850779e-17,0.0,3.5862249350355652e-06,95.04290174035853,1.0968851696371017e-15,1.5590234252519843e-14,5.557979132694786e-10,0.0,1.1127107251437478e-13,2.490216942659898,6.466707021988046e-12,0.0003268225367148186,1000000.0,994858.825071246
0.00021123881762639867,0.00010203548310741796,-0.14680233441905918,311.2441574796005,0.0,0.029270671146309702,285.3010327580373,6.963623342574412e-17,0.0,3.5885764349023032e-06,95.105221693783,1.0963499662148653e-15,1.559394215271473e-14,5.559282579083213e-10,3.524658003388125e-23,0.0,2.4918497863662665,6.488739503322637e-12,0.00032682544146033724,1000000.0,995663.515661263
0.00021139424864512465,0.00010201221508948874,-0.15236645282756986,311.2937999863557,0.0,0.029290703608026592,285.49630066282685,6.975796909693376e-17,0.0,3.5910325556967757e-06,95.17031433343598,1.0958817409488613e-15,1.5598094666908494e-14,5.560742743422486e-10,7.188597231726724e-24,0.0,2.493555277162338,6.51225515087949e-12,0.0003268284739213005,1000000.0,996508.8827960012
0.00021154967966385062,0.00010198819097732837,-0.15652499151250507,311.3461374413621,0.0,0.029311406244615194,285.698100818489,6.989233037431394e-17,0.0,3.593570840518463e-06,95.23758450171933,1.0954759165120497e-15,1.5602592489351603e-14,5.562324489929479e-10,0.0,1.3052965086746367e-15,2.495317821337345,6.536949097669247e-12,0.0003268316061996271,1000000.0,997386.1159680185
0.0002117051106825766,0.00010196363184337307,-0.15924689610270734,311.4003499508965,0.0,0.029332590127231634,285.9045917397229,7.003729098144098e-17,0.0,3.596168126776819e-06,95.30641833871772,1.0951273883382517e-15,1.560733345273675e-14,5.56399169131792e-10,0.0,5.4801269151962346e-15,2.4971213351613932,6.562503999587569e-12,0.0003268348095765468,1000000.0,998286.1292508887
0.00021186054170130257,0.00010193876245189884,-0.16051575217741318,311.45560485754805,0.0,0.02935406244529694,286.1138941049195,7.01907194544852e-17,0.0,3.598800775968668e-06,95.37618937176637,1.094830570480125e-15,1.5612213535338998e-14,5.565707587790806e-10,3.430141498761605e-24,0.0,2.4989494044382106,6.588592757102051e-12,0.0003268380548017659,1000000.0,999199.6508122665
0.00021201597272002852,0.00010191380897036757,-0.16032992992284784,311.51106513609994,0.0,0.029375628436113882,286.3241095639136,7.035039642464588e-17,0.0,3.6014449102463307e-06,95.44626478502312,1.0945794451477334e-15,1.5617127897678417e-14,5.567435155240239e-10,3.489613673384881e-24,0.0,2.5007854487740455,6.614881494816081e-12,0.0003268413123891218,1000000.0,1000117.3152102277
0.0002121714037387545,0.00010188899666968896,-0.1587025822570353,311.5658978347376,0.0,0.02939709335214773,286.5333399135761,7.051403381847123e-17,0.0,3.604076653611552e-06,95.51601181166033,1.0943676159061914e-15,1.5621971939847623e-14,5.569137479248234e-10,0.0,1.817423159044817e-15,2.5026128890594,6.64103279842742e-12,0.0003268445529159085,1000000.0,1001029.757681049
0.00021232683475748046,0.00010186454763650589,-0.15566149126666745,311.61928252826806,0.0,0.029418264446738625,286.7397064523986,7.067929590565203e-17,0.0,3.6066723753613637e-06,95.58480418572401,1.094188364474108e-15,1.5626642368353186e-14,5.570778131172414e-10,2.8230569395568477e-25,0.0,2.5044153165140313,6.666709181285314e-12,0.00032684774732287075,1000000.0,1001927.7096596662
0.0002125722192131405,0.00010182721205279039,-0.14808964338598316,311.6986836877667,0.0,0.029450633533463586,287.05522682906843,7.093777587202514e-17,0.0,3.6106410570518896e-06,95.68998303835141,1.0939546699885498e-15,1.5633418419811707e-14,5.573156791004102e-10,5.555163011882474e-26,8.708656502396517e-17,2.507171105279922,6.705470291858954e-12,0.00032685262792938436,1000000.0,1003293.8974192886
0.00021281760366880054,0.00010179213035159427,-0.13733825718211531,311.7695046174252,0.0,0.029481091717072406,287.35212178810184,7.118516889249846e-17,0.0,3.6143754643193933e-06,95.78895310001504,1.0937563465272163e-15,1.5639132949896716e-14,5.575160236430701e-10,5.563514185346882e-26,8.934116672588788e-17,2.5097642176526436,6.740946939431877e-12,0.0003268572165881047,1000000.0,1004567.3035184164
0.00021298130833916738,0.00010177035011908604,-0.1285503377417834,311.8106179543343,0.0,0.029500022509583175,287.53665300645076,7.133957728365461e-17,0.0,3.616696536812177e-06,95.85046666061405,1.0936293973462781e-15,1.5642181874516844e-14,5.576227229770945e-10,5.722925351040261e-26,8.868341869739785e-17,2.5113759330785204,6.76219709820948e-12,0.0003268600666865021,1000000.0,1005349.5615497722
0.0002131450130095342,0.0001017501054338905,-0.11859747762418797,311.84595820646416,0.0,0.029517633086475314,287.70831614001463,7.148247859414828e-17,0.0,3.6188557518261988e-06,95.9076906396274,1.0934967156036601e-15,1.564450963682402e-14,5.577039734192143e-10,5.354143165509164e-26,8.860397396843372e-17,2.51287525727322,6.781131390692012e-12,0.0003268627166790232,1000000.0,1006067.9589051296
0.00021330871767990102,0.00010173157706353246,-0.10760358836822671,311.8748656594255,0.0,0.02953376283660889,287.8655457052352,7.161145726108256e-17,0.0,3.620833418379884e-06,95.96010318243935,1.093349835943974e-15,1.5646031878064646e-14,5.577568095781742e-10,5.844028676615466e-26,8.922743237210245e-17,2.5142485171356252,6.797455011771905e-12,0.00032686514268017857,1000000.0,1006714.7913069982
0.00021347242235026786,0.00010171492452370366,-0.0957038489924516,311.89676102063936,0.0,0.029548269487392066,288.00695496348123,7.172426861829756e-17,0.0,3.6226120937828926e-06,96.00724201913222,1.0931805077187656e-15,1.564667433765322e-14,5.577786214438132e-10,5.556560949344715e-26,8.935496151435299e-17,2.5154836007419608,6.8109065411432255e-12,0.00032686732358467826,1000000.0,1007283.2442214083
0.0002136361270206347,0.00010170028436630259,-0.08304303229439265,311.91115188165617,0.0,0.02956103076303342,288.13135208414775,7.18188723243866e-17,0.0,3.624176786939014e-06,96.0487098524626,1.0929807910054826e-15,1.5646373723584434e-14,5.577671844093006e-10,5.644703960152496e-26,8.95599465884638e-17,2.516570098516041,6.821261903599531e-12,0.0003268692413038889,1000000.0,1007767.473903429
0.00021379983169100153,0.00010168776878468238,-0.06977360210089115,311.91763798887257,0.0,0.02957194575818455,288.23775353367205,7.18934641845118e-17,0.0,3.6255151267560886e-06,96.0841788210955,1.0927431532535167e-15,1.5645078424035586e-14,5.577206837618388e-10,5.639757548366367e-26,8.963364582428883e-17,2.5174994201703598,6.8283377929655445e-12,0.0003268708809611066,1000000.0,1008162.6745807892
0.00021396353636136836,0.00010167746452447185,-0.05605377074674341,311.91591531449757,0.0,0.02958093602991654,288.3253947191675,7.194650359833287e-17,0.0,3.6266174960238864e-06,96.11339404766427,1.0924605618245437e-15,1.5642749064585687e-14,5.576377337711902e-10,5.574279436542275e-26,8.958819562125463e-17,2.5182648876687344,6.831994434468104e-12,0.0003268722310445053,1000000.0,1008465.1317032432
0.0002141272410317352,0.00010166943209737209,-0.04204556708466365,311.9057789237455,0.0,0.029587946404109295,288.3937378484547,7.197673604877039e-17,0.0,3.627477130279209e-06,96.13617625891524,1.0921265703688854e-15,1.563935890591841e-14,5.575173913352491e-10,5.647233239669651e-26,8.949828135658631e-17,2.5188618038766553,6.832137588613991e-12,0.00032687328351738637,1000000.0,1008672.2609854412
0.000214290945702102,0.0001016637053109046,-0.0279128693308043,311.8871246006441,0.0,0.029592945479947765,288.44247684754623,7.198321120340652e-17,0.0,3.6280901796590366e-06,96.15242342495362,1.09173539894686e-15,1.5634894074548348e-14,5.573591638808216e-10,5.617978008273238e-26,8.92731381627988e-17,2.5192874955111306,6.828719830421775e-12,0.0003268740338846169,1000000.0,1008782.632463851
0.00021445465037246884,0.00010166029112834601,-0.0138193893987497,311.85994918553047,0.0,0.029595925816494936,288.47153917933394,7.196529645937063e-17,0.0,3.6284557317763554e-06,96.16211136550345,1.0912820072217967e-15,1.5629353617276175e-14,5.571630112336065e-10,5.596060107300804e-26,8.89536678901754e-17,2.5195413290252895,6.8217409486090034e-12,0.00032687448121370625,1000000.0,1008795.9787983799
0.00021461835504283568,0.00010165916986259956,7.33422871041801e-05,311.82434960566525,0.0,0.029596903796002428,288.48108451143526,7.192268499324664e-17,0.0,3.628575794964064e-06,96.16529330583364,1.0907621588183942e-15,1.56227493778808e-14,5.569293413922568e-10,5.582552663672518e-26,8.853856406528802e-17,2.5196246989732143,6.81124750919733e-12,0.00032687462810969983,1000000.0,1008713.1875426145
0.0002147820597132025,0.000101660295696153,0.013607932394903103,311.7805206249505,0.0,0.029595919170381114,288.4715002957979,7.185539768779873e-17,0.0,3.6284552426743137e-06,96.16209840321741,1.0901724747963537e-15,1.5615105700476256e-14,5.566590003661875e-10,5.560614443555378e-26,8.803111001601335e-17,2.5195409894017304,6.797331587063248e-12,0.000326874480644589,1000000.0,1008536.2776910114
0.00021494576438356935,0.0001016635975129348,0.026632989519510236,311.72875137188504,0.0,0.029593034304407528,288.4433943923833,7.176377903568932e-17,0.0,3.6281017206976374e-06,96.15272928803387,1.0895104749319165e-15,1.5606458968027997e-14,5.563532563626182e-10,5.532064949075201e-26,8.743242273697853e-17,2.519295509424869,6.780128701117357e-12,0.00032687404824322886,1000000.0,1008268.3611998346
0.00021510946905393618,0.00010166898002609251,0.039004885490755356,311.6694207184188,0.0,0.029588333132311524,288.3975848991667,7.164848744631224e-17,0.0,3.6275255192425537e-06,96.13745867359432,1.0887746061295803e-15,1.5596856986202796e-14,5.560137786594433e-10,5.501986146558148e-26,8.675315376552016e-17,2.5188954043979987,6.759815025497625e-12,0.00032687334352831846,1000000.0,1007913.5903603368
0.000215273173724303,0.00010167632518430465,0.05058939629171425,311.60299158886676,0.0,0.029581919846950872,288.3350873756505,7.151048030275644e-17,0.0,3.626739412230221e-06,96.11662509709475,1.0879642574516328e-15,1.5586358224286253e-14,5.556426115483848e-10,5.469750792647559e-26,8.59972695360483e-17,2.518349544326619,6.73660395723404e-12,0.0003268723821272078,1000000.0,1007477.0920396139
0.00021543687839466983,0.00010168549383563834,0.06126319739702376,311.5300042910307,0.0,0.029573917345009415,288.25709968832325,7.13509940906954e-17,0.0,3.6257584666774413e-06,96.09062786784322,1.0870797613048033e-15,1.5575030927300384e-14,5.55242143813127e-10,5.434214459848777e-26,8.517573671710037e-17,2.51766839150498,6.71074213629808e-12,0.0003268711824437098,1000000.0,1006964.8900142765
0.00021560058306503666,0.00010169632762314539,0.0709151900414021,311.45106898065086,0.0,0.02956446545666387,288.1649847553195,7.117152012244685e-17,0.0,3.624599825655359e-06,96.05992131518488,1.0861223805919493e-15,1.5562952116153846e-14,5.548150742986432e-10,5.39560662629121e-26,8.429333035857441e-17,2.5168638498060907,6.6825050292829796e-12,0.00032686976539876225,1000000.0,1006383.8168712584
0.0002157642877354035,0.00010170865108268253,0.07944764337224919,311.3668573858372,0.0,0.029553718991877646,288.0602515037265,7.097377661113396e-17,0.0,3.6232824687664497e-06,96.02500844061178,1.0850942820774128e-15,1.5550206494548042e-14,5.543643741927247e-10,5.355317916571937e-26,8.336442788947574e-17,2.5159490983607955,6.6521921961292445e-12,0.00032686815414435913,1000000.0,1005741.4171361579
0.00021592799240577034,0.00010172227391170629,0.08677714394502749,311.27809392509204,0.0,0.029541845637134863,287.9445343691118,7.075967793419723e-17,0.0,3.6218269542852726e-06,95.9864340839218,1.0839984966190932e-15,1.5536885282100094e-14,5.538932466671867e-10,5.313242350056211e-26,8.239214136349986e-17,2.51493841250445,6.620122361051669e-12,0.00032686637375543354,1000000.0,1005045.843369484
0.00021609169707613717,0.00010173699337709506,0.0928353464188972,311.1855463539599,0.0,0.029529023736847307,287.8195716709411,7.053130189798165e-17,0.0,3.6202551471599147e-06,95.94477771465476,1.0828388672006788e-15,1.5523084993190347e-14,5.534050845306329e-10,5.270171947111461e-26,8.139536184867492e-17,2.5138469749055066,6.586628404847215e-12,0.00032686445090442475,1000000.0,1004305.7469835512
0.000216255401746504,0.00010175259682935491,0.09756952103495742,311.0900160759595,0.0,0.029515439993780656,287.68718319865695,7.02908557900335e-17,0.0,3.618589937084981e-06,95.90064596040224,1.0816199859088145e-15,1.5508906181001247e-14,5.529034265435678e-10,5.225681254219113e-26,8.037387447560644e-17,2.5126906797999244,6.5520523907755644e-12,0.00032686241352327506,1000000.0,1003530.1655253213
0.00021641910641687081,0.00010176886428984453,0.10094289620333514,310.99232825344205,0.0,0.029501287122711564,287.5492473418814,7.004064198381459e-17,0.0,3.6168549508404666e-06,95.85466498315076,1.0803471212118006e-15,1.5494452165269804e-14,5.52391913040549e-10,5.180641480677115e-26,7.934279080805914e-17,2.511485933243906,6.516740707670936e-12,0.0003268602904576145,1000000.0,1002728.408146855
0.00021658281108723765,0.00010178557107755657,0.10293479948484512,310.8933218528222,0.0,0.029486761490628476,287.40767808944344,6.978302386939599e-17,0.0,3.615074262980684e-06,95.80747281189777,1.0790261370763746e-15,1.547982776320806e-14,5.51874241483324e-10,5.135476579887509e-26,7.831143155524618e-17,2.5102494522209433,6.481039457540792e-12,0.00032685811111784194,1000000.0,1001909.9409267667
0.00021674651575760449,0.00010180249044277825,0.10354060306659851,310.7938397522308,0.0,0.0294720607749573,287.26440220407864,6.952039278240142e-17,0.0,3.6132721087328286e-06,95.75971173382791,1.077663405603566e-15,1.5465138039229167e-14,5.513541225312406e-10,5.090609685478155e-26,7.728920535401352e-17,2.5089980652831954,6.445290108382506e-12,0.00032685590513160365,1000000.0,1001084.2735958458
0.00021691022042797132,0.00010181939617634719,0.10277148257030456,310.69471903030245,0.0,0.029457381668834264,287.12133685568324,6.925513647107995e-17,0.0,3.6114726026633424e-06,95.71202083834869,1.0762657149186781e-15,1.545048708959557e-14,5.508352371663526e-10,5.0459218031378365e-26,7.628001755453325e-17,2.5077485171979332,6.4098254975026325e-12,0.00032685370200183307,1000000.0,1000260.8490770706
0.00021707392509833816,0.00010183606516477769,0.10065399848912103,310.5967815479107,0.0,0.029442917659810015,286.98036797028976,6.898960959013138e-17,0.0,3.609699466346776e-06,95.66502879971226,1.0748401740494337e-15,1.5435976875545148e-14,5.503211953587587e-10,5.0025916298155006e-26,7.529894938363492e-17,2.5065172798451756,6.374966233482446e-12,0.0003268515307743074,1000000.0,999448.9371089052
0.000217237629768705,0.00010185227986329408,0.0972295132607322,310.50082492178655,0.0,0.029428856905582054,286.8433295247663,6.872610652378662e-17,0.0,3.607975767930154e-06,95.61934697489447,1.0733941164699797e-15,1.5421706116872306e-14,5.498154967035069e-10,4.959881774015898e-26,7.434570000390926e-17,2.505320371375373,6.341017468364133e-12,0.00032684941971818316,1000000.0,998657.533055986
0.0002174013344390718,0.00010186783066084792,0.0925534569322289,310.4076139824757,0.0,0.029415380227406047,286.7119839885226,6.846683687804245e-17,0.0,3.60632367612464e-06,95.57556288382922,1.0719350039155256e-15,1.5407769256635175e-14,5.493214934032399e-10,4.919818066203374e-26,7.343787256957286e-17,2.504173185385173,6.3082661623867465e-12,0.0003268473960227911,1000000.0,997895.2628642231
0.00021756503910943864,0.00010188251811353062,0.08669445642508673,310.3178727931772,0.0,0.02940265923876732,286.58800408358906,6.821390368331257e-17,0.0,3.6047642307799723e-06,95.53423412912305,1.070470331952403e-15,1.539425550369753e-14,5.488423559123335e-10,4.8784078455431154e-26,7.255572216660671e-17,2.5030903316079973,6.276978647994874e-12,0.00032684548551338826,1000000.0,997170.2949386879
0.00021772874377980547,0.00010189615502526352,0.07973334316826718,310.2322772981113,0.0,0.029390854623880195,286.4729560050615,6.79692844260627e-17,0.0,3.603317131827684e-06,95.49588280258307,1.0690075386350841e-15,1.5381247961888737e-14,5.483810415006713e-10,4.84587103374844e-26,7.176041280675192e-17,2.5020854893596067,6.2473987112931474e-12,0.00032684371238831766,1000000.0,996490.2595761458
0.0002178924484501723,0.00010190856835713192,0.0717620543713819,310.1514486571845,0.0,0.0293801145777597,286.3682842163878,6.773481485774458e-17,0.0,3.6020005480330214e-06,95.46099041671928,1.06755391741048e-15,1.5368822849746628e-14,5.479402659418836e-10,4.799769546312276e-26,7.09409315788006e-17,2.5011712747385055,6.2197459819492575e-12,0.00032684209897960987,1000000.0,995862.1764357301
0.00021805615312053914,0.00010191960094921588,0.06288244338747243,310.0759473127128,0.0,0.029370573417008248,286.27529790860905,6.751217549782308e-17,0.0,3.60083094667643e-06,95.42999339092691,1.0661165352519291e-15,1.5357048813538707e-14,5.47522478481946e-10,4.7940425211492926e-26,7.035146338270636e-17,2.5003591223595074,6.194214684669723e-12,0.0003268406655386759,1000000.0,995292.3903982711
0.00021821985779090598,0.0001019291130412695,0.05320501439937844,310.0062678242093,0.0,0.029362350368076502,286.19515918944046,6.730288064931835e-17,0.0,3.5998229449933245e-06,95.40327911431137,1.0647021568191704e-15,1.534598633730776e-14,5.471298401993968e-10,4.698034459604625e-26,6.943706017217736e-17,2.499659182195898,6.170972717984919e-12,0.0003268394300484092,1000000.0,994786.5160483237
0.0002183835624612728,0.00010193698358107326,0.042847596225929256,309.94283449832585,0.0,0.0293555485376272,286.1288730473091,6.710826974965978e-17,0.0,3.598989183939646e-06,95.3811826001959,1.0633171752562323e-15,1.5335687250767088e-14,5.467642058287072e-10,4.835397053276714e-26,6.946001016864285e-17,2.499080231924267,6.1501610086311905e-12,0.0003268384080627121,1000000.0,994349.3909127227
0.00021854726713163962,0.00010194311131167956,0.031933969549699515,309.8859978326883,0.0,0.02935025406778444,286.0772791174704,6.692950085818853e-17,0.0,3.598340224624342e-06,95.36398374135302,1.061967550067641e-15,1.5326194334380044e-14,5.464271090841189e-10,4.3920682046680425e-26,6.753092131844784e-17,2.4986296050088868,6.131893116123802e-12,0.00032683761257417673,1000000.0,993985.0375053337
0.00021871097180200646,0.00010194741563106631,0.020592461357298288,309.83603178465853,0.0,0.029346535477491963,286.0410452621295,6.676754605580347e-17,0.0,3.5978844675587846e-06,95.35190516993528,1.0606587523574552e-15,1.5317541022094964e-14,5.461197514925342e-10,5.448686262144196e-26,7.038479230451446e-17,2.498313134629807,6.1162550552158984e-12,0.0003268370539103868,1000000.0,993696.634159467
0.0002188746764723733,0.00010194983721992073,0.008954519835412728,309.793131869201,0.0,0.02934444318989401,286.0206629637282,6.662318853402069e-17,0.0,3.5976280947125573e-06,95.34511072182539,1.0593957175739794e-15,1.5309751200749586e-14,5.458429947200405e-10,2.618923606594109e-26,6.214405414018299e-17,2.4981351134473258,6.1033053059575126e-12,0.0003268367396590725,1000000.0,993486.4945759878
0.00021903838114274013,0.0001019503384353939,-0.002846717602982651,309.7574140838753,0.0,0.02934400924456277,286.0164445199317,6.649702116800859e-17,0.0,3.597575034231416e-06,95.34370450158394,1.0581828057782664e-15,1.5302839103801535e-14,5.455973563567731e-10,1.0002629598855234e-25,8.064505339674482e-17,2.4980982691027074,6.093074987562358e-12,0.0003268366746221405,1000000.0,993356.05597422
0.00021920208581310697,0.00010194890347070216,-0.014677851035683647,309.72891465366604,0.0,0.029345247192485432,286.0285220199803,6.638944639278204e-17,0.0,3.597726947561619e-06,95.34773054121572,1.0570237693509377e-15,1.529680929813571e-14,5.453830091083049e-10,0.0,3.492458093880514e-17,2.4982037552775243,6.085568176509097e-12,0.0003268368607984177,1000000.0,993305.8757027889
0.00021936579048347377,0.00010194553828239759,-0.026406627837359958,309.70759058296505,0.0,0.02934815217096367,286.0568480746443,6.63006772292116e-17,0.0,3.5980832386314545e-06,95.35717304350051,1.0559217279707515e-15,1.5291656762181805e-14,5.451997833280022e-10,3.276563143977207e-25,1.452346259019905e-16,2.4984511580691624,6.080762354519159e-12,0.0003268372973947718,1000000.0,993335.636143614
0.0002195294951538406,0.00010194027028899418,-0.03790332443491956,309.69332099803677,0.0,0.029352701154916085,286.10119826559486,6.623073931212146e-17,0.0,3.59864108465995e-06,95.37195719849205,1.0548791506358953e-15,1.5287367051717135e-14,5.450471728130118e-10,1.6279443907245314e-25,9.462742405474967e-17,2.498838517383894,6.078608956194132e-12,0.0003268379808651096,1000000.0,993444.1577269314
0.00021969319982420745,0.00010193314784646437,-0.0490420887418976,309.68590925834303,0.0,0.029358853380446217,286.1611752738355,6.61794739334055e-17,0.0,3.5993954880851416e-06,95.39195055973218,1.053897844455581e-15,1.5283916554837998e-14,5.44924343774711e-10,0.0,2.620280817949862e-17,2.499362362995032,6.07903414335856e-12,0.0003268389049766097,1000000.0,993629.4198573761
0.00021985690449457428,0.00010192423950787913,-0.05970223308123529,309.68508581024986,0.0,0.029366550935915784,286.2362146408238,6.61465419196276e-17,0.0,3.600339349028684e-06,95.4169649647235,1.0529789499260695e-15,1.528127282552584e-14,5.448301468840758e-10,1.9132412059345513e-25,9.865839495191178e-17,2.500017764861189,6.081939489634974e-12,0.00032684006090236617,1000000.0,993888.5895332108
0.00022002060916494112,0.00010191363307616235,-0.06976946718407341,309.6905117536554,0.0,0.029375719515126058,286.3255921096682,6.61314283399786e-17,0.0,3.6014635576349613e-06,95.44675898212039,1.0521229423702049e-15,1.5279395001650257e-14,5.447631322803812e-10,2.5310803343446164e-26,6.620299756107299e-17,2.50079839724508,6.087202984877022e-12,0.00032684143733948675,1000000.0,994218.0574264199
0.00022018431383530795,0.00010190143446061234,-0.07913706090556641,309.70178308685917,0.0,0.02938626932647323,286.4284324865964,6.613344813213596e-17,0.0,3.602757105532509e-06,95.48104086570314,1.0513296392193089e-15,1.527823430075355e-14,5.447215674181385e-10,0.0,4.059488271845104e-17,2.5016966161105283,6.094680107442623e-12,0.0003268430206515321,1000000.0,994613.4811642262
0.00022034801850567476,0.00010188776634951608,-0.08770692657407748,309.71843559036705,0.0,0.02939809615107437,286.5437199544597,6.615175271110526e-17,0.0,3.6042072155594417e-06,95.51947199238934,1.0505982128433502e-15,1.5277734588871974e-14,5.447034576114879e-10,0.0,0.0,2.5027035492017244,6.104205047979589e-12,0.00032684479503400176,1000000.0,995069.835520233
0.0002205117231760416,0.00010187276671279776,-0.09539061152397718,309.73995030522065,0.0,0.0294110825418916,286.6703097605412,6.618533750509998e-17,0.0,3.605799488775153e-06,95.56167075836953,1.0499272086590288e-15,1.527783301796203e-14,5.447065691179959e-10,4.97194165400112e-25,1.7980916337174185e-16,2.5038091981257926,6.1155920321212526e-12,0.00032684674270140357,1000000.0,995581.4691824967
0.00022067542784640843,0.00010185658715021375,-0.10211019105461194,309.7657595578806,0.0,0.029425099154766834,286.80694119012423,6.62330506069595e-17,0.0,3.607518067644605e-06,95.60721690385189,1.0493145682404361e-15,1.5278460733747812e-14,5.447284545829953e-10,0.0,0.0,2.505002551665328,6.128636984769475e-12,0.0003268488440942351,1000000.0,996142.1677218822
0.00022083913251677527,0.00010183939110213928,-0.10779905266614097,309.7952534749423,0.0,0.02944000620102814,286.95225172498624,6.629360260028673e-17,0.0,3.6093458141268286e-06,95.65565623280227,1.0487576571890645e-15,1.5279543641773317e-14,5.447664806430287e-10,1.3444770830912043e-24,5.1065686118863e-16,2.5062717094401976,6.143119227510732e-12,0.00032685107810402294,1000000.0,996745.2223143014
0.0002210028371871421,0.00010182135194145859,-0.11240256295601017,309.8277869313675,0.0,0.029455655009920177,287.1047922724367,6.636557766809423e-17,0.0,3.6112645012290076e-06,95.70650568955048,1.0482532975490737e-15,1.52810032263254e-14,5.448178574618973e-10,0.0,0.0,2.5076040149195937,6.158803438673972e-12,0.00032685342231436403,1000000.0,997383.5037222358
0.00022116654185750894,0.00010180265096644012,-0.11587860912965525,309.86268685969725,0.0,0.029471889687658973,287.2630433360103,6.644744600330027e-17,0.0,3.6132550164047704e-06,95.75925874929774,1.0477978045621498e-15,1.5282757421763045e-14,5.448796699459068e-10,4.6962369723110666e-24,1.5445878707096578e-15,2.508986196658589,6.175441831867896e-12,0.00032685585325570326,1000000.0,998049.5409316592
0.00022133024652787575,0.0001017834753157452,-0.11819800764405924,309.8992598626562,0.0,0.029488548858275183,287.42543198362614,6.653757763272788e-17,0.0,3.6152975749834203e-06,95.81339107446001,1.0473870275580095e-15,1.528472152388612e-14,5.449489103566737e-10,0.0,0.0,2.510404516499879,6.192776532238772e-12,0.0003268583466713692,1000000.0,998735.6038262134
0.00022149395119824258,0.00010176401582783336,-0.11934477389142167,309.9368000298029,0.0,0.029505467469936642,287.590349453533,6.663425770128385e-17,0.0,3.6173719416209773e-06,95.86836638361726,1.0470163947848195e-15,1.5286809131597335e-14,5.450225120115679e-10,1.4942690510603208e-23,4.346186819034906e-15,2.511844923345962,6.2105421560909904e-12,0.00032686087779219044,1000000.0,999433.7890780022
0.00022165765586860942,0.00010174446486800636,-0.11931624708161577,309.9745969152383,0.0,0.029522478648644122,287.7561692227812,6.673570320672617e-17,0.0,3.6194576575696215e-06,95.92364247464627,1.0466809619779193e-15,1.5288933114755653e-14,5.450973837335947e-10,0.0,0.0,2.5132932109711548,6.228468597375535e-12,0.0003268634216168284,1000000.0,1000136.1085481793
0.00022182136053897625,0.00010172501414701797,-0.11812306793844154,310.0119435267755,0.0,0.029539415580094,287.9212653489509,6.684008111413123e-17,0.0,3.6215342713831434e-06,95.97867733894377,1.0463754644480881e-15,1.5291006595124555e-14,5.451704446875069e-10,4.703061132683361e-23,1.2001602879473671e-14,2.514735178220135,6.246283964342504e-12,0.0003268659531948009,1000000.0,1000834.5790772374
0.00022209363661461435,0.00010169339413979669,-0.11362901239417461,310.07118904660314,0.0,0.029566976662164932,288.189923023296,6.701513412139877e-17,0.0,3.624913504140548e-06,96.06823448962709,1.0459186091052015e-15,1.529411271345951e-14,5.452797747313222e-10,4.7218047267834613e-26,7.022170996912741e-17,2.517081663122915,6.274938918682244e-12,0.0003268700703185979,1000000.0,1001966.508815715
0.00022236591269025245,0.0001016634067340898,-0.10617060875481468,310.1242057153424,0.0,0.029593146289350208,288.44501827833324,6.71845477467711e-17,0.0,3.628122145934568e-06,96.15327060201305,1.0455026016153862e-15,1.529646443558695e-14,5.453623163654854e-10,5.983668291892372e-26,7.279407870228391e-17,2.5193096924023948,6.301329170400563e-12,0.0003268739767349678,1000000.0,1003031.0629937093
0.00022254831509405896,0.0001016446179920412,-0.09965129544437736,310.15482014708346,0.0,0.029609558634222,288.6050027719248,6.729068925232152e-17,0.0,3.6301344645571087e-06,96.2066015013714,1.0452331289621806e-15,1.5297442316046026e-14,5.453964114128853e-10,8.269604592028893e-26,7.635335708559665e-17,2.5207070141041856,6.317172646632309e-12,0.0003268764252062235,1000000.0,1003690.2514152923
0.0002227307174978655,0.00010162712061839401,-0.09202943824290741,310.1805958246919,0.0,0.029624853763910535,288.75409778866333,6.738810950038051e-17,0.0,3.632009813047466e-06,96.2563023889479,1.0449614346367661e-15,1.5297828311260114e-14,5.454095176882224e-10,0.0,6.032982789458668e-17,2.522009225948459,6.3311749732529546e-12,0.00032687870597947595,1000000.0,1004295.6640609732
0.000222913119901672,0.00010161110510073004,-0.08342411247139168,310.2008405442009,0.0,0.029638862665773272,288.89065595260973,6.74745334937906e-17,0.0,3.63372747036491e-06,96.3018241112665,1.0446793817869525e-15,1.5297536249199043e-14,5.453985867457353e-10,1.0847954901929303e-25,8.011217880371085e-17,2.523201939577288,6.343051534232684e-12,0.0003268807940656489,1000000.0,1004839.241746854
0.0002230955223054785,0.00010159673896763747,-0.07396751465588171,310.21494876355996,0.0,0.02965143621366574,289.01322372094165,6.754785807422378e-17,0.0,3.6352691535421146e-06,96.34268212920382,1.044379062479705e-15,1.5296490580827123e-14,5.453609461459764e-10,2.723239461497983e-26,6.877739292859708e-17,2.5242724595919412,6.3525513534334074e-12,0.0003268826674634372,1000000.0,1005313.8850913957
0.00022327792470928503,0.00010158416457317659,-0.06380294495887845,310.2224098167934,0.0,0.02966244726193381,289.12056179427776,6.76061874969662e-17,0.0,3.636619274410482e-06,96.37846332177956,1.0440529096850042e-15,1.5294627441077023e-14,5.452943364899888e-10,4.934989369053413e-26,7.1869534748113e-17,2.5252099618188493,6.359461383001709e-12,0.0003268843074592427,1000000.0,1005713.5556039718
0.00022346032711309153,0.00010157349729254105,-0.05308247428395799,310.2228146007697,0.0,0.029671792373300407,289.2116619586768,6.764786688784809e-17,0.0,3.6377651514427154e-06,96.40883160044396,1.0436938090100313e-15,1.5291895512423347e-14,5.451969415113917e-10,4.772765623066583e-26,7.165815867432355e-17,2.5260056404094344,6.363610167191888e-12,0.00032688569887413804,1000000.0,1006033.359109454
0.00022364272951689803,0.00010156482414641827,-0.041964555100710114,310.2158606057345,0.0,0.02967939315710653,289.2857601297036,6.767151057691539e-17,0.0,3.6386971738240023e-06,96.43353225732281,1.0432952035331949e-15,1.5288256681753734e-14,5.450674108914897e-10,3.979544773291175e-26,7.083287146991463e-17,2.5266528217683804,6.3648707080467404e-12,0.0003268868302527118,1000000.0,1006269.6101197251
0.00022382513192070454,0.00010155820285460855,-0.030611653691303024,310.2013552703738,0.0,0.029685197210330066,289.3423455246959,6.76760245936593e-17,0.0,3.639408916822614e-06,96.45239502279674,1.0428511890476754e-15,1.5283686484459886e-14,5.449048757066808e-10,4.9398968697740264e-26,7.153860182253241e-17,2.527147044665201,6.363162433607916e-12,0.00032688769399286636,1000000.0,1006419.8766915172
0.00022400753432451107,0.00010155366132129689,-0.01918784755022979,310.1792176686262,0.0,0.02968917865369888,289.3811658884116,6.766062391231082e-17,0.0,3.63989720751906e-06,96.46533580747266,1.0423565999740532e-15,1.5278174333090594e-14,5.447089563785677e-10,4.7138898500604126e-26,7.120240354388015e-17,2.52748610587559,6.3584523165492324e-12,0.00032688828641683806,1000000.0,1006483.0054266615
0.00022418993672831757,0.00010155119756192861,-0.007856369733782183,310.14947850270124,0.0,0.029691338250345548,289.40222864973566,6.762484432530234e-17,0.0,3.640162139355392e-06,96.47235708777278,1.0418070853997781e-15,1.5271723523501693e-14,5.444797629190435e-10,4.7343982226058936e-26,7.094714903978768e-17,2.5276700702842283,6.350755002949477e-12,0.0003268886077825094,1000000.0,1006459.1260361461
0.00022437233913212407,0.00010155078007885951,0.003222834299815478,310.11227837282115,0.0,0.029691703098809426,289.4057979295567,6.756854802825567e-17,0.0,3.640207034499711e-06,96.47354690850871,1.0411991729387153e-15,1.5264351015967105e-14,5.442178873672146e-10,4.609788496221858e-26,7.048717944460443e-17,2.527701244751255,6.340131994782712e-12,0.00032688866223378745,1000000.0,1006349.6350668893
0.00022455474153593058,0.00010155234867790365,0.013895455835059306,310.0678643506347,0.0,0.02969032590738313,289.39238746797827,6.749192232563488e-17,0.0,3.6400383548831736e-06,96.46907652516464,1.0405303179540734e-15,1.5256086996484855e-14,5.439243885986791e-10,4.7445931233052995e-26,7.020778275959047e-17,2.527584116337781,6.3266898964638016e-12,0.0003268884576907843,1000000.0,1006157.159135946
0.0002247371439397371,0.00010155581570253098,0.024015033451150813,310.0165849519193,0.0,0.029687283872225394,289.36274968941206,6.739547166230079e-17,0.0,3.639665564658404e-06,96.45919675874111,1.039798936827171e-15,1.5246974231544e-14,5.436007699592056e-10,4.5925111376707136e-26,6.962922450984642e-17,2.527325256799231,6.3105777831176e-12,0.00032688800568302887,1000000.0,1005885.4988091337
0.0002249195463435436,0.00010156106765583558,0.0334450068293741,309.9588836373852,0.0,0.02968267718923633,289.3178611979294,6.728000356715325e-17,0.0,3.639100947756958e-06,96.44423316062449,1.0390044238805252e-15,1.5237067233542278e-14,5.432489503040845e-10,4.689009790360362e-26,6.919540903078033e-17,2.526933195900199,6.291983790611383e-12,0.0003268873211301708,1000000.0,1005539.5546647431
0.00022510194874735012,0.0001015679671794563,0.04206059195811228,309.8952909749954,0.0,0.029676627231976175,289.258905017524,6.714660903303402e-17,0.0,3.638359384503603e-06,96.42458009237075,1.0381471517718668e-15,1.5226431255412e-14,5.428712290646421e-10,4.5072604451824676e-26,6.849378396855223e-17,2.526418266298991,6.271131035334528e-12,0.0003268864220747981,1000000.0,1005125.2372057874
0.00022528435115115662,0.00010157635535581189,0.04975044543594699,309.8264156062326,0.0,0.029669274431478,289.1872499267105,6.699663783155185e-17,0.0,3.6374580916825692e-06,96.40069383688511,1.037228455211976e-15,1.5215141134948672e-14,5.424702460287923e-10,4.6903187428715445e-26,6.802786585801659e-17,2.5257924230538014,6.248272984179794e-12,0.00032688532937228835,1000000.0,1004649.3624567953
0.00022546675355496315,0.00010158605429351348,0.05641808803374979,309.7529341830639,0.0,0.02966077590017819,289.10442729901206,6.683166946399014e-17,0.0,3.6364163312323285e-06,96.37308487818866,1.0362505982125734e-15,1.5203280012590845e-14,5.420489366352156e-10,4.383582496513879e-26,6.717608701633962e-17,2.525069041345049,6.223688409223482e-12,0.00032688406634347433,1000000.0,1004119.5353899323
0.00022564915595876966,0.00010159686994960863,0.061983069464997764,309.6755804665267,0.0,0.02965130284785581,289.0121059161298,6.665348068001376e-17,0.0,3.635255093440333e-06,96.34230950537757,1.0352167256541111e-15,1.519093794911272e-14,5.416104836773803e-10,4.7497568565959937e-26,6.675395679618864e-17,2.524262696490899,6.19767606964622e-12,0.000326882658396779,1000000.0,1003544.0235992625
0.00022583155836257616,0.00010160859513953143,0.06638186585588796,309.5951337877975,0.0,0.029641037839680136,288.91206524211503,6.646401056624727e-17,0.0,3.6339967607799254e-06,96.3089609035568,1.0341308004616907e-15,1.5178210470575263e-14,5.411582663472505e-10,4.1143261128786306e-26,6.566969335984354e-17,2.5233889305210195,6.170549262521775e-12,0.0003268811326268445,1000000.0,1002931.6237416144
0.00022601396076638266,0.00010162101268542722,0.0695685053595175,309.5124070708442,0.0,0.029630171946002634,288.80616764235117,6.626532415170001e-17,0.0,3.632664758474854e-06,96.27365989302602,1.0329975279752903e-15,1.5165197067341556e-14,5.406958075348461e-10,5.0485996212992303e-26,6.552067142543006e-17,2.5224640095341977,6.142630374779102e-12,0.0003268795173966235,1000000.0,1002291.5232239469
0.0002261963631701892,0.00010163389865362093,0.07151492003770103,309.4282346117691,0.0,0.029618901832442278,288.6963300205528,6.605957541648563e-17,0.0,3.63128319774347e-06,96.23704547446098,1.031822269295506e-15,1.515199967315903e-14,5.402267202752413e-10,4.4828857615622694e-26,6.448840718965343e-17,2.5215046759728446,6.114245557213674e-12,0.00032687784190976374,1000000.0,1001633.159542514
0.0002263787655739957,0.00010164702563175189,0.07221102606101343,309.3434598071411,0.0,0.0296074268377441,288.5844953365699,6.584897053838182e-17,0.0,3.6298765175436787e-06,96.19976533436126,1.0306109455799357e-15,1.5138721148820092e-14,5.397546542101064e-10,4.299077543937946e-26,6.369572274762259e-17,2.5205278998564493,6.085719611373726e-12,0.00032687613578003834,1000000.0,1000966.0796032812
0.0002265611679778022,0.00010166016599654116,0.07166454083532019,309.25892301838337,0.0,0.029595946085022515,288.4726044495736,6.563573217880057e-17,0.0,3.6284691304106103e-06,96.16246645896426,1.029369935420777e-15,1.5125463795215206e-14,5.392832428915061e-10,4.4487388867566866e-26,6.305972838547074e-17,2.5195506328569484,6.0573712118540515e-12,0.00032687442860438365,1000000.0,1000299.801238328
0.0002267435703816087,0.00010167309512500678,0.06990054970602544,309.17544974806447,0.0,0.02958465566879883,288.36256869999374,6.54220654737655e-17,0.0,3.6270850775864453e-06,96.12578599442229,1.0281059675249457e-15,1.511232791598175e-14,5.388160526927864e-10,4.269993595769745e-26,6.229657931573389e-17,2.5185895688264264,6.029508483944273e-12,0.0003268727495457354,1000000.0,999643.678951649
0.00022692597278541524,0.00010168559450481345,0.06696083773440077,309.0938392891127,0.0,0.029573745956144624,288.2562436036327,6.521012625185447e-17,0.0,3.625747698139457e-06,96.09034247772414,1.026826010897731e-15,1.5099410449558765e-14,5.38356534012915e-10,4.2865862397625955e-26,6.164492901438595e-17,2.5176609140386925,6.0024250186227794e-12,0.00032687112693134755,1000000.0,999006.7757048338
0.00022710837518922174,0.00010169745470265962,0.06290300435664949,309.01485399253755,0.0,0.029563399035931356,288.1554039893624,6.500199189456834e-17,0.0,3.624479316240721e-06,96.05672754883565,1.0255371646346034e-15,1.5086803687576163e-14,5.379079753788842e-10,3.9198114344700226e-26,6.088950935460847e-17,2.516780170039259,5.976396354222069e-12,0.00032686958787174486,1000000.0,998397.7423233708
0.00022729077759302824,0.00010170847815299513,0.057799381247939846,308.9392092814229,0.0,0.02955378634589094,288.0617208699357,6.479963506976948e-17,0.0,3.6233009502403235e-06,96.0254982405749,1.0242465492852232e-15,1.5074594092549807e-14,5.374734609700442e-10,4.738454151156648e-26,6.056946808979522e-17,2.5159619316325332,5.9516768876371385e-12,0.0003268681579048332,1000000.0,997824.7058716032
0.00022747317999683477,0.00010171848173304762,0.051735774801327655,308.8675645253694,0.0,0.02954506650287382,287.9767402933617,6.460490057619035e-17,0.0,3.6222320466554953e-06,95.9971699287089,1.0229612015832172e-15,1.5062861228251084e-14,5.370558320071632e-10,3.2134001276893506e-26,5.953104675928488e-17,2.5152197021674585,5.928497323548084e-12,0.0003268668606692483,1000000.0,997295.1681301491
0.00022765558240064128,0.00010172729909418732,0.04481005610751288,308.80051487071233,0.0,0.029537383357337608,287.90186437985255,6.441948534389123e-17,0.0,3.6212902416493533e-06,95.9722100106119,1.0216879741433334e-15,1.5051676810775983e-14,5.366576523682902e-10,6.485154682960734e-26,5.992883596375696e-17,2.5145657279121854,5.9070625216376525e-12,0.00032686571761036373,1000000.0,996815.9150834691
0.00022783798480444778,0.00010173478272394601,0.037130621900692856,308.73858410402863,0.0,0.029530864288857095,287.83833470800846,6.424492154482569e-17,0.0,3.620491152058826e-06,95.95103236704279,1.0204334414984242e-15,1.5041103887186994e-14,5.362811787152817e-10,0.0,5.750000675172227e-17,2.5140108529472194,5.887549796751649e-12,0.00032686474772176504,1000000.0,996392.9381133162
0.00022802038720825429,0.00010174080571732576,0.02881474993761814,308.6822186103121,0.0,0.029525618755505245,287.7872181754831,6.408256269405912e-17,0.0,3.6198481975471383e-06,95.93399264879211,1.0192038135969568e-15,1.5031196147802717e-14,5.359283353424619e-10,1.4932359751329723e-25,6.10573147336598e-17,2.51356439567097,5.870107629983989e-12,0.0003268639673244457,1000000.0,996031.367404683
0.00022820278961206082,0.00010174526324028434,0.019986872031902147,308.6317824717527,0.0,0.029521737106397116,287.7493954247062,6.393357258737597e-17,0.0,3.6193724550201036e-06,95.92138441839151,1.0180048576371355e-15,1.502199737411086e-14,5.356006938939541e-10,7.139423149945648e-26,5.854051056698038e-17,2.513234047708761,5.854854728130865e-12,0.0003268633898854509,1000000.0,995735.417903931
0.00022838519201586732,0.000101748073672495,0.01077678802998989,308.5875537405011,0.0,0.029519289663470265,287.72555189285725,6.379891705755653e-17,0.0,3.6190725460508177e-06,95.91343616661872,1.016841828899714e-15,1.5013541027291483e-14,5.352994580370553e-10,3.889213012265581e-25,6.572341422276152e-17,2.5130257957423514,5.8418795566710665e-12,0.0003268630258772732,1000000.0,995508.348029086
0.00022856759441967382,0.0001017491794206172,0.0013178428217067442,308.5497218999581,0.0,0.029518326075685896,287.7161715171345,6.367935805323745e-17,0.0,3.618954557703205e-06,95.9103092141463,1.0157194110467147e-15,1.500584996830217e-14,5.350254531281105e-10,0.0,4.423075362076013e-17,2.512943866531073,5.831239876830929e-12,0.0003268628826786353,1000000.0,995352.4311888139
0.00022874999682348033,0.00010174854739737792,-0.008254911374669003,308.51838652101003,0.0,0.029518874946233873,287.7215331009989,6.357545006968232e-17,0.0,3.6190219968258683e-06,95.91209650022739,1.0146416661252384e-15,1.4998936321741926e-14,5.347791208590904e-10,9.620710362910435e-25,8.419381334624783e-17,2.5129906951742202,5.822962964647633e-12,0.00032686296451703745,1000000.0,995268.9400722214
0.00022893239922728686,0.00010174616916572915,-0.01780654611588784,308.49355710675184,0.0,0.02952094373096991,287.74170932413364,6.348753869802317e-17,0.0,3.6192757775991563e-06,95.91882225266552,1.0136119943641219e-15,1.4992801474716662e-14,5.345605188311857e-10,0.0,0.0,2.513166916463932,5.817045837103387e-12,0.0003268632724529822,1000000.0,995258.1435734455
0.00022911480163109336,0.00010174206075117353,-0.027204060739072687,308.4751541060218,0.0,0.0295245189041875,287.7765683581148,6.341576119465239e-17,0.0,3.6197142418574003e-06,95.93044252639883,1.012633103738803e-15,1.4987436202750116e-14,5.343693249639658e-10,2.8665547991155996e-24,1.901804099647169e-16,2.5134713789966243,5.81345578668025e-12,0.0003268638044053598,1000000.0,995319.3161252721
0.00022929720403489987,0.00010173626212902369,-0.03631813945460836,308.4630110675622,0.0,0.029529566385862575,287.8257780306945,6.336004880828951e-17,0.0,3.620333211468161e-06,95.94684659166593,1.011706989157049e-15,1.4982820928852016e-14,5.34204846613723e-10,0.0,0.0,2.513901181544296,5.8121311860745595e-12,0.0003268645552171096,1000000.0,995450.7591480571
0.00022947960643870637,0.00010172883639691383,-0.04502484227792125,308.4568778927729,0.0,0.029536032222642332,287.8888124632898,6.332013081365812e-17,0.0,3.6211260718199293e-06,95.96785914661541,1.0108349210093124e-15,1.4978926108261605e-14,5.340660342411111e-10,8.361339349043031e-24,5.347907567094644e-16,2.5144517310270595,5.812982500522065e-12,0.000326865516759933,1000000.0,995649.8342368676
0.0002296620088425129,0.00010171986864632553,-0.05320721125753404,308.4564251434624,0.0,0.0295438435129543,287.96496108801534,6.329554024212388e-17,0.0,3.622083885240314e-06,95.99324332313772,1.0100174427648232e-15,1.4975712728446348e-14,5.339514994349542e-10,0.0,0.0,2.515116821268877,5.815893539252996e-12,0.0003268666780764854,1000000.0,995913.007664781
0.0002298444112463194,0.00010170946455021157,-0.060756774227790425,308.46124933761075,0.0,0.02955290956474048,288.0533399319888,6.328562124208506e-17,0.0,3.6231955329323556e-06,96.02270444849322,1.0092543772658582e-15,1.4973132924265537e-14,5.338595370655056e-10,0.0,0.0,2.5158887315558838,5.820722921304821e-12,0.00032686802555811955,1000000.0,996235.9056598634
0.0002300268136501259,0.0001016977486869974,-0.06757492882112771,308.4708791713929,0.0,0.029563123272277017,288.15290503721894,6.328953815946391e-17,0.0,3.624447883772707e-06,96.05589451883753,1.00854484134232e-15,1.497113070391474e-14,5.337881513048052e-10,3.893338509108914e-24,2.3002560789996807e-16,2.5167583438471395,5.827305885130937e-12,0.0003268695431558819,1000000.0,996613.3798794692
0.0002302092160539324,0.00010168486262426173,-0.07357419090400606,308.48478258822126,0.0,0.029574362696519134,288.26246786420336,6.330628620690361e-17,0.0,3.6258259880613624e-06,96.09241733401753,1.0078872683686177e-15,1.4969642766052055e-14,5.337350852162332e-10,0.0,0.0,2.5177152773112925,5.835456141542913e-12,0.0003268712126221351,1000000.0,997039.5823901873
0.00023039161845773894,0.00010167096278823651,-0.0786792922130603,308.5023746034774,0.0,0.029586492831216508,288.3807125062279,6.333470377924513e-17,0.0,3.627313294046735e-06,96.13183423596541,1.0072794383343101e-15,1.4968599412131606e-14,5.336978535767544e-10,0.0,5.265244689760532e-17,2.5187480386781207,5.844968168206579e-12,0.0003268730137798263,1000000.0,997508.0493554252
0.00023057402086154545,0.00010165621814793168,-0.08282811304337603,308.5230257897089,0.0,0.029599367534755627,288.5062145190624,6.337348653265853e-17,0.0,3.6288918847695166e-06,96.17367038558592,1.006718514994933e-15,1.4967925539257113e-14,5.336737785552111e-10,1.4471995084660062e-24,1.1921194943796332e-16,2.51984418669911,5.855619686531734e-12,0.00032687492481607355,1000000.0,998011.7925434671
0.00023075642326535195,0.00010164080774514293,-0.08597243735188619,308.5460713166388,0.0,0.02961283160532479,288.63746114760454,6.342120325788808e-17,0.0,3.630542732477642e-06,96.21742150531655,1.0062010896887986e-15,1.496754170028427e-14,5.33660027828826e-10,7.071309547926338e-24,4.840874470812575e-16,2.5209905088091236,5.867174388604694e-12,0.00032687692259639,1000000.0,998543.3976498691
0.00023093882566915845,0.00010162491810375864,-0.08807851943211008,308.5708204332155,0.0,0.029626722974606185,288.77287270786326,6.34763134300146e-17,0.0,3.632245967573427e-06,96.26256100682117,1.0057232314068107e-15,1.496736522013509e-14,5.336536546794215e-10,0.0,0.0,2.5221732078789456,5.879384872590403e-12,0.00032687898299558034,1000000.0,999095.12831454
0.00023112122807296499,0.00010160874055359396,-0.08912745315834365,308.59656626279934,0.0,0.029640874992914047,288.91082486020446,6.353718647496105e-17,0.0,3.633981158771086e-06,96.30854741578587,1.005280542640861e-15,1.496731135881139e-14,5.336516395707918e-10,1.1261455812726742e-23,7.549581641615473e-16,2.523378096752187,5.891995907641155e-12,0.0003268810812409863,1000000.0,999659.0345684818
0.0002313036304767715,0.00010159246850543373,-0.08911533678419041,308.6225957902848,0.0,0.02965511877647474,289.0496714884596,6.360212265836415e-17,0.0,3.635727600875043e-06,96.35483199867961,1.0048682205175853e-15,1.496729450059436e-14,5.33650932671829e-10,0.0,0.0,2.524590798073877,5.904747794178869e-12,0.0003268831922635268,1000000.0,1000227.0643777022
0.000231486032880578,0.0001015762947149667,-0.08805322943205421,308.6481998931619,0.0,0.029669285585673996,289.18776788063565,6.366937545011556e-17,0.0,3.637464606351649e-06,96.40086649005387,1.0044811226920741e-15,1.4967229355558775e-14,5.336484967578425e-10,3.6178677289537227e-23,2.1282392352775045e-15,2.5257969467532564,5.917379928698018e-12,0.0003268852910517704,1000000.0,1000791.176777092
0.00023166843528438452,0.00010156040857386132,-0.08596689698769805,308.6726832995942,0.0,0.029683209201344624,289.32349389092826,6.373717513445167e-17,0.0,3.639171796666083e-06,96.44611081360979,1.004113837411523e-15,1.4967032159909006e-14,5.336413498956755e-10,0.0,0.0,2.5269823922633083,5.929634499708849e-12,0.0003268873530041037,1000000.0,1001343.4551096814
0.00023185083768819103,0.00010154499346617788,-0.08289635035730378,308.69537429638746,0.0,0.02969672826521212,289.45527675178624,6.380375341688733e-17,0.0,3.6408293892169676e-06,96.49004068660938,1.0037607570872343e-15,1.4966621854131658e-14,5.336266073011208e-10,9.578652114071964e-23,5.024100924527274e-15,2.5281333978837264,5.9412602263106546e-12,0.00032688935427396283,1000000.0,1001876.2186276567
0.00023203324009199753,0.00010153022422782733,-0.07889517842107628,308.7156340994498,0.0,0.029709688549641695,289.5816131978513,6.386736871143044e-17,0.0,3.642418475616444e-06,96.5321549949006,1.0034161546314473e-15,1.4965921222060382e-14,5.336015217476432e-10,0.0,0.0,2.529236833933845,5.952016115414184e-12,0.0003268912721030752,1000000.0,1002382.1309583471
0.00023221564249580404,0.00010151626474544983,-0.07402968804700685,308.7328656648544,0.0,0.029721945122385157,289.70109056496256,6.392633168064948e-17,0.0,3.6439212870771077e-06,96.57198282627938,1.003074261743304e-15,1.4964857974823302e-14,5.335635219115157e-10,2.618899947118166e-22,1.2195717201916978e-14,2.5302803620535053,5.961675122557478e-12,0.0003268930851377569,1000000.0,1002854.303481481
0.00023239804489961057,0.0001015032657295544,-0.06837785556941903,308.7465219366061,0.0,0.02973336437184604,289.81240653198574,6.397903059319006e-17,0.0,3.645321442730092e-06,96.60909005143704,1.0027293482202493e-15,1.4963365761017214e-14,5.335102480502649e-10,0.0,0.0,2.5312526076304542,5.970027701166918e-12,0.00032689477372345156,1000000.0,1003286.392377168
0.00023258044730341707,0.00010149136269390993,-0.062028116589433975,308.75611320623983,0.0,0.029743825861224975,289.91438719110823,6.402395596408182e-17,0.0,3.646604176915203e-06,96.6430853477006,1.0023758013046206e-15,1.4961385085811728e-14,5.334395844479751e-10,7.073361451971557e-22,2.924329656870328e-14,2.5321433176280106,5.976885067192497e-12,0.0003268963201730145,1000000.0,1003672.6871001833
0.00023276284970722357,0.00010148067417086891,-0.055077992585726175,308.7612137752906,0.0,0.029753223979943004,290.0060031478562,6.405972401806017e-17,0.0,3.6477565416931714e-06,96.67362556598071,1.0020082039521931e-15,1.4958864125786566e-14,5.333496880927433e-10,0.0,0.0,2.5329435012046937,5.982082245504351e-12,0.0003268977090045264,1000000.0,1004008.1897755188
0.00023294525211103008,0.00010147130018790694,-0.047632603302460594,308.76146740428396,0.0,0.02976146936679816,290.08638338819515,6.408509839764203e-17,0.0,3.648767581266027e-06,96.70042035337538,1.0016214108941644e-15,1.4955759423507424e-14,5.332390131215497e-10,0.0,0.0,2.533645550830497,5.985480635151067e-12,0.0003268989271449865,1000000.0,1004288.6828111736
0.0002331276545148366,0.0001014633210266218,-0.03980306417178143,308.7565918196071,0.0,0.02976849007993748,290.1548266857645,6.409900953046655e-17,0.0,3.6496284754599425e-06,96.72323595577654,1.001210621315466e-15,1.495203644992617e-14,5.331063306364982e-10,2.768645613908838e-22,8.577973546555237e-15,2.5342433419192405,5.9869701495848385e-12,0.0003268999640967553,1000000.0,1004510.7847377005
0.0002333100569186431,0.00010145679628183333,-0.03170479858788808,308.74638215063175,0.0,0.029774232495095733,290.21081035678856,6.41005713166055e-17,0.0,3.650332649848355e-06,96.7418981363235,1.0007714468712102e-15,1.4947670029101797e-14,5.329507435612791e-10,0.0,0.0,2.534732309294867,5.986470965403367e-12,0.0003269008120641789,1000000.0,1004671.9931036769
0.00023349245932244962,0.00010145176423321437,-0.023455804389804567,308.7307130803466,0.0,0.029778661917213026,290.25399622077566,6.408909468140721e-17,0.0,3.6508758507263967e-06,96.75629416240432,1.0002999738458564e-15,1.4942644611885964e-14,5.327716963022107e-10,4.0883518242511294e-26,5.871545029441857e-17,2.5351094992527337,5.983934574123283e-12,0.00032690146603851945,1000000.0,1004770.7131520954
0.00023367486172625612,0.00010144824153602513,-0.015174896927799542,308.7095397683512,0.0,0.029781762896634804,290.284233683163,6.406409756540849e-17,0.0,3.6512561838842457e-06,96.76637383325699,9.997928183387738e-16,1.4936954398691043e-14,5.325689790864592e-10,6.02361570702287e-26,5.898352235970086e-17,2.5353735964838178,5.97934431725078e-12,0.0003269019238401469,1000000.0,1004806.2721279103
0.00023385726413006265,0.00010144622323235523,-0.006979955114824713,308.682897581164,0.0,0.0297835392470246,290.30155990959406,6.402531107522738e-17,0.0,3.6514741167990704e-06,96.77214953806488,9.992471734139235e-16,1.4930603310069154e-14,5.323427269489232e-10,0.0,5.65010597413938e-17,2.535524925596828,5.972715322835493e-12,0.00032690218611770524,1000000.0,1004778.9191957079
0.00023403966653386915,0.00010144568307956148,0.0010138002416748523,308.6509006376659,0.0,0.02978401376689034,290.30619711197625,6.39726816894075e-17,0.0,3.6515324444988347e-06,96.77369535126269,9.986608472365039e-16,1.4923604805834124e-14,5.320934134317232e-10,1.2559748693260314e-25,6.004379136095164e-17,2.5355654274143657,5.964093855102103e-12,0.00032690225630467275,1000000.0,1004689.8110549569
0.00023422206893767566,0.00010144657418756042,0.00869546635748701,308.6137391811183,0.0,0.02978322767234936,290.298547019799,6.390636950858166e-17,0.0,3.651436220021607e-06,96.7711451895482,9.980322913912313e-16,1.491598155795288e-14,5.318218391575468e-10,1.1269754863258235e-26,5.712780526265675e-17,2.535498610684835,5.9535560983123776e-12,0.00032690214053447155,1000000.0,1004540.9835598825
0.00023440447134148216,0.000101448829951353,0.015960029793490718,308.5716758278164,0.0,0.029781239754316485,290.2791826652687,6.382674259900097e-17,0.0,3.6511926510871656e-06,96.76469007345334,9.973606188006184e-16,1.490776498491684e-14,5.315291155381168e-10,7.482954348792062e-26,5.76848663707691e-17,2.535329480332925,5.941206402336552e-12,0.0003269018475160392,1000000.0,1004335.3099905825
0.0002345868737452887,0.00010145236526029738,0.022709825439091,308.5250407786029,0.0,0.029778125278470777,290.24883766127545,6.373436759664088e-17,0.0,3.650810965232884e-06,96.75457455314982,9.966456108817115e-16,1.4898994657992396e-14,5.312166439698252e-10,0.0,5.591986595831637e-17,2.5350644438122147,5.927175057972572e-12,0.0003269013883724855,1000000.0,1004076.4469349755
0.0002347692761490952,0.00010145707796153438,0.028855861826597957,308.4742260936119,0.0,0.029773974650721752,290.20839319371566,6.362999684122279e-17,0.0,3.650302246200394e-06,96.74109237233436,9.958877137974227e-16,1.4889717591258967e-14,5.308860909441973e-10,1.0231027568827344e-25,5.791259402527951e-17,2.534711197494731,5.911615638081757e-12,0.0003269007764460281,1000000.0,1003768.7689504125
0.0002349516785529017,0.00010146285055144542,0.03431899386356607,308.4196791358796,0.0,0.029768891874554552,290.15886298526493,6.351455243374224e-17,0.0,3.6496792448068277e-06,96.72458145589583,9.95088023886598e-16,1.4879987430541275e-14,5.305393595631552e-10,0.0,5.5155198940618027e-17,2.5342785953429274,5.894702011580956e-12,0.00032690002707291116,1000000.0,1003417.2933251967
0.00023513408095670823,0.00010146955206589989,0.039030927163083394,308.36189529847326,0.0,0.02976299282970874,290.101376517654,6.338910767844328e-17,0.0,3.6489561679111043e-06,96.7054183170538,9.942482626073877e-16,1.4869863556782542e-14,5.301785580008081e-10,1.2401638104127956e-25,5.737404092606408e-17,2.5337765023712486,5.876625085303721e-12,0.0003268991573324329,1000000.0,1003027.5963995386
0.00023531648336051473,0.00010147704013742446,0.0429350418093916,308.30141014241235,0.0,0.02975640340404263,290.03716082290373,6.325486640164133e-17,0.0,3.648148449380238e-06,96.68401198745886,9.933707415739862e-16,1.4859410120575822e-14,5.298059654930444e-10,0.0,5.334356977772742e-17,2.533215635608824,5.857589358710671e-12,0.0003268981857745478,1000000.0,1002605.7230286576
0.00023549888576432124,0.00010148516318549269,0.04598702712966312,308.2387910816429,0.0,0.02974925751199549,289.9675211692089,6.311314066447988e-17,0.0,3.6472725071522962e-06,96.66079757882376,9.924583184803925e-16,1.4848695025672373e-14,5.294239964606191e-10,1.8136029639948957e-25,5.779682848624681e-17,2.5326073954079082,5.837809375712809e-12,0.00032689713213073597,1000000.0,1002158.090848542
0.00023568128816812774,0.00010149376270493565,0.048155322585290976,308.17462875403317,0.0,0.029741695033760385,289.89382097398254,6.296532740896038e-17,0.0,3.6463454905784377e-06,96.63622958692811,9.915143448835125e-16,1.4837788879167487e-14,5.290351633803235e-10,0.0,5.0520313422723974e-17,2.5319636900022555,5.817506149636838e-12,0.0003268960170129498,1000000.0,1001691.3910282179
0.00023586369057193427,0.00010150267561693634,0.04942136327505455,308.10952821598187,0.0,0.02973385970921829,289.81746127594505,6.281288457462859e-17,0.0,3.645385022218541e-06,96.61077504863034,9.905426069689148e-16,1.4826763925786046e-14,5.28642039014162e-10,2.7924537459457045e-25,5.992274799403263e-17,2.5312967562141493,5.7969036335942124e-12,0.00032689486160547186,1000000.0,1001212.4871725409
0.00023604609297574078,0.00010151173664710024,0.049779631796704756,308.0441000957806,0.0,0.029725897019973357,289.73986009122063,6.265730719156222e-17,0.0,3.6444089381778488e-06,96.58490666021387,9.895472605439969e-16,1.481569298328022e-14,5.282472185904342e-10,0.0,4.4476811746572364e-17,2.530618979148338,5.776225300662183e-12,0.00032689368735444813,1000000.0,1000728.3139913556
0.00023622849537954728,0.00010152078069567787,0.04923752128845727,307.9789518368806,0.0,0.029717952091533398,289.6624319657713,6.250010390711918e-17,0.0,3.643435030913178e-06,96.55909596118195,9.885327615851521e-16,1.4804648395012256e-14,5.278532825043812e-10,4.735641163177331e-25,6.740128033180557e-17,2.5299427136008,5.7556908891020895e-12,0.00032689251565971617,1000000.0,1000245.7772759061
0.00023641089778335378,0.00010152964516613975,0.047815017230112895,307.914679156507,0.0,0.029710167645855285,289.5865680187325,6.234277435058314e-17,0.0,3.642480798213785e-06,96.53380668169517,9.875037937029144e-16,1.4793701014630712e-14,5.274627600707123e-10,0.0,2.9302978200972226e-17,2.5292801097551005,5.7355133585235525e-12,0.0003268913675733294,1000000.0,999771.656624128
0.00023659330018716032,0.00010153817221991788,0.0455442080012585,307.8518578362032,0.0,0.029702682032224724,289.5136167492618,6.218678768219085e-17,0.0,3.6415632017858744e-06,96.50948834452619,9.864651938864375e-16,1.478291923647879e-14,5.27078094817632e-10,8.66890863483334e-25,9.123392693107262e-17,2.5286429455473525,5.715896092531262e-12,0.0003268902635088969,1000000.0,999312.51223262
0.00023677570259096682,0.00010154621092714994,0.0424686362052954,307.7910359517961,0.0,0.0296956273618743,289.4448658545323,6.203356260945574e-17,0.0,3.640698438555491e-06,96.48657020408,9.854218778528877e-16,1.477236808390254e-14,5.267016117641117e-10,0.0,0.0,2.52804246786262,5.6970303736918206e-12,0.0003268892229655317,1000000.0,998874.5969393159
0.00023695810499477332,0.00010155361928561728,0.03864250450360173,307.7327266382432,0.0,0.029689127768983692,289.38152527955117,6.188444908642591e-17,0.0,3.6399017274655773e-06,96.46545559604384,9.843787662624414e-16,1.476210836604531e-14,5.263354870710555e-10,1.7119334091533645e-24,1.6298170032782003e-16,2.527489244490223,5.6790931469236894e-12,0.00032688826426983627,1000000.0,998463.7745527896
0.00023714050739857983,0.00010156026608268718,0.034129750935316366,307.67740147555696,0.0,0.02968329781782697,289.3247116915014,6.174071183532253e-17,0.0,3.6391871141909673e-06,96.44651676190209,9.83340712966106e-16,1.475219591201515e-14,5.259817204044082e-10,2.657607540202611e-25,6.4832770712703e-17,2.5269930285209683,5.662245071384241e-12,0.00032688740433896107,1000000.0,998085.445364507
0.00023732290980238636,0.00010156603257792346,0.02900301002010658,307.6254845690808,0.0,0.029678241072919494,289.27543454280845,6.160351583394211e-17,0.0,3.6385672958367185e-06,96.43009020305382,9.823124363486204e-16,1.474268089096321e-14,5.256421102948665e-10,0.0,3.131091073103439e-17,2.526562636620487,5.646628911501384e-12,0.00032688665846741013,1000000.0,997744.4795903167
0.00023750531220619286,0.00010157081398703678,0.02334247626882369,307.5773473849147,0.0,0.029674048846115207,289.2345838589763,6.147391375381234e-17,0.0,3.6380534673309263e-06,96.41647260988248,9.812984546969688e-16,1.4733607221808708e-14,5.253182327268637e-10,3.5872990313515373e-25,6.872152629893348e-17,2.52620584236688,5.632368145640105e-12,0.00032688604013978844,1000000.0,997445.159343915
0.00023768771460999937,0.00010157452075094815,0.017234687338159256,307.53330439094015,0.0,0.02967079913182271,289.20291986000825,6.135283535514983e-17,0.0,3.6376551908807853e-06,96.40591740205228,9.80303026386197e-16,1.4725012079616452e-14,5.250114231390565e-10,0.0,4.084775163494765e-17,2.5259292856031004,5.619565927481586e-12,0.00032688556087132346,1000000.0,997191.1296154276
0.00023787011701380587,0.00010157707957690607,0.010771244393316372,307.49360954171027,0.0,0.02966855573882513,289.1810644981324,6.12410788394377e-17,0.0,3.6373802895323103e-06,96.39863190760516,9.793300955387451e-16,1.4716925500948344e-14,5.247227619705264e-10,4.550313850832192e-26,4.822885979178114e-17,2.5257383985265394,5.6083042985160104e-12,0.0003268852300776085,1000000.0,996985.3586003488
0.0002380525194176124,0.00010157843424180694,0.004047487305210391,307.4584536343714,0.0,0.029667367624639597,289.1694949696959,6.113930412612715e-17,0.0,3.637234765561582e-06,96.3947752001481,9.783832436874407e-16,1.470937009015288e-14,5.244530638414244e-10,0.0,0.0,2.5256373490212143,5.5986436721477756e-12,0.00032688505497461445,1000000.0,996830.1076074621
0.0002382349218214189,0.00010157854615104156,-0.002838858285127933,307.42796255066145,0.0,0.029667268435978646,289.16853923593453,6.104802788703797e-17,0.0,3.637222744134044e-06,96.39445660569966,9.774656478359637e-16,1.4702360826001626e-14,5.242028704149861e-10,7.2953659022864275e-25,1.2736051882259815e-16,2.525629001535693,5.590622500968069e-12,0.0003268850405096124,1000000.0,996726.9106632322
0.0002384173242252254,0.00010157739464933793,-0.009789044570426505,307.402196392292,0.0,0.029668276256635293,289.17837356552945,6.096762036097399e-17,0.0,3.6373464423942617e-06,96.39773488350023,9.765800451881654e-16,1.469590497307278e-14,5.239724469477735e-10,0.0,0.0,2.525714895619519,5.5842573163818495e-12,0.0003268851893233291,1000000.0,996676.5638405711
0.0002385997266290319,0.00010157497708318178,-0.016704659039867946,307.38114950340946,0.0,0.0296703935620026,289.19902209121096,6.089830383898581e-17,0.0,3.637606163888787e-06,96.4046180782057,9.757287047125772e-16,1.4690002092311302e-14,5.237617824980151e-10,1.4021100149730945e-24,2.8553037071618873e-16,2.525895242050541,5.579542867098566e-12,0.00032688550174328907,1000000.0,996679.1242366943
0.00023878212903283844,0.0001015713086174158,-0.023488959710905366,307.3647513690489,0.0,0.029673607377437256,289.2303583532937,6.084015274314805e-17,0.0,3.638000317981092e-06,96.41506403442563,9.74913405615372e-16,1.46846441490283e-14,5.235705937271789e-10,0.0,0.0,2.5261689363163184,5.576452519881921e-12,0.0003268859758079566,1000000.0,996733.9184559748
0.00023896453143664495,0.00010156642181154085,-0.03004817219182235,307.35286836129706,0.0,0.02967788963581159,289.27210878463364,6.0793095187462e-17,0.0,3.638525463686047e-06,96.42898155843515,9.7413542270189e-16,1.4679815719219456e-14,5.233983321969114e-10,3.784381471085804e-24,6.602156223551429e-16,2.5265335890521037,5.574938874832682e-12,0.000326886607320977,1000000.0,996839.5603478719
0.00023914693384045145,0.00010156036596405761,-0.03629273352392089,307.34530631001616,0.0,0.02968319772774847,289.3238580738042,6.075691600555453e-17,0.0,3.6391763771291416e-06,96.44623220599195,9.733955185305884e-16,1.467549428785783e-14,5.232441950318652e-10,0.0,0.0,2.526985572883403,5.57493457214782e-12,0.0003268873899345089,1000000.0,996993.977719287
0.00023932933624425798,0.00010155320623592803,-0.04213846782824974,307.3418138445276,0.0,0.029689475236281786,289.38505632569166,6.073126121044896e-17,0.0,3.6399461416138694e-06,96.4666326693239,9.726939422099807e-16,1.467165063402709e-14,5.231071387877248e-10,9.37587572996865e-24,1.4699703748270381e-15,2.527520084967376,5.5763532959454135e-12,0.00032688831526033157,1000000.0,997194.4475925501
0.00023951173864806448,0.0001015450225668233,-0.04750768042165334,307.34208647767105,0.0,0.029696652845847944,289.4550279215988,6.071564383758356e-17,0.0,3.64082625906612e-06,96.48995773064838,9.720304346448052e-16,1.4668249300565347e-14,5.229858963335091e-10,0.0,0.0,2.5281312243779426,5.579090977924342e-12,0.00032688937300711697,1000000.0,997437.6396137212
0.000239694141051871,0.00010153590840029789,-0.05233015672811751,307.34577134539506,0.0,0.029704649413869317,289.53298196371037,6.070945112365703e-17,0.0,3.641806781406637e-06,96.51594374383929,9.714042399942944e-16,1.4665249140732823e-14,5.228789965269401e-10,2.3831408876074595e-23,3.270438807851168e-15,2.5288120833288414,5.583027180603428e-12,0.00032689055114196533,1000000.0,997719.6669737581
0.0002398765434556775,0.00010152596923628467,-0.056544054814461404,307.3524725833084,0.0,0.029713373191296626,289.61802417212846,6.071195300645067e-17,0.0,3.6428764601947804e-06,96.544292600309,9.708141230641177e-16,1.466260393446011e-14,5.227847864324516e-10,0.0,0.0,2.529554851083651,5.5880266806762225e-12,0.00032689183607403514,1000000.0,998036.1443770276
0.00024005894585948402,0.00010151532103145082,-0.06009667931074471,307.36175720126965,0.0,0.029722723177001018,289.70917008558104,6.072231190796127e-17,0.0,3.644022912669304e-06,96.57467612947013,9.702583923257927e-16,1.46602630682574e-14,5.227014558016523e-10,6.002496150917388e-23,7.22027559845601e-15,2.5303509292521293,5.593941211627207e-12,0.0003268932128578287,1000000.0,998382.2521406262
0.00024024134826329053,0.00010150408846982344,-0.06294512833755148,307.3731614783054,0.0,0.029732590588827587,289.80535940069586,6.073959378914991e-17,0.0,3.6452328021115077e-06,96.60674087873862,9.697349282295827e-16,1.4658172270261974e-14,5.226270635079027e-10,0.0,0.0,2.53119105703106,5.600611409436639e-12,0.00032689466541344835,1000000.0,998752.8059803714
0.00024042375066709703,0.0001014924031278181,-0.06505680319265003,307.38619764533723,0.0,0.02974286043305904,289.9054712683317,6.076278039168223e-17,0.0,3.6464920302446136e-06,96.64011321257236,9.692412164578855e-16,1.465627438982234e-14,5.225595655986065e-10,1.5046465326581713e-22,1.584318404961571e-14,2.532065444803916,5.607868873633394e-12,0.000326896176760901,1000000.0,999142.3311432938
0.00024060615307090353,0.00010148040155917903,-0.06640977568410399,307.4003609842283,0.0,0.029753413151603677,290.0083403507076,6.079078264655012e-17,0.0,3.6477859392053385e-06,96.67440466512214,9.687743857263217e-16,1.465451021389705e-14,5.224968446035036e-10,0.0,0.0,2.5329639143857428,5.615538441177344e-12,0.00032689772926532135,1000000.0,999545.1406742494
0.00024078855547471006,0.00010146822332649312,-0.0669930060048055,307.4151369606299,0.0,0.029764126326115102,290.1127734290438,6.082245510015385e-17,0.0,3.6490995204365984e-06,96.70921747639586,9.683312497224626e-16,1.4652819308126902e-14,5.224367397139738e-10,5.1923646076122226e-24,3.8417574767261553e-16,2.533876044075817,5.62344049616664e-12,0.00032689930488981117,1000000.0,999955.4158695922
0.00024097095787851657,0.00010145600900673653,-0.06680640901128261,307.43000855233726,0.0,0.02977487641533538,290.21756633952555,6.085661129512729e-17,0.0,3.650417627712084e-06,96.74415023786925,9.679083527232868e-16,1.465114087279661e-14,5.223770774284808e-10,0.0,0.0,2.5347913165783726,5.631393477814875e-12,0.00032690088545240647,1000000.0,1000367.2887059064
0.00024115336028232307,0.00010144389819872602,-0.06586076716850056,307.4444635550579,0.0,0.029785540502661904,290.32152100611154,6.089203992493688e-17,0.0,3.6517251913786404e-06,96.77880357038002,9.675020184064577e-16,1.4649414600145845e-14,5.223157022447536e-10,2.7881804476887967e-22,2.460918727538047e-14,2.5356992677688894,5.639216375248463e-12,0.0003269024528836416,1000000.0,1000774.924741025
0.00024146559473729872,0.00010142379739264717,-0.0625468210950986,307.4668135565888,0.0,0.029803251308034788,290.49416845401583,6.095214223331638e-17,0.0,3.6538967872996567e-06,96.83635567087488,9.668338005079963e-16,1.46461802696083e-14,5.22200651723553e-10,0.0,0.0,2.537207189067571,5.651797600520057e-12,0.0003269050549801437,1000000.0,1001446.5513524057
0.0002416807337789697,0.00010141069606870932,-0.059096818738023506,307.47941313868694,0.0,0.02981480235915189,290.60677047952976,6.099050019946926e-17,0.0,3.655313119265961e-06,96.87389160415853,9.663846442281314e-16,1.464362350058081e-14,5.221096448630646e-10,0.0,0.0,2.5381906672165724,5.659497918257168e-12,0.0003269067513430132,1000000.0,1001878.1312551247
0.00024189587282064066,0.0001013984313026005,-0.05478455551799928,307.48890841250534,0.0,0.029825621164518975,290.7122352834417,6.102418584132373e-17,0.0,3.6566396777571286e-06,96.90904834155899,9.659370800788674e-16,1.4640701989060346e-14,5.220056013907799e-10,4.761172956740023e-23,2.6800064291435347e-15,2.5391118081074664,5.666112026009642e-12,0.0003269083396341854,1000000.0,1002274.7925160996
0.00024211101186231166,0.00010138717857754602,-0.04970581131288453,307.4946652904837,0.0,0.029835551735911195,290.8090424343163,6.105142651197797e-17,0.0,3.657857338466134e-06,96.94131904660517,9.654845890052454e-16,1.4637340593733905e-14,5.218858373810903e-10,0.0,0.0,2.539957332129207,5.671409413665451e-12,0.0003269097970597786,1000000.0,1002629.1641421944
0.00024232615090398263,0.00010137709122624375,-0.04397035630425905,307.49613313659626,0.0,0.02984445746721618,290.89586041840465,6.107059903750191e-17,0.0,3.6589493533327755e-06,96.97025985861772,9.650208653470204e-16,1.463347394725314e-14,5.217480179049994e-10,1.2897957444165946e-23,1.0618228970829792e-15,2.540715609698042,5.675188943865885e-12,0.00032691110369027906,1000000.0,1002934.8034565701
0.0002425412899456536,0.00010136829765250367,-0.03769967329080436,307.4928548344665,0.0,0.029852223689930343,290.9715715487811,6.108026317510914e-17,0.0,3.659901663855893e-06,96.99549819618063,9.645399375302517e-16,1.4629047671921333e-14,5.215902001436215e-10,1.0589116194952518e-23,4.1946893364608664e-16,2.541376878816627,5.677283053618477e-12,0.0003269122428269471,1000000.0,1003186.3173395967
0.00024275642898732456,0.00010136089909179807,-0.03102435036135615,307.48447482272456,0.0,0.029858759750658808,291.03529221475935,6.107919173594995e-17,0.0,3.6607031557944505e-06,97.01673950729267,9.640362844401705e-16,1.4624019353000592e-14,5.214108679055388e-10,0.0,0.0,2.5419334219345715,5.67756117948477e-12,0.00032691320129847997,1000000.0,1003379.4605160883
0.00024297156802899556,0.00010135496795515392,-0.0240812866749715,307.4707449445887,0.0,0.02986400056386017,291.0863880167403,6.10663958828033e-17,0.0,3.661345849536717e-06,97.03377231457546,9.635049431343212e-16,1.4618359249217323e-14,5.21208956804889e-10,5.547068408214676e-24,3.6915036608301144e-16,2.5423796981378164,5.6759323154372406e-12,0.00032691396968118877,1000000.0,1003511.2086659045
0.00024318670707066653,0.00010135054677884307,-0.01701084149609992,307.4515280292193,0.0,0.029867907613668764,291.12448353119913,6.10411445103496e-17,0.0,3.6618250229264793e-06,97.04647147043606,9.629416040853749e-16,1.4612050727575192e-14,5.209838697154416e-10,0.0,8.828328120486284e-16,2.542712428437076,5.672346584444291e-12,0.0003269145424389668,1000000.0,1003579.8050833509
0.0002434018461123375,0.00010134764778777052,-0.009953975032126935,307.4267991616593,0.0,0.02987046939299557,291.14946659084137,6.100297764481653e-17,0.0,3.6621392650999186e-06,97.05479958385888,9.623426920836663e-16,1.4605090423638798e-14,5.207354823460732e-10,0.0,4.693510078510474e-17,2.5429306331511863,5.666796016333218e-12,0.00032691491798181554,1000000.0,1003584.7802601678
0.00024361698515400847,0.00010134625307238466,-0.0030494029349759223,307.3966446330819,0.0,0.029871701277112143,291.16148705256114,6.09517130799825e-17,0.0,3.6622904609886465e-06,97.05880660970395,9.617054318500997e-16,1.4597488109135265e-14,5.204641389372536e-10,0.0,4.996528705657341e-16,2.5430356211463154,5.659313785888229e-12,0.0003269150986429937,1000000.0,1003526.9442254445
0.00024383212419567946,0.00010134631537124336,0.003569183452363747,307.36125862285127,0.0,0.029871644837695405,291.1609501116482,6.088744669045714e-17,0.0,3.66228370722436e-06,97.0586276199951,9.610278967673225e-16,1.4589266301764758e-14,5.201706382352176e-10,1.2303162868426125e-23,0.0,2.5430309314415434,5.649973271980981e-12,0.00032691509057591184,1000000.0,1003408.3520131189
0.00024404726323735043,0.00010134775943829941,0.009775754453997112,307.32093769281107,0.0,0.029870366616928275,291.1485043528649,6.081054592204373e-17,0.0,3.662127161842607e-06,97.0544788207411,9.603090391452337e-16,1.4580459600328758e-14,5.198562101454978e-10,0.0,2.059209381953469e-15,2.5429222288456654,5.638885399678373e-12,0.0003269149035735642,1000000.0,1003232.243223207
0.00024426240227902143,0.000101350483957404,0.015454370479276957,307.27607327403604,0.0,0.029867956397642684,291.125024889771,6.072163685024591e-17,0.0,3.6618318322059756e-06,97.04665193142266,9.59548701025161e-16,1.4571113773644987e-14,5.195224837497472e-10,2.6401786757228578e-23,0.0,2.5427171566942803,5.626195565132516e-12,0.00032691455081560806,1000000.0,1003002.9575671036
0.00024447754132069237,0.00010135436395256172,0.020501353795445876,307.22714230411134,0.0,0.02986452501953236,291.09159207900603,6.06215852114343e-17,0.0,3.661411307267525e-06,97.03550708938907,9.5874760539067e-16,1.456128464212387e-14,5.19171447601932e-10,0.0,4.777743298252937e-15,2.5424251509380067,5.612079723962549e-12,0.00032691404855020756,1000000.0,1002725.8287135325
0.00024469268036236337,0.00010135925363403427,0.02482717127517694,307.17469632329585,0.0,0.029860201799787066,291.04946637972193,6.051147235356914e-17,0.0,3.6608814413480012e-06,97.02146446923945,9.579073282835603e-16,1.4551036766749476e-14,5.188054033612964e-10,8.595196155965617e-23,0.0,2.542057220562142,5.596739849237003e-12,0.000326913415718954,1000000.0,1002407.0595574728
0.00024490781940403436,0.00010136498961447994,0.02835799241575297,307.11934917848413,0.0,0.0298551316227209,291.00005998516264,6.03925668425999e-17,0.0,3.660259997310853e-06,97.00499482619749,9.570302527406192e-16,1.4540441981362896e-14,5.184269139154031e-10,0.0,1.3373497038101548e-14,2.54162569981374,5.5803989361357075e-12,0.00032691267353393024,1000000.0,1002053.5817149173
0.0002451229584457053,0.00010137139442357505,0.031036899542864312,307.06176381380254,0.0,0.02984947176746736,290.9449059035701,6.0266292619549e-17,0.0,3.6595662576570235e-06,96.9866091892183,9.561195058290582e-16,1.4529577813690876e-14,5.180387472291168e-10,2.687408315366701e-22,0.0,2.5411439781510854,5.563295754495951e-12,0.0003269118450166946,1000000.0,1001672.9033062819
0.0002453380974873763,0.00010137828024345173,0.0328247232957104,307.0026381190061,0.0,0.029843388548836825,290.8856252139363,6.013419463360478e-17,0.0,3.658820612658156e-06,96.96684794567933,9.55178880551424e-16,1.4518525822289487e-14,5.176438172333283e-10,0.0,3.7899191499136196e-14,2.540626214251672,5.545679349095203e-12,0.0003269109545097018,1000000.0,1001272.947571692
0.00024555323652904724,0.00010138545278432493,0.03370050921323199,306.9426907046574,0.0,0.029837053846378914,290.8238932388421,5.999790315560981e-17,0.0,3.6580441348762185e-06,96.94626956508158,9.542127447874247e-16,1.4507369890015804e-14,5.172451230867315e-10,9.045801315352107e-22,0.0,2.5400870405625877,5.527803708491188e-12,0.00032691002717099644,1000000.0,1000861.887856571
0.00024576837557071824,0.0001013927152184823,0.03366159773625742,306.88264594513396,0.0,0.029830641599470208,290.7614053745767,5.985909749768325e-17,0.0,3.6572581493592515e-06,96.9254392085053,9.53225939843436e-16,1.4496194513755202e-14,5.168456881331135e-10,0.0,1.137664283145277e-13,2.539541264856372,5.5099222636247674e-12,0.0003269090884630379,1000000.0,1000447.9794322319
0.00024598351461238923,0.00010139987209344883,0.032723353853980695,306.82322002530174,0.0,0.02982432433752063,290.6998432812311,5.971947038228223e-17,0.0,3.6564838083824457e-06,96.90491745806322,9.522236712180334e-16,1.448508312752221e-14,5.164484998000398e-10,3.3602059803334064e-26,4.545198275112233e-17,2.5390035749327464,5.492283070846627e-12,0.00032690816364603183,1000000.0,1000039.3963441164
0.0002461986536540602,0.00010140673314796199,0.030918539062358336,306.76510690892457,0.0,0.029818269817406356,290.6408420952646,5.958069356107741e-17,0.0,3.6557416790386993e-06,96.88524938719546,9.512113943725066e-16,1.4474116480020956e-14,5.160564516074198e-10,4.487038891793889e-25,1.1427735766514202e-17,2.5384882522483965,5.4751239068426356e-12,0.0003269072772857244,1000000.0,999644.0720178157
0.00024641379269573117,0.00010141311695755879,0.02829635470949217,306.7089649612538,0.0,0.029812637826980473,290.58595928408334,5.944438532697233e-17,0.0,3.655051351481329e-06,96.86695417832989,9.501946982776138e-16,1.4463371112857153e-14,5.156722883712624e-10,0.0,1.8777606489806742e-16,2.5380088998906607,5.458668026460471e-12,0.0003269064527848768,1000000.0,999269.5481493562
0.00024662893173740217,0.00010141885434183581,0.024921188523180777,306.6554047143709,0.0,0.029807577216257635,290.5366457026269,5.931208050039258e-17,0.0,3.6544310748679186e-06,96.85051547458295,9.49179189412266e-16,1.4452917955108797e-14,5.152985555759549e-10,1.0016876626503911e-24,0.0,2.5375781897820326,5.443120296417536e-12,0.00032690571194696053,1000000.0,998922.8353626346
0.0002468440707790731,0.00010142379147263645,0.020871096545438582,306.60497789012084,0.0,0.02980322320367501,290.4942193382822,5.918520341154625e-17,0.0,3.653897427120301e-06,96.83637262761538,9.481703786964643e-16,1.4442821058789398e-14,5.149375537517582e-10,0.0,1.8845296953686858e-16,2.5372076333655356,5.428663895370623e-12,0.0003269050745796199,1000000.0,998610.2876045561
0.0002470592098207441,0.00010142779263015836,0.016236054745396557,306.55816771684965,0.0,0.029799695000436333,290.4598421554126,5.906504423463774e-17,0.0,3.653465023670938e-06,96.82491297874607,9.471735736447797e-16,1.4433136496850866e-14,5.145912985568409e-10,2.293922864974036e-26,9.305905434072018e-18,2.536907379362391,5.415457551813685e-12,0.0003269045581443376,1000000.0,998337.4917122766
0.0002472743488624151,0.0001014307425617358,0.011116018608661671,306.5153806753244,0.0,0.02979709378775498,290.4345003794037,5.895273880507785e-17,0.0,3.6531462694707714e-06,96.81646528663025,9.461937778038398e-16,1.442391143677397e-14,5.142614871337794e-10,4.6828054347477133e-26,4.1113246935641536e-17,2.5366860415707717,5.4036332927214035e-12,0.0003269041774576753,1000000.0,998109.1736571151
0.00024748948790408604,0.00010143254840626125,0.0056188317162192475,306.4769398632148,0.0,0.029795501074560856,290.418988488937,5.884925196449279e-17,0.0,3.6529511576399776e-06,96.8112943910772,9.45235599232968e-16,1.4415183401406068e-14,5.139494711819003e-10,4.6944841424653395e-25,0.0,2.536550559052605,5.393294745067448e-12,0.00032690394444840563,1000000.0,997929.1229001852
0.00024770462694575704,0.0001014331411560852,-0.00014197484520812878,306.4430800979511,0.0,0.029794977455742357,290.4138971122457,5.87553644374914e-17,0.0,3.652887117224566e-06,96.80959717826167,9.443031694319835e-16,1.4406979724505885e-14,5.136562370557073e-10,0.0,1.3417435974143287e-16,2.536506090418154,5.38451594414356e-12,0.00032690386797376184,1000000.0,997800.1358211726
0.000247919765987428,0.00010143247663745235,-0.00604945004598937,306.4139447918448,0.0,0.029795561783562862,290.4196049507406,5.867166331912765e-17,0.0,3.6529589116104377e-06,96.81149988846127,9.434000738042035e-16,1.439931720729362e-14,5.133823930698429e-10,2.8298958873165486e-25,0.0,2.5365559432861073,5.377340724810509e-12,0.00032690395369690646,1000000.0,997723.9786642054
0.000248134905029099,0.00010143053599963912,-0.011985515843696892,306.38958459201535,0.0,0.029797270757895775,290.43627478491214,5.859853610291646e-17,0.0,3.6531685882848936e-06,96.81705678462228,9.425292944800615e-16,1.4392201974748496e-14,5.131281640696613e-10,0.0,1.277732139749389e-16,2.5367015393987034,5.371782552700343e-12,0.0003269042040266225,1000000.0,997701.3700937955
0.00024835004407077,0.00010142732571177506,-0.017833244749784774,306.36995777832806,0.0,0.029800098934353345,290.4638535534837,5.853616809403106e-17,0.0,3.6535154798321215e-06,96.82625017874524,9.416931660645279e-16,1.4385629530674724e-14,5.128933932138513e-10,4.50699091622009e-25,0.0,2.5369424153130655,5.367824851813946e-12,0.0003269046181191904,1000000.0,997731.9832610785
0.0002485651831124409,0.00010142287707493523,-0.023479082141239664,306.35493239413535,0.0,0.029804019143138,290.5020764358277,5.848454306341193e-17,0.0,3.653996255282541e-06,96.83899179276027,9.408933445933603e-16,1.4379585007627212e-14,5.126775508084757e-10,0.0,1.7648305471749274e-16,2.5372762580574593,5.365421796099727e-12,0.0003269051919414201,1000000.0,997814.4670376757
0.0002487803221541119,0.00010141724526550834,-0.028814974914208567,306.3442900543458,0.0,0.029808983305343366,290.55047480840466,5.844344705675318e-17,0.0,3.6546050201906135e-06,96.85512541080936,9.401307897316737e-16,1.4374043603423783e-14,5.124797499281274e-10,5.013070336595453e-25,0.0,2.537698974623686,5.364499541965226e-12,0.00032690591839283504,1000000.0,997946.4857987362
0.0002489954611957829,0.00010141050793395456,-0.03374036997040998,306.33773133282847,0.0,0.029814923627559352,290.60838788853414,5.841247526688961e-17,0.0,3.6553334630926865e-06,96.87443076070252,9.39405760052517e-16,1.4368971194484476e-14,5.122987684600163e-10,0.0,2.103981859624686e-16,2.538204793665019,5.3649578873787916e-12,0.00032690678748405953,1000000.0,998124.7768250095
0.00024921060023745385,0.00010140276339068468,-0.03816404853220729,306.33488261219907,0.0,0.029821754149973873,290.67497782380127,5.839104184256859e-17,0.0,3.656171045304764e-06,96.89662854397771,9.387178210725128e-16,1.4364325113860354e-14,5.121330771118753e-10,6.534915408365306e-25,0.0,2.5387863972887024,5.366672337387688e-12,0.00032690778656756415,1000000.0,998345.224164284
0.00024942573927912485,0.0001013941284178099,-0.04200576502341205,306.3353042532908,0.0,0.029829372617817526,290.74924793304825,5.837839248889845e-17,0.0,3.6571052303614944e-06,96.92138651654341,9.380658655679182e-16,1.436005507878867e-14,5.119808728348414e-10,0.0,2.61132920530787e-16,2.539435080374725,5.369496553694697e-12,0.0003269089006160805,1000000.0,998602.9475445253
0.00024964087832079584,0.00010138473575188901,-0.045197662346499135,306.3384999305497,0.0,0.02983766264084668,290.83006375497774,5.83736197196289e-17,0.0,3.658121748769932e-06,96.94832650523942,9.37448145545773e-16,1.435610425071615e-14,5.11840117027454e-10,8.050534785628781e-25,0.0,2.5401409344165757,5.373265167108248e-12,0.00032691011254321425,1000000.0,998892.4047333015
0.0002498560173624668,0.0001013747312884755,-0.04768543901154878,306.3439269491605,0.0,0.02984649610073934,290.916176513113,5.837568061293464e-17,0.0,3.659204893156724e-06,96.97703222989149,9.368623151159848e-16,1.4352410408559045e-14,5.117085778070376e-10,0.0,3.1334978350557494e-16,2.540893052466718,5.377796921629744e-12,0.0003269114035600619,1000000.0,999207.5054785865
0.0002500711564041378,0.00010136427106414899,-0.049429247450102756,306.35100735061894,0.0,0.02985573576173918,291.00624856194145,5.838341688797825e-17,0.0,3.660337838335101e-06,97.00705778579425,9.363054834005828e-16,1.4348907213701177e-14,5.11583875561304e-10,1.0091954830232167e-24,0.0,2.5416797513859417,5.3828981157069644e-12,0.00032691275356098776,1000000.0,999541.7349811362
0.0002502862954458087,0.00010135351807567142,-0.05040430754992451,306.35913958814376,0.0,0.029865238035895275,291.09888033983606,5.839557706140234e-17,0.0,3.6615029803243723e-06,97.0379366284789,9.3577427651412e-16,1.4345525543397145e-14,5.114635309283943e-10,8.140602029643427e-26,3.031028450868841e-17,2.5424888072530525,5.388366290593528e-12,0.0003269141415311696,1000000.0,999888.284619583
0.0002505014344874797,0.00010134263899881258,-0.05060122448190631,306.36771055113365,0.0,0.029874855850817884,291.1926383213098,5.841084041714478e-17,0.0,3.6626822879392633e-06,97.06919089160942,9.352649075361352e-16,1.4342194868281665e-14,5.113450143001828e-10,0.0,5.376221041832288e-17,2.54330769950287,5.39399413220609e-12,0.00032691554596804486,1000000.0,1000240.1875119412
0.0002507165735291507,0.0001013318008712076,-0.05002600478707205,306.37610770701286,0.0,0.02988444156524427,291.2860834352427,5.842784241504905e-17,0.0,3.6638576602403675e-06,97.1003408602107,9.34773253301045e-16,1.433884464658647e-14,5.11225795903563e-10,7.669648544766014e-26,3.5573886852456186e-17,2.5441238591340585,5.399573473003991e-12,0.00032691694530853177,1000000.0,1000590.4563511767
0.00025093171257082166,0.00010132116780425888,-0.04869977069826722,306.3837311234891,0.0,0.029893849875914376,291.3777993984389,5.844520114366482e-17,0.0,3.665011282919583e-06,97.13091441567185,9.342949367093266e-16,1.433540570969798e-14,5.111033954894592e-10,5.8373893362294485e-27,4.5361429980265314e-17,2.544924916177455,5.404899387434164e-12,0.000326918318353681,1000000.0,1000932.2208515237
0.00025114685161249265,0.0001013108977884804,-0.04665817865497479,306.39000513539185,0.0,0.02990294065855376,291.4664204069388,5.846154436688984e-17,0.0,3.6661259766072677e-06,97.16045626665714,9.338254131614633e-16,1.433181161094712e-14,5.109754306529027e-10,3.8903872651323485e-26,4.281344425780681e-17,2.5456989415549556,5.4097742508732866e-12,0.00032691964468239097,1000000.0,1001258.8620972472
0.000251253201459491,0.00010130600119957482,-0.045399399816431145,306.392440717165,0.0,0.02990727628199934,291.5086862219386,5.84688362128318e-17,0.0,3.666657604919448e-06,97.17454559411229,9.335951423561568e-16,1.432995828004547e-14,5.109094248063189e-10,3.259243993925312e-26,4.2688914404299996e-17,2.546068095708767,5.411959720048725e-12,0.00032692027711050893,1000000.0,1001412.8126193797
0.00025135955130648933,0.00010130124683212422,-0.04398479438354289,306.3943524675785,0.0,0.029911486760863755,291.5497322458693,5.847539645057329e-17,0.0,3.6671738904428455e-06,97.18822830369123,9.333653310250092e-16,1.432804459887524e-14,5.108412549158068e-10,3.09442754862049e-26,4.302532979151315e-17,2.5464265960766976,5.413967960375599e-12,0.00032692089120209375,1000000.0,1001560.824423523
0.0002514659011534877,0.00010129665085496064,-0.04242218906970528,306.39568200507193,0.0,0.02991555769917592,291.5894181596913,5.848107341037642e-17,0.0,3.667673068215052e-06,97.20145761998201,9.331354230166852e-16,1.4326063810243383e-14,5.107706787338226e-10,3.272308706359533e-26,4.27154004673397e-17,2.5467732170972264,5.415778723716308e-12,0.00032692148486455533,1000000.0,1001702.2193827587
0.00025157225100048606,0.00010129222856056414,-0.04072008310134646,306.3963742567167,0.0,0.02991947546956311,291.62761113592023,5.84857207678767e-17,0.0,3.6681534675040144e-06,97.21418926488569,9.32904868291371e-16,1.432400953568956e-14,5.106974675858406e-10,3.1788294352820197e-26,4.286634934457589e-17,2.5471067986408724,5.4173728742454485e-12,0.00032692205611821944,1000000.0,1001836.3560987456
0.00025167860084748437,0.00010128799430234958,-0.038887601017268444,306.3963776847495,0.0,0.029923227270420433,291.66418639586436,5.848919822534961e-17,0.0,3.6686135188170874e-06,97.22638164337187,9.3267312541939e-16,1.4321875802009676e-14,5.106214073162886e-10,3.231311505199718e-26,4.2713100743279664e-17,2.547426250877175,5.418732475148406e-12,0.00032692260310454325,1000000.0,1001962.6326008693
0.00025178495069448273,0.00010128396143389896,-0.03693444272565093,306.39564450565894,0.0,0.02992680118140765,291.69902775055976,5.849137218219513e-17,0.0,3.6690517607050292e-06,97.23799602379958,9.324396641050638e-16,1.431965706679648e-14,5.105422992036131e-10,3.0903079712394025e-26,4.298524490643278e-17,2.547730558999275,5.419840869281347e-12,0.0003269231240940823,1000000.0,1002080.4889649359
0.0002518913005414811,0.00010128014225018795,-0.03487083218533211,306.3941309015587,0.0,0.029930186217203357,291.7320281247189,5.849211639410099e-17,0.0,3.669466846352343e-06,97.24899671257585,9.3220396770311e-16,1.431734824332592e-14,5.104599608436423e-10,3.233996265546306e-26,4.2730520085341104e-17,2.548018787800141,5.4206827657099425e-12,0.00032692361749419105,1000000.0,1002189.4098476316
0.0002520845755890541,0.0001012737841112356,-0.03087283015182399,306.3892560512524,0.0,0.02993582262742946,291.7869778610728,5.848942957785904e-17,0.0,3.670158015693456e-06,97.26731423056887,9.317682863320355e-16,1.4312907004591958e-14,5.103015275527234e-10,3.2060818555458926e-26,4.278234181476775e-17,2.548498724679897,5.4214864620199304e-12,0.0003269244389308117,1000000.0,1002362.9903501711
0.00025227785063662713,0.00010126822503030382,-0.02661302975091571,306.38147466098025,0.0,0.029940751698738974,291.8350331070701,5.848100056380382e-17,0.0,3.670762464683881e-06,97.28333346724415,9.313207445540723e-16,1.430812995493984e-14,5.101310526631631e-10,3.202439986681618e-26,4.274374671524411e-17,2.5489184443422497,5.4212950248710554e-12,0.00032692515715594027,1000000.0,1002503.1539554608
0.0002524185320381281,0.00010126470684620094,-0.02338834363693303,306.37389412998215,0.0,0.02994387161826721,291.86545135717023,5.847094416828627e-17,0.0,3.671145071830074e-06,97.29347340382378,9.30986027765097e-16,1.4304431282608362e-14,5.099990224435236e-10,3.205964308203591e-26,4.268469347485598e-17,2.5491841205941537,5.4204988667662276e-12,0.0003269256117057172,1000000.0,1002583.0911123115
0.000252559213439629,0.00010126164783763855,-0.02009071797466703,306.3646510980124,0.0,0.02994658458556499,291.8919030075028,5.845739144774743e-17,0.0,3.671477786249599e-06,97.30229107266949,9.306427330482638e-16,1.4300540354060625e-14,5.098600973978831e-10,3.1575514343148506e-26,4.26892436167109e-17,2.549415152138735,5.419132705359775e-12,0.00032692600692948857,1000000.0,1002643.8325389035
0.00025269989484112996,0.00010125905620899117,-0.016748585529889008,306.3537194194122,0.0,0.029948883173447415,291.9143156633653,5.844020723041016e-17,0.0,3.671759697346655e-06,97.30976234097618,9.302900424738013e-16,1.4296454069085665e-14,5.097141658035367e-10,3.1773058297498015e-26,4.258796316615285e-17,2.549610906672907,5.417187506036666e-12,0.0003269263417640596,1000000.0,1002685.0415800377
0.0002528405762426309,0.00010125693618463506,-0.01339052973842611,306.34108764361986,0.0,0.02995076350613994,291.93265154593695,5.841928952138584e-17,0.0,3.671990329931282e-06,97.31587461515771,9.299272301020906e-16,1.4292171022968378e-14,5.095611766214984e-10,3.16674326906765e-26,4.252706031151535e-17,2.5497710542324,5.4146594287788385e-12,0.0003269266156622438,1000000.0,1002706.550147882
0.00025298125764413183,0.00010125528801459567,-0.01004505202760688,306.32675896200175,0.0,0.029952225256779142,291.9469074679312,5.839457008733092e-17,0.0,3.6721696439131196e-06,97.32062683273078,9.295536671225723e-16,1.4287691500372823e-14,5.094011392832788e-10,3.1798023120884915e-26,4.2411009436928445e-17,2.5498955669791146,5.411549810490416e-12,0.0003269268285921483,1000000.0,1002708.3584725518
0.0002531219390456328,0.00010125410796450435,-0.006740286945878469,306.31075120529215,0.0,0.029953271657854337,291.9571149353865,5.836601528366557e-17,0.0,3.6722980355817525e-06,97.32402949624685,9.29168828525897e-16,1.428301747469191e-14,5.092341236846347e-10,3.1178097310200896e-26,4.2400999651550334e-17,2.549984720090165,5.407865154128799e-12,0.0003269269810385037,1000000.0,1002690.6354347856
0.0002533628607657173,0.00010125315047706177,-0.001253783974878824,306.2795368792684,0.0,0.02995411999151098,291.96539757955577,5.830822632092619e-17,0.0,3.6724022164142857e-06,97.32679051899652,9.284824508163308e-16,1.427457251146035e-14,5.089322955746451e-10,3.1315229773100215e-26,4.218380544114905e-17,2.5500570615861085,5.400255108089528e-12,0.0003269271047247298,1000000.0,1002615.9613390493
0.0002535021126178089,0.00010125318819251892,0.0017742604292825363,306.2593910871143,0.0,0.02995408569830292,291.9650713204811,5.826978511098817e-17,0.0,3.6723981126538147e-06,97.32668176025732,9.28069550412327e-16,1.4269447275634217e-14,5.087490795827501e-10,3.1311512072412006e-26,4.2061968004801606e-17,2.5500542120011804,5.395138036129886e-12,0.0003269270998534476,1000000.0,1002548.1915558152
0.0002536413644699006,0.00010125363842603037,0.004667368140646094,306.237783975271,0.0,0.029953685299782967,291.9611765904846,5.822775602033886e-17,0.0,3.6723491239150924e-06,97.32538345020585,9.276446374279178e-16,1.4264152359627277e-14,5.085597718675791e-10,3.1300737384158035e-26,4.1932914762970665e-17,2.5500201950089245,5.389522976585949e-12,0.0003269270417037794,1000000.0,1002463.2750582567
0.0002537806163219922,0.00010125448081682944,0.0074029514787569825,306.21479383787994,0.0,0.029952936884857725,291.95388970262815,5.81822585387423e-17,0.0,3.672257467900917e-06,97.3229543628769,9.27207709849746e-16,1.4258696705115597e-14,5.083646920609852e-10,3.1224940749520065e-26,4.1802834880974445e-17,2.5499565505465123,5.383437561133605e-12,0.0003269269329142747,1000000.0,1002362.0820084389
0.00025391986817408386,0.00010125569195259829,0.009959948389772277,306.19050997485897,0.0,0.02995186126475406,291.9434135047373,5.813344111033179e-17,0.0,3.6721256960739303e-06,97.31946211768019,9.267588729416076e-16,1.4253090518108903e-14,5.081642051741897e-10,3.113551703677829e-26,4.166547768500631e-17,2.5498650503085845,5.376913191325737e-12,0.0003269267765180789,1000000.0,1002245.6106419293
0.00025405912002617547,0.00010125724559397324,0.01231898130028385,306.16503183346924,0.0,0.029950481770237854,291.9299754028847,5.808147942567606e-17,0.0,3.671956668795574e-06,97.31498252052761,9.262983372658755e-16,1.4247345168760118e-14,5.079587180329948e-10,3.104107689982509e-26,4.1522038771848727e-17,2.549747680484144,5.369984709270305e-12,0.000326926575913545,1000000.0,1002114.9775048352
0.00025419837187826713,0.00010125911292745481,0.014462511419925505,306.1384680454292,0.0,0.02994882402334612,291.9138251364521,5.802657444766946e-17,0.0,3.67175352734035e-06,97.30959882214917,9.258264158885912e-16,1.424147307938386e-14,5.077486752895031e-10,3.0946245988264666e-26,4.1372888782386e-17,2.549606622323705,5.362690031022825e-12,0.0003269263348311546,1000000.0,1001971.4064857846
0.00025433762373035874,0.00010126126283476328,0.016374972632066522,306.11093540672414,0.0,0.029946915694404365,291.8952324097641,5.796895024213427e-17,0.0,3.671519664106015e-06,97.30340092859718,9.253435206843602e-16,1.423548760569157e-14,5.075345551982328e-10,3.222340135755837e-26,4.112363215646416e-17,2.5494442314537347,5.355069754152513e-12,0.00032692605729832814,1000000.0,1001816.2171647022
0.00025447687558245036,0.00010126366217528079,0.018042881492154512,306.08255781335,0.0,0.029944786247466087,291.8744844108721,5.790885167998832e-17,0.0,3.6712586914043207e-06,97.2964845741318,9.24850157738238e-16,1.42294029140175e-14,5.073168652110594e-10,3.168058661814137e-26,4.0991209607587065e-17,2.54926301620544,5.347166787702919e-12,0.00032692574760257413,1000000.0,1001650.8126311409
0.000254616127434542,0.00010126627608134424,0.019454926308462957,306.05346515364926,0.0,0.029942466674534058,291.85188322099054,5.784654196664626e-17,0.0,3.670974408876355e-06,97.28895045765539,9.243469219443553e-16,1.422323385205303e-14,5.070961373971105e-10,3.28556430334066e-26,4.07545722926452e-17,2.5490656149885114,5.3390259038580925e-12,0.0003269254102530132,1000000.0,1001476.666789728
0.00025475537928663363,0.00010126906826522291,0.02060203735932425,306.02379216145346,0.0,0.02993998921973771,291.82774312603345,5.778230004678872e-17,0.0,3.6706707696764897e-06,97.28090334651223,9.238344908777423e-16,1.4216995816560632e-14,5.068729237072799e-10,3.0885349975529906e-26,4.0693121835912756e-17,2.548854772809792,5.330693341719109e-12,0.000326925049940436,1000000.0,1001295.3112092154
0.0002548946311387253,0.00010127200133516537,0.021477438231956223,305.993677239932,0.0,0.029937387095912236,291.8023878540894,5.771641792107737e-17,0.0,3.6703518457247533e-06,97.27245115559955,9.233136180084236e-16,1.4210704618014034e-14,5.066477911251152e-10,3.3534350712923724e-26,4.038510134953632e-17,2.5486333171450917,5.322216382800753e-12,0.00032692467149624183,1000000.0,1001108.3216327794
0.0002550338829908169,0.00010127503711737322,0.02207667749611477,305.96326126808157,0.0,0.029934694196472822,291.7761477670365,5.764919790619029e-17,0.0,3.6700217923823755e-06,97.26370401119108,9.227851253267543e-16,1.4204376343141126e-14,5.06421316753544e-10,2.937545155546317e-26,4.041060212873338e-17,2.548404133410444,5.313642925596488e-12,0.0003269242798506737,1000000.0,1000917.3042885223
0.0002551833726947556,0.00010127836633450845,0.022410246911149127,305.9304362143748,0.0,0.029931741396390075,291.7473749627228,5.757590041942246e-17,0.0,3.6696598819889095e-06,97.25411258438787,9.222103049758186e-16,1.4197560056256482e-14,5.061773628053847e-10,3.040062701748006e-26,4.021130097204823e-17,2.5481528286516815,5.304386621622843e-12,0.00032692385040789716,1000000.0,1000709.6120095885
0.0002553328623986943,0.00010128172141916042,0.022423523032134934,305.89760408525615,0.0,0.029928766054887285,291.7183824252666,5.750180788115247e-17,0.0,3.669295207745745e-06,97.24444790944766,9.216288806717726e-16,1.419073982303847e-14,5.059332546115166e-10,3.0303103807330413e-26,4.0031614330140684e-17,2.5478996047201194,5.295133784026934e-12,0.00032692341768979406,1000000.0,1000501.1608698441
0.000255482352102633,0.00010128505472210477,0.02211993077674394,305.8649391714204,0.0,0.029925810416469523,291.6895819157462,5.742731189363028e-17,0.0,3.6689329488703825e-06,97.23484724710254,9.210420679390412e-16,1.4183935517656353e-14,5.056897059717984e-10,3.049187992443207e-26,3.9843220832862534e-17,2.547648057981129,5.2859427739026585e-12,0.00032692298784156126,1000000.0,1000293.9461091852
0.0002557684693255654,0.00010129120401604263,0.02068089120203836,305.8035047961296,0.0,0.029920358806726655,291.6364605393083,5.72850202427443e-17,0.0,3.6682647770075815e-06,97.2171392132087,9.199085159185982e-16,1.417102727059517e-14,5.052276574853936e-10,3.00393681407061e-26,3.9520465821831373e-17,2.5471840901818714,5.268729720978231e-12,0.0003269221950144669,1000000.0,999907.8874353265
0.0002559674087479508,0.00010129516413911396,0.01904899974098863,305.762126310496,0.0,0.02991684861046719,291.6022573930151,5.71874701055693e-17,0.0,3.6678345626281428e-06,97.20573757953207,9.191162582919762e-16,1.4162197683478246e-14,5.049115976173497e-10,2.994304085666468e-26,3.929711161359801e-17,2.5468853562334304,5.257218364265768e-12,0.00032692168454749246,1000000.0,999653.3340018737
0.0002561663481703362,0.0001012987513811383,0.016938383938426706,305.72225661747296,0.0,0.02991366930073403,291.5712793958721,5.709204152494264e-17,0.0,3.667444914853484e-06,97.19541105070856,9.183241919122704e-16,1.4153534421357018e-14,5.046014945608351e-10,2.9757254097483754e-26,3.9085644282436435e-17,2.5466147910831993,5.246216839947457e-12,0.0003269212222230273,1000000.0,999414.906412215
0.00025636528759272154,0.0001013018745945464,0.01439155970965808,305.6842229238157,0.0,0.029910901474802812,291.5443121386988,5.699953901012659e-17,0.0,3.6671057150102627e-06,97.18642150377477,9.175353794206887e-16,1.4145074716157466e-14,5.042986885441626e-10,2.967791743065096e-26,3.8882170949870227e-17,2.546379256165558,5.2358315147064865e-12,0.00032692081976586323,1000000.0,999196.3849916753
0.00025656422701510694,0.00010130445177011198,0.0114577348911663,305.64831781428063,0.0,0.02990861761618411,291.5220621270451,5.691070452017387e-17,0.0,3.6668258496739755e-06,97.17900445265886,9.167527982408842e-16,1.413685185507536e-14,5.040043785308047e-10,2.956250311148925e-26,3.8692163233535913e-17,2.5461849221756703,5.226156801010352e-12,0.00032692048771919323,1000000.0,999001.1620379939
0.00025676316643749234,0.00010130641130203102,0.00819191765185999,305.61479479657834,0.0,0.029906880993569508,291.505146049073,5.682620667739187e-17,0.0,3.6666130756781035e-06,97.17336547062402,9.159792917152953e-16,1.412889468472479e-14,5.037196042422512e-10,2.94618498977715e-26,3.8515316680346014e-17,2.5460371753340065,5.217273885555699e-12,0.00032692023528353145,1000000.0,998832.19069139
0.00025696210585987773,0.00010130769303158595,0.004653909015670413,305.5838646811834,0.0,0.02990574475569282,291.494081953033,5.6746631742497e-17,0.0,3.6664739091425663e-06,97.16967724927673,9.152175235832975e-16,1.4121227210038723e-14,5.034452315647528e-10,2.9347355999290747e-26,3.8353346070043594e-17,2.5459405403294864,5.209249736053986e-12,0.0003269200701843213,1000000.0,998691.9431480266
0.00025716104528226313,0.00010130824907883133,0.0009072215896009467,305.5556927486078,0.0,0.02990525121223003,291.48928223807525,5.667247615661422e-17,0.0,3.6664135373106655e-06,97.16807726205055,9.144699364751851e-16,1.4113868281142252e-14,5.031819411511906e-10,2.92956508868774e-26,3.8205107291731257e-17,2.545898619100468,5.202136340421948e-12,0.00032691999856678043,1000000.0,998582.3776929813
0.0002573599847046485,0.00010130804446965399,-0.002982031159412423,305.53039666441464,0.0,0.02990543129287736,291.4910483817763,5.660414056023778e-17,0.0,3.666435752230804e-06,97.16866600662489,9.137387151421756e-16,1.4106831365205965e-14,5.029302200633412e-10,2.9188397272908715e-26,3.807382666828106e-17,2.5459140447844018,5.195970206835427e-12,0.000326920024916815,1000000.0,998504.9141259001
0.0002575589241270339,0.00010130705754795704,-0.006946258807051562,305.5080451743132,0.0,0.029906304192578333,291.49956748207694,5.654192535408054e-17,0.0,3.6665429072602537e-06,97.17150585217848,9.130257548953276e-16,1.4100124405387425e-14,5.026903565739622e-10,2.915686852331525e-26,3.795682951353557e-17,2.5459884515147455,5.1907720627190176e-12,0.0003269201520092283,1000000.0,998460.4179271517
0.00025775786354941926,0.00010130528015998826,-0.010917527276194782,305.48865762549786,0.0,0.029907877213593,291.514910717858,5.64860278796739e-17,0.0,3.666735897701957e-06,97.17662052622177,9.123326355033768e-16,1.4093749771455534e-14,5.02462438296663e-10,2.903410280365142e-26,3.78574576209304e-17,2.5461224609754685,5.1865468003784696e-12,0.00032692038088487623,1000000.0,998449.1936556651
0.00025795680297180466,0.00010130271760847729,-0.014828688664934446,305.4722043199238,0.0,0.02991014580603659,291.537033744016,5.643654120466983e-17,0.0,3.6670141657738673e-06,97.18399524629541,9.116606007545206e-16,1.4087704302898237e-14,5.022463536562102e-10,2.905795335067705e-26,3.7770904652292447e-17,2.5463156858516847,5.183283659750186e-12,0.00032692071085704843,1000000.0,998470.9876392828
0.00025815574239419005,0.0001012993883837056,-0.018614484894338867,305.45860766889996,0.0,0.029913093800522966,291.56577895900426,5.639345444698508e-17,0.0,3.6673757291305593e-06,97.19357747585615,9.11010543879464e-16,1.4081979440624724e-14,5.020417965751451e-10,2.8900728751755626e-26,3.770255012876532e-17,2.546566749634599,5.180956630902681e-12,0.0003269211395461303,1000000.0,998524.9996386224
0.00025835468181657545,0.0001012953236814091,-0.022212603631530166,305.44774410923515,0.0,0.02991669382447282,291.6008795625726,5.635665457877112e-17,0.0,3.6678172319023368e-06,97.20527827692615,9.10382998935558e-16,1.4076561442800327e-14,5.018482742185022e-10,2.901150232681322e-26,3.76441376547343e-17,2.546873322062245,5.17952506765238e-12,0.0003269216629412729,1000000.0,998609.9030737645
0.00025855362123896084,0.00010129056671771429,-0.025564671258307473,305.43944674234456,0.0,0.02992090789373354,291.641965322291,5.632592966919422e-17,0.0,3.6683340172277754e-06,97.218974232366,9.09778138110316e-16,1.407143168079751e-14,5.016651176420914e-10,2.8759294021130574e-26,3.7604651508916837e-17,2.547232169484912,5.17893450316672e-12,0.0003269222754878092,1000000.0,998723.8734174663
0.00025875256066134624,0.00010128517185337303,-0.02861717070610978,305.4335086515715,0.0,0.0299256881696358,291.6885699526031,5.630097351994072e-17,0.0,3.6689202200690122e-06,97.2345099056854,9.09195774807711e-16,1.4066567010292771e-14,5.014914951656101e-10,2.903785124977119e-26,3.756980525425596e-17,2.547639219314594,5.179117658734841e-12,0.0003269229701989195,1000000.0,998864.6242937164
0.00025895150008373164,0.00010127920354328848,-0.031322271225771206,305.4296868396466,0.0,0.029930977868547454,291.7401399802897,5.628139162747949e-17,0.0,3.6695688787234152e-06,97.25170079634934,9.086353723369803e-16,1.4061940211210543e-14,5.013264282409361e-10,2.857339124418797e-26,3.755592472160123e-17,2.5480896374568993,5.179995634449829e-12,0.00032692373878958356,1000000.0,999029.4506787909
0.00025915043950611703,0.00010127273513076043,-0.03363855667595952,305.4277067157738,0.0,0.029936712308096417,291.7960449420645,5.626670839121184e-17,0.0,3.670272063091084e-06,97.27033673915086,9.080960579789025e-16,1.4057520489035348e-14,5.011688095382611e-10,2.918702915994621e-26,3.753795771551842e-17,2.548577917377943,5.181479267278883e-12,0.00032692457183041996,1000000.0,999215.2784674099
0.00025934937892850237,0.00010126584750817718,-0.03553164066800044,305.4272670538869,0.0,0.029942820072258916,291.855588740766,5.62563754789019e-17,0.0,3.6710210175154233e-06,97.2901856898026,9.075766421359504e-16,1.4053274029035513e-14,5.010174229411033e-10,2.82579979938331e-26,3.754624254315789e-17,2.549097979290539,5.1834706401244234e-12,0.00032692545891872154,1000000.0,999418.7195756461
0.00025954831835088777,0.00010125862766749221,-0.03697465963865035,305.42804533822243,0.0,0.029949224276048892,291.9180219723789,5.624978125137143e-17,0.0,3.6718063158350117e-06,97.31099783415456,9.07075642201301e-16,1.404916459432559e-14,5.008709651186444e-10,2.9566341676247026e-26,3.753589035364574e-17,2.549643277819733,5.185864723700188e-12,0.00032692638886378704,1000000.0,999636.1316850258
0.00025974725777327316,0.00010125116716528296,-0.037948637097484424,305.4297034071847,0.0,0.029955843909127002,291.9825550222987,5.624626113309675e-17,0.0,3.6726180261111758e-06,97.33250995383965,9.065913107279032e-16,1.4045154158120499e-14,5.007280683219082e-10,2.764072848040258e-26,3.7563949923930517e-17,2.5502069163869745,5.188551130563353e-12,0.00032692734988345497,1000000.0,999863.6816653794
0.00025994619719565856,0.00010124356052852139,-0.03844271388049609,305.4318933015001,0.0,0.02996259523626005,292.04837171573,5.624510879514196e-17,0.0,3.6734458823255703e-06,97.35444997663971,9.06121667438317e-16,1.404120355985147e-14,5.005873240288604e-10,2.869138711989948e-26,3.7564501360362513e-17,2.5507817664341617,5.1914159565779925e-12,0.0003269283298085565,1000000.0,1000097.4116470673
0.00026014513661804396,0.00010123590362813891,-0.03845424110131828,305.4342632185152,0.0,0.029969393231441623,292.1146432961916,5.624558800795501e-17,0.0,3.674279460204759e-06,97.3765416362263,9.056645345725673e-16,1.4037273174521946e-14,5.004473070466403e-10,2.884442361556734e-26,3.7575406098359573e-17,2.551360589513401,5.194343690124028e-12,0.0003269293162918489,1000000.0,1000333.3066566305
0.00026034407604042935,0.00010122829204790002,-0.037988734654146726,305.4364634731896,0.0,0.0299761530217764,292.1805424991963,5.624694498490105e-17,0.0,3.675108354241921e-06,97.39850916362776,9.052175750304573e-16,1.4033323583755805e-14,5.003065996694979e-10,3.040371962513439e-26,3.757267062330075e-17,2.551936160208034,5.197219141301751e-12,0.00032693029701792866,1000000.0,1000567.3626954966
0.0002607081535808867,0.00010121478702655005,-0.0359511284544085,305.43892993598155,0.0,0.029988151676815622,292.2975144695273,5.624919815683564e-17,0.0,3.6765796522891694e-06,97.43750181976911,9.044177715016961e-16,1.4025919260695948e-14,5.000427558557136e-10,2.8974469509001206e-26,3.7598227887638695e-17,2.552957805920422,5.201975436726275e-12,0.00032693203728812316,1000000.0,1000978.0589161364
0.00026094993262906004,0.00010120634154506184,-0.03381212295122226,305.43865662162324,0.0,0.029995658314466423,292.3706956330175,5.624867963930359e-17,0.0,3.67750014035631e-06,97.46189679178134,9.038932546113044e-16,1.4020786279356815e-14,4.998597778428022e-10,2.8940731802247457e-26,3.759687422388918e-17,2.5535969780371204,5.2045080266693e-12,0.0003269331256993987,1000000.0,1001228.9896713081
0.00026119171167723334,0.0001011984819097971,-0.03111646146125929,305.43624975795996,0.0,0.030002646388455633,292.4388223128938,5.624507588903138e-17,0.0,3.6783570520648123e-06,97.4846068495128,9.033686536316087e-16,1.4015412234190652e-14,4.996681307663696e-10,2.86070449771358e-26,3.758691052545353e-17,2.5541920037524317,5.2063383407003356e-12,0.000326934138682815,1000000.0,1001455.4571510326
0.0002614334907254067,0.00010119133388764141,-0.02793918629416621,305.43125823602514,0.0,0.030009003522955015,292.50079916764963,5.623723050279273e-17,0.0,3.6791366099786875e-06,97.50526686040247,9.028394951617833e-16,1.4009746036119292e-14,4.994659771187615e-10,2.864245562784797e-26,3.7560615622583985e-17,2.554733316236293,5.207315555035745e-12,0.0003269350600030652,1000000.0,1001652.1922521822
0.00026167526977358005,0.00010118500373925486,-0.024366240280971077,305.42330403821865,0.0,0.030014634621503358,292.55569927893504,5.622411390508683e-17,0.0,3.6798271551238598e-06,97.52356783582091,9.023015313327675e-16,1.4003744806039626e-14,4.992517743623861e-10,2.86387127131838e-26,3.7519591625365136e-17,2.5552128196845327,5.207313025254912e-12,0.00032693587593864214,1000000.0,1001814.7476481376
0.00026191704882175335,0.00010117957584140112,-0.020492236797357677,305.41209071248517,0.0,0.030019464036056917,292.6027852936227,5.620484845370041e-17,0.0,3.6804194129175163e-06,97.53926397878695,9.017508411302278e-16,1.3997374840716542e-14,4.990243095597504e-10,2.856090437712127e-26,3.7462259825338044e-17,2.555624073975947,5.206231340413145e-12,0.0003269365755912661,1000000.0,1001939.5994355467
0.0002621588278699267,0.0001011751108982486,-0.016417911302343022,305.3974096404513,0.0,0.03002343720897255,292.64152542851326,5.6178729762126e-17,0.0,3.6809066944786627e-06,97.55217801914307,9.01183925164185e-16,1.3990612328090678e-14,4.987827250278287e-10,2.852310869051894e-26,3.7386964521517047e-17,2.555962434459101,5.204000612537915e-12,0.0003269371511192866,1000000.0,1002024.2236828494
0.00026240060691810007,0.00010117164478827775,-0.012247425694537992,305.3791439375752,0.0,0.03002652174202279,292.6716038902723,5.61452430931107e-17,0.0,3.681285027692281e-06,97.5622046870458,9.005977892294626e-16,1.3983443792566396e-14,4.985265343357597e-10,2.844999258201968e-26,3.7293582200838295e-17,2.556225142961183,5.200581905367415e-12,0.00032693759788848234,1000000.0,1002067.1457258574
0.00026264238596627337,0.00010116918806314407,-0.008085677585081356,305.3572699345692,0.0,0.03002870787444766,292.6929255351905,5.610407420115625e-17,0.0,3.6815532158207748e-06,97.56931226629904,8.999900129359794e-16,1.3975866265823758e-14,4.98255628426494e-10,2.842085508382834e-26,3.7182012681539274e-17,2.5564113684868452,5.195967839967677e-12,0.00032693791453770817,1000000.0,1002067.9613817452
0.0002628841650144467,0.00010116772609120612,-0.004035666778226189,305.3318562727172,0.0,0.030030008374346714,292.70561481071144,5.60551143785961e-17,0.0,3.681712824190283e-06,97.57354224151145,8.99358802242239e-16,1.3967887181756362e-14,4.979702719910675e-10,2.8262768412538793e-26,3.7053144528482386e-17,2.556522197973393,5.1901822005951884e-12,0.00032693810296030134,1000000.0,1002027.3303040421
0.0002631259440626201,0.0001011672198273976,-0.00019593983907970354,305.3030606861153,0.0,0.03003045785893721,292.7100091300534,5.599845982693294e-17,0.0,3.6817680968552788e-06,97.57500708952415,8.987030255882702e-16,1.395952400961544e-14,4.976710904011175e-10,2.828243700164043e-26,3.6907089605114564e-17,2.5565605784240244,5.183278793427293e-12,0.0003269381682037526,1000000.0,1001946.9422409269
0.0002633677231107934,0.00010116760718426972,0.0033418322024678752,305.2711245739457,0.0,0.030030111566702104,292.7066469043396,5.593440546866395e-17,0.0,3.681725806064183e-06,97.57388628991615,8.980222328465051e-16,1.3950803635573536e-14,4.9735904763626e-10,2.8000209716513316e-26,3.674643246440998e-17,2.556531212379175,5.175339453165773e-12,0.00032693811829102805,1000000.0,1001829.4573391048
0.00026360950215896674,0.00010116880496513698,0.006495062198804533,305.236365521251,0.0,0.030029043618086695,292.6962505895468,5.586343336746305e-17,0.0,3.6815950390203177e-06,97.57042067369713,8.973166561870049e-16,1.3941761510298997e-14,4.970354158732843e-10,2.8230843677520554e-26,3.65711829015456e-17,2.556440409846743,5.166471308306712e-12,0.00032693796396873585,1000000.0,1001678.4223018178
0.0002638512812071401,0.00010117071130038691,0.009192173394688337,305.1991680005185,0.0,0.030027344820112437,292.679705287952,5.578619614873952e-17,0.0,3.6813869287263973e-06,97.56490529009086,8.9658719273502e-16,1.3932440591984404e-14,4.967017377074884e-10,2.753947094349473e-26,3.6386470445120065e-17,2.5562959014048414,5.156803419882669e-12,0.0003269377183899873,1000000.0,1001498.1651013367
0.0002640930602553134,0.00010117320851174353,0.01137420312283585,305.1599725448771,0.0,0.0300251200854336,292.6580335914954,5.57034961029303e-17,0.0,3.681114337559057e-06,97.55768102055924,8.958353698827518e-16,1.3922890118505676e-14,4.963597822155379e-10,2.847634741284525e-26,3.618959694910235e-17,2.5561066184810293,5.146482908841118e-12,0.0003269373967419888,1000000.0,1001293.6716600804
0.00026433483930348676,0.0001011761663212201,0.01299605746448768,305.11926371179646,0.0,0.030022485543799503,292.632367426969,5.561626080014328e-17,0.0,3.680791503131708e-06,97.54912519338396,8.95063294694768e-16,1.3913164245522385e-14,4.960114961821916e-10,2.642758199799496e-26,3.5991615941307535e-17,2.5558824474451747,5.135670711035483e-12,0.0003269370158294537,1000000.0,1001070.4482597138
0.0002645766183516601,0.00010117944531785586,0.014027394121409674,305.0775571680082,0.0,0.030019565426982534,292.6039176931315,5.552551606257124e-17,0.0,3.680433656383774e-06,97.53964146218557,8.94273589106101e-16,1.3903320589633466e-14,4.956589518567673e-10,2.994342129417538e-26,3.5780439284471494e-17,2.5556339644167636,5.124537097034664e-12,0.00032693659362534317,1000000.0,1000834.3735745858
0.0002648183973998334,0.00010118290059146107,0.014453116022618952,305.0353862381812,0.0,0.03001648881115914,292.5739425083801,5.5432357146304034e-17,0.0,3.6800566221932325e-06,97.52964922127138,8.934693128891108e-16,1.3893418715939889e-14,4.953042926453694e-10,2.2872010743738342e-26,3.5584749690531215e-17,2.5553721579366613,5.113257091129673e-12,0.0003269361488008728,1000000.0,1000591.5443492228
0.00026506017644800677,0.0001011863854387573,0.014273470058073811,304.99328827043155,0.0,0.030013386303322856,292.54371491287486,5.533791901013366e-17,0.0,3.6796764131271333e-06,97.51957283912482,8.926538767363327e-16,1.3883518610068676e-14,4.949496781777143e-10,3.63206691687704e-26,3.53605093427903e-17,2.55510814687401,5.102005921112592e-12,0.00032693570024714384,1000000.0,1000348.1188411802
0.00026530195549618013,0.00010118975504648095,0.013503758901441528,304.95179117057734,0.0,0.030010386758002827,292.51449086603276,5.524334654945635e-17,0.0,3.679308826907345e-06,97.50983099035618,8.918309481147821e-16,1.3873679174566808e-14,4.945972301717947e-10,9.26211989264052e-27,3.5195507537983984e-17,2.554852900912911,5.090954621279133e-12,0.0003269352666007778,1000000.0,1000110.1621119748
0.0002655437345443535,0.000101192870059367,0.012173684323913286,304.9114004405735,0.0,0.030007614106450295,292.48747834023857,5.514976561371667e-17,0.0,3.678969057664745e-06,97.50082635307804,8.910043526776516e-16,1.3863956786968663e-14,4.942489804422373e-10,6.357232544315206e-26,3.493375477628984e-17,2.5546169706135853,5.0802658964282335e-12,0.0003269348657854014,1000000.0,999883.4970303564
0.0002657855135925268,0.00010119559994704347,0.010326347831652134,304.8725870299923,0.0,0.030005184373909234,292.46380824781335,5.505825550770672e-17,0.0,3.678671330252508e-06,97.49293591739759,8.901779740021304e-16,1.3854403953145223e-14,4.939068222820583e-10,3.45213754674444e-26,3.478471667092649e-17,2.5544102334854,5.070090328066792e-12,0.0003269345145799317,1000000.0,999673.5645196678
0.00026602729264070014,0.00010119782609117839,0.008016940980650976,304.8357762806363,0.0,0.030003202953111006,292.444507865409,5.4969823650612145e-17,0.0,3.6784285659725602e-06,97.4865021264274,8.893556543276757e-16,1.3845068087450654e-14,4.9357246631651e-10,1.5930397573730288e-26,3.46266220798836e-17,2.5542416618726884,5.060563046764231e-12,0.0003269342282236397,1000000.0,999485.2962133668
0.0002662690716888735,0.00010119944452256506,0.005311164546012738,304.8013382085223,0.0,0.030001762193966237,292.43047734039754,5.488538282807366e-17,0.0,3.6782520870679803e-06,97.48182504467988,8.885410988567446e-16,1.3835990443101432e-14,4.932474017871043e-10,3.678072116668108e-26,3.44437645051912e-17,2.5541191177590297,5.051800812763819e-12,0.00032693402006674083,1000000.0,999323.0022738304
0.0002665108507370468,0.00010120036824771052,0.0022834213477634672,304.76957933074533,0.0,0.03000093936018683,292.4224697737549,5.480573144609583e-17,0.0,3.6781513662013357e-06,97.47915571868833,8.87737785959866e-16,1.3827205217245086e-14,4.929328640657897e-10,2.323886788431544e-26,3.430712065881681e-17,2.5540491788090285,5.043899681167809e-12,0.0003269339012740147,1000000.0,999190.2766882688
0.00026675262978522016,0.00010120052911589803,-0.0009851684515502076,304.74073620228523,0.0,0.030000794993302167,292.4210752738514,5.4731537131809506e-17,0.0,3.678133825879896e-06,97.47869086133103,8.869488853550089e-16,1.3818738846462444e-14,4.926298090256601e-10,2.326568039767279e-26,3.416916474213768e-17,2.554036999092408,5.036933196769455e-12,0.00032693388058749486,1000000.0,999089.9218681297
0.0002669944088333935,0.00010119987919001252,-0.00440887828346568,304.71497078213775,0.0,0.030001371713781432,292.42670927075613,5.466332389331989e-17,0.0,3.6782046914704975e-06,97.48056895639964,8.861771860332013e-16,1.3810609504192102e-14,4.923388947145965e-10,3.189357376805267e-26,3.4043010059344164e-17,2.554086207019896,5.030951150014668e-12,0.0003269339641526873,1000000.0,999023.8938712357
0.0002672361878815668,0.00010119839159705349,-0.007899559725313627,304.6923677022686,0.0,0.030002693478237842,292.43960527601797,5.4601462980689654e-17,0.0,3.678366900130542e-06,97.48486784506905,8.854250353768546e-16,1.3802826808349409e-14,4.920604705995298e-10,5.1093658155221017e-26,3.391719005451887e-17,2.554198842106376,5.025978930716155e-12,0.0003269341554111782,1000000.0,998993.2690650489
0.0002674779669297402,0.00010119606084697232,-0.011368847606077393,304.67293346803103,0.0,0.030004765301125273,292.4598121699028,5.454616729833879e-17,0.0,3.6786210666862993e-06,97.49160382159678,8.846942905969492e-16,1.3795391737280994e-14,4.91794574475626e-10,1.1723307624486812e-26,3.3868734378503296e-17,2.554375331277326,5.022017316091084e-12,0.0003269344550609289,1000000.0,998998.2325629081
0.00026771974597791353,0.00010119290262116744,-0.014730333335586718,304.65659757447605,0.0,0.030007573438944293,292.4871959967634,5.4497489620984974e-17,0.0,3.678965506215443e-06,97.50073223181033,8.839862831929284e-16,1.3788296760531728e-14,4.915409369619768e-10,6.64302296259714e-26,3.3733359343075546e-17,2.5546145045497686,5.019043049563073e-12,0.00032693486108400507,1000000.0,999038.0882898545
0.00026796152502608683,0.00010118895304446374,-0.017901655767897512,304.6432154795344,0.0,0.030011086024830397,292.5214461503366,5.445532446572304e-17,0.0,3.679396311847028e-06,97.51214953497863,8.83301796897697e-16,1.3781526168540407e-14,4.912989933410933e-10,0.0,3.380992158553331e-17,2.554913649055326,5.017009720839559e-12,0.00032693536883995634,1000000.0,999111.2900718059
0.0002682033040742602,0.00010118426746639236,-0.020806461589705137,304.6325733336994,0.0,0.030015254131668716,292.56208573594364,5.441941344673471e-17,0.0,3.679907485099415e-06,97.52569675805586,8.8264105927330635e-16,1.3775056592029289e-14,4.910679023423382e-10,1.9824574230833566e-25,3.3463180878328985e-17,2.55526859954478,5.015849234677857e-12,0.0003269359712215982,1000000.0,999215.4926993295
0.00026844508312243355,0.00010117891878878657,-0.0233761908235051,304.62439432733424,0.0,0.03002001323273457,292.6084858074263,5.4389353874436627e-17,0.0,3.6804911149554603e-06,97.54116424157039,8.820037467742284e-16,1.3768857701430072e-14,4.908465713221282e-10,0.0,3.403939013474217e-17,2.555673862735004,5.0154737517466415e-12,0.00032693665886857363,1000000.0,999347.6215012769
0.00026868686217060685,0.00010117299538691435,-0.025551647441015065,304.61834648159873,0.0,0.030025285020400135,292.6598830942044,5.436461048914568e-17,0.0,3.681137600837174e-06,97.55829754894691,8.813890027970392e-16,1.376289306240864e-14,4.906336871586456e-10,5.280471369035254e-25,3.2720940599644324e-17,2.5561227721389796,5.015778036740913e-12,0.00032693742043281087,1000000.0,999503.9585777421
0.0002689286412187802,0.00010116659868041751,-0.027284320252081228,304.61405167762126,0.0,0.030030979535762482,292.71540075893137,5.4344530102445344e-17,0.0,3.681835913699874e-06,97.57680438607983,8.807954680174153e-16,1.3757121125843325e-14,4.904277520575874e-10,0.0,3.5432372256853786e-17,2.5566076693653828,5.016642189684954e-12,0.00032693824288885826,1000000.0,999680.2434891432
0.00026917042026695356,0.00010115984041805271,-0.028537425134499313,304.6110956915987,0.0,0.030036997555255254,292.7740716600124,5.4328358800324783e-17,0.0,3.6825738886330418e-06,97.59636235590372,8.802213221121783e-16,1.3751496330528258e-14,4.902271233597909e-10,1.4301103588220365e-24,2.963626542038591e-17,2.557120107295912,5.017934698766261e-12,0.00032693911188109016,1000000.0,999871.7858843132
0.00026941219931512686,0.000101152839746452,-0.029286646246422306,304.60903898139753,0.0,0.030043233174561243,292.83486353725135,5.4315261325810917e-17,0.0,3.6833385416506872e-06,97.61662735403942,8.796643357416188e-16,1.3745970288612898e-14,4.900300563536169e-10,0.0,4.189859291692978e-17,2.557651070059426,5.019515750254814e-12,0.00032694001209896274,1000000.0,1000073.5872817595
0.0002696539783633002,0.00010114572013767804,-0.02952056098994023,304.60742795402814,0.0,0.03004957652561456,292.8967054947548,5.4304342243697973e-17,0.0,3.6841164027988885e-06,97.63724239688155,8.79121931455078e-16,1.3740493024475023e-14,4.898347490274049e-10,3.8468840998082045e-24,1.577220930595168e-17,2.5581912043364654,5.02124072541266e-12,0.0003269409276708742,1000000.0,1000280.4690044433
0.0002698957574114736,0.0001011386062531181,-0.02924074108432323,304.6058064326214,0.0,0.030055916559328374,292.9585151244842,5.429466844768005e-17,0.0,3.6848938573215385e-06,97.65784666324619,8.785912520136951e-16,1.3735014238233103e-14,4.896393876527035e-10,0.0,7.149654133312843e-17,2.5587310562592585,5.022963804727917e-12,0.0003269418425667781,1000000.0,1000487.2031143437
0.0002701375364596469,0.00010113162082216502,-0.028461529923231903,304.60372703869774,0.0,0.030062143825042142,293.0192255978575,5.428529250334598e-17,0.0,3.6856574864242177e-06,97.67808452536802,8.780692344919604e-16,1.3729484561362792e-14,4.894421920694656e-10,1.0420485074280703e-23,0.0,2.55926130803268,5.0245415942532964e-12,0.00032694274099951613,1000000.0,1000688.643112827
0.00027037931550782024,0.0001011248816131167,-0.027209504463886033,304.60076220665457,0.0,0.030068153177689117,293.07781205283317,5.427527626530471e-17,0.0,3.686394399176479e-06,97.69761434504593,8.775526884034669e-16,1.3723856773181016e-14,4.89241459551879e-10,0.0,1.7612528017240644e-16,2.5597730084018644,5.0258366836398595e-12,0.00032694360781490356,1000000.0,1000879.8511594632
0.0002706210945559936,0.00010111849857079218,-0.025522637642335817,304.59651456119275,0.0,0.030073846345408946,293.13331662077917,5.4263714196583134e-17,0.0,3.6870925473050835e-06,97.71611681636065,8.770383759945093e-16,1.3718086949240025e-14,4.89035606168996e-10,2.603733916340715e-26,3.349664205936053e-17,2.5602577912395628,5.02672105316587e-12,0.00032694442886091934,1000000.0,1001056.2186488142
0.0002708628736041669,0.00010111257119054739,-0.023449185079421717,304.5906264001677,0.0,0.03007913429385143,293.1848714716475,5.424975574393443e-17,0.0,3.6877410150610542e-06,97.73330264779352,8.765230927903742e-16,1.3712135511011706e-14,4.888232046190697e-10,2.618162692509851e-26,3.3467254999081186e-17,2.5607080768251627,5.0270791882632465e-12,0.00032694519132687967,1000000.0,1001213.5771265243
0.00027110465265234025,0.0001011071861917746,-0.021046326810197837,304.5827880541547,0.0,0.030083939328678963,293.23171930739,5.4232626234623367e-17,0.0,3.688330276990167e-06,97.74891939371537,8.760037464355637e-16,1.3705968153985476e-14,4.886030176084474e-10,2.5414476015676736e-26,3.344366012511111e-17,2.561117250836382,5.02681092556169e-12,0.00032694588404435376,1000000.0,1001348.2967870246
0.0002713464317005136,0.0001011024155457491,-0.018378601124447225,304.5727449226034,0.0,0.030088196884736452,293.2732308012728,5.4211645723115694e-17,0.0,3.68885241728832e-06,97.76275726778964,8.754774319123108e-16,1.369955662848948e-14,4.883740259652817e-10,2.651224967667026e-26,3.336970703810805e-17,2.5614798166661084,5.0258338206514945e-12,0.0003269464977425703,1000000.0,1001457.3701160097
0.00027158821074868696,0.00010109831490305348,-0.015516172940489941,304.5603030214141,0.0,0.03009185695881275,293.30891856325593,5.4186245223667967e-17,0.0,3.689301305461019e-06,97.77465379833754,8.749415012970064e-16,1.36928793556877e-14,4.881354508213658e-10,2.5691679742380103e-26,3.334351366443308e-17,2.561791517397518,5.024085047244619e-12,0.00032694702525228937,1000000.0,1001538.478638807
0.00027182998979686027,0.00010109492245502543,-0.012532983287399643,304.54533291746736,0.0,0.030094885152674933,293.33844730666215,5.415597986012911e-17,0.0,3.6896727242018757e-06,97.78449721740144,8.743936263181764e-16,1.3685921864949459e-14,4.878867693580561e-10,2.5842639830370725e-26,3.3257720657065576e-17,2.5620494246008545,5.021522756887074e-12,0.0003269474616535346,1000000.0,1001590.0412010463
0.0002720717688450336,0.00010109225825204566,-0.00950482928285093,304.527771969849,0.0,0.030097263303801247,293.36163999610045,5.412053857571655e-17,0.0,3.689964446722489e-06,97.79222851015788,8.738318521407408e-16,1.3678677042732776e-14,4.876277237897666e-10,2.5631838901810292e-26,3.318597359929799e-17,2.5622519920300477,5.018126853170891e-12,0.0003269478043641202,1000000.0,1001611.2427229426
0.000272313547893207,0.00010109032398932741,-0.006507425528519908,304.5076248437033,0.0,0.03009898969264713,293.37847986780946,5.407975015533399e-17,0.0,3.690176262164742e-06,97.79784208839985,8.732546410224726e-16,1.3671145189316987e-14,4.873583234454087e-10,2.591492571609482e-26,3.308354122000626e-17,2.5623990732686104,5.013899173218552e-12,0.00032694805316752483,1000000.0,1001602.0429158527
0.0002725553269413803,0.0001010891032585627,-0.0036144975407268977,304.48496230849344,0.0,0.03010007882695404,293.3891083273857,5.403358539846414e-17,0.0,3.6903099491579886e-06,97.80138508974369,8.726609047751775e-16,1.3663333884542523e-14,4.870788399982127e-10,2.5565446610035532e-26,3.299112432226508e-17,2.5624919033681746,5.008863064471995e-12,0.0003269482101802825,1000000.0,1001563.1650072554
0.00027279710598955364,0.00010108856225168236,-0.0008959563883168737,304.45991837820395,0.0,0.030100560815158252,293.39381884241686,5.398215541495814e-17,0.0,3.690369198999309e-06,97.80295534173563,8.720500252601529e-16,1.3655257669507442e-14,4.867897960806757e-10,2.5727947562798835e-26,3.2868248434781295e-17,2.5625330455060893,5.003062391816721e-12,0.0003269482797606819,1000000.0,1001496.0650740024
0.000273038885037727,0.00010108865089143509,0.0015837992384401672,304.4326858945839,0.0,0.030100480351997194,293.39304705515104,5.392570615665881e-17,0.0,3.6903594912885833e-06,97.80269806590596,8.714218624750709e-16,1.3646937555698483e-14,4.864919476980746e-10,2.539766412471564e-26,3.275413204224783e-17,2.562526304628423,4.996560006519643e-12,0.00032694826836211446,1000000.0,1001402.8831123448
0.0002732806640859003,0.0001010893043528112,0.0037674116237764368,304.4035106943783,0.0,0.030099895349582514,293.3873574394802,5.3864609420273945e-17,0.0,3.690287926097224e-06,97.80080142986873,8.707767501454432e-16,1.3638400377719061e-14,4.861862610153423e-10,2.5611371707169103e-26,3.261334154597069e-17,2.562476610910623,4.989435735601381e-12,0.0003269481843358295,1000000.0,1001286.3774581855
0.00027352244313407365,0.00010109044492983844,0.00560588682430448,304.3726845364238,0.0,0.030098875256175092,293.3774269139049,5.379935066042192e-17,0.0,3.690163017848591e-06,97.79749108469646,8.701154790982644e-16,1.3629678009818383e-14,4.858738842328028e-10,2.518978911768234e-26,3.248566991836528e-17,2.5623898766313937,4.981783963100601e-12,0.00032694803768910474,1000000.0,1001149.8445957726
0.000273764222182247,0.00010109198419420813,0.007059681523604493,304.3405369936394,0.0,0.030097499112394607,293.36402589523016,5.373051404303765e-17,0.0,3.689994457007395e-06,97.79302384916151,8.694392690459822e-16,1.3620806469559645e-14,4.855561153822142e-10,2.5489734639118866e-26,3.233050741319971e-17,2.5622728306936455,4.9737108838521185e-12,0.00032694783980589395,1000000.0,1000997.0267452089
0.0002740060012304203,0.00010109382538573935,0.008099530781874987,304.30742653765515,0.0,0.030095853400435565,293.3479973346561,5.365876524532641e-17,0.0,3.6897928463912326e-06,97.787680721408,8.687497297324669e-16,1.3611824934417731e-14,4.852343669629374e-10,2.4916235459601333e-26,3.219690583631749e-17,2.5621328355234674,4.9653315181293375e-12,0.0003269476031378399,1000000.0,1000832.0098897776
0.00027424778027859367,0.0001010958659699817,0.008707000945226192,304.2737310596215,0.0,0.03009402974593212,293.3302343176039,5.358483256083302e-17,0.0,3.6895694194164865e-06,97.78175941184413,8.6804881268197e-16,1.3602774698723928e-14,4.849101283973067e-10,2.5441323928600507e-26,3.203146066949551e-17,2.561977691424607,4.956766578574668e-12,0.0003269473408741294,1000000.0,1000659.1150880523
0.000274489559326767,0.00010109800029537116,0.008874759595612772,304.23983807940647,0.0,0.030092122534370998,293.31165683061715,5.350948689354392e-17,0.0,3.689335747867514e-06,97.77556659837875,8.673387550378617e-16,1.3593698099121056e-14,4.845849273139602e-10,2.4536033088888597e-26,3.190249811100721e-17,2.5618154336580936,4.948139280400333e-12,0.0003269470665990014,1000000.0,1000482.7860114459
0.00027473133837494033,0.00010110012228130598,0.008606561976195958,304.2061348969751,0.0,0.030090226504419542,293.2931883032358,5.3433521226510324e-17,0.0,3.689103446835408e-06,97.76941010664507,8.666220171694316e-16,1.3584637436627349e-14,4.842602906686328e-10,2.5543526172340064e-26,3.17287621554145e-17,2.56165412755646,4.939572182306061e-12,0.00032694679394581116,1000000.0,1000307.4756572047
0.0002749731174231137,0.00010110212806926016,0.007916960593935379,304.1729989345825,0.0,0.030088434379306014,293.2757325207573,5.3357730132834323e-17,0.0,3.6888838843218432e-06,97.76359121385958,8.659012158551684e-16,1.3575633922584489e-14,4.839377066854284e-10,2.3919429030729422e-26,3.1618073707078157e-17,2.5615016668773167,4.9311841393032795e-12,0.00032694653625640256,1000000.0,1000137.5351152488
0.00027521489647128704,0.00010110391857150691,0.00683075149715321,304.14078850700844,0.0,0.030086834594606992,293.26015147667425,5.32828898625213e-17,0.0,3.688687902662379e-06,97.75839726592274,8.651790549186539e-16,1.3566726674264656e-14,4.836185885504178e-10,2.6023153237414233e-26,3.14323996995198e-17,2.5613655803641753,4.923087440335673e-12,0.0003269463062541738,1000000.0,999977.1071225911
0.00027545667551946034,0.00010110540185604973,0.005382176911551675,304.1098342398959,0.0,0.030085509176642076,293.2472446930886,5.3209739483656675e-17,0.0,3.688525558414272e-06,97.75409478387004,8.644582552004679e-16,1.3557951783708702e-14,4.833042407166779e-10,2.4737865097284513e-26,3.1323202569231665e-17,2.561252851128725,4.915385190420608e-12,0.00032694611573864994,1000000.0,999830.0269303202
0.0002756984545676337,0.00010110649531178236,0.0036139092832405896,304.0804313352494,0.0,0.030084531820361204,293.2377304855921,5.313896352665128e-17,0.0,3.688405886702208e-06,97.75092321851209,8.637414857006256e-16,1.354934148133236e-14,4.829958285889345e-10,2.4467295304624447e-26,3.119942230487607e-17,2.5611697530162996,4.908169009311128e-12,0.0003269459753086693,1000000.0,999699.732749878
0.00027594023361580706,0.0001011071275445437,0.0015758465099918865,304.0528328558892,0.0,0.030083966209335594,293.23222958795304,5.307117646368897e-17,0.0,3.688336695246159e-06,97.74908949171667,8.630312976316933e-16,1.3540923411423947e-14,4.826943522507141e-10,2.4602681298887675e-26,3.107761088117751e-17,2.5611217075821298,4.901517045139409e-12,0.0003269458941203549,1000000.0,999589.1877373646
0.00027618201266398036,0.00010110723996238784,-0.0006762482378633815,304.027244172369,0.0,0.03008386461345106,293.231251483593,5.3006909315495784e-17,0.0,3.6883243924358195e-06,97.74876344000089,8.623300629714178e-16,1.3532720035408857e-14,4.824006247802687e-10,2.4375192631090038e-26,3.0970458823682707e-17,2.561113164709001,4.895492385943941e-12,0.0003269458796850736,1000000.0,999500.815142127
0.0002764237917121537,0.00010110678801682604,-0.0030822259164070913,304.00381868471845,0.0,0.03008426679236574,293.2351837173823,5.294659862533457e-17,0.0,3.6883738528921283e-06,97.75007425161343,8.616399189229469e-16,1.3524748173864206e-14,4.821152555773964e-10,2.4377349633465018e-26,3.086939266168366e-17,2.5611475092553277,4.890141859437687e-12,0.00032694593771151524,1000000.0,999436.447890286
0.00027666557076032707,0.00010110574207579704,-0.005579112109380164,303.98265489822586,0.0,0.030085199224925953,293.24428438458546,5.2890577963514345e-17,0.0,3.688488322991637e-06,97.7531079627213,8.60962719490599e-16,1.3517018695014261e-14,4.818386389947788e-10,2.4319802088910275e-26,3.077940139874638e-17,2.561226995452798,4.885495240471926e-12,0.00032694607199487046,1000000.0,999397.2935042771
0.0002769073498085004,0.00010110408791347712,-0.008102709477886303,303.96379489862534,0.0,0.030086674676695742,293.25867791544147,5.283907207185678e-17,0.0,3.6886693678440767e-06,97.75790605219805,8.602999951589177e-16,1.3509536354477749e-14,4.815709484370403e-10,2.4430505273984225e-26,3.0697014919717705e-17,2.5613527100884506,4.881564883176874e-12,0.00032694628435490946,1000000.0,999383.9148851294
0.00027714912885667373,0.00010110182681152901,-0.01058920299024633,303.9472242378218,0.0,0.03008869210971334,293.278354195472,5.279219361928961e-17,0.0,3.688916860227409e-06,97.76446514837792,8.596529214311785e-16,1.3502299785523997e-14,4.813121359616541e-10,2.402358220927144e-26,3.063155851719502e-17,2.561524564821345,4.878345714098969e-12,0.00032694657462356303,1000000.0,999396.2271109624
0.0002773909079048471,0.00010109897527580955,-0.01297672931776927,303.9328732090089,0.0,0.030091236930671478,293.303170984452,5.2749942660334326e-17,0.0,3.6892290110141464e-06,97.77273783542083,8.590222967216647e-16,1.3495301640466994e-14,4.810619372883823e-10,2.4385079894953765e-26,3.0565865667031324e-17,2.561741317310117,4.875815717563666e-12,0.0003269469406814772,1000000.0,999433.5100441402
0.00027763268695302044,0.00010109556438171078,-0.015206873383515875,303.92061945739573,0.0,0.03009428156605795,293.3328595223057,5.2712208723083006e-17,0.0,3.6896024396834928e-06,97.78263452204023,8.584085298906552e-16,1.3488528873666347e-14,4.808198820026446e-10,2.362758903850526e-26,3.052240630070978e-17,2.5620006201754713,4.873936717489303e-12,0.00032694737854185765,1000000.0,999494.4361862813
0.00027787446600119374,0.00010109163877000155,-0.01722605733277109,303.9102918422672,0.0,0.03009778634551023,293.3670331392106,5.2678775397539137e-17,0.0,3.690032282621045e-06,97.79402631168493,8.578116374892635e-16,1.348196315822842e-14,4.805853086234809e-10,2.4856515050889167e-26,3.04652293088574e-17,2.5622990962017527,4.872655552794295e-12,0.0003269478824788382,1000000.0,999577.1128862364
0.0002781162450493671,0.00010108725532309188,-0.01898679012107631,303.90167543821724,0.0,0.03010170066784386,293.405198620964,5.264932727080356e-17,0.0,3.69051233607476e-06,97.8067487911889,8.572312505460097e-16,1.3475581425781145e-14,4.803573841003273e-10,2.2722311399547722e-26,3.0450219616631397e-17,2.562632437603275,4.871905586103937e-12,0.0003269484451966115,1000000.0,999679.1376954205
0.00027835802409754046,0.0001010824815589088,-0.020448749496885837,303.89451753821965,0.0,0.030105964418006805,293.4467700201666,5.262345906497473e-17,0.0,3.691035229874936e-06,97.82060663473526,8.566666305156483e-16,1.3469356513131535e-14,4.801351272064751e-10,2.623183592244535e-26,3.038676807185849e-17,2.56299552665268,4.871608501771945e-12,0.00032694905803465335,1000000.0,999797.6653804063
0.00027859980314571376,0.00010107739378590003,-0.02157967235338854,303.88853449910084,0.0,0.03011050959769823,293.4910845500287,5.26006867721e-17,0.0,3.691592627349845e-06,97.83537890206338,8.5611669383364e-16,1.3463257899250938e-14,4.799174352125638e-10,2.0159446681569927e-26,3.041492213533618e-17,2.5633825744991388,4.871676362004476e-12,0.00032694971120357253,1000000.0,999929.4848486781
0.00027873647928356886,0.00010107440997249713,-0.022063266229578115,303.8855567240821,0.0,0.030113175649795206,293.51707773157176,5.2588977757978495e-17,0.0,3.6919195750532137e-06,97.84404374016165,8.558117978458905e-16,1.3459853843737241e-14,4.797959459537412e-10,2.3817581438248706e-26,3.037054074326923e-17,2.5636096017286882,4.871840373638843e-12,0.0003269500942762989,1000000.0,1000008.5705080706
0.00027887315542142395,0.000101071367991368,-0.022430435496341494,303.88279865549845,0.0,0.030115894012814906,293.5435807951335,5.2577976228725355e-17,0.0,3.6922529361599187e-06,97.85287854764952,8.555108607369673e-16,1.345647337364235e-14,4.796753092913463e-10,2.4257936923153998e-26,3.035593616259975e-17,2.5638410823224134,4.872072668019421e-12,0.00032695048482515426,1000000.0,1000090.1308484066
0.0002790098315592791,0.00010106828390458288,-0.022679170651595408,303.8802012774442,0.0,0.030118650345932172,293.57045395893005,5.2567570709050815e-17,0.0,3.6925909524652653e-06,97.86183672820935,8.552135650587515e-16,1.3453110127039325e-14,4.795552953188812e-10,2.370566580939599e-26,3.03485995013972e-17,2.5640757954112376,4.872354890331637e-12,0.00032695088078862563,1000000.0,1000173.4911666769
0.0002791465076971342,0.00010106517398035808,-0.02280843399731748,303.87770495665615,0.0,0.030121430117246425,293.59755557869767,5.255764622738843e-17,0.0,3.6929318423378945e-06,97.87087106466514,8.549195706100462e-16,1.3449757672947486e-14,4.794356716285614e-10,2.4012704501372255e-26,3.033599849265605e-17,2.5643125038589876,4.87266847953679e-12,0.00032695128007846245,1000000.0,1000257.9682772065
0.0002792831838349893,0.00010106205456271644,-0.02281815567701625,303.8752499177189,0.0,0.030124218720025246,293.62474328073415,5.2548085244452567e-17,0.0,3.6932738149714184e-06,97.87993409668213,8.546285173674166e-16,1.3446409562753885e-14,4.793162051662739e-10,2.3935955946006353e-26,3.032619492184684e-17,2.564549964158496,4.8729948131798404e-12,0.0003269516805963983,1000000.0,1000342.8759667041
0.00027948995149513025,0.0001010573535365972,-0.02260788420164492,303.8714823951078,0.0,0.03012842184778041,293.6657220448426,5.2534046912140445e-17,0.0,3.693789254483782e-06,97.89359438509544,8.541929523859368e-16,1.3441338461322282e-14,4.79135257045564e-10,2.3849578407762007e-26,3.031069843939568e-17,2.5649078770701927,4.873471571171518e-12,0.00032695228420236394,1000000.0,1000470.6271859417
0.00027969671915527126,0.00010105272342173576,-0.02213341945492665,303.86747190066575,0.0,0.030132562323277982,293.706090130831,5.252015366476605e-17,0.0,3.694297012758232e-06,97.90705110369551,8.537618941052723e-16,1.3436240873042719e-14,4.789533521871398e-10,2.388693464091511e-26,3.0293610142307856e-17,2.5652604562537658,4.8738721643142435e-12,0.00032695287872308023,1000000.0,1000595.4758447945
0.0002799034868154123,0.00010104821777135374,-0.02140664910071012,303.86302424996535,0.0,0.030136592196706644,293.7453801651783,5.250599479399486e-17,0.0,3.694791211072261e-06,97.92014845331865,8.533339347373181e-16,1.3431095819624953e-14,4.78769732372443e-10,2.3817354700206222e-26,3.0275243367699377e-17,2.565603619618812,4.874135854147778e-12,0.0003269534572798272,1000000.0,1000715.1753609849
0.00028011025447555323,0.0001010438871816525,-0.020443929325100477,303.85795668984065,0.0,0.03014046613150434,293.7831502458468,5.249117142291195e-17,0.0,3.69526629108904e-06,97.9327391257311,8.52907647302413e-16,1.3425883545398581e-14,4.785836835373746e-10,2.3826494927222865e-26,3.0253869534767597e-17,2.565933507545593,4.874205391555858e-12,0.00032695401337246336,1000000.0,1000827.604163481
0.00028031702213569424,0.00010103977836002805,-0.019265715971775958,303.8521012579105,0.0,0.030144142243322177,293.81899211979,5.247530404943396e-17,0.0,3.6957171177158324e-06,97.94468702960475,8.524816129564827e-16,1.3420585880784497e-14,4.783945489003116e-10,2.3819234054485784e-26,3.0229339397344604e-17,2.5662465543082638,4.87402808873928e-12,0.00032695454099940387,1000000.0,1000930.8049451126
0.0002805237897958352,0.00010103593338036797,-0.017896132131631475,303.8453074510194,0.0,0.030147582772868966,293.8525377412769,5.245803891373851e-17,0.0,3.6961390615959785e-06,97.95586947673732,8.520544454405806e-16,1.3415186531148037e-14,4.782017393971216e-10,2.387442048179111e-26,3.0200533422741e-17,2.566539545355981,4.873556674627992e-12,0.00032695503475363067,1000000.0,1001023.016087458
0.0002807305574559762,0.00010103238902703389,-0.016362482894543822,303.83744456274525,0.0,0.03015075468017952,293.88346506432583,5.243905389078274e-17,0.0,3.6965280719673476e-06,97.96617911296278,8.516248146226789e-16,1.340967133063561e-14,4.780047428238624e-10,2.3692883816897215e-26,3.0168476667066214e-17,2.566809667904642,4.872750077965249e-12,0.0003269554899073368,1000000.0,1001102.6993694053
0.0002809373251161172,0.0001010291761831374,-0.014694718035022411,303.82840385128617,0.0,0.030153630199592267,293.911503452171,5.2418064145423376e-17,0.0,3.696880744703742e-06,97.97552572139915,8.511914701086438e-16,1.3404028476091554e-14,4.778031323152105e-10,2.3855188197914352e-26,3.0129911683030156e-17,2.5670545581837385,4.8715740932187135e-12,0.0003269559024908669,1000000.0,1001168.5657989688
0.0002811440927762582,0.0001010263193113749,-0.012924847136740643,303.8181003613528,0.0,0.03015618731179259,293.93643827835774,5.2394827207846645e-17,0.0,3.6971943801884473e-06,97.98383775622574,8.507532637615574e-16,1.3398248724675279e-14,4.77596573470256e-10,2.3440126858498943e-26,3.0088670679022506e-17,2.5672723416228242,4.870002001869597e-12,0.0003269562693597341,1000000.0,1001219.5975166827
0.0002813508604363992,0.00010102383608118515,-0.01108632013269827,303.8064742047889,0.0,0.030158410084335462,293.95811424589215,5.236914707003113e-17,0.0,3.6974670250631945e-06,97.99106344912312,8.503091696869432e-16,1.3392325533024103e-14,4.773848293637744e-10,2.4130427929854768e-26,3.0037401144205226e-17,2.5674616618413175,4.868014993296534e-12,0.0003269565882427832,1000000.0,1001255.063491539
0.0002815576280965402,0.00010102173714777092,-0.009213389780387497,303.79349128128507,0.0,0.030160288875274877,293.9764373720747,5.234087720496554e-17,0.0,3.697697497193809e-06,97.99717147091805,8.498583012477847e-16,1.3386255134730918e-14,4.771677633694858e-10,2.2782808865664965e-26,2.998847890946395e-17,2.5676216979842534,4.86560239378449e-12,0.00032695685777076223,1000000.0,1001274.5287618419
0.00028176439575668116,0.00010102002606226729,-0.00734047006608326,303.77914351631387,0.0,0.030161820418139203,293.9913758167967,5.230992258150486e-17,0.0,3.6978853960887044e-06,98.0021512076967,8.493999252919238e-16,1.3380036565855245e-14,4.769453400952843e-10,2.515418784123958e-26,2.9920549326680384e-17,2.567752171956711,4.862761744618898e-12,0.00032695707748794375,1000000.0,1001277.8580821052
0.0002819711634168222,0.00010101869930277269,-0.005501501102772945,303.76344865513454,0.0,0.030163007797264857,294.002959642145,5.227624072299872e-17,0.0,3.6980310998751373e-06,98.00601268066865,8.489334735925328e-16,1.3373671642549249e-14,4.76717624582348e-10,2.0584214218665943e-26,2.987061515433577e-17,2.5678533463241795,4.859498734042622e-12,0.00032695724784810994,1000000.0,1001265.2144039478
0.00028217793107696313,0.0001010177464310694,-0.00372933053385871,303.74644959671167,0.0,0.030163860309078302,294.01127946032864,5.2239841775109086e-17,0.0,3.6981357482925418e-06,98.00878609545262,8.484585511790701e-16,1.3367164888456037e-14,4.764847797070352e-10,2.9068901378360805e-26,2.977421900605512e-17,2.567926012503399,4.855826975905071e-12,0.00032695737019428604,1000000.0,1001237.0519902318
0.00028238469873710415,0.00010101715037852437,-0.0020551228064489536,303.72821325666337,0.0,0.030164393206219286,294.0164839396419,5.2200787538588126e-17,0.0,3.698201211322013e-06,98.01052101068834,8.479749412531932e-16,1.3360523411216294e-14,4.762470617456966e-10,1.2792264048179782e-26,2.974584029787457e-17,2.5679714689791804,4.851767631806609e-12,0.0003269574467217854,1000000.0,1001194.1040249759
0.00028259146639724516,0.0001010168878539893,-0.000507808111127229,303.7088289875856,0.0,0.030164627331061407,294.0187762323666,5.215918948515293e-17,0.0,3.698230044255705e-06,98.01128514727604,8.47482606618682e-16,1.335375673128275e-14,4.7600481421548e-10,4.392570351566423e-26,2.958262772547443e-17,2.567991490105317,4.8473488878108605e-12,0.00032695748042550434,1000000.0,1001137.3650367444
0.0002827982340573861,0.00010101692986025441,0.0008864186200970648,303.6884066079866,0.0,0.030164588650889824,294.01840944411003,5.211520583468029e-17,0.0,3.698225430709216e-06,98.01116287807855,8.469816877164478e-16,1.3346876568464847e-14,4.757584601934249e-10,0.0,2.9650459747444495e-17,2.5679882865332995,4.842605305207068e-12,0.00032695747503321855,1000000.0,1001068.0687214321
0.0002830050017175271,0.0001010172423061303,0.0021045402973170917,303.66707408905046,0.0,0.03016430770660015,294.01568126022016,5.2069037790926875e-17,0.0,3.6981911150314987e-06,98.01025343663422,8.464724973821553e-16,1.333989659181614e-14,4.755084933085362e-10,9.2860037517281e-26,2.928669403304428e-17,2.5679644582788477,4.8375770631884384e-12,0.0003269574349265684,1000000.0,1000987.6617316358
0.00028321176937766814,0.00010101778670270347,0.0031270949414146936,303.6449749429458,0.0,0.03016381898550894,294.0109278325014,5.202092502867983e-17,0.0,3.6981313254106956e-06,98.00866887929126,8.459555124480829e-16,1.3332832137719346e-14,4.752554675802699e-10,0.0,2.970723285343816e-17,2.5679229413278346,4.832309109066167e-12,0.00032695736505123713,1000000.0,1000897.7739396527
0.0002834185370378091,0.00010101852093105704,0.003938481712105901,303.62226536085666,0.0,0.03016316023000626,294.0045170405726,5.197114052843025e-17,0.0,3.698050689114073e-06,98.0065318388784,8.454313623681761e-16,1.3325699901373102e-14,4.74999986293905e-10,2.16319166869506e-25,2.866402796278869e-17,2.5678669487802623,4.826850233441449e-12,0.0003269572708179844,1000000.0,1000800.1857341136
0.0002836253046979501,0.00010101940006614279,0.004527190938140577,303.5991111581568,0.0,0.03016237169610477,293.99684126485425,5.1919984875283153e-17,0.0,3.6979541415851375e-06,98.00397311557705,8.449008151299834e-16,1.3318517608104451e-14,4.747426901387971e-10,2.3099126102537952e-26,2.918996157254583e-17,2.5677999077287597,4.8212520929385626e-12,0.000326957157996528,1000000.0,1000696.7930180364
0.00028383207235809107,0.00010102037723999137,0.004885955011719139,303.57568458949896,0.0,0.030161495377246574,293.9883098209147,5.1867780139294203e-17,0.0,3.6978468312812494e-06,98.0011291549075,8.443647607859237e-16,1.3311303671027841e-14,4.744842448548732e-10,2.3021658564304337e-26,2.9095517948179485e-17,2.5677253931793516,4.815568189821655e-12,0.0003269570326044628,1000000.0,1000589.5706364141
0.0002840388400182321,0.00010102140452744075,0.0050118187856464285,303.5521610959182,0.0,0.030160574208677526,293.97934120440084,5.18148634938231e-17,0.0,3.697734022128729e-06,97.99813946257309,8.438241929619733e-16,1.3304076842553325e-14,4.742253286302546e-10,2.3055107968156204e-26,2.900065596834019e-17,2.5676470603178516,4.809852861549438e-12,0.0003269569007933889,1000000.0,1000480.5349559571
0.0002842456076783731,0.00010102243383798768,0.004906129721294016,303.5287160442404,0.0,0.030159651267243334,293.97035529134035,5.1761580699419894e-17,0.0,3.697620995416614e-06,97.99514400442771,8.432801887356021e-16,1.3296855865311295e-14,4.739666194844858e-10,4.157443699807962e-26,2.88488575142995e-17,2.567568576386467,4.804160256858449e-12,0.0003269567687343649,1000000.0,1000371.7062965281
0.000284608849423181,0.0001010241041781161,0.00417884387540818,303.4882369901866,0.0,0.030158153485046274,293.955773949521,5.166814129678929e-17,0.0,3.6974375882190803e-06,97.99028330757571,8.423196578651154e-16,1.3284239886659431e-14,4.735146349774869e-10,2.3277861905748625e-26,2.8744176897271946e-17,2.567441221377814,4.794374208040924e-12,0.00032695655445757473,1000000.0,1000187.010533155
0.00028497209116798894,0.00010102539241087195,0.002815755199807352,303.4494054235775,0.0,0.030156997991658302,293.9445288975085,5.157647938582179e-17,0.0,3.6972961455768956e-06,97.98653476436237,8.413584695039294e-16,1.3271792149983225e-14,4.730687254030436e-10,2.5081791826664393e-26,2.858529561980027e-17,2.567343005881774,4.785089698421108e-12,0.00032695638922280144,1000000.0,1000019.2212013641
0.00028521327543708577,0.00010102592989624169,0.0016045598901465983,303.424914987201,0.0,0.03015651546045968,293.93983732902245,5.151743919062776e-17,0.0,3.697237134033555e-06,97.98497082779511,8.407230630497375e-16,1.3263660988996068e-14,4.727774892157973e-10,2.417264632599825e-26,2.8490548674056387e-17,2.5673020292153197,4.779318812004751e-12,0.00032695632029002496,1000000.0,999921.609991784
0.00028545445970618266,0.00010102614985138657,0.0001886114267078176,303.4016831862617,0.0,0.03015631728803365,293.9379174275333,5.146037635695777e-17,0.0,3.6972129851010145e-06,97.98433082761015,8.400920125884305e-16,1.3255660915074039e-14,4.72490992922877e-10,2.043824526726694e-26,2.840790124608831e-17,2.5672852605853542,4.773931114358377e-12,0.000326956292082647,1000000.0,999837.6672429581
0.00028569564397527955,0.00010102600747973143,-0.0013931946321460228,303.3798674636436,0.0,0.03015644358233692,293.9391601324969,5.1405678324345374e-17,0.0,3.6972286160980237e-06,97.98474508364279,8.394670084682124e-16,1.3247808785715296e-14,4.722098476592989e-10,2.414881946188609e-26,2.831300310456861e-17,2.5672961144989666,4.768974213170066e-12,0.0003269563103387142,1000000.0,999769.2511974206
0.00028593682824437644,0.00010102546782599032,-0.003098412541688013,303.3595888036291,0.0,0.030156925651980193,293.94387061506166,5.135366928579295e-17,0.0,3.697287865531509e-06,97.98631532482617,8.388495898090446e-16,1.324011758556125e-14,4.719345244440456e-10,2.192209152950327e-26,2.823881583158369e-17,2.5673372563536594,4.76448454498384e-12,0.00032695637953422283,1000000.0,999717.8054495315
0.00028617801251347327,0.0001010245065043979,-0.004882142954526419,303.34092925445503,0.0,0.030157785358457912,293.95226196411,5.1304603507098233e-17,0.0,3.697393413678278e-06,97.98911258443057,8.382411088144327e-16,1.323259616643227e-14,4.716653447106955e-10,2.2461183974576524e-26,2.8164392197498186e-17,2.5674105472905593,4.760486678809044e-12,0.0003269565027904377,1000000.0,999684.3293193133
0.00028641919678257016,0.00010102311013313477,-0.006698276132776875,303.32393054601624,0.0,0.030159034729565156,293.964451418123,5.125866046532491e-17,0.0,3.6975467351886177e-06,97.99317594395396,8.376426988927567e-16,1.3225249102145315e-14,4.714024749922011e-10,2.0458658127647715e-26,2.81021521617811e-17,2.5675170112831185,4.756992952762969e-12,0.00032695668181890206,1000000.0,999669.3605407206
0.00028666038105166705,0.00010102127647436062,-0.008500697341651852,303.30859376999405,0.0,0.030160675834115244,293.9804591439803,5.1215941948260447e-17,0.0,3.6977480837257825e-06,97.99851212603424,8.37055250134704e-16,1.32180766560129e-14,4.711459257017814e-10,2.3937998399469073e-26,2.803529669497269e-17,2.5676568244710247,4.754003403621254e-12,0.00032695691690393683,1000000.0,999672.9701463195
0.00028690156532076394,0.00010101901429777632,-0.010244398058023678,303.29488004714557,0.0,0.030162700901749235,294.0002094047088,5.1176471129313336e-17,0.0,3.6979965066541845e-06,98.00509588371894,8.364793926929368e-16,1.321107485391966e-14,4.7089555372657e-10,2.0703809648796487e-26,2.798818936583241e-17,2.567829325359439,4.751506012919197e-12,0.0003269572069202796,1000000.0,999694.7687504238
0.00028714274958986083,0.00010101634298568343,-0.011886533598121361,303.28271212428626,0.0,0.030165092671847818,294.0235339603274,5.114019349061205e-17,0.0,3.698289887815935e-06,98.0128711341382,8.359154867448871e-16,1.3204235654763504e-14,4.70651068577908e-10,2.4466446942972077e-26,2.7934215095108803e-17,2.5680330445223434,4.749477190824409e-12,0.0003269575493836478,1000000.0,999733.9235051429
0.00028738393385895766,0.00010101329188938274,-0.013387444878606252,303.27197686944294,0.0,0.030167824963083345,294.0501776193046,5.1106979485761447e-17,0.0,3.698625017358241e-06,98.02175280908543,8.353636184098711e-16,1.3197547214861437e-14,4.704120419556421e-10,1.9325794106908033e-26,2.790127612848542e-17,2.5682657530895603,4.747882527807119e-12,0.0003269579405330382,1000000.0,999789.1853463799
0.00028762511812805455,0.00010100989944689261,-0.01471160495798493,303.26252862331734,0.0,0.030170863455245216,294.07980585907853,5.1076628895042806e-17,0.0,3.698997687585922e-06,98.03162939532126,8.348236021206322e-16,1.3190994242333958e-14,4.701779205727211e-10,2.5808921730287418e-26,2.7854279659078474e-17,2.568524529305198,4.746677794694531e-12,0.00032695837544350156,1000000.0,999858.9261203266
0.00028786630239715144,0.00010100621208391098,-0.015828440622268753,303.2541933200199,0.0,0.030174166664441202,294.11201433144623,5.1048876811550454e-17,0.0,3.6994028125221824e-06,98.04236610319876,8.342949898712799e-16,1.3184558432314365e-14,4.699480419204362e-10,1.7612085403321764e-26,2.7834421743837077e-17,2.568805841548732,4.745810165590695e-12,0.0003269588481665961,1000000.0,999941.184683457
0.00028810748666624833,0.00010100228293264512,-0.01671300659038987,303.24677324868964,0.0,0.030177687081491045,294.146339958618,5.1023401107000403e-17,0.0,3.6998345674771276e-06,98.05380856553815,8.337770869543194e-16,1.3178218969711522e-14,4.697216524865604e-10,2.8112030019393975e-26,2.779082316608778e-17,2.5691056452491376,4.7452196319416436e-12,0.0003269593518941303,1000000.0,1000033.7205577141
0.0002883486709353452,0.00010099817040730105,-0.017346510198689723,303.2400523160796,0.0,0.030181372439602193,294.18227328941015,5.0999831157127075e-17,0.0,3.700286544466554e-06,98.06578695656886,8.332689733498611e-16,1.3171953084802149e-14,4.694979278875792e-10,1.4302162955395403e-26,2.778341860865457e-17,2.569419490805198,4.744840568713065e-12,0.00032695987914029435,1000000.0,1000134.0735607367
0.00028858985520444205,0.00010099393667313235,-0.01771668307455664,303.23380167675305,0.0,0.03018516707904147,294.2192718008792,5.097775759737671e-17,0.0,3.700751919522704e-06,98.07812042603503,8.327695300371752e-16,1.3165736647502757e-14,4.692759944037063e-10,3.238442412624633e-26,2.7736385096772848e-17,2.5697426397634047,4.744603416363238e-12,0.00032696042193751536,1000000.0,1000239.6279059915
0.00028883103947353894,0.00010098964604540485,-0.01781798956046955,303.2277855979822,0.0,0.030189013376863864,294.256773834085,5.0956742889907526e-17,0.0,3.7012236279812246e-06,98.09062174468802,8.322774696592307e-16,1.3159544786475992e-14,4.690549514115885e-10,8.396450922348548e-27,2.7741884686512822e-17,2.570070186534401,4.7444364423134265e-12,0.0003269609720414175,1000000.0,1000347.6792783755
0.00028907222374263583,0.00010098536335754663,-0.0176516637105643,303.22176741564044,0.0,0.030192853206952558,294.2942128253094,5.093633246929927e-17,0.0,3.7016945434844366e-06,98.1031020482695,8.317913708717407e-16,1.3153352518068572e-14,4.68833894168798e-10,4.039874408715303e-26,2.7682598377297e-17,2.570397182689979,4.7442675408651175e-12,0.0003269615211398769,1000000.0,1000455.5032578714
0.0002893134080117327,0.00010098115234047311,-0.017225575371841925,303.2155154283985,0.0,0.030196629392948367,294.3310314679772,5.0916066200517445e-17,0.0,3.7021576561129506e-06,98.11537555839362,8.313097154896761e-16,1.3147135368982078e-14,4.686119363672156e-10,0.0,2.770457589168888e-17,2.570718760654805,4.74402602627765e-12,0.0003269620610607998,1000000.0,1000560.4233404988
0.00028955459228082955,0.00010097707405451,-0.016553932990004634,303.2088085802851,0.0,0.030200287116900763,294.3666954429949,5.089548985886045e-17,0.0,3.702606245088761e-06,98.12726415956145,8.308309274328447e-16,1.3140869976813583e-14,4.683882318807745e-10,5.525532475660477e-26,2.7619773072373314e-17,2.5710302536286758,4.743644373140309e-12,0.00032696258397331196,1000000.0,1000659.8768188234
0.00028979577654992644,0.00010097318541219986,-0.01565683381723548,303.2014417930998,0.0,0.03020377524903876,294.4007063802428,5.0874166341725834e-17,0.0,3.7030340418076193e-06,98.13860171987983,8.303534124895973e-16,1.313453465378798e-14,4.681619951763069e-10,0.0,2.766802272506828e-17,2.571327308793574,4.743059860411958e-12,0.0003269630825774316,1000000.0,1000751.4769033986
0.00029003696081902333,0.00010096953782678815,-0.014559674037710517,303.19323082271967,0.0,0.030207047566976005,294.4326137423713,5.0851686338300635e-17,0.0,3.7034353793159273e-06,98.14923805253012,8.298755979541837e-16,1.3128109900343782e-14,4.679325199044104e-10,1.9713272389296658e-26,2.759522008001099e-17,2.5716059911080236,4.7422160801451015e-12,0.0003269635502777306,1000000.0,1000833.0696016469
0.0002902781450881202,0.00010096617601800481,-0.013292434564993537,303.1840165249483,0.0,0.03021006383535023,294.4620253482381,5.0827678180087473e-17,0.0,3.7038053246767436e-06,98.15904242376038,8.293959711970173e-16,1.3121578856142074e-14,4.676991952320442e-10,2.4248594359786817e-26,2.7555848750612575e-17,2.571862875219913,4.741064261715912e-12,0.0003269639813368824,1000000.0,1000902.7839960115
0.0002905193293572171,0.0001009631370030287,-0.011888861858377843,303.173668430744,0.0,0.030212790720139538,294.48861628492114,5.080181663700445e-17,0.0,3.7041397910669553e-06,98.1679065237087,8.289131162196305e-16,1.3114927678422707e-14,4.674615195316162e-10,2.0080202015735723e-26,2.7520387737131387e-17,2.5720951233049734,4.739564402531253e-12,0.00032696437100547337,1000000.0,1000959.0747169079
0.00029076051362631394,0.000100960449295557,-0.010385566271661895,303.16208754906995,0.0,0.030215202516319314,294.51213600033884,5.0773830430733823e-17,0.0,3.7044356269897537e-06,98.17574683073127,8.284257472952048e-16,1.3108145838297117e-14,4.672191111124357e-10,2.2681400979982206e-26,2.7473225752898275e-17,2.5723005470144833,4.737686145370955e-12,0.0003269647156250896,1000000.0,1001000.7556144231
0.00029100169789541083,0.00010095813233000393,-0.008821062188420228,303.14920833744856,0.0,0.030217281672852866,294.5324134204556,5.074350826526662e-17,0.0,3.704690680639917e-06,98.18250631722502,8.279327388838151e-16,1.3101226328889281e-14,4.669717157648389e-10,2.1699112545055646e-26,2.7425483567729447e-17,2.5724776521694888,4.7354094002952784e-12,0.00032696501270244974,1000000.0,1001027.0238841873
0.0002912428821645077,0.00010095619612171781,-0.007234775024583598,303.1349998031055,0.0,0.03021901910461716,294.5493599897144,5.07107032192548e-17,0.0,3.7049038381470128e-06,98.18815546315705,8.274331511158589e-16,1.309416578135945e-14,4.667192109753809e-10,2.520212929031328e-26,2.7368968342144798e-17,2.5726256653162696,4.7327246884490136e-12,0.00032696526095315456,1000000.0,1001037.4741680718
0.0002914840664336046,0.00010095464116803985,-0.005666040693811035,303.1194657200909,0.0,0.030220414286462348,294.56297058789477,5.067533543411403e-17,0.0,3.705075035107832e-06,98.19269256169966,8.269262502417066e-16,1.3086964487727874e-14,4.664616067585003e-10,1.7853404658515883e-26,2.731552694733088e-17,2.572744541734271,4.729633223365519e-12,0.000326965460314411,1000000.0,1001032.1024151305
0.0002917252507027015,0.00010095345858898045,-0.004153123036962107,303.1026439703127,0.0,0.03022147513022037,294.5733223313423,5.0637393008757786e-17,0.0,3.7052052415080004e-06,98.19614331961981,8.264115235957704e-16,1.3079626330116787e-14,4.66199043137539e-10,2.6663450713938293e-26,2.7244835267071095e-17,2.572834954965919,4.726146676298548e-12,0.0003269656119268853,1000000.0,1001011.2995544089
0.00029196643497179833,0.00010095263050022907,-0.0027322740199636946,303.08460503879826,0.0,0.030222217651120573,294.58057132151566,5.059693110713492e-17,0.0,3.7052964208245155e-06,98.19855977340563,8.258886887519141e-16,1.3072158621245601e-14,4.65931784394524e-10,1.3312607837597567e-26,2.7185866652448394e-17,2.572898268418075,4.722286707600992e-12,0.00032696571808662713,1000000.0,1000975.8352978765
0.0002922076192408952,0.00010095213060534446,-0.0014368599889667657,303.0654497150948,0.0,0.03022266543553736,294.58494745708276,5.055406934534633e-17,0.0,3.7053514647712077e-06,98.20001855987677,8.253576967023267e-16,1.3064571861217543e-14,4.6566021029144926e-10,3.488132600666439e-26,2.7099629014934108e-17,2.572936490050336,4.718084233616859e-12,0.00032696578216877617,1000000.0,1000926.832649691
0.0002924488035099921,0.00010095192498856743,-0.00029657507735889624,303.0453060725002,0.0,0.030222848927020183,294.5867474747844,5.050898756443755e-17,0.0,3.7053741057652503e-06,98.20061859635298,8.248187290631988e-16,1.3056879417990407e-14,4.6538480454184767e-10,8.302007348558098e-28,2.704490994586596e-17,2.5729522115931864,4.713578466731349e-12,0.0003269658085254651,1000000.0,1000865.7339345285
0.000292689987779089,0.00010095197308493659,0.0006632398193636863,303.0243258140819,0.0,0.030222804551964858,294.5863264272517,5.0461920124229874e-17,0.0,3.7053688097333607e-06,98.20047823978116,8.242721894742499e-16,1.3049097141666037e-14,4.651061408774724e-10,5.458010966515772e-26,2.693503660154023e-17,2.572948534114343,4.708815763182797e-12,0.000326965802360954,1000000.0,1000794.2593643762
0.00029284659794555747,0.00010095211860493453,0.0011799865891977876,303.0103346708728,0.0,0.030222673091795816,294.58505251262085,5.043042550128621e-17,0.0,3.7053527861622286e-06,98.2000535796654,8.239135265083424e-16,1.3044004084949166e-14,4.649237526531818e-10,7.164724701867707e-26,2.6868834671228144e-17,2.572937407604508,4.705610012963224e-12,0.00032696578371027964,1000000.0,1000743.2049567848
0.00029300320811202594,0.00010095233813508804,0.0016075286798638685,302.9961129555279,0.0,0.030222475162903467,294.58313071022803,5.039829797977652e-17,0.0,3.7053286133224822e-06,98.19941294588645,8.235521355944988e-16,1.303888592448557e-14,4.6474045330257405e-10,0.0,2.6878036223342835e-17,2.572920622373554,4.702333159637922e-12,0.0003269657555754101,1000000.0,1000689.1697409912
0.0002931598182784944,0.00010095261742252247,0.0019424383766439616,302.98171315733777,0.0,0.030222223567700296,294.58068580701104,5.0365629962934745e-17,0.0,3.705297860810487e-06,98.19859793622359,8.231882583986064e-16,1.303374814890694e-14,4.6455644164288674e-10,8.066447576209418e-27,2.6817617485015554e-17,2.5728992683239658,4.699001149355509e-12,0.0003269657197838857,1000000.0,1000632.7552000585
0.0002933164284449629,0.0001009529417442456,0.0021823122677995083,302.9671893242619,0.0,0.0302219315306893,294.57784670413105,5.0332518930886365e-17,0.0,3.705262149972176e-06,98.19765151993414,8.228221651681096e-16,1.3028596410370177e-14,4.6437192244335803e-10,7.525995858107139e-26,2.6690870020099057e-17,2.5728744712922924,4.6956303829044984e-12,0.0003269656782232277,1000000.0,1000574.581981435
0.00029347303861143137,0.00010095329609672603,0.0023257722406106467,302.95259636984093,0.0,0.0302216125279094,294.57474475455155,5.029906608484627e-17,0.0,3.705223132992766e-06,98.19661748358482,8.224541506255841e-16,1.3023436451774081e-14,4.6418710379167116e-10,1.7885087227930741e-26,2.668184117378658e-17,2.5728473785293895,4.6922374996875684e-12,0.0003269656328166074,1000000.0,1000515.2819008577
0.0002936296487778999,0.0001009536653346311,0.0023724805635026423,302.93798956426514,0.0,0.03022128016212257,294.57151254646857,5.0265375419188164e-17,0.0,3.7051824775944905e-06,98.19554002550761,8.220845312452126e-16,1.3018274053260477e-14,4.6400219516568795e-10,0.0,2.669668333965491e-17,2.5728191480747653,4.6888392112900735e-12,0.00032696558550505305,1000000.0,1000455.4920858729
0.00029378625894436837,0.00010095403434955456,0.0023231161289017878,302.92342388532046,0.0,0.030220948002176187,294.56828233754993,5.023155240750422e-17,0.0,3.7051418473421316e-06,98.19446323385284,8.217136409303714e-16,1.3013114964185051e-14,4.638174049687244e-10,7.970780589837524e-26,2.6552216722073982e-17,2.572790935081061,4.68545210740172e-12,0.00032696553822454016,1000000.0,1000395.847462964
0.00029394286911083685,0.00010095438821151588,0.0021793677249990814,302.90895350313167,0.0,0.030220629455892614,294.5651848159707,5.019770302461752e-17,0.0,3.7051028860590556e-06,98.19343067357968,8.213418278471206e-16,1.3007964849868834e-14,4.6363293858090197e-10,4.244560108889502e-26,2.6458484062033168e-17,2.572763880992796,4.682092521975549e-12,0.00032696549288786585,1000000.0,1000336.9748098676
0.0002940994792773053,0.00010095471231389717,0.0019439003618900088,302.89463125649496,0.0,0.030220337639962958,294.5623478322457,5.01639326729544e-17,0.0,3.7050672018759445e-06,98.19248496371206,8.20969450666626e-16,1.3002829236785824e-14,4.6344899637559103e-10,1.8295891291776959e-26,2.647411359962597e-17,2.5727391024700643,4.678776363543944e-12,0.00032696545136609085,1000000.0,1000279.4866831896
0.00029429470156108376,0.00010095505336130756,0.001527485507335842,302.87706205899696,0.0,0.030220030424755795,294.5593625620489,5.0122103366303003e-17,0.0,3.7050296525132144e-06,98.19148982245451,8.205050264358077e-16,1.2996455775800747e-14,4.632207285158254e-10,2.4677726897836322e-26,2.6407991627856594e-17,2.572713028796678,4.674726445687313e-12,0.0003269654076758493,1000000.0,1000210.6554346216
0.00029448992384486215,0.00010095530044468908,0.0009830867148143542,302.85989476468745,0.0,0.03021980759576473,294.5571998069766,5.008075112310814e-17,0.0,3.705002448918826e-06,98.19076886696662,8.200410009450216e-16,1.2990122809619968e-14,4.6299392664883817e-10,1.9238772848715819e-26,2.6341716759729092e-17,2.5726941390585107,4.670795512563418e-12,0.0003269653760248418,1000000.0,1000145.9732116631
0.0002946851461286406,0.00010095542961022444,0.00032155982885628836,302.8432150125988,0.0,0.030219690661250284,294.5560692118012,5.004005987635747e-17,0.0,3.704988228048845e-06,98.1903919824231,8.195780773308234e-16,1.298383929991981e-14,4.627689159048571e-10,2.0369850077164248e-26,2.6288020578153615e-17,2.5726842643154613,4.6670091887823055e-12,0.0003269653594798381,1000000.0,1000086.4405882983
0.00029488036841241903,0.00010095541919843416,-0.0004444768003838542,302.8270998031249,0.0,0.030219699069987047,294.55616034724056,5.000020081136693e-17,0.0,3.7049893743636587e-06,98.19042236230413,8.191169408857608e-16,1.2977613308220118e-14,4.625459888390856e-10,1.834088430561629e-27,2.625364595625681e-17,2.5726850602984905,4.663390462177314e-12,0.0003269653608133437,1000000.0,1000032.9606869448
0.00029521356995628557,0.0001009550260608398,-0.001952325597951759,302.8010854100649,0.0,0.03022005051049628,294.5596015303909,4.993452881606391e-17,0.0,3.7050326582794275e-06,98.1915694819157,8.183358654485085e-16,1.2967139334677694e-14,4.6217102467472077e-10,2.0925108239708182e-26,2.613012581368787e-17,2.572715115954539,4.657656833448165e-12,0.0003269654111642181,1000000.0,999957.86596794
0.00029544416585742796,0.00010095444390723062,-0.0031087727722853833,302.78429713826546,0.0,0.03022057219638133,294.56469729247914,4.989110960799024e-17,0.0,3.705096753840401e-06,98.19326815620823,8.178010527214351e-16,1.296001528113641e-14,4.6191604172268457e-10,2.0881230500075302e-26,2.6069168482146784e-17,2.572759622882213,4.654049756186043e-12,0.00032696548571896627,1000000.0,999919.2094703019
0.00029567476175857034,0.00010095358760985183,-0.004325517686015411,302.76857273813727,0.0,0.03022134009609626,294.5721929291057,4.984954881186674e-17,0.0,3.70519103552838e-06,98.19576682970741,8.172719389089614e-16,1.2953000489560146e-14,4.6166501961222974e-10,2.0840412909915346e-26,2.6012198586977538e-17,2.572825090571208,4.650758592713101e-12,0.00032696559537767975,1000000.0,999892.287782411
0.0002959053576597127,0.00010095244657713254,-0.00557355061672595,302.75394634391483,0.0,0.030222363747053196,294.58218140405694,4.980997136111368e-17,0.0,3.705316672661431e-06,98.19909649193123,8.167492626984358e-16,1.294609860033403e-14,4.614180908656389e-10,2.0807591253109652e-26,2.595930322337796e-17,2.572912330977192,4.647793391828489e-12,0.00032696574149448633,1000000.0,999877.530896174
0.00029613595356085516,0.00010095101694854789,-0.006823605458999607,302.7404275229452,0.0,0.03022364665122003,294.5946968527115,4.9772456955018637e-17,0.0,3.705474094601532e-06,98.20326852192284,8.162336240358487e-16,1.2939310702961148e-14,4.6117529546508647e-10,2.0762958045086862e-26,2.591052045649239e-17,2.5730216422422196,4.645156894024534e-12,0.0003269659245621565,1000000.0,999875.0862976575
0.00029636654946199755,0.00010094930160095034,-0.008046814940589626,302.7280013526371,0.0,0.030225186268461716,294.60971451710753,4.973703893810767e-17,0.0,3.7056629899378267e-06,98.20827466660495,8.15725472649413e-16,1.2932635345102135e-14,4.609365811600324e-10,2.073256938953742e-26,2.5865744216620726e-17,2.5731528081275985,4.642844567869299e-12,0.0003269661442114073,1000000.0,999884.8190446919
0.00029659714536313993,0.00010094730996931605,-0.009215363195662372,302.7166291717241,0.0,0.030226974175565236,294.6271522959549,4.9703704422374707e-17,0.0,3.7058823259830073e-06,98.2140875574773,8.152251005753045e-16,1.2926068611078591e-14,4.6070180630067063e-10,2.0697974646884154e-26,2.582483645266013e-17,2.5733051115518646,4.640844841283297e-12,0.0003269663992338938,1000000.0,999906.31958131
0.0002968277412642823,0.00010094505771521422,-0.010303107984993119,302.7062498801726,0.0,0.030228996361151568,294.6468736191609,4.9672395451940614e-17,0.0,3.7061303849297085e-06,98.22066166884092,8.147326384451189e-16,1.2919604256916635e-14,4.6047074472708264e-10,2.067004115917581e-26,2.5787548667616254e-17,2.573477359697198,4.639139487236247e-12,0.0003269666876246238,1000000.0,999938.9178793834
0.00029705833716542476,0.00010094256627280104,-0.01128614815669527,302.6967816755029,0.0,0.03023123362990494,294.66869138789133,4.9643011049921515e-17,0.0,3.7064048134094165e-06,98.22793463121916,8.1424805530793e-16,1.2913233890505643e-14,4.602430922956822e-10,2.0638387784976323e-26,2.575358343645508e-17,2.573667918422335,4.637704139723171e-12,0.00032696700663998257,1000000.0,999981.7026520679
0.00029728893306656714,0.00010093986228001687,-0.012143327166106582,302.6881241965974,0.0,0.030233662109484357,294.6923729154946,4.961541012150957e-17,0.0,3.706702684640458e-06,98.23582887841692,8.137711619661338e-16,1.2906947193641448e-14,4.6001847493334357e-10,2.0613161378051995e-26,2.572255879166195e-17,2.5738747554171337,4.6365089215081e-12,0.00032696735287040315,1000000.0,1000033.545326
0.00029751952896770953,0.00010093697689785269,-0.01285666929261443,302.6801610646868,0.0,0.030236253857853973,294.71764584722746,4.958941521027838e-17,0.0,3.7070205728875545e-06,98.24425362086374,8.13301617810636e-16,1.2900732184966763e-14,4.597964581778972e-10,2.058505319881881e-26,2.569405699977023e-17,2.574095491906088,4.635519189279369e-12,0.0003269677223273376,1000000.0,1000093.1286677214
0.0002977501248688519,0.0001009339450317486,-0.013411741145654688,302.6727627697832,0.0,0.03023897755873386,294.74420493890756,4.956481703358548e-17,0.0,3.7073546387251426e-06,98.25310710528055,8.128389409808146e-16,1.2894575518494202e-14,4.5957655801033073e-10,2.0561863179282747e-26,2.5667600141101665e-17,2.574327461853809,4.634696381051048e-12,0.00032696811054275265,1000000.0,1000158.979488537
0.00029798072076999435,0.00010093080447848987,-0.013797928221517777,302.6657898164364,0.0,0.030241799284504416,294.7717194930517,4.954137966576233e-17,0.0,3.707700722570681e-06,98.26227909351947,8.123825215327176e-16,1.2888462808812837e-14,4.593582526570432e-10,2.0535689664958674e-26,2.564269081855592e-17,2.574567776913049,4.6339989409436115e-12,0.00032696851267817803,1000000.0,1000229.5044590576
0.00029821131667113674,0.00010092759502228535,-0.014008619350357085,302.6590960419348,0.0,0.030244683305570345,294.79984124786677,4.951884623269808e-17,0.0,3.7080544439140457e-06,98.27165349236247,8.119316372434154e-16,1.2882378974072826e-14,4.5914099503763353e-10,2.051374036227349e-26,2.5618797334046476e-17,2.574813395328,4.6333832974828135e-12,0.0003269689236402932,1000000.0,1000303.0280507517
0.0002984419125722791,0.00010092435750057942,-0.01404129686557909,302.65253203217736,0.0,0.030247592927943406,294.8282125412988,4.9496944994275364e-17,0.0,3.7084113040066503e-06,98.28111107501044,8.114854716631153e-16,1.2876308589062634e-14,4.5892422557806603e-10,2.0488445017170384e-26,2.559539028016945e-17,2.5750611932399643,4.632804874348248e-12,0.00032696933820043714,1000000.0,1000377.8317527453
0.0002986725084734215,0.00010092113285933946,-0.013897533074338763,302.64594856367484,0.0,0.03025049134145101,294.8564745786569,4.947539568922087e-17,0.0,3.708766789853366e-06,98.29053223709934,8.110431339995086e-16,1.2870236240981041e-14,4.587073851207605e-10,2.0466753100900273e-26,2.557193172534597e-17,2.5753080368976753,4.632219113109423e-12,0.0003269697511155238,1000000.0,1000452.1937430585
0.0002990315770251998,0.00010091623149747086,-0.013336727991588773,302.63531674313543,0.0,0.030254897515761405,294.8994389803489,4.9441876008782214e-17,0.0,3.709307205128931e-06,98.30485443854133,8.103597380637392e-16,1.2860741561738303e-14,4.5836831298277907e-10,2.0428628214898798e-26,2.553409431749366e-17,2.575683292578155,4.631190246383885e-12,0.0003269703787418635,1000000.0,1000563.1482808264
0.00029939064557697807,0.00010091160024337713,-0.01240160721756196,302.62377347631445,0.0,0.03025906156445314,294.94004333923215,4.940748971431788e-17,0.0,3.70981793528938e-06,98.3183899187011,8.096796437352294e-16,1.285115277911825e-14,4.5802582706155405e-10,2.0389824343874443e-26,2.5493073937879462e-17,2.576037935391915,4.6298851016193056e-12,0.0003269709717862519,1000000.0,1000663.0003300585
0.0002996522174439666,0.00010090846859343215,-0.011517856532768446,302.6145324367709,0.0,0.030261877634827624,294.96750419567974,4.938134331518622e-17,0.0,3.7101633437130694e-06,98.32754400676548,8.09184187214143e-16,1.2844081632393326e-14,4.57773216009103e-10,2.036008555837674e-26,2.5460280932051486e-17,2.576277781449151,4.628683034862571e-12,0.00032697137280319306,1000000.0,1000725.7302822174
0.00029991378931095515,0.00010090558699241618,-0.010494632209946118,302.60442661627536,0.0,0.03026446906381995,294.99277543128125,4.935390116347295e-17,0.0,3.710481210624954e-06,98.33596818378197,8.086871858695939e-16,1.2836921084458493e-14,4.5751736119225436e-10,2.032873976833125e-26,2.5424466022000625e-17,2.576498503123345,4.627220143042071e-12,0.0003269717417991399,1000000.0,1000778.0992134307
0.00030017536117794375,0.00010090298785672363,-0.009363645756574505,302.5933421859127,0.0,0.030266806603656146,295.01557196205744,4.93248832482553e-17,0.0,3.710767950178748e-06,98.34356741688389,8.081873937772919e-16,1.2829659320086034e-14,4.572578336678305e-10,2.0295890514089248e-26,2.5385238866745493e-17,2.5766976104604833,4.625462273936891e-12,0.0003269720746214327,1000000.0,1000818.7547552305
0.0003004369330449323,0.00010090069493372368,-0.008159263549915613,302.58119733048096,0.0,0.03026886880423071,295.0356847090636,4.929406338587676e-17,0.0,3.7110209325354843e-06,98.35027200951536,8.07683699792994e-16,1.2822287820391727e-14,4.5699432402883606e-10,2.026107043908448e-26,2.5342326080763605e-17,2.576873277342664,4.623384870751653e-12,0.0003269723682280551,1000000.0,1000846.7108332169
0.0003006985049119208,0.00010089872273748281,-0.00691747182592344,302.56794416016356,0.0,0.03027064252744717,295.0529856117969,4.926127506543841e-17,0.0,3.711238546923207e-06,98.35603927265285,8.071751576700104e-16,1.2814801559765348e-14,4.567266495589622e-10,2.0224378982831746e-26,2.5295576855097394e-17,2.577024385275734,4.620973555195647e-12,0.000326972620760068,1000000.0,1000861.3711906606
0.00030096007677890937,0.00010089707627825259,-0.00567473373309457,302.5535695338073,0.0,0.030272123196078186,295.06743005392605,4.922641547633063e-17,0.0,3.711420232148317e-06,98.3608543334233,8.066610119663583e-16,1.2807199090711436e-14,4.564547573282163e-10,2.0185764871149293e-26,2.5244965394201003e-17,2.5771505445758818,4.6182243759851505e-12,0.0003269728315763643,1000000.0,1000862.540423861
0.00030122164864589796,0.00010089575108850204,-0.004466873445836938,302.5380948012162,0.0,0.03027331477424579,295.0790566730791,4.918944743180944e-17,0.0,3.7115664742030273e-06,98.3647300716965,8.061407172338515e-16,1.2799482517065245e-14,4.561787232340481e-10,2.0145327552546264e-26,2.519058933932196e-17,2.577252092708286,4.6151437364804436e-12,0.00032697300125031185,1000000.0,1000850.4224539212
0.0003014832205128865,0.00010089473352840199,-0.003328048510177094,302.52157453503764,0.0,0.030274229494708493,295.0879847027107,4.915039915583887e-17,0.0,3.7116787728308276e-06,98.36770623399579,8.056139497643908e-16,1.2791657361999033e-14,4.5589874724878933e-10,2.010299659630391e-26,2.5132663339978795e-17,2.5773300710707168,4.611747988256431e-12,0.0003269731315304587,1000000.0,1000825.6071758192
0.00030174479237987504,0.00010089400134802438,-0.002289799934408207,302.50409433473726,0.0,0.03027488735342993,295.0944090456231,4.910936212202987e-17,0.0,3.7117595795601808e-06,98.36984779125387,8.050806125365213e-16,1.2783732340650495e-14,4.5561514519679946e-10,2.0059143721397115e-26,2.5071510455371843e-17,2.577386181965127,4.608062760278573e-12,0.00032697322526825467,1000000.0,1000789.0462451811
0.0003020063642468636,0.00010089352448658186,-0.0013801755843598899,302.48576777508026,0.0,0.030275315389332466,295.09859325364437,4.906648711477681e-17,0.0,3.7118122094014452e-06,98.37124259858564,8.045408338384321e-16,1.2775719044888742e-14,4.553283373455747e-10,2.0013776373648356e-26,2.5007549439221782e-17,2.5774227272814185,4.604122019836924e-12,0.0003269732863153603,1000000.0,1000742.0188474423
0.0003022679361138522,0.00010089326608793605,-0.0006229582900730201,302.46673258026794,0.0,0.03027554676827126,295.10086059900584,4.902197861144344e-17,0.0,3.711840728540782e-06,98.37199841892809,8.039949594528023e-16,1.2767631548629715e-14,4.550388341184664e-10,1.9967432608283984e-26,2.4941280581874224e-17,2.5774425305138937,4.5999668999126025e-12,0.0003269733193932371,1000000.0,1000686.0883634699
0.0003025295079808407,0.00010089318370184529,-3.7038272340879625e-05,302.4471461416152,0.0,0.03027561969914212,295.1015835094941,4.897608762800602e-17,0.0,3.711849821453266e-06,98.37223940124355,8.034435383580687e-16,1.2759485946173417e-14,4.547472193704036e-10,1.991999915878524e-26,2.4873267709682364e-17,2.577448844486737,4.595644333513223e-12,0.00032697332993896,1000000.0,1000623.0512649048
0.00030279107984782926,0.00010089323062947965,0.0003640497628616013,302.42718053412074,0.0,0.030275576219923654,295.1011717358217,4.892910329101053e-17,0.0,3.7118446420695928e-06,98.37210213610777,8.028873024691516e-16,1.2751299839645723e-14,4.5445413181012927e-10,1.9872308276477823e-26,2.480412078364251e-17,2.577445248006569,4.591205542889019e-12,0.000326973323932603,1000000.0,1000554.8800262117
0.0003030526517148178,0.0001008933573673613,0.0005724219272305907,302.4070172008018,0.0,0.030275460895362594,295.1000596577623,4.888134346970632e-17,0.0,3.7118306541099718e-06,98.37173142420455,8.023271413436732e-16,1.2743091793070661e-14,4.5416024520427263e-10,1.982397239634984e-26,2.4734475138150312e-17,2.577435534992868,4.586704437856073e-12,0.0003269733077121133,1000000.0,1000483.6620141263
0.0003033142235818064,0.00010089351310525591,0.0005859729761259304,302.3868414679115,0.0,0.03027531946670076,295.09869312282,4.8833144794664274e-17,0.0,3.711813465538137e-06,98.3712758889906,8.017640728167377e-16,1.273488077002762e-14,4.538662479748987e-10,1.9776315552314236e-26,2.4664973877625092e-17,2.5774235995254986,4.582195974261611e-12,0.0003269732877813994,1000000.0,1000411.5362499172
0.00030357579544879493,0.00010089364723514566,0.0004083348032118653,302.36683704809406,0.0,0.03027519749227612,295.09751619593766,4.878485236320421e-17,0.0,3.7117986618963937e-06,98.37088355970499,8.0119921046654765e-16,1.2726685571026583e-14,4.5357282277594484e-10,1.9728239819083694e-26,2.4596246306141366e-17,2.5774133201152436,4.577734520349919e-12,0.00032697327061713573,1000000.0,1000340.6298643044
0.00030399332345540874,0.00010089369606445976,-0.00024684030647046713,302.33569541120085,0.0,0.03027515157732378,295.0970877439139,4.87084211381805e-17,0.0,3.7117932727243478e-06,98.37074073471292,8.002967718992758e-16,1.2713681485209906e-14,4.5310725192429513e-10,1.9654141531598405e-26,2.4489619345639095e-17,2.5774095779617503,4.570838866007012e-12,0.00032697326436896806,1000000.0,1000235.0291907733
0.00030428665790418254,0.00010089352489979332,-0.000950351421052464,302.3146987288525,0.0,0.03027530428838647,295.0985896332596,4.8655818846910064e-17,0.0,3.711812163795966e-06,98.37124138994149,7.996644451369692e-16,1.2704633131897121e-14,4.5278334538164777e-10,1.960364131811049e-26,2.441797684580826e-17,2.5774226956188495,4.5662490602113214e-12,0.0003269732862686768,1000000.0,1000169.9287509569
0.0003045799923529563,0.00010089312211719374,-0.001820469815285952,302.29465050337257,0.0,0.03027566551069945,295.10212390017904,4.86045935959676e-17,0.0,3.711856618540431e-06,98.37241953910603,7.990353837261043e-16,1.2695679745427278e-14,4.524628853636806e-10,1.9554897484085912e-26,2.43497569422339e-17,2.5774535642794123,4.56193433930171e-12,0.00032697333779947295,1000000.0,1000114.9204679026
0.00030487332680173004,0.00010089244400010934,-0.002821203561186874,302.27570434932863,0.0,0.030276274610085325,295.10807425142315,4.855510000528747e-17,0.0,3.711931463302006e-06,98.37440309101646,7.984111158416449e-16,1.2686837093231842e-14,4.5214644510368375e-10,1.9508178143468437e-26,2.4285453924156438e-17,2.5775055352793075,4.557939749017157e-12,0.00032697342455076655,1000000.0,1000071.8233762392
0.0003051666612505038,0.00010089145802338156,-0.003912493867224597,302.25797250319766,0.0,0.03027716088841411,295.1167262988505,4.850762529485421e-17,0.0,3.712040290566755e-06,98.3772872545083,7.977930067221549e-16,1.267811673221382e-14,4.518344449704341e-10,1.9463619225738816e-26,2.4225418580509343e-17,2.5775811031831037,4.554298136240684e-12,0.0003269735506801154,1000000.0,1000041.9839922346
0.0003054599956992776,0.00010089014383472986,-0.005051705303840319,302.24152248061523,0.0,0.030278342701911064,295.12825896535844,4.84623804220267e-17,0.0,3.712185350864533e-06,98.38113167360606,7.971822128500015e-16,1.266952567198659e-14,4.515271401801891e-10,1.9421385040727662e-26,2.4169849258716174e-17,2.5776818307225553,4.5510292138827525e-12,0.0003269737187881799,1000000.0,1000026.236035926
0.00030575333014805134,0.0001008884937691175,-0.006195264239950159,302.226375456122,0.0,0.03027982699815858,295.14273997189053,4.841949407039166e-17,0.0,3.7123674960036186e-06,98.38595892311525,7.965796433576637e-16,1.2661066212238123e-14,4.512246148393955e-10,1.9381470647035397e-26,2.411878851647819e-17,2.577808309379636,4.54813912268281e-12,0.00032697392985337896,1000000.0,1000024.8797799677
0.0003060466645968251,0.00010088651287855666,-0.007300314766096754,302.21250640679165,0.0,0.030281609287184298,295.1601255555565,4.837900976490999e-17,0.0,3.7125861755251682e-06,98.39175441465768,7.959859312937981e-16,1.2652735959066531e-14,4.509267824872579e-10,1.934373549003742e-26,2.4072125982115534e-17,2.577960156924574,4.545620508333576e-12,0.00032697418322837453,1000000.0,1000037.681661226
0.0003063399990455989,0.00010088421848873332,-0.008326279073947701,302.19984595983465,0.0,0.030283674036417907,295.1802643192765,4.8340886108991256e-17,0.0,3.7128394851248487e-06,98.39846767995179,7.954014164450174e-16,1.2644528013013505e-14,4.5063339292957525e-10,1.9308229149726105e-26,2.4029603682426366e-17,2.5781360510390536,4.543453034105178e-12,0.0003269744766968696,1000000.0,1000063.8936095753
0.00030663333349437264,0.0001008816393168574,-0.009236279813806562,302.1882838131913,0.0,0.03028599545890605,295.2029049145855,4.8305000136436405e-17,0.0,3.713124263288769e-06,98.40601493187896,7.948261395759244e-16,1.2636431318399508e-14,4.503440448668182e-10,1.9274590263014496e-26,2.3990832735689203e-17,2.5783337964186535,4.541604440731035e-12,0.0003269748065863441,1000000.0,1000102.2906413071
0.0003069266679431464,0.00010087881419581475,-0.009998408279652479,302.177673563728,0.0,0.030288538654854005,295.2277071683813,4.8271153493284695e-17,0.0,3.71343623124806e-06,98.4142827735897,7.942598473618494e-16,1.2628431153039122e-14,4.5005820369001046e-10,1.924283233937637e-26,2.395530437809151e-17,2.578550421955057,4.540031914010235e-12,0.00032697516793101666,1000000.0,1000151.2248468471
0.00030722000239192013,0.00010087579045496765,-0.01058680297883834,302.1678387558108,0.0,0.03029126106201633,295.25425622008623,4.823908113102933e-17,0.0,3.7137701707990684e-06,98.42313291113254,7.937020075682924e-16,1.2620509740762619e-14,4.49775223750066e-10,1.9212113737497098e-26,2.3922418797744794e-17,2.578782304211534,4.538683840688227e-12,0.0003269755546786463,1000000.0,1000208.6936834519
0.00030751333684069394,0.00010087262201792274,-0.010982489465387053,302.1585799248239,0.0,0.030294114161564092,295.2820791489943,4.820846219897021e-17,0.0,3.7141201334456272e-06,98.43240769618735,7.931518340493434e-16,1.2612646965076119e-14,4.49494374274842e-10,1.91829448472281e-26,2.3891495072466538e-17,2.5790253126479747,4.537501853972457e-12,0.00032697595993351497,1000000.0,1000272.4200632311
0.0003078066712894677,0.00010086936729169002,-0.011173945489373255,302.14968236079824,0.0,0.030297045373309798,295.3106634473321,4.817893278830064e-17,0.0,3.714479672757106e-06,98.4419362840681,7.92608320614238e-16,1.260482115485122e-14,4.4921486792620705e-10,1.9153551401075505e-26,2.386181830672373e-17,2.5792749709665816,4.536423085984199e-12,0.00032697637622612527,1000000.0,1000339.9411387173
0.00030810000573824143,0.00010086608693164425,-0.01115737829026254,302.1409242841517,0.0,0.030300000065005054,295.3394766052212,4.8150100044842845e-17,0.0,3.7148420907121857e-06,98.45154116237845,7.920702822498436e-16,1.2597009911407959e-14,4.4893589086412094e-10,1.9125951375143082e-26,2.3832633354227748e-17,2.5795266281690274,4.5353825489341865e-12,0.00032697679579886505,1000000.0,1000408.7022708198
0.0003083933401870152,0.0001008628415685023,-0.01093671484359683,302.13208512069536,0.0,0.030302923598534592,295.36798605528764,4.812155708367284e-17,0.0,3.7152006885663605e-06,98.46104479955598,7.915364019469244e-16,1.2589190945689388e-14,4.4865663316630357e-10,1.909568403521551e-26,2.3803225171529248e-17,2.5797756327548167,4.534315553275069e-12,0.00032697721089664633,1000000.0,1000476.1525807572
0.000308686674635789,0.00010085968958046112,-0.010523311554870718,302.1229535745291,0.0,0.030305763338267074,295.3956787484212,4.8092898143294675e-17,0.0,3.715549013079948e-06,98.47027617045973,7.910052813490515e-16,1.2581342894598626e-14,4.4837631849604177e-10,1.9069373195211076e-26,2.377286084874572e-17,2.580017503698055,4.533160075631908e-12,0.0003269776140518968,1000000.0,1000539.8386013499
0.00030898000908456273,0.00010085668498988174,-0.00993539636819515,302.1133352114387,0.0,0.03030847054986931,295.42207966187334,4.806373344541154e-17,0.0,3.7158810893168536e-06,98.47907692605293,7.904754933979452e-16,1.2573446087650603e-14,4.4809423196345026e-10,1.9034665978708846e-26,2.3740950879407448e-17,2.5802480920991715,4.531858992275057e-12,0.00032697799835373773,1000000.0,1000597.4926851455
0.0003092733435333365,0.00010085387555944017,-0.00919726674768409,302.10305928260095,0.0,0.030311002121601635,295.44676857706133,4.803370323479842e-17,0.0,3.7161916316793068e-06,98.48730698629078,7.899456350579222e-16,1.2565483236731031e-14,4.4780974518865005e-10,1.9012161217195493e-26,2.3706851466504476e-17,2.5804637277240454,4.53036209656725e-12,0.00032697835769173524,1000000.0,1000647.1130023706
0.0003095666779821103,0.00010085130115512711,-0.008338277917613313,302.09198454703824,0.0,0.030313322046663423,295.4693945282937,4.8002490481848307e-17,0.0,3.7164762256469807e-06,98.49484935660955,7.89414378173073e-16,1.2557440024354554e-14,4.475223376802482e-10,1.8965120384871126e-26,2.367024270793275e-17,2.58066134520073,4.528627826123907e-12,0.00032697868696555927,1000000.0,1000687.0322710268
0.00030986001243088403,0.00010084899243208746,-0.007391663590641427,302.08000389369374,0.0,0.030315402615279912,295.48968742230204,4.796983177499261e-17,0.0,3.7167314739299054e-06,98.50161400130246,7.888805166044362e-16,1.2549305570339342e-14,4.472316137988658e-10,1.895767384190849e-26,2.3630554281108894e-17,2.5808385855056835,4.526624637429584e-12,0.0003269789822533399,1000000.0,1000715.9728373971
0.0003101533468796578,0.0001008469698855343,-0.00639323604893618,302.06704761484997,0.0,0.030317225277591356,295.5074664490307,4.7935526033215816e-17,0.0,3.71695510226115e-06,98.50754064725992,7.883430079759928e-16,1.254107276218166e-14,4.469373147631212e-10,1.890554525507384e-26,2.358785773279812e-17,2.5809938694245105,4.5243319902449176e-12,0.00032697924093327135,1000000.0,1000733.0863060361
0.00031033924051226996,0.00010084584114964926,-0.005750479775668201,302.0583164669334,0.0,0.030318242424357805,295.5173891278133,4.791287003698039e-17,0.0,3.717079911797696e-06,98.51084837634374,7.880000954618228e-16,1.25358029140727e-14,4.4674890118772697e-10,1.8882356066400345e-26,2.35590891405323e-17,2.581080535160667,4.522724685031698e-12,0.0003269793852932513,1000000.0,1000737.6114751212
0.0003105251341448822,0.00010084483171028717,-0.005111212875603938,302.04918097936763,0.0,0.03031915201681492,295.5262634512702,4.7889479090141725e-17,0.0,3.7171915349003314e-06,98.51380663573028,7.876552065669179e-16,1.2530492244669851e-14,4.4655900355682814e-10,1.8858521872524128e-26,2.3529024366475526e-17,2.5811580444491002,4.520997411966616e-12,0.0003269795143931492,1000000.0,1000737.2133201197
0.00031071102777749436,0.00010084394006886715,-0.004484708333413627,302.03964790681306,0.0,0.030319955393774092,295.5341024687047,4.7865346023421906e-17,0.0,3.7172901357059404e-06,98.51641977541041,7.873082107726929e-16,1.2525141410646521e-14,4.4636764564023235e-10,1.8834052496951476e-26,2.3497690427368292e-17,2.581226511263824,4.519152145364719e-12,0.0003269796284249488,1000000.0,1000731.9590676116
0.00031100635753452327,0.00010084275731483604,-0.003537419487223588,302.02371888346204,0.0,0.030321020885909745,295.54450128016845,4.782549521154143e-17,0.0,3.717420934136386e-06,98.51988622344386,7.867523986124685e-16,1.2516561275429121e-14,4.4606075317028384e-10,1.879394496100338e-26,2.3445423124681808e-17,2.5813173355918684,4.5159878217897435e-12,0.00032697977968208775,1000000.0,1000713.9908798477
0.00031120490443915084,0.00010084211423614356,-0.0029482666932537345,302.01250487290713,0.0,0.030321600054543086,295.55015545353456,4.779769584618131e-17,0.0,3.7174920535131472e-06,98.52177104440753,7.863755363742628e-16,1.2510741817763069e-14,4.458525734961676e-10,1.8766189028557755e-26,2.340869386453518e-17,2.581366719744218,4.513710355936397e-12,0.00032697986191940285,1000000.0,1000695.6689550526
0.0003114034513437784,0.00010084158338697084,-0.002408308999432916,302.0009228330742,0.0,0.03032207799941383,295.554822974358,4.776913207320426e-17,0.0,3.71755076256659e-06,98.52332696432313,7.859961210608841e-16,1.2504885051607043e-14,4.45643036907418e-10,1.8737861622933352e-26,2.3370817046169722e-17,2.5814074863675627,4.5113233444334636e-12,0.0003269799298024833,1000000.0,1000672.7562156174
0.00031160199824840603,0.00010084115417352133,-0.0019257819328257885,301.98901249242266,0.0,0.03032246427067275,295.5585969293888,4.7739858383014956e-17,0.0,3.717598232161447e-06,98.52458501369874,7.856142256411332e-16,1.2498994946526008e-14,4.454322875973128e-10,1.8709037090949856e-26,2.3331927748399165e-17,2.5814404484915494,4.508838422148993e-12,0.0003269799846868134,1000000.0,1000645.7027397354
0.0003118005451530336,0.00010084081446770124,-0.0015078466125861977,301.9768190094514,0.0,0.030322769804393645,295.5615839142611,4.770994124383962e-17,0.0,3.717635803080039e-06,98.5255807262347,7.852299728516569e-16,1.2493076017927322e-14,4.452204896178817e-10,1.867978701758782e-26,2.3292178075615965e-17,2.5814665371338683,4.506268805360038e-12,0.000326980028124016,1000000.0,1000615.0227262371
0.00031199909205766117,0.00010084055083007608,-0.001160487366181694,301.96439214418047,0.0,0.03032300672114865,295.56390207017535,4.767945779347952e-17,0.0,3.717664961327246e-06,98.52635348435082,7.848435323587157e-16,1.248713324361259e-14,4.450078238508719e-10,1.865019797301983e-26,2.3251734218499762e-17,2.5814867841524185,4.503629045482131e-12,0.0003269800618332881,1000000.0,1000581.2850247119
0.00031219763896228874,0.00010084034875651408,-0.0008884168484000075,301.951785344518,0.0,0.030323188103191935,295.5656789120708,4.7648494362592526e-17,0.0,3.7176873108128098e-06,98.52694579520679,7.844551173133364e-16,1.2481171972008896e-14,4.447944846750573e-10,1.8620359244713805e-26,2.3210773340856618e-17,2.5815023032763413,4.500934758667279e-12,0.00032698008766981015,1000000.0,1000545.1026727462
0.00031239618586691636,0.00010084019293980037,-0.0006950068831656015,301.939054782064,0.0,0.030323327758147705,295.5670490252532,4.7617144856779604e-17,0.0,3.7177045443790303e-06,98.52740252287201,7.84064980156357e-16,1.2475197825353757e-14,4.4458067645070025e-10,1.859036463835936e-26,2.3169480250603453e-17,2.5815142699881153,4.498202340116053e-12,0.0003269801075912504,1000000.0,1000507.1218186931
0.00031259473277154393,0.00010084006754036656,-0.0005822490083983722,301.92625835943426,0.0,0.03032343997451411,295.56815168224875,4.7585509038698805e-17,0.0,3.7177184138250514e-06,98.52777009390277,7.83673407723497e-16,1.2469216600192004e-14,4.4436660990049734e-10,1.8560310174446016e-26,2.312804429236073e-17,2.5815239007089033,4.4954486769364026e-12,0.000326980123623118,1000000.0,1000468.0102807332
0.0003127932796761715,0.00010083995646170911,-0.000550741420397042,301.9134547046598,0.0,0.03032353927299935,295.569128419032,4.755369073271707e-17,0.0,3.7177306994201475e-06,98.52809568937691,7.832807158070924e-16,1.246323416644194e-14,4.4415249844561687e-10,1.8530292585502048e-26,2.308665571774525e-17,2.5815324316290704,4.4926908469411414e-12,0.0003269801378235284,1000000.0,1000428.4459280256
0.00031301711147925407,0.00010083982831060877,-0.0006116153871772196,301.8990847724664,0.0,0.030323653858727248,295.57025528254405,4.7517734222200004e-17,0.0,3.7177448733401083e-06,98.52847132964132,7.828370968745328e-16,1.2456495725600379e-14,4.439113316877649e-10,1.8496615901027196e-26,2.304028832387467e-17,2.581542273771723,4.489598036778635e-12,0.0003269801542057678,1000000.0,1000384.1455169916
0.0003132409432823366,0.00010083967534284882,-0.0007715328388531337,301.8848614474894,0.0,0.030323790834035195,295.57160037232535,4.748183312735223e-17,0.0,3.717761792156016e-06,98.52891971572633,7.823929978470346e-16,1.2449771351035241e-14,4.4367067525676817e-10,1.8463240211744847e-26,2.2994481410305493e-17,2.581554021925994,4.486545239279084e-12,0.0003269801737595455,1000000.0,1000341.0779401311
0.00031346477508541914,0.00010083947594354974,-0.0010252313997176805,301.8708625330515,0.0,0.03032396969907859,295.57335376016556,4.744613713409949e-17,0.0,3.71778384663084e-06,98.52950420814449,7.819489454966895e-16,1.2443068836958362e-14,4.434308126617001e-10,1.8430291197747655e-26,2.2949482026687293e-17,2.5815693361992555,4.483555044356111e-12,0.0003269801992474881,1000000.0,1000300.1500645749
0.0003136886068885017,0.00010083920990846239,-0.0013655171035219867,301.85716040449694,0.0,0.030324208682190223,295.57569312124303,4.7410790009896114e-17,0.0,3.7178132716003653e-06,98.53028403499268,7.815054705250264e-16,1.2436395436577865e-14,4.43192007775929e-10,1.8397884775618268e-26,2.2905517953913916e-17,2.581589768425549,4.4806484413786695e-12,0.0003269802332515809,1000000.0,1000262.2083107735
0.00031391243869158427,0.00010083885883734389,-0.001783450189498675,301.84382060603696,0.0,0.030324524385343294,295.57878027838,4.737592674659626e-17,0.0,3.7178521025061057e-06,98.5313131399781,7.810630963850638e-16,1.24297577222609e-14,4.4295449974630665e-10,1.8366124997016013e-26,2.2862793553542412e-17,2.581616731982741,4.477844418225824e-12,0.0003269802781229599,1000000.0,1000228.0222207688
0.0003141362704946668,0.00010083840649495927,-0.002268561944196642,301.83090057034343,0.0,0.03032493145886996,295.5827580314559,4.734167086310942e-17,0.0,3.717902135514994e-06,98.53263912550169,7.806223282650531e-16,1.2423161458159385e-14,4.427184983532198e-10,1.8335102001628155e-26,2.2821485862962062e-17,2.581651474100274,4.4751595955510174e-12,0.00032698033593585134,1000000.0,1000198.2694114997
0.00031436010229774934,0.0001008378391340391,-0.0028091004921793747,301.8184484811552,0.0,0.03032544231048758,295.58774732122146,4.7308131917244816e-17,0.0,3.717964891845248e-06,98.53430230721467,7.80183642379049e-16,1.2416611487284479e-14,4.4248417989309395e-10,1.830489050525746e-26,2.2781741525428882e-17,2.5816950510876233,4.472607906992839e-12,0.000326980408446383,1000000.0,1000173.5221467521
0.0003145839341008319,0.00010083714575965533,-0.0033923022578130806,301.80650235304586,0.0,0.030326066867097056,295.5938449074925,4.7275403363067975e-17,0.0,3.718041588562193e-06,98.53633494004309,7.797474760366448e-16,1.241011164019402e-14,4.4225168385014725e-10,1.827554823945717e-26,2.2743673953800796e-17,2.5817483080553854,4.470200337446992e-12,0.00032698049705888395,1000000.0,1000154.2363862613
0.0003148077659039144,0.00010083631832308472,-0.004004682246467045,301.79508937057636,0.0,0.030326812400058734,295.60112166606945,4.724356083413001e-17,0.0,3.7181331171565603e-06,98.53876065046536,7.793142188507404e-16,1.2403664669583582e-14,4.4202111050911806e-10,1.824711525253939e-26,2.2707361799312313e-17,2.581811864040393,4.467944738676886e-12,0.0003269806028011924,1000000.0,1000140.7438063179
0.000315031597706997,0.00010083535184621214,-0.00463233485247182,301.7842254815808,0.0,0.030327683412950564,295.60962149468253,4.721266085477569e-17,0.0,3.7182400297832404e-06,98.54159407180872,7.788842051984948e-16,1.239727221022691e-14,4.4179251948913583e-10,1.8219613169246195e-26,2.2672847763182754e-17,2.5818861024501247,4.465845717999745e-12,0.00032698072630882855,1000000.0,1000133.2467396401
0.00031525542951007954,0.00010083424448037619,-0.0052612380787749385,301.7739152291943,0.0,0.030328681588257415,295.6193607933501,4.718273996554099e-17,0.0,3.7183625327251134e-06,98.54484067102626,7.784577079691871e-16,1.2390934762628515e-14,4.4156592914198677e-10,1.8193045378436478e-26,2.2640138662708288e-17,2.5819711665240983,4.463904594112388e-12,0.0003269808678175299,1000000.0,1000131.8158639744
0.00031547926131316205,0.00010083299749978912,-0.005877555399291372,301.7641518212085,0.0,0.03032980579286096,295.6303285178767,4.7153814269891923e-17,0.0,3.7185004870659655e-06,98.5484967665307,7.780349336863799e-16,1.238465170022657e-14,4.413413168083684e-10,1.8167396911013045e-26,2.2609205590043568e-17,2.5820669598011254,4.462119420099297e-12,0.0003269810271641292,1000000.0,1000136.3906294785
0.0003157030931162446,0.00010083161522810847,-0.006467929546970164,301.7549174410529,0.0,0.030331052143623107,295.64248681909413,4.712587941825972e-17,0.0,3.718653416730993e-06,98.55254974128559,7.776160191235375e-16,1.237842130055849e-14,4.4111861994648175e-10,1.814263550074282e-26,2.257998548620096e-17,2.5821731517025177,4.460485074874992e-12,0.0003269812037959554,1000000.0,1000146.7824816993
0.0003159269249193272,0.00010083010489943921,-0.007019761987463331,301.74618379482547,0.0,0.030332414131939586,295.65577225689736,4.709891103006439e-17,0.0,3.718820523757204e-06,98.55697844750472,7.77201029486446e-16,1.2372240799791781e-14,4.408977381119781e-10,1.8118712032391022e-26,2.2552382630907298e-17,2.582289188135601,4.458993421445144e-12,0.0003269813967885956,1000000.0,1000162.6808242465
0.0003161507567224097,0.00010082847645843902,-0.007521471915164475,301.7379128764992,0.0,0.030333882803097133,295.6700975484608,4.7072865534424484e-17,0.0,3.7190007102828486e-06,98.56175378942072,7.767899581655248e-16,1.2366106468829776e-14,4.406785357241242e-10,1.809556253808134e-26,2.2526271700980075e-17,2.5824143067628254,4.4576335268538174e-12,0.0003269816048714218,1000000.0,1000183.661523657
0.00031637458852549225,0.00010082674230567128,-0.007962729418878238,301.73005792822784,0.0,0.03033544698495313,295.6853537972121,4.70476814001343e-17,0.0,3.7191926065839237e-06,98.56683946631452,7.763827280183022e-16,1.2360013708695792e-14,4.404608455344034e-10,1.8073108965050788e-26,2.2501500303209456e-17,2.5825475564698626,4.456391937298057e-12,0.00032698182646010067,1000000.0,1000209.19769832
0.0003165984203285748,0.00010082491699452443,-0.008334658395966246,301.72256457221596,0.0,0.030337093560310058,295.7014131477076,4.7023280722792854e-17,0.0,3.719394604467752e-06,98.57219285751917,7.759791941245812e-16,1.2353957162848324e-14,4.402444727121889e-10,1.80512621163434e-26,2.2477893306711827e-17,2.582687820553571,4.4552530019715144e-12,0.0003269820596952838,1000000.0,1000238.6725271991
0.0003168222521316573,0.00010082301688643747,-0.008630005475616695,301.7153720891991,0.0,0.030338807776980024,295.71813180788314,4.699957113354944e-17,0.0,3.7196048952874872e-06,98.57776602988835,7.755791479382559e-16,1.2347930843952513e-14,4.4002919945716586e-10,1.8029922368133316e-26,2.2455256044468195e-17,2.5828338431186557,4.454199238846521e-12,0.0003269823024866209,1000000.0,1000271.3937970145
0.0003170460839347399,0.00010082105977219121,-0.008843271799403779,301.70841481496507,0.0,0.03034057358861311,295.73535337116505,4.697644798718914e-17,0.0,3.719821511728331e-06,98.58350684522374,7.751823227305096e-16,1.2341928272277782e-14,4.3981479003531016e-10,1.800898370256089e-26,2.243337975561269e-17,2.5829842580933486,4.453211734519788e-12,0.0003269825525611104,1000000.0,1000306.6098639084
0.00031726991573782245,0.00010081906446799934,-0.008970805262556981,301.7016236228989,0.0,0.030342374018475,295.75291236227616,4.695379678005531e-17,0.0,3.7200423724074245e-06,98.58936014227072,7.747884001880175e-16,1.2335942622551822e-14,4.3960099612296044e-10,1.7988333790372095e-26,2.2412044963065525e-17,2.5831376201988507,4.452270569198028e-12,0.0003269828075146747,1000000.0,1000343.526664577
0.000317493747540905,0.0001008170503955986,-0.009010851748018363,301.6949274589759,0.0,0.03034419153792629,295.7706379263419,4.693149574306599e-17,0.0,3.7202653282761977e-06,98.59526896648359,7.743970180060746e-16,1.2329966875945822e-14,4.393875623379334e-10,1.796785927817983e-26,2.23910277641772e-17,2.5832924371703845,4.451355257211163e-12,0.00032698306486578937,1000000.0,1000381.3253920809
0.0003177175793439875,0.00010081503715559233,-0.008963564880935212,301.68825489548306,0.0,0.03034600845128841,295.78835758025104,4.6909418554513384e-17,0.0,3.7204882098057783e-06,98.60117582054322,7.74007778299914e-16,1.2323993973886128e-14,4.3917423183637593e-10,1.7947445482068844e-26,2.2370103290833536e-17,2.5834472025219775,4.450445194835023e-12,0.00032698332210998385,1000000.0,1000419.1804485768
0.00031808982573194335,0.00010081174291747252,-0.008697789141369662,301.67702138014147,0.0,0.030348981729441026,295.817355069744,4.687285248206433e-17,0.0,3.72085294632052e-06,98.61084214581864,7.733640374523515e-16,1.231404828694605e-14,4.388189989585583e-10,1.7913330255528752e-26,2.233491840477448e-17,2.583700469695134,4.4488888074293386e-12,0.0003269837430338118,1000000.0,1000480.069791856
0.0003184620721198991,0.00010080858850981029,-0.008216891008499544,301.66535560734394,0.0,0.03035182909483225,295.84512525596523,4.6835973755145035e-17,0.0,3.721202245556431e-06,98.62009934902235,7.727230047681134e-16,1.2304061266046549e-14,4.384622612368035e-10,1.7878594500306534e-26,2.229843593055384e-17,2.583943017470039,4.447203270713793e-12,0.0003269841460880772,1000000.0,1000535.331787214
0.0003188343185078549,0.00010080564834368344,-0.007553302681159045,301.6529909537561,0.0,0.030354483280348857,295.87101247247415,4.679824562012033e-17,0.0,3.7215278604030387e-06,98.62872886346528,7.720826337964765e-16,1.2294006517351302e-14,4.381030580247013e-10,1.7842820233766086e-26,2.2259830535428437e-17,2.58416911918576,4.445311499833589e-12,0.00032698452176366873,1000000.0,1000581.8444698268
0.00031910861646979364,0.00010080365472965941,-0.006971983113425016,301.64330548620677,0.0,0.030356283060086198,295.888567320693,4.676962679555839e-17,0.0,3.721748668970546e-06,98.63458077943987,7.71610049343893e-16,1.2286541518518226e-14,4.3783633500783146e-10,1.7815597675893656e-26,2.222963522994445e-17,2.5843224451059217,4.443748758556767e-12,0.0003269847764914157,1000000.0,1000609.0205096895
0.0003193829144317323,0.0001008018287876593,-0.006334006944338923,301.6330593926369,0.0,0.03035793149180289,295.9046469447346,4.674014014052742e-17,0.0,3.7219509218578947e-06,98.63994092880253,7.711360710227894e-16,1.2279021776415467e-14,4.3756761912474703e-10,1.7787532255737486e-26,2.2197735088036276e-17,2.584462886260081,4.442021591135446e-12,0.00032698500979180844,1000000.0,1000629.2999893792
0.00031965721239367106,0.00010080018322414481,-0.005660368522508424,301.6222092952847,0.0,0.030359417061695693,295.9191391166269,4.670966622394645e-17,0.0,3.7221332074380373e-06,98.6447719003107,7.706600874511589e-16,1.2271442966710743e-14,4.372967528557906e-10,1.7758559749069213e-26,2.2164002494767978e-17,2.58458946243711,4.4401174126927945e-12,0.000326985220041252,1000000.0,1000642.1563149964
0.0003199315103556098,0.00010079872484902323,-0.00497288456216217,301.6107334053577,0.0,0.030360733584456522,295.93198354623024,4.6678122047401835e-17,0.0,3.722294767368911e-06,98.6490535962205,7.7018159148966e-16,1.226380289145976e-14,4.370236560488807e-10,1.772865051254386e-26,2.21283780055948e-17,2.5847016470564697,4.438029875530532e-12,0.0003269854063698288,1000000.0,1000647.3118528267
0.0003202058083175485,0.00010079745444593548,-0.0042934637858349466,301.59863188860106,0.0,0.030361880322665628,295.9431730450162,4.66454631657922e-17,0.0,3.722435511231691e-06,98.6527836202329,7.69700195063235e-16,1.2256101514804737e-14,4.3674832722785635e-10,1.769780964372273e-26,2.209087098850029e-17,2.584799377332783,4.435758974974742e-12,0.00032698556867786886,1000000.0,1000644.7431036573
0.0003204801062794872,0.00010079636686030429,-0.0036433447525107215,301.58592643275335,0.0,0.030362861908848963,295.9527527663771,4.6611684446353325e-17,0.0,3.722556006975249e-06,98.6559770242506,7.692156401668062e-16,1.2248340920195783e-14,4.364708420492968e-10,1.76660760541596e-26,2.2051557644029727e-17,2.5848830476406155,4.433310918656837e-12,0.0003269857076246618,1000000.0,1000634.6766531408
0.00032075440424142595,0.00010079545128643227,-0.003042404129302379,301.5726590995177,0.0,0.030363688087035032,295.9608176865592,4.6576819432647714e-17,0.0,3.722657449230801e-06,98.65866546864606,7.687278046727993e-16,1.2240525197194517e-14,4.361913491843175e-10,1.7633520707673325e-26,2.201057755166649e-17,2.5849534875126787,4.430697804968636e-12,0.0003269858245916887,1000000.0,1000617.5767339577
0.00032102870220336463,0.00010079469172615495,-0.0025085588775163163,301.5588905645277,0.0,0.030364373298671428,295.9675085685371,4.654093840201435e-17,0.0,3.722741608544661e-06,98.66089587681718,7.68236703110052e-16,1.2232660267097495e-14,4.359100639998694e-10,1.7600242900727608e-26,2.1968126353871825e-17,2.585011926387871,4.427937085305241e-12,0.0003269859216238885,1000000.0,1000594.1255727005
0.00032130300016530337,0.00010079406759774535,-0.0020572415384403657,301.54469782061005,0.0,0.030364936132238965,295.97300659731815,4.650414530825574e-17,0.0,3.722810763899985e-06,98.66272864686388,7.677424831991396e-16,1.2224753656433351e-14,4.3562726032318543e-10,1.756636716272795e-26,2.1924449569381937e-17,2.585059946755458,4.425050905855498e-12,0.0003269860013517115,1000000.0,1000565.1974181593
0.0003215772981272421,0.00010079355447900844,-0.0017009463981530351,301.5301714031374,0.0,0.030365398651214504,295.97752682948504,4.64665737467302e-17,0.0,3.7228676203237278e-06,98.6642354679902,7.672454185047383e-16,1.2216814223861954e-14,4.353432605080021e-10,1.7532037560529592e-26,2.1879831491606504e-17,2.585099426942671,4.422065298025433e-12,0.0003269860668960374,1000000.0,1000531.8269378439
0.0003218515960891808,0.00010079312496422207,-0.0014488716668119594,301.515412215451,0.0,0.03036578561892923,295.9813106377532,4.6428382040308624e-17,0.0,3.7229152138526996e-06,98.66549680189432,7.667458971973967e-16,1.2208851847855345e-14,4.350584240817121e-10,1.7497414368952742e-26,2.1834587998518814e-17,2.585132475124665,4.419009254272964e-12,0.00032698612175856685,1000000.0,1000495.1728631713
0.0003221258940511195,0.00010079274960499386,-0.0013066815141342832,301.50052806702195,0.0,0.030366123647536228,295.98461741580263,4.6389747586053776e-17,0.0,3.7229568071951974e-06,98.66659911757068,7.662444071367161e-16,1.2200877086686312e-14,4.347731353751593e-10,1.7462665644716854e-26,2.178905104301647e-17,2.585161356873629,4.415913726222501e-12,0.0003269861697015194,1000000.0,1000456.4781667462
0.00032240019201305826,0.00010079239789919292,-0.0012763934152868956,301.4856300560082,0.0,0.03036644030362315,295.9877158605141,4.6350860685359516e-17,0.0,3.7229957800771343e-06,98.6676319852397,7.657415179127055e-16,1.2192900823572697e-14,4.344877906070116e-10,1.7427965944624566e-26,2.1743563893103805e-17,2.585188419016905,4.41281058078152e-12,0.0003269862146212313,1000000.0,1000417.0282941612
0.00032267448997499694,0.00010079203929295912,-0.0013563848529444574,301.47082892308384,0.0,0.030366763202202766,295.99087514091843,4.6311918107539655e-17,0.0,3.7230355181632267e-06,98.66868513251323,7.652378606535417e-16,1.2184933909379823e-14,4.3420278487819363e-10,1.7393483584629957e-26,2.169846016333364e-17,2.585216012505646,4.409731552354477e-12,0.0003269862604201369,1000000.0,1000378.1089288004
0.00032308955563231304,0.00010079141804920943,-0.0016747940265125511,301.4488521638796,0.0,0.030367322867751977,295.9963483344445,4.625332117588945e-17,0.0,3.723104361131584e-06,98.67050962361371,7.644757688534088e-16,1.2172919341513665e-14,4.33773003382466e-10,1.7342084833871764e-26,2.163165717745726e-17,2.585263815957042,4.405185802804663e-12,0.00032698633975690466,1000000.0,1000322.975853808
0.0003235046212896291,0.00010079061997670286,-0.0022014954598878096,301.4276754357112,0.0,0.03036804238367868,296.0033795973492,4.619569361581738e-17,0.0,3.723192801824495e-06,98.67285349781001,7.637158341172675e-16,1.2160982872640007e-14,4.333460630395951e-10,1.7292066847276946e-26,2.1567470734333734e-17,2.5853252277533145,4.400860704938937e-12,0.00032698644166927903,1000000.0,1000275.8142387354
0.00032379638384744856,0.00010078991073231206,-0.002671805667355491,301.4134188034802,0.0,0.030368682178654818,296.0096284441096,4.6156076294819495e-17,0.0,3.7232714011259444e-06,98.67493655334073,7.6318418799971e-16,1.2152653864092083e-14,4.3304819174432665e-10,1.7257958919762292e-26,2.1524361177169258e-17,2.585379805845303,4.397995473351864e-12,0.00032698653223387907,1000000.0,1000249.2069401293
0.00032408814640526805,0.0001007890549122577,-0.003202998760113243,301.39976606254356,0.0,0.030369454489592253,296.01716893993114,4.6117384705812784e-17,0.0,3.7233662470611175e-06,98.67745018064,7.626554713030999e-16,1.2144383949896197e-14,4.3275247144403284e-10,1.7224842660771048e-26,2.1483154496575997e-17,2.585445665338569,4.395298854969533e-12,0.00032698664151078376,1000000.0,1000229.0089063188
0.00032437990896308754,0.00010078803777225418,-0.0037740133346753847,301.38676750622955,0.0,0.03037037265856083,296.0261311333985,4.6079748202827806e-17,0.0,3.723478975408478e-06,98.68043773145915,7.62130321894122e-16,1.2136178104499987e-14,4.324590835069567e-10,1.7192789481203391e-26,2.1443991920379608e-17,2.5855239420913803,4.392785214838253e-12,0.00032698677138168404,1000000.0,1000215.8299386856
0.00032467167152090703,0.00010078685089891022,-0.0043627036338192765,301.37445024319186,0.0,0.030371444309097207,296.0365893334582,4.604325797939167e-17,0.0,3.723610520841595e-06,98.68392397671745,7.616092699915883e-16,1.2128039045785087e-14,4.321681271152289e-10,1.716183506765259e-26,2.14069444958336e-17,2.5856152851260386,4.3904623154168484e-12,0.00032698692291999626,1000000.0,1000210.0128279113
0.0003249634340787265,0.0001007854924109811,-0.004946656030767885,301.362817588412,0.0,0.03037267116359617,296.04856032946276,4.6007964496167535e-17,0.0,3.7237610945404743e-06,98.68791451315266,7.610927208336389e-16,1.2119967176703162e-14,4.318796171243799e-10,1.7131978780049447e-26,2.1372011921162397e-17,2.585719841082544,4.388331151164792e-12,0.0003269870963652846,1000000.0,1000211.6253077909
0.000325255196636546,0.00010078396690181336,-0.005504069976447441,301.35184940465086,0.0,0.030374049094075248,296.0620038859469,4.597387642232566e-17,0.0,3.7239301904149696e-06,98.69239592825527,7.605809413998167e-16,1.211196061862537e-14,4.315934852647084e-10,1.7103184527223233e-26,2.133912421495991e-17,2.5858372585400358,4.386386051160536e-12,0.0003269872911307136,1000000.0,1000220.4629084781
0.0003255469591943655,0.00010078228513478099,-0.006014570863449876,301.3415033306901,0.0,0.030375568395711955,296.0768254088178,4.59409611925023e-17,0.0,3.7241166186406703e-06,98.69733668904377,7.600740531872215e-16,1.210401533095323e-14,4.3130958449018103e-10,1.7075382834597808e-26,2.130814572827308e-17,2.5859667113035703,4.384615026396744e-12,0.0003269875058419748,1000000.0,1000236.0621433578
0.000325838721752185,0.00010078046352114536,-0.006459906942991896,301.33171678204036,0.0,0.03037721425669631,296.09288052507134,4.590914710138012e-17,0.0,3.72431856326355e-06,98.7026886687154,7.595720312282311e-16,1.2096125306175865e-14,4.310276960734272e-10,1.7048474235665345e-26,2.1278881723150656e-17,2.5861069384038644,4.383000342783164e-12,0.00032698773840392724,1000000.0,1000257.7227710569
0.0003261304843100045,0.0001007785234114434,-0.00682454872835848,301.32240961444904,0.0,0.030378967396492082,296.1099813040283,4.587832673368022e-17,0.0,3.7245336604519728e-06,98.7083892204976,7.590747083623034e-16,1.2088282828968495e-14,4.307475390410787e-10,1.702233340202589e-26,2.12510864128678e-17,2.5862562984342317,4.381519272288762e-12,0.0003269879860910068,1000000.0,1000284.5378434842
0.00032642224686782397,0.00010077649022646683,-0.007096199294911172,301.31348735736407,0.0,0.03038080484919714,296.1279038928831,4.584836154711431e-17,0.0,3.7247590945382424e-06,98.71436372296166,7.585817840777399e-16,1.2080478790134108e-14,4.304687816091202e-10,1.699681424395772e-26,2.1224472879839936e-17,2.586412836240288,4.3801450073340976e-12,0.0003269882456581021,1000000.0,1000315.4304605187
0.00032671400942564346,0.00010077439245486686,-0.007266190098789897,301.30484491560503,0.0,0.03038270086782382,296.1463973308904,4.5819087470475354e-17,0.0,3.7249917088852887e-06,98.72052851823555,7.580928378206636e-16,1.2072703045601216e-14,4.301910542603661e-10,1.6971755537752343e-26,2.1198724090979182e-17,2.5865743599039974,4.378847707907529e-12,0.0003269885134684582,1000000.0,1000349.1960938473
0.00032700577198346294,0.00010077226055370099,-0.007329732099071892,301.2963706029101,0.0,0.03038462791690263,296.16519322446345,4.5790321346161656e-17,0.0,3.7252281275820954e-06,98.72679413720203,7.576073465634986e-16,1.206494480736772e-14,4.2991396398791143e-10,1.694698714331882e-26,2.1173505046495047e-17,2.5867385252470214,4.377595643362859e-12,0.00032698878563397867,1000000.0,1000384.5489477906
0.00032729753454128243,0.00010077012579712182,-0.007286012203401513,301.2879503418225,0.0,0.030386557712721356,296.18401588659,4.576186796644425e-17,0.0,3.725464882979404e-06,98.73306867947738,7.571247058990655e-16,1.2057193050400147e-14,4.2963710912079947e-10,1.692233629465331e-26,2.114847517020423e-17,2.5869029243894617,4.376356383436054e-12,0.00032698905816216483,1000000.0,1000420.1704585403
0.0003275892970991019,0.00010076801911970477,-0.007138141902688816,301.27947186215306,0.0,0.030388462269254703,296.20259253172276,4.5733527408754825e-17,0.0,3.725698543923195e-06,98.73926121188248,7.566442536254125e-16,1.2049436919183632e-14,4.2936009413716905e-10,1.689763397557674e-26,2.1123300838286593e-17,2.5870651747931244,4.375097990965615e-12,0.00032698932710376575,1000000.0,1000454.757983042
0.00032811994488043874,0.00010076435420099082,-0.006626648601439319,301.26356084920445,0.0,0.03039177584409279,296.2349134240426,4.568163394460219e-17,0.0,3.7261050828939236e-06,98.75003539480467,7.557737612883353e-16,1.2035286091116019e-14,4.2885465480083536e-10,1.6852063949052295e-26,2.1076135427658452e-17,2.5873474689200178,4.372663031625946e-12,0.0003269897949671944,1000000.0,1000511.0341563985
0.0003284506161647094,0.00010076223523171203,-0.0061753464965947115,301.2531251335437,0.0,0.03039369179047399,296.25360274463077,4.564867164463195e-17,0.0,3.7263401610922356e-06,98.7562654875928,7.552319637018255e-16,1.202641975386283e-14,4.2853793085450454e-10,1.682295066790424e-26,2.1045255617340344e-17,2.5875107034425167,4.370993087497379e-12,0.00032699006547032977,1000000.0,1000539.4227083697
0.00032878128744898003,0.00010076027862879585,-0.005648532916008144,301.24216270201487,0.0,0.030395460959546802,296.2708613891483,4.5614958084605784e-17,0.0,3.726557243945854e-06,98.76201866389954,7.54689520851383e-16,1.2017504036659422e-14,4.2821940648543293e-10,1.6793101564463477e-26,2.1012864154367965e-17,2.5876614422869517,4.369169790848361e-12,0.00032699031524202995,1000000.0,1000561.1833702094
0.0003291119587332507,0.00010075850524804192,-0.0050715893147724594,301.23060110389423,0.0,0.030397064441679236,296.28650504068725,4.5580317546680564e-17,0.0,3.7267540130779215e-06,98.7672334816046,7.541456003963056e-16,1.2008531897092655e-14,4.278988249433511e-10,1.6762412777145737e-26,2.097875430390368e-17,2.587798075609704,4.367172439726261e-12,0.00032699054161981886,1000000.0,1000575.4476406935
0.00032944263001752133,0.00010075692721551386,-0.004471694815824608,301.21839990845274,0.0,0.03039849122660191,296.3004263789791,4.554462597246028e-17,0.0,3.726929118591517e-06,98.77187416545051,7.535995114993518e-16,1.1999499378284656e-14,4.2757604188439666e-10,1.6730828966753865e-26,2.094281524324991e-17,2.5879196660640513,4.364989439987477e-12,0.0003269907430559317,1000000.0,1000581.7159108499
0.000329773301301792,0.0001007555475308047,-0.0038765745950923047,301.20555196491995,0.0,0.030399738566096072,296.3125986156418,4.550781560586922e-17,0.0,3.727082223536733e-06,98.77593178551858,7.530507330600154e-16,1.1990405729222263e-14,4.272510297691843e-10,1.669834478908029e-26,2.090503512536715e-17,2.5880259796773952,4.362618665523139e-12,0.0003269909191679476,1000000.0,1000579.8736837684
0.0003301039725860626,0.00010075436011777313,-0.003313143328865214,301.1920830185382,0.0,0.03040081193085761,296.323075073779,4.546987698916581e-17,0.0,3.7272139986227914e-06,98.77942411708835,7.5249893493407055e-16,1.1981253367278318e-14,4.269238765132948e-10,1.666500386771201e-26,2.086549916288227e-17,2.5881174821794364,4.360067347724926e-12,0.000326991070732251,1000000.0,1000570.1888330047
0.0003304346438703333,0.00010075335031471822,-0.0028062117860667025,301.17804973594906,0.0,0.03040172456860441,296.3319848808142,4.543085806580603e-17,0.0,3.7273260680415986e-06,98.78239420484181,7.519439894942098e-16,1.1972047687422314e-14,4.26594778555907e-10,1.6630895295132043e-26,2.0824382779884594e-17,2.588195301382925,4.3573515045631575e-12,0.0003269911996213345,1000000.0,1000553.2903136973
0.0003307653151546039,0.00010075249576128745,-0.0023773741118634263,301.1635363124683,0.0,0.030402496702067915,296.33952515119387,4.539086049651386e-17,0.0,3.7274209111401444e-06,98.78490775696417,7.513859724067588e-16,1.1962796734979703e-14,4.262640289437085e-10,1.659614853025674e-26,2.0781941483141576e-17,2.588261158906553,4.35449498322044e-12,0.0003269913086903993,1000000.0,1000530.1301889883
0.0003310959864388746,0.00010075176761943278,-0.002044096400856137,301.1486498931553,0.0,0.030403154423762357,296.34595021351174,4.5350033490789446e-17,0.0,3.727501726917005e-06,98.78704955400127,7.50825153554189e-16,1.1953510763774008e-14,4.2593200126069926e-10,1.6560925516471594e-26,2.0738495358648316e-17,2.5883172760835045,4.3515281243875154e-12,0.0003269914016212909,1000000.0,1000501.9316398972
0.0003314266577231452,0.00010075113206121475,-0.0018190037059250437,301.1335150527829,0.0,0.030403728348624197,296.35155847753555,4.5308565614994775e-17,0.0,3.7275722688330394e-06,98.78891907097707,7.502619794927807e-16,1.194420170502248e-14,4.25599130282499e-10,1.652541289311684e-26,2.069441344008815e-17,2.58836625925666,4.3484861990668256e-12,0.0003269914827323938,1000000.0,1000470.1258112481
0.0003317573290074159,0.00010075055195494405,-0.0017093901490821746,301.11826758834985,0.0,0.03040425208684322,296.3566775485932,4.5266675014063604e-17,0.0,3.727636657577003e-06,98.79062551526808,7.4969704838653665e-16,1.1934882571022626e-14,4.2526589025087847e-10,1.6489811785742512e-26,2.0650093778022135e-17,2.588410969766046,4.345407638129376e-12,0.00032699155676326277,1000000.0,1000436.2804153356
0.0003320880002916865,0.00010074998867264909,-0.0017169887490027047,301.10304791015335,0.0,0.03040476060687715,296.3616482715438,4.522459848033025e-17,0.0,3.727699180367266e-06,98.79228250765424,7.491310783393609e-16,1.1925566820968269e-14,4.249327717685319e-10,1.645432903206516e-26,2.0605945537429038e-17,2.588454384587179,4.3423321534779424e-12,0.00032699162864383935,1000000.0,1000402.0233756923
0.0003324186715759572,0.00010074940393054027,-0.0018380160887136732,301.0879943552536,0.0,0.030405288568807937,296.36680848565186,4.5182579882080375e-17,0.0,3.7277640866171936e-06,98.7940026669992,7.485648706374175e-16,1.1916267720290587e-14,4.246002584455578e-10,1.6419165880280714e-26,2.056236741226029e-17,2.5884994544443862,4.339298845717134e-12,0.00032699170325954093,1000000.0,1000368.9652536019
0.0003327493428602278,0.00010074876157091343,-0.002063478397759099,301.0732367544842,0.0,0.03040586871100779,296.37247729907006,4.514085854758024e-17,0.0,3.7278353901362863e-06,98.79589236814249,7.479992699379638e-16,1.1906997725145875e-14,4.242688044552561e-10,1.6384510553934757e-26,2.051973174952163e-17,2.588548966462459,4.336344389272184e-12,0.00032699178522391193,1000000.0,1000338.624313817
0.0003330800141444985,0.00010074802920164896,-0.0023797112055751113,301.05889055362076,0.0,0.030406530365977343,296.3789406223805,4.509965818742126e-17,0.0,3.727916687168014e-06,98.79804691949917,7.474351235082851e-16,1.1897767920736745e-14,4.2393881404728845e-10,1.635052734969227e-26,2.0478364779162784e-17,2.588605417815049,4.333501380237747e-12,0.0003269918786695295,1000000.0,1000312.3577447385
0.0003334106854287691,0.00010074717962196868,-0.0027691210910602126,301.0450517429219,0.0,0.030407298169794737,296.3864385892931,4.505917685237198e-17,0.0,3.728010998164714e-06,98.8005463697444,7.468732414229838e-16,1.1888587537682245e-14,4.236106238995639e-10,1.631735299084302e-26,2.043853676839805e-17,2.5886709058557043,4.330796916913094e-12,0.00032699198706624325,1000000.0,1000291.3020116317
0.0003337413567130398,0.00010074619197498428,-0.0032110936177203757,301.03179280519436,0.0,0.0304081910188039,296.39515538722935,4.50195783383895e-17,0.0,3.728120639874535e-06,98.80345211783407,7.463143594632339e-16,1.1879463566199809e-14,4.232844890331189e-10,1.628508635552231e-26,2.0400445718776594e-17,2.588747039297095,4.328251469763147e-12,0.0003269921130743069,1000000.0,1000276.3248140039
0.0003340720279973104,0.00010074505257941876,-0.003683023269512098,301.0191598481863,0.0,0.030409221316434944,296.4052119158796,4.4980985386350164e-17,0.0,3.728247132999227e-06,98.80680446573182,7.457591063548459e-16,1.1870400483633834e-14,4.229605728585054e-10,1.6253791319179748e-26,2.0364216998516178e-17,2.5888348740900686,4.325878085221473e-12,0.00032699225843844546,1000000.0,1000267.9906136222
0.0003344026992815811,0.00010074375540764613,-0.004161413856363991,301.00717103243136,0.0,0.030410394539729012,296.4166615619851,4.494347495154694e-17,0.0,3.7283911490484534e-06,98.81062120993067,7.452079767991583e-16,1.1861400105656459e-14,4.226389417317488e-10,1.6223485574213523e-26,2.0329890233827814e-17,2.588934876520141,4.3236819525670035e-12,0.0003269924239270247,1000000.0,1000266.5410762277
0.0003347333705658517,0.0001007423021951084,-0.004622995288109505,300.9958163403265,0.0,0.03041170913901199,296.42948922139016,4.4907075715704356e-17,0.0,3.7285524980389665e-06,98.81489731545388,7.4466131143378025e-16,1.1852461565221505e-14,4.2231956417078625e-10,1.6194153978295913e-26,2.0297431986277442e-17,2.589046914665999,4.321660345142824e-12,0.000326992609318207,1000000.0,1000271.8910191064
0.00033506404185012237,0.00010074070218472848,-0.00504580425760146,300.9850586652604,0.0,0.03041315676747582,296.4436135367772,4.4871767882797625e-17,0.0,3.728730156641303e-06,98.81960566180472,7.441192844726026e-16,1.1843581416897688e-14,4.2200231465104963e-10,1.6165732695933454e-26,2.0266723295464752e-17,2.589170277944114,4.3198029230953224e-12,0.00032699281343262255,1000000.0,1000283.6396827571
0.000335394713134393,0.00010073897152692434,-0.005410179994551039,300.9748361385708,0.0,0.03041472282216722,296.4588921707589,4.483748526321699e-17,0.0,3.7289223345058505e-06,98.82469880075406,7.435818993712677e-16,1.1834753859175244e-14,4.2168698168755294e-10,1.6138131689383626e-26,2.02375837991282e-17,2.5893037231644978,4.318092409550755e-12,0.0003269930342099211,1000000.0,1000301.0964382807
0.00033572538441866366,0.00010073713237082821,-0.005699630918321272,300.9650655587067,0.0,0.030416387264405893,296.47512980263406,4.4804119412857176e-17,0.0,3.7291265748477246e-06,98.83011162206246,7.430489925437136e-16,1.1825971060177394e-14,4.213732797280042e-10,1.6111226959068723e-26,2.0209769830982528e-17,2.5894455443752205,4.316505515550017e-12,0.00032699326882467436,1000000.0,1000323.3194198593
0.0003360560557029343,0.000100735211695569,-0.005901534651016682,300.95564673993107,0.0,0.030418125675713913,296.49208842073,4.4771525612677106e-17,0.0,3.729339883906017e-06,98.83576478443676,7.4252024475331e-16,1.1817223571141272e-14,4.210608642195181e-10,1.6084871087737907e-26,2.0182991331100657e-17,2.5895936627568354,4.315014176736494e-12,0.0003269935138354114,1000000.0,1000349.1650209362
0.00033638672698720496,0.00010073323994166383,-0.0060076422057323674,300.9464675585217,0.0,0.03041991049521814,296.50949938360856,4.4739530419269864e-17,0.0,3.7295588826521827e-06,98.84156873613837,7.419951994566461e-16,1.1808500805485692e-14,4.2074934907685606e-10,1.6058901560631399e-26,2.0156926654930354e-17,2.589745731966242,4.313586962014309e-12,0.00032699376535914615,1000000.0,1000377.3457269218
0.0003367173982714756,0.00010073124951087056,-0.006014366730196338,300.93740944557237,0.0,0.030421712376920217,296.5270766496568,4.4707940403875285e-17,0.0,3.7297799731946193e-06,98.847428125073,7.414732870943083e-16,1.1799791559678754e-14,4.2043832568244875e-10,1.6033147009301963e-26,2.0131237148834225e-17,2.589899253685351,4.3121906110366294e-12,0.00032699401926268736,1000000.0,1000406.4934101567
0.00033704806955574626,0.00010072927320748022,-0.0059228488427878955,300.9283530606834,0.0,0.030423501600944987,296.5445305328269,4.467655159832563e-17,0.0,3.7299995118012524e-06,98.85324638427238,7.409538540874514e-16,1.1791084550734073e-14,4.2012738249736093e-10,1.6007436851766234e-26,2.0105583858236118e-17,2.590051697765186,4.31079161566715e-12,0.0003269942713614526,1000000.0,1000435.2250205036
0.0003373787408400169,0.00010072734269510308,-0.0057387993364190395,300.9191838773998,0.0,0.030425249471778194,296.5615813315672,4.4645159234112294e-17,0.0,3.730213980327104e-06,98.8589302751044,7.404361950722191e-16,1.1782368945408854e-14,4.198161243544545e-10,1.5981606991700708e-26,2.0079642690478022e-17,2.5902006212624324,4.309357804293869e-12,0.00032699451761632555,1000000.0,1000462.2075554132
0.00033756725516813796,0.00010072627387750897,-0.0055961134949340146,300.913865562668,0.0,0.03042621720534623,296.571021975028,4.462718534803082e-17,0.0,3.7303327267221824e-06,98.86207731751375,7.401415965295692e-16,1.1777392532950994e-14,4.196383965290555e-10,1.5966771249178282e-26,2.0064611173409924e-17,2.5902830768506018,4.308513422643037e-12,0.0003269946539526707,1000000.0,1000476.333794434
0.00033775576949625905,0.00010072523430794241,-0.005428896325917592,300.9084590436116,0.0,0.030427158474413886,296.58020466117,4.460911233542145e-17,0.0,3.7304482284758215e-06,98.86513836974035,7.398472066579017e-16,1.1772408447367041e-14,4.1946038834242543e-10,1.5951823858761872e-26,2.0049341375474008e-17,2.590363279411916,4.307643230085007e-12,0.0003269947865571735,1000000.0,1000489.2880346606
0.00033794428382438014,0.00010072422836505937,-0.00523987655318624,300.902948753443,0.0,0.030428069307426097,296.5890906782944,4.459090854241517e-17,0.0,3.7305599986641245e-06,98.86810052722277,7.395528964064782e-16,1.1767415213723914e-14,4.192820459816498e-10,1.593674319908771e-26,2.003378998551621e-17,2.5904408908342487,4.306742844834158e-12,0.00032699491487127807,1000000.0,1000500.8867547732
0.0003381327981525012,0.00010072325987790167,-0.00503208621157996,300.8973211675695,0.0,0.030428946230429455,296.5976461649229,4.457254517235562e-17,0.0,3.730667611370293e-06,98.8709525022227,7.392585423836388e-16,1.1762411549553574e-14,4.1910332265224197e-10,1.5921510562347792e-26,2.001791954723788e-17,2.5905156153678224,4.305808456772235e-12,0.0003269950384065474,1000000.0,1000510.9697431996
0.00033832131248062237,0.00010072233207762399,-0.0048088082587194846,300.89156497145376,0.0,0.030429786310972186,296.60584253770196,4.455399667392585e-17,0.0,3.730770707066891e-06,98.87368476646704,7.389640286250672e-16,1.1757396380716147e-14,4.189241791567487e-10,1.5906110349666754e-26,2.000169896294178e-17,2.590587203362565,4.304836876220695e-12,0.00032699515675082316,1000000.0,1000519.4021131909
0.00033850982680874345,0.00010072144755788557,-0.004573521270979442,300.88567119656415,0.0,0.030430587194153258,296.613656842784,4.453524107496688e-17,0.0,3.730868997035592e-06,98.87628966828082,7.386692482452122e-16,1.1752368854181414e-14,4.187445843630893e-10,1.589053036987034e-26,1.9985103746036374e-17,2.5906554543371136,4.303825568887602e-12,0.00032699526957328113,1000000.0,1000526.0759510507
0.00033869834113686454,0.00010072060824341745,-0.004329843233255001,300.87963332642295,0.0,0.030431347131258498,296.62107203495214,4.451626027257062e-17,0.0,3.7309622668780725e-06,98.87876152563368,7.383741049421048e-16,1.1747328348095064e-14,4.185645155693266e-10,1.587476196125964e-26,1.9968116560211266e-17,2.5907202194167165,4.3027726913268814e-12,0.00032699537662844074,1000000.0,1000530.911618682
0.00033888685546498563,0.00010071981536843912,-0.004081474668379238,300.8734473667351,0.0,0.030432064999461203,296.62807716964824,4.449704026303346e-17,0.0,3.7310503789313753e-06,98.88109669015249,7.380785143236403e-16,1.1742274478328391e-14,4.183839587443282e-10,1.5858800097004676e-26,1.9950727091673286e-17,2.5907814030104315,4.301677107257415e-12,0.0003269954777589176,1000000.0,1000533.8586398679
0.0003390753697931067,0.00010071906946612356,-0.003832141188792073,300.8671118752566,0.0,0.03043274031149603,296.63466749726894,4.447757130333725e-17,0.0,3.7311332734539915e-06,98.88329357855493,7.377824050321186e-16,1.1737207101243477e-14,4.1820290862972946e-10,1.5842643343579932e-26,1.993293241769753e-17,2.5908389636347136,4.300538396624786e-12,0.0003269955728967657,1000000.0,1000534.8961196225
0.0003393752777092744,0.0001007179789615537,-0.0034425250528189104,300.8567281300576,0.0,0.030433727545528793,296.64430286687985,4.444607332675965e-17,0.0,3.7312544691525647e-06,98.88650553293043,7.373101192680227e-16,1.1729117879189111e-14,4.179138704851369e-10,1.581654450516125e-26,1.990380022018144e-17,2.5909231199800793,4.298638906300977e-12,0.0003269957119850411,1000000.0,1000532.6426688394
0.0003396751856254421,0.00010071700250271518,-0.0030740583845302134,300.8459866487888,0.0,0.03043461143606536,296.65293091698567,4.441393394190183e-17,0.0,3.7313629945744207e-06,98.88938169691718,7.368362261268988e-16,1.1720996372752867e-14,4.1762365311224165e-10,1.5789985745652846e-26,1.9873707406846843e-17,2.590998478288979,4.296635983094336e-12,0.0003269958365241529,1000000.0,1000525.770472065
0.0003399750935416098,0.00010071613173213482,-0.0027400136421556615,300.8349195529933,0.0,0.030435399547756592,296.66062538147787,4.438118125489383e-17,0.0,3.7314597771599646e-06,98.89194664973957,7.363606673386195e-16,1.1712845576156941e-14,4.17332365677044e-10,1.5763014661353678e-26,1.984274801161038e-17,2.5910656825611205,4.294538579911669e-12,0.00032699594758050355,1000000.0,1000514.6376589678
0.0003402750014577775,0.00010071535453299172,-0.0024520599892899186,300.82357239236455,0.0,0.030436102855783714,296.6674932374986,4.4347869093955216e-17,0.0,3.731546162490203e-06,98.89423605227375,7.358834824007674e-16,1.1704669748109765e-14,4.170401634897309e-10,1.5735697407743084e-26,1.981105314045002e-17,2.591125667146322,4.2923594151961905e-12,0.0003269960466999669,1000000.0,1000499.7601543271
0.0003405749093739452,0.00010071465557856257,-0.00221982621877592,300.8120020822318,0.0,0.030436735247879917,296.67366985155263,4.4314074354145894e-17,0.0,3.7316238532335194e-06,98.89629502900215,7.354048050497978e-16,1.1696474217616448e-14,4.167472409263795e-10,1.570811563972634e-26,1.9778784877155182e-17,2.591179614350139,4.290114391776427e-12,0.0003269961358377365,1000000.0,1000481.7882723741
0.00034077717558611683,0.00010071421939085269,-0.0020984518794191142,300.80410581255256,0.0,0.030437129841458237,296.6775245004122,4.429105793317335e-17,0.0,3.731672337812612e-06,98.89757997770742,7.350812374779105e-16,1.1690938898039974e-14,4.1654939209661644e-10,1.5689411408773213e-26,1.975679196057067e-17,2.5912132812628363,4.2885723401509974e-12,0.0003269961914632995,1000000.0,1000468.3002331596
0.0003409794417982885,0.0001007138046933882,-0.0020073606046661758,300.79615985517773,0.0,0.030437504958089095,296.6811892990572,4.426789940786289e-17,0.0,3.731718434415756e-06,98.89880163976237,7.347571778070139e-16,1.1685399472519237e-14,4.163513927472444e-10,1.567066032436476e-26,1.9734684252356636e-17,2.5912452900034233,4.287014812063017e-12,0.000326996244347094,1000000.0,1000454.0011472458
0.00034118170801046007,0.00010071340526853246,-0.0019475615977752577,300.78818689137745,0.0,0.03043786623414404,296.6847191864272,4.424463487221939e-17,0.0,3.731762834076493e-06,98.89997832908604,7.344327272758909e-16,1.1679858067931445e-14,4.161533204799726e-10,1.565189425931256e-26,1.9712525162505872e-17,2.5912761204144834,4.285448145486798e-12,0.0003269962952821063,1000000.0,1000439.1534711431
0.0003413839742226317,0.00010071301473674272,-0.001919511140123153,300.78021010887113,0.0,0.03043821945318098,296.68817053614083,4.422130232517885e-17,0.0,3.731806245874065e-06,98.90112883784836,7.341079990759529e-16,1.167431685903882e-14,4.159552546495974e-10,1.5633145642725892e-26,1.9690379236455516e-17,2.5913062648692415,4.2838788187666596e-12,0.0003269963450819251,1000000.0,1000424.0262092099
0.00034158624043480337,0.00010071262667465986,-0.0019231056883442159,300.77225277163024,0.0,0.03043857043885677,296.6916001126908,4.4197940958608966e-17,0.0,3.731849383804202e-06,98.9022720885173,7.337831162044251e-16,1.1668778028213171e-14,4.157572748942389e-10,1.561444685693137e-26,1.9668310954743066e-17,2.5913362191548557,4.282313330442815e-12,0.00032699639456567915,1000000.0,1000408.8899296831
0.000341788506646975,0.00010071223473575951,-0.0019576853905664605,300.76433778196025,0.0,0.030438924945521598,296.6950640050429,4.417459041346072e-17,0.0,3.7318929533657234e-06,98.90342677837363,7.334582091032934e-16,1.166324372446171e-14,4.1555945964026074e-10,1.5595829620833166e-26,1.9646383506428774e-17,2.5913664731583634,4.280758076636391e-12,0.0003269964445426507,1000000.0,1000394.0116789718
0.00034199077285914666,0.00010071183276389222,-0.002022052039246875,300.75648727062713,0.0,0.030439288555265672,296.69861662312616,4.415129005961262e-17,0.0,3.7319376389381662e-06,98.90461104499056,7.331334132018572e-16,1.1657716025101698e-14,4.153618847024944e-10,1.5577324455611448e-26,1.9624657722910363e-17,2.5913975021019144,4.2792192383329595e-12,0.0003269964957977994,1000000.0,1000379.6502040942
0.0003421930390713183,0.0001007114148985564,-0.0021144987791090575,300.7487222188181,0.0,0.030439666582465864,296.702309767427,4.4128078305913517e-17,0.0,3.7319840920789497e-06,98.90584215608246,7.328088664306314e-16,1.165219690036508e-14,4.1516462199326746e-10,1.5558960120634552e-26,1.960319095996401e-17,2.5914297584165054,4.277702673915184e-12,0.000326996549078343,1000000.0,1000366.0515305424
0.00034239530528348995,0.00010071097567286623,-0.002232848253497035,300.7410621079369,0.0,0.03044006398495869,296.7061917631707,4.410499194171044e-17,0.0,3.7320329206329267e-06,98.90713622088384,7.324847067423919e-16,1.1646688180681534e-14,4.149677383272837e-10,1.5540763175458535e-26,1.9582036220996443e-17,2.5914636641798308,4.276213823154256e-12,0.00032699660508127206,1000000.0,1000353.4448531788
0.0003425975714956616,0.00010071051010387375,-0.0023744976324597492,300.73352459823354,0.0,0.030440485282145626,296.71030666207355,4.4082065515156324e-17,0.0,3.732084678691855e-06,98.90850792405324,7.321610696720201e-16,1.1641191526679648e-14,4.14771294325897e-10,1.5522757532479855e-26,1.9561241270717554e-17,2.5914996041443,4.274757617884616e-12,0.0003269966644418409,1000000.0,1000342.0387535195
0.00034279983770783325,0.00010071001377366704,-0.0025364700636961723,300.72612524191925,0.0,0.030440934481458338,296.71469352558137,4.405933075820826e-17,0.0,3.732139857578822e-06,98.90997028674036,7.318380859724054e-16,1.1635708402425655e-14,4.1457534343981383e-10,1.550496408825942e-26,1.954084789610099e-17,2.591537919476765,4.273338402407959e-12,0.0003269967277232359,1000000.0,1000332.0178094223
0.0003430021039200049,0.00010070948289951362,-0.0027154720348999094,300.71887723697,0.0,0.03044141501474998,296.7193858048587,4.403681606907641e-17,0.0,3.7321988780496132e-06,98.91153445990523,7.315158793672744e-16,1.1630240052489245e-14,4.1437993111106767e-10,1.5487400393328673e-26,1.9520891251803925e-17,2.591578902343281,4.271959865430695e-12,0.00032699679540764174,1000000.0,1000323.5396696057
0.00034320437013217654,0.0001007089143917541,-0.002907955680968743,300.71179122616644,0.0,0.030441929685783027,296.72441082893835,4.4014546061264536e-17,0.0,3.7322620838545555e-06,98.91320955369268,7.311945644607312e-16,1.1624787483240981e-14,4.141850940895403e-10,1.547008040195966e-26,1.950139935671224e-17,2.5916227914385486,4.270624984582726e-12,0.00032699686788886865,1000000.0,1000316.732646791
0.0003434066363443482,0.00010070830589860863,-0.003110184782750983,300.70487514421524,0.0,0.03044248062957034,296.7297894084073,4.399254118618315e-17,0.0,3.7323297367535905e-06,98.91500250532077,7.308742448390918e-16,1.1619351448649688e-14,4.1399085991356215e-10,1.5453014278882345e-26,1.9482392708755613e-17,2.5916697685244623,4.269335984293652e-12,0.00032699694546664933,1000000.0,1000311.6938638795
0.0003436089025565198,0.00010070765583735839,-0.003318303156620318,300.69813411470125,0.0,0.030443069284054762,296.7355355593585,4.397081743452997e-17,0.0,3.732402013044084e-06,98.91691798706007,7.305550113955456e-16,1.161393244072957e-14,4.137972465603828e-10,1.543620828280557e-26,1.9463884046843058e-17,2.5917199560190793,4.268094307485971e-12,0.0003269970283426713,1000000.0,1000308.4879749328
0.0003438111687686914,0.00010070696341157736,-0.0035284041805180985,300.6915703978556,0.0,0.030443696374420712,296.74165635046927,4.394938612020325e-17,0.0,3.73247900163735e-06,98.91895835525726,7.302369409032886e-16,1.160853068473024e-14,4.1360426226967757e-10,1.5419664714240542e-26,1.9445878243773187e-17,2.591773415660987,4.2669006013246606e-12,0.0003269971166183871,1000000.0,1000307.1464738537
0.00034401343498086307,0.00010070622861430267,-0.003736600238427275,300.68518338935763,0.0,0.030444361910139096,296.7481518741954,4.392825374916554e-17,0.0,3.7325607036963148e-06,98.92112364073247,7.299200948580767e-16,1.160314613907689e-14,4.1341190554064507e-10,1.5403381937258213e-26,1.9428372342130502e-17,2.5918301482577015,4.265754717064057e-12,0.0003269972102946157,1000000.0,1000307.6675947503
0.0003444491017260868,0.00010070450655292419,-0.004161092206088779,300.6720070503229,0.0,0.03044592189156183,296.76337544219484,4.388375304753594e-17,0.0,3.7327521889266827e-06,98.92619842334243,7.292419797377604e-16,1.1591604936531605e-14,4.129996512877716e-10,1.53691655243293e-26,1.939230494896389e-17,2.5919631125242404,4.26344369683367e-12,0.0003269974298285482,1000000.0,1000314.9152774032
0.0003447170357932258,0.00010070335984618574,-0.004393694650158918,300.6642705931931,0.0,0.030446960824806364,296.7735132704756,4.385705366828087e-17,0.0,3.7328797046570913e-06,98.92957787255597,7.288279521753462e-16,1.1584543132259951e-14,4.127474288489512e-10,1.5348663252203277e-26,1.9371157595076658e-17,2.59205165739804,4.262121572101824e-12,0.00032699757601153544,1000000.0,1000323.2306012079
0.00034498496986036476,0.00010070215474958561,-0.004595827967756694,300.6567817997973,0.0,0.03044805276965059,296.784167810641,4.383082750608897e-17,0.0,3.7330137196983274e-06,98.93312956789784,7.284161985872468e-16,1.1577505831975808e-14,4.1249609979750584e-10,1.5328527382915048e-26,1.935070800940536e-17,2.592144715288795,4.2608661722822965e-12,0.00032699772963605203,1000000.0,1000334.1271365957
0.00034525290392750375,0.00010070090025108773,-0.004761485545371987,300.64950700889085,0.0,0.030449189580535583,296.7952596662973,4.3805030256574875e-17,0.0,3.733153235385841e-06,98.93682704254613,7.280066432369565e-16,1.1570489935279125e-14,4.1224555096752036e-10,1.530871055514568e-26,1.9330862370025237e-17,2.5922415927398967,4.259668185841032e-12,0.00032699788955634036,1000000.0,1000347.2227275639
0.00034552083799464274,0.0001006996067925906,-0.004885882539144366,300.64240745799657,0.0,0.03045036179162362,296.8066965719473,4.3779606802011054e-17,0.0,3.733297091184794e-06,98.94063953975784,7.2759916350731935e-16,1.1563491866717314e-14,4.1199565184217624e-10,1.5289158706956705e-26,1.9311513383465695e-17,2.592341483894611,4.258516880657294e-12,0.00032699805444132786,1000000.0,1000362.0744924201
0.0003457887720617817,0.00010069828592451984,-0.004965570814439325,300.6354405545382,0.0,0.030451558929664186,296.8183764425624,4.375449310439876e-17,0.0,3.73344400304821e-06,98.94453302944484,7.271935946233145e-16,1.1556507693929079e-14,4.117462588666038e-10,1.526981284210328e-26,1.9292543781378233e-17,2.592443497131358,4.2574004557945725e-12,0.00032699822281864803,1000000.0,1000378.1934254784
0.00034605670612892077,0.00010069694993116799,-0.004998534810193257,300.6285612504817,0.0,0.03045276985351422,296.8301906829596,4.372961830545118e-17,0.0,3.7335926050430253e-06,98.94847131135639,7.267897352098219e-16,1.1549533255096007e-14,4.114972201009525e-10,1.5250610926168763e-26,1.9273830082480798e-17,2.5925466839681786,4.2563064220088176e-12,0.00032699839312239233,1000000.0,1000395.0602266563
0.00034632464019605975,0.0001006956114389083,-0.0049842389086044905,300.6217234721423,0.0,0.03045398310934161,296.8420276500501,4.370490701446302e-17,0.0,3.733741492898975e-06,98.95241716922096,7.263873539349811e-16,1.1542564291492785e-14,4.1124838005800715e-10,1.5231489912644683e-26,1.925524660998217e-17,2.5926500693023744,4.2552220010800875e-12,0.00032699856374304785,1000000.0,1000412.1418346426
0.00034659257426319874,0.00010069428301987022,-0.004923619054955751,300.6148815583769,0.0,0.030455187290110788,296.85377615682745,4.368028169105044e-17,0.0,3.7338892680824912e-06,98.9563335388023,7.259861971243091e-16,1.1535596580582446e-14,4.109995845694104e-10,1.5212387422443662e-26,1.923666889717413e-17,2.59275268201472,4.254134512210303e-12,0.0003269987330780144,1000000.0,1000428.9081302314
0.0003468605083303377,0.00010069297680425318,-0.004819025079474369,300.60799166031586,0.0,0.030456371387399806,296.8653289016117,4.365566508304951e-17,0.0,3.7340345809304634e-06,98.96018465103936,7.255859969802783e-16,1.152862606591423e-14,4.1075068551976665e-10,1.519324408331564e-26,1.921797826437167e-17,2.592853584920848,4.25303177887863e-12,0.00032699889958102615,1000000.0,1000444.8482578582
0.0003471284423974767,0.00010069170411370872,-0.00467412104266779,300.60101305852527,0.0,0.030457525124262204,296.8765857125342,4.363098260815967e-17,0.0,3.7341761714600476e-06,98.96393711359681,7.25186480064261e-16,1.1521648978931555e-14,4.1050154529856054e-10,1.5174004904319442e-26,1.9199064692160724e-17,2.592951903108926,4.2519024840256386e-12,0.0003269990618088897,1000000.0,1000459.4860443373
0.0003473963764646157,0.00010069047512666379,-0.0044937484256560795,300.59390935878696,0.0,0.030458639259245378,296.88745651088004,4.360616459857966e-17,0.0,3.734312906642209e-06,98.9675608986964,7.247873757627707e-16,1.1514661949541943e-14,4.102520408388255e-10,1.5154621161052574e-26,1.9179830486134086e-17,2.593046849821808,4.250736504565418e-12,0.00032699921846415266,1000000.0,1000472.3940575953
0.0003476643105317547,0.00010068929858497585,-0.004283756117911776,300.58664953293584,0.0,0.03045970585301247,296.89786390991947,4.358114834886311e-17,0.0,3.734443813090378e-06,98.97103020943865,7.243884244977624e-16,1.1507662102338319e-14,4.1000206712990155e-10,1.5135051492331563e-26,1.9160192640241392e-17,2.593137749155508,4.249525202080336e-12,0.0003269993684325037,1000000.0,1000483.2059098352
0.0003479322445988937,0.00010068818155002307,-0.004050802213779619,300.57920877601356,0.0,0.03046071849017563,296.90774537717607,4.3555879914611115e-17,0.0,3.7345681042579056e-06,98.9743242005957,7.239893854485622e-16,1.1500647135732356e-14,4.0975154010803805e-10,1.511526328313169e-26,1.914008547659423e-17,2.593224054944676,4.248261661630539e-12,0.00032699951081387044,1000000.0,1000491.626464018
0.0003482001786660327,0.00010068712921490014,-0.0038021340779109585,300.5715691564067,0.0,0.030461672450245468,296.91705490071917,4.353031561077821e-17,0.0,3.734685201397044e-06,98.97742753407073,7.235900435589241e-16,1.149361538190387e-14,4.095003988468509e-10,1.5095233248293145e-26,1.9119462007845e-17,2.5933053653161813,4.2469408732946005e-12,0.0003269996449463625,1000000.0,1000497.4396635768
0.0003483191692416127,0.00010068668351245641,-0.0036886598209626637,300.56810960469625,0.0,0.03046207647612166,296.9209979420407,4.351885870355179e-17,0.0,3.7347347977974137e-06,98.97874194850169,7.23412547912091e-16,1.1490486888804208e-14,4.0938865881105117e-10,1.508625651094871e-26,1.9110129796681963e-17,2.593339804259526,4.2463351056319326e-12,0.0003269997017557234,1000000.0,1000499.1482485507
0.00034843815981719264,0.00010068625137532341,-0.0035742629920919484,300.56460819089307,0.0,0.030462468196760992,296.92482104041306,4.350733486981509e-17,0.0,3.7347828855301286e-06,98.98001637989918,7.232349421683636e-16,1.1487354837166151e-14,4.0927678857882913e-10,1.5077228860819278e-26,1.910068917812757e-17,2.5933731956083044,4.245717305739225e-12,0.00032699975683563335,1000000.0,1000500.3095556898
0.00034855715039277266,0.00010068583287290912,-0.003459617847116849,300.56106475041145,0.0,0.030462847548532762,296.928523575592,4.3495742537906714e-17,0.0,3.734829456793624e-06,98.98125062150446,7.230572141053715e-16,1.1484219210544227e-14,4.09164787547327e-10,1.5068150146579503e-26,1.909113981068318e-17,2.593405533945236,4.245087423383374e-12,0.00032699981017725646,1000000.0,1000500.9209399995
0.0003486761409683526,0.00010068542799409057,-0.003345397115741789,300.55747941099276,0.0,0.030463214540918094,296.93210563997076,4.3484080622178514e-17,0.0,3.734874512750044e-06,98.98244470411687,7.228793530361501e-16,1.1481080019416718e-14,4.090526560967658e-10,1.5059020639383865e-26,1.908148219790314e-17,2.593436820077294,4.244445490595512e-12,0.0003269998617820229,1000000.0,1000500.9831533943
0.0003488929644175762,0.00010068472486504804,-0.0031405204325130596,300.55084021482554,0.0,0.030463851846110394,296.9383265357662,4.346265012710345e-17,0.0,3.734952760480753e-06,98.98451844224441,7.22554886675606e-16,1.1475350804243967e-14,4.088480015178172e-10,1.5042256958530642e-26,1.9063610984038854e-17,2.5934911540440244,4.243245245506521e-12,0.0003269999513999043,1000000.0,1000499.7019307731
0.0003491097878667997,0.00010068406539153606,-0.002943153280476103,300.5440684263537,0.0,0.030464449542265112,296.9441613495953,4.344098762050587e-17,0.0,3.7350261519912415e-06,98.986463479783,7.2222990946392545e-16,1.1469610343086207e-14,4.086429354004897e-10,1.5025334319477403e-26,1.904539942002208e-17,2.5935421159295,4.242006769993293e-12,0.00032700003545228453,1000000.0,1000496.6664634512
0.00034932661131602326,0.00010068344760612859,-0.0027570072210163733,300.53717166828284,0.0,0.030465009412204126,296.94962745892263,4.3419098548855914e-17,0.0,3.7350949058589186e-06,98.98828560951796,7.219043980747677e-16,1.1463859330484684e-14,4.084374830922961e-10,1.5008263522364084e-26,1.9026868936074715e-17,2.5935898575103624,4.2407321596028785e-12,0.00032700011419002623,1000000.0,1000491.9612977443
0.00034954343476524676,0.00010068286870652441,-0.0025855115013847466,300.5301605545184,0.0,0.030465533996990018,296.95474963197245,4.339699384228774e-17,0.0,3.7351593336237174e-06,98.9899930879474,7.215783493089293e-16,1.145809873649002e-14,4.0823168000344193e-10,1.4991059326934624e-26,1.9008048921980617e-17,2.593634595114932,4.239424339466947e-12,0.00032700018797040284,1000000.0,1000485.7060667684
0.0003497602582144703,0.00010068232514626767,-0.0024317423947437158,300.523048350125,0.0,0.030466026513623488,296.9595592255081,4.337468948331412e-17,0.0,3.7352198296976092e-06,98.99159636786186,7.212517795065651e-16,1.145232977533752e-14,4.080255704637075e-10,1.4973739975777353e-26,1.8988975776692317e-17,2.5936766026165414,4.238086969870645e-12,0.0003270002572455271,1000000.0,1000478.0516275562
0.00034997708166369383,0.00010068181276108254,-0.0022983685482934856,300.5158505042524,0.0,0.030466490740386643,296.9640930672492,4.335220583247143e-17,0.0,3.7352768573074012e-06,98.99310772579747,7.209247230375645e-16,1.1446553862420168e-14,4.078192061525597e-10,1.495632651777543e-26,1.896969156383544e-17,2.593716201672438,4.2367243151249626e-12,0.00032700032254623937,1000000.0,1000469.1747031218
0.0003501939051129174,0.00010068132687441139,-0.0021876062709421658,300.50858426012036,0.0,0.030466930921043925,296.96839252209713,4.3329567072959656e-17,0.0,3.7353309367495276e-06,98.99454095076183,7.205972310229252e-16,1.1440772578461328e-14,4.0761264478840797e-10,1.4938842414240354e-26,1.895024318870897e-17,2.5937537535681017,4.235341141375807e-12,0.00032700038446865004,1000000.0,1000459.2734063608
0.0003504107285621409,0.0001006808623906028,-0.002101182795509028,300.5012683110245,0.0,0.030467351680241363,296.9725026675132,4.330680070594206e-17,0.0,3.7353826350177827e-06,98.99591106934598,7.202693701649611e-16,1.1434987637756757e-14,4.074059489734248e-10,1.4921312810203792e-26,1.8930681011474603e-17,2.593789652014909,4.233942611797789e-12,0.00032700044366225557,1000000.0,1000448.563288652
0.00035062755201136446,0.00010068041389472269,-0.002040308445440128,300.49392243362433,0.0,0.030467757932885413,296.97647141021406,4.328393699255162e-17,0.0,3.7354325546929314e-06,98.99723405127449,7.19941221313051e-16,1.1429200854525197e-14,4.07199184963138e-10,1.4903764288539466e-26,1.8911058265292357e-17,2.5938243154352554,4.23253419078949e-12,0.00032700050081721206,1000000.0,1000437.27311374
0.00035095365295732096,0.00010067975710512636,-0.001998198364515777,300.4828628679368,0.0,0.030468352838052506,296.98228347287204,4.3249438255130904e-17,0.0,3.7355056600315273e-06,98.99917150462433,7.194473526543889e-16,1.1420498227387699e-14,4.068882355375402e-10,1.487739573682811e-26,1.888155193555864e-17,2.593875078607784,4.230409730203546e-12,0.0003270005845143569,1000000.0,1000419.7220120848
0.0003512797539032774,0.00010067910439648885,-0.002015291106233292,300.47185194936816,0.0,0.030468944054574027,296.98805957256445,4.321490810273874e-17,0.0,3.735578313020379e-06,99.00109696970434,7.189534029207208e-16,1.1411802110681687e-14,4.065775218643691e-10,1.4851139106198434e-26,1.885221900027476e-17,2.593925527675922,4.228295046866731e-12,0.000327000667688903,1000000.0,1000402.2114525393
0.0003516058548492339,0.00010067843676141383,-0.002088905169817898,300.46095808206024,0.0,0.030469548839471724,296.993967917678,4.3180464119893196e-17,0.0,3.735652629419974e-06,99.00306651885231,7.184597654710881e-16,1.1403118786235353e-14,4.062672734068746e-10,1.4825084582732304e-26,1.8823240635361003e-17,2.5939771317897384,4.226209046941368e-12,0.0003270007527629578,1000000.0,1000385.5410101915
0.0003519319557951904,0.00010067773651337664,-0.0022138308757158882,300.45024450046066,0.0,0.030470183252317186,297.00016504486143,4.314622013226125e-17,0.0,3.7357305781812225e-06,99.00513233362722,7.179668488709929e-16,1.1394454065287722e-14,4.059577024573244e-10,1.4799314870513608e-26,1.8794783206872787e-17,2.594031258157093,4.224169210290142e-12,0.00032700084199013834,1000000.0,1000370.4532922432
0.00035225805674114687,0.00010067698810246173,-0.002382631417754091,300.4397663521534,0.0,0.030470861414548925,297.0067885994026,4.311228085182621e-17,0.0,3.7358138906355217e-06,99.00734029814478,7.17475056918741e-16,1.1385813021777219e-14,4.0564899439155294e-10,1.4773901442366377e-26,1.876699072453727e-17,2.5940891089866747,4.2221907874579845e-12,0.00032700093735166176,1000000.0,1000357.5996948981
0.00035258415768710336,0.00010067617872821864,-0.0025860482682012096,300.4295685332247,0.0,0.030471594952946525,297.0139519106236,4.307873757829437e-17,0.0,3.735903992262933e-06,99.00972819078305,7.169847708408181e-16,1.1377199794671059e-14,4.0534130044097797e-10,1.474890185021457e-26,1.8739979418790933e-17,2.594151674108923,4.220286208199886e-12,0.0003270010404783092,1000000.0,1000347.5147731923
0.0003529102586330598,0.00010067529881468908,-0.002813466326259428,300.4196840328914,0.0,0.030472392568163403,297.0217397862485,4.304566460676099e-17,0.0,3.73600194979286e-06,99.01232428223327,7.164963331516034e-16,1.1368617436874569e-14,4.0503473217420606e-10,1.4724357370435756e-26,1.8713833060417178e-17,2.5942196942435864,4.2184646139707574e-12,0.0003270011525899519,1000000.0,1000340.5964529023
0.0003532363595790163,0.00010067434237760002,-0.003053417289734586,300.4101326753279,0.0,0.030473259701041228,297.030205259872,4.3013116247806506e-17,0.0,3.7361084302930145e-06,99.0151462512669,7.160100329407576e-16,1.1360067801076968e-14,4.0472935731176713e-10,1.470029208437325e-26,1.8688600911574617e-17,2.594293632591761,4.216731534030003e-12,0.0003270012744488201,1000000.0,1000337.090805421
0.0003535624605249728,0.00010067330724230625,-0.0032941127453686623,300.4009204076239,0.0,0.030474198334280788,297.03936765777644,4.298112469525192e-17,0.0,3.7362236768534435e-06,99.01820054030846,7.155260934928871e-16,1.1351551475141715e-14,4.044251973642728e-10,1.4676711364272287e-26,1.866429491188567e-17,2.5943736579512673,4.215088676739986e-12,0.0003270014063317833,1000000.0,1000337.0831245417
0.0003538885614709293,0.00010067219506856544,-0.0035239890296220122,300.39203929049665,0.0,0.030475206969346958,297.04921237379807,4.2949699002043117e-17,0.0,3.7363475057547453e-06,99.02148228038696,7.150446633352063e-16,1.1343067781531962e-14,4.0412222761014664e-10,1.4653602938077618e-26,1.8640891278240693e-17,2.5944596427503055,4.213533927478051e-12,0.00032700154802723025,1000000.0,1000340.4971462068
0.00035421466241688577,0.00010067101118210457,-0.003732233187379849,300.3834681873333,0.0,0.030476280778679875,297.059692352945,4.2918825220611243e-17,0.0,3.736479325129329e-06,99.0249757857007,7.145658111762729e-16,1.1334614840475388e-14,4.038203793952241e-10,1.4630936499915704e-26,1.8618330516028e-17,2.5945511760055355,4.212061540884563e-12,0.0003270016988565498,1000000.0,1000347.102397665
0.0003545407633628422,0.00010066976424219558,-0.003909259766057691,300.37517404106546,0.0,0.030477411906742816,297.0707310257646,4.2888467606578594e-17,0.0,3.7366181718705062e-06,99.02865553178985,7.140895246508152e-16,1.1326189686420604e-14,4.0351954438483975e-10,1.4608667679087234e-26,1.859652388179272e-17,2.5946475889511564,4.210662490812234e-12,0.00032700185771649293,1000000.0,1000356.5284307167
0.0003548668643087987,0.00010066846577343705,-0.00404711785974924,300.3671136335243,0.0,0.030478589894382783,297.08222644467196,4.285857074579084e-17,0.0,3.7367627636600984e-06,99.03248753438322,7.136157126675647e-16,1.1317788428221207e-14,4.0321958041579425e-10,1.4586737301248214e-26,1.8575354191967562e-17,2.5947479911660394,4.2093249516085615e-12,0.0003270020231388242,1000000.0,1000368.2847429113
0.0003551929652547552,0.00010066712958173777,-0.004139815270417319,300.3592357528297,0.0,0.030479802208436893,297.0940564461376,4.282906248929873e-17,0.0,3.7369115638995226e-06,99.03643107021591,7.131442111947898e-16,1.1309406446284207e-14,4.029203186979779e-10,1.4565078931172916e-26,1.8554687070879187e-17,2.5948513156608306,4.208034891332609e-12,0.00032700219336471683,1000000.0,1000381.785541025
0.0003555190662007117,0.00010066577107696431,-0.0041835486413534595,300.3514836857509,0.0,0.030481034856277598,297.1060846407992,4.2799857581666e-17,0.0,3.7370628570546794e-06,99.04044067383553,7.126747922326277e-16,1.1301038619001965e-14,4.026215720876604e-10,1.4543615193247715e-26,1.8534369795086328e-17,2.5949563711962296,4.206776755014723e-12,0.00032700236643103554,1000000.0,1000396.3783984637
0.0003558451671466682,0.00010066440653421135,-0.004176829803580535,300.34379791771875,0.0,0.030482273056349818,297.1181669493432,4.277086182300077e-17,0.0,3.7372148308656395e-06,99.04446831634114,7.122071755227336e-16,1.1292679567813543e-14,4.0232314404219714e-10,1.4522271845510827e-26,1.851424940069488e-17,2.595061899368076,4.2055342057366564e-12,0.00032700254026443807,1000000.0,1000411.375457919
0.0003561712680926246,0.00010066305233153802,-0.00412050320237778,300.33611890244606,0.0,0.03048350193038007,297.1301583496342,4.274197655471875e-17,0.0,3.7373656612134657e-06,99.04846565454172,7.117410423745734e-16,1.1284323908382212e-14,4.020248377982796e-10,1.4500965462625252e-26,1.8494164315869527e-17,2.595166633537503,4.204290885264348e-12,0.0003270027127784791,1000000.0,1000426.0855834219
0.0003564973690385811,0.00010066172420115185,-0.004017655930672629,300.32838976716346,0.0,0.030484707183684925,297.1419195078489,4.271310324176041e-17,0.0,3.7375135955280065e-06,99.05238624144756,7.112760509069589e-16,1.1275966495715076e-14,4.017264653298859e-10,1.4479631239596456e-26,1.84739738150732e-17,2.595269356747974,4.2030311574988866e-12,0.0003270028819690052,1000000.0,1000439.8459038446
0.0003568234699845376,0.00010066043652722394,-0.0038734276512689472,300.3205588340629,0.0,0.030485875743417302,297.15332299962563,4.268414793834326e-17,0.0,3.7376570310388237e-06,99.05618760009305,7.108118519816239e-16,1.126760265243035e-14,4.014278556909336e-10,1.4458188890865144e-26,1.845353222042844e-17,2.5953689560614603,4.201740802161609e-12,0.00032700304600361273,1000000.0,1000452.0513510812
0.0003571495709304941,0.00010065920172013247,-0.0036947316313345807,300.3125818513771,0.0,0.030486996327632642,297.16425885690046,4.265502544531962e-17,0.0,3.7377945845444693e-06,99.05983307257699,7.103481051026999e-16,1.1259228370559417e-14,4.011288623909063e-10,1.443660316245411e-26,1.8432741582170186e-17,2.5954644710051133,4.200407629400845e-12,0.00032700320330137104,1000000.0,1000462.1809393445
0.0003574756718764506,0.00010065802969373671,-0.0034899012627865726,300.3044238395949,0.0,0.030488059920932342,297.17463920413394,4.262566298662183e-17,0.0,3.7379251507279132e-06,99.06329336555059,7.098844935670327e-16,1.1250840478378696e-14,4.0082936949227265e-10,1.441480410258419e-26,1.8411493073195346e-17,2.5955551340645577,4.199021991032612e-12,0.00032700335259942137,1000000.0,1000469.8196672333
0.000357801772822407,0.00010065692746773897,-0.0032682792799683088,300.29606047501653,0.0,0.03048906013655564,297.1844017877247,4.259600322580005e-17,0.0,3.738047946550259e-06,99.0665477267492,7.09420738196381e-16,1.1242436765172493e-14,4.0052929617542616e-10,1.4392778920175567e-26,1.838973763885615e-17,2.5956404015101704,4.19757715525508e-12,0.0003270034930036311,1000000.0,1000474.6751160454
0.0003581278737683635,0.00010065589891087678,-0.003039769832554596,300.2874789565513,0.0,0.030489993450526102,297.19351225830957,4.256600651795193e-17,0.0,3.7381625399579856e-06,99.06958470579787,7.089566090450098e-16,1.123401605941184e-14,4.002285995938908e-10,1.43705075488518e-26,1.8367440417508133e-17,2.595719973330932,4.196069556674364e-12,0.0003270036240213043,1000000.0,1000476.5880868644
0.00035845397471432,0.00010065494463348705,-0.002814374832907499,300.2786783277991,0.0,0.030490859300009773,297.2019651295027,4.2535652307041785e-17,0.0,3.7382688619421788e-06,99.07240247380751,7.084919345967181e-16,1.1225578257519467e-14,3.9992727593018894e-10,1.4347990025856876e-26,1.834460086879669e-17,2.595793801608163,4.194498880585173e-12,0.00032700374557485725,1000000.0,1000475.536923292
0.0003587800756602765,0.00010065406203084677,-0.0026017361000483115,300.26966925237076,0.0,0.030491660044546235,297.2097834000231,4.2504939613297696e-17,0.0,3.738367201785567e-06,99.075008697411,7.080266080952303e-16,1.1217124303321037e-14,3.9962535964878056e-10,1.432524130078382e-26,1.832124860622039e-17,2.595862087215139,4.192868002728947e-12,0.00032700385799627724,1000000.0,1000471.6354688428
0.000359106176606233,0.0001006532454719491,-0.002410703967912087,300.2604732648879,0.0,0.03049240079496762,297.2170168861429,4.247388660968613e-17,0.0,3.738458186087704e-06,99.07741998288397,7.075605907835563e-16,1.1208656120307581e-14,3.993229210229727e-10,1.430229016237833e-26,1.8297441270943543e-17,2.5959252652525153,4.191182784528378e-12,0.00032700396200304577,1000000.0,1000465.1248938674
0.0003594322775521894,0.00010065248662198653,-0.0022489515190910483,300.2511215431419,0.0,0.030493089120649585,297.2237393682054,4.244252933654658e-17,0.0,3.738542742873274e-06,99.07966092493552,7.070939119694781e-16,1.1200176500828151e-14,3.990200620881713e-10,1.4279177485476972e-26,1.8273261149637005e-17,2.595983980125717,4.189451736606825e-12,0.00032700405865702654,1000000.0,1000456.3598970533
0.0003597583784981459,0.00010065177488094821,-0.002122650986019506,300.2416532678253,0.0,0.030493734651090745,297.23004470713454,4.241091963185486e-17,0.0,3.7386220527447334e-06,99.0817628121449,7.066266659868459e-16,1.1191688958270815e-14,3.987169112425699e-10,1.4255954208348775e-26,1.8248810847309483e-17,2.596039051626107,4.1876855673516245e-12,0.00032700414930856317,1000000.0,1000445.7900338506
0.0003600844794441024,0.00010065109791575852,-0.002036225706414581,300.232113653856,0.0,0.03049434859235829,297.2360421311206,4.237912238753843e-17,0.0,3.7386974895972438e-06,99.08376205577612,7.061590062646779e-16,1.1183197549900355e-14,3.984136167738068e-10,1.4232678543667158e-26,1.8224207968449673e-17,2.596091433764401,4.185896643276083e-12,0.00032700423552866725,1000000.0,1000433.9371332712
0.0003604105803900589,0.00010065044225959661,-0.0019921872929731773,300.2225517504978,0.0,0.03049494318238837,297.2418509263043,4.2347212273417624e-17,0.0,3.738770553836988e-06,99.08569841991539,7.05691136842345e-16,1.1174706679119197e-14,3.9811033963278035e-10,1.4209413247092992e-26,1.819957941119956e-17,2.5961421683985324,4.184098385579059e-12,0.00032700431903265857,1000000.0,1000421.3699226293
0.0003607366813360154,0.00010064979394958487,-0.0019910635453766028,300.21301811576296,0.0,0.030495531111357676,297.2475947869985,4.231527009329322e-17,0.0,3.738842801317061e-06,99.0876131381148,7.052233017769589e-16,1.1166220886666667e-14,3.9780724580212306e-10,1.4186222549083663e-26,1.8175055286466157e-17,2.5961923358878773,4.182304632810072e-12,0.00032700440159892977,1000000.0,1000408.677080808
0.00036106278228197183,0.00010064913917295134,-0.0020314183417887606,300.203562473859,0.0,0.03049612493432032,297.25339609051264,4.228337894952558e-17,0.0,3.738915771325018e-06,99.08954700490305,7.047557729756868e-16,1.1157744640540848e-14,3.9750449861662894e-10,1.4163169241194964e-26,1.8150762911185175e-17,2.5962430050889687,4.180528999649255e-12,0.0003270044849866464,1000000.0,1000396.4399834973
0.0003615958809570924,0.00010064802131593302,-0.0021775141156349207,300.18839248517634,0.0,0.030497138864399212,297.26330062271114,4.22315651971558e-17,0.0,3.7390403526014844e-06,99.09284868458954,7.039928807989846e-16,1.1143919295484278e-14,3.9701071827085757e-10,1.4125928349094752e-26,1.8111854429549506e-17,2.5963295123256116,4.1776980959322945e-12,0.0003270046273443655,1000000.0,1000378.824766406
0.0003619910547520386,0.0001006471303225719,-0.002337792232530743,300.1774639367521,0.0,0.03049794717889342,297.27119539324127,4.2193575771354533e-17,0.0,3.739139654676341e-06,99.09548040945766,7.03429122240856e-16,1.1133703737283216e-14,3.9664588725928207e-10,1.409878636111085e-26,1.8083873678858235e-17,2.5963984660907773,4.175680768233737e-12,0.0003270047408074874,1000000.0,1000368.7005831965
0.00036238622854698475,0.00010064616956781773,-0.0025282637229066076,300.1668630206194,0.0,0.030498818942405363,297.2797086074809,4.2156063122743023e-17,0.0,3.7392467356663315e-06,99.09831829280165,7.028673765474615e-16,1.1123521396191775e-14,3.9628226722985726e-10,1.4072110077001702e-26,1.805677098424279e-17,2.596472821409558,4.173748488124671e-12,0.0003270048631510756,1000000.0,1000361.7693602813
0.00036278140234193094,0.00010064512992825977,-0.002734516966153249,300.1566203859229,0.0,0.03049976245649502,297.28892118333994,4.2119103750706106e-17,0.0,3.7393626133739523e-06,99.10138930864136,7.023080297182649e-16,1.111337506564864e-14,3.9591996034332156e-10,1.4045935561719677e-26,1.8030620866209767e-17,2.596553285027645,4.171909718568571e-12,0.0003270049955366756,1000000.0,1000358.4078255951
0.0003631765761368771,0.0001006440081365685,-0.002941496386386032,300.1467453379632,0.0,0.030500780700551382,297.29886216221433,4.208274095077702e-17,0.0,3.7394876530879957e-06,99.10470313793864,7.017513710216533e-16,1.1103265635681315e-14,3.9555899916671993e-10,1.402027185739476e-26,1.8005443182684017e-17,2.596640110595703,4.170167103027167e-12,0.00032700513838013814,1000000.0,1000358.7453893704
0.00036357174993182327,0.00010064280684574549,-0.0031344768759133243,300.1372257488655,0.0,0.030501871272371577,297.30950812975806,4.2046982892935076e-17,0.0,3.739621560297887e-06,99.10825197551118,7.011975768251321e-16,1.1093192085958752e-14,3.9519934641193885e-10,1.3995101122726776e-26,1.7981203289153656e-17,2.5967330936103243,4.168517440481731e-12,0.00032700529134349014,1000000.0,1000362.6619057716
0.0003639669237267694,0.00010064153430142179,-0.0033000414755382937,300.1280293907043,0.0,0.030503026684855595,297.3207861078043,4.2011802983294296e-17,0.0,3.7397634170688866e-06,99.11201149405576,7.006467014976337e-16,1.108315160505759e-14,3.9484089929091377e-10,1.3970380539739943e-26,1.795781577429569e-17,2.5968315966723825,4.166952046372866e-12,0.00032700545337670153,1000000.0,1000369.8019573009
0.0003643620975217156,0.00010064020364503647,-0.0034269664790945913,300.11910659397495,0.0,0.03050423499820356,297.33257971651693,4.197714252205955e-17,0.0,3.739911759550926e-06,99.11594289830418,7.000986764527469e-16,1.1073139827340349e-14,3.9448349817230406e-10,1.3946045895234198e-26,1.7935151578817852e-17,2.5969346033079215,4.165457475770531e-12,0.00032700562280643224,1000000.0,1000379.6046547702
0.00036475727131666174,0.00010063883190203866,-0.0035069190546763223,300.11039402111345,0.0,0.03050548073858092,297.34473812882686,4.194291546290054e-17,0.0,3.7400646906093873e-06,99.11999590998823,6.995533178142531e-16,1.1063151168716207e-14,3.9412693885987595e-10,1.392201624830765e-26,1.7913047437127882e-17,2.5970407961771613,4.1640165382965926e-12,0.00032700579746486623,1000000.0,1000391.3466291004
0.00036515244511160793,0.00010063743873720646,-0.0035349255068437245,300.10181925121054,0.0,0.030506746028812964,297.35708709157853,4.19090149140736e-17,0.0,3.7402200184514095e-06,99.12411244174383,6.990103418232575e-16,1.1053179234428922e-14,3.9377098749859253e-10,1.389820011559032e-26,1.7891318209416775e-17,2.597148653334375,4.162609558070878e-12,0.00032700597484818536,1000000.0,1000404.1947396868
0.0003655476189065541,0.00010063604507207733,-0.003509604567761058,300.09330583058437,0.0,0.030508011844904495,297.3694411731375,4.187532082873173e-17,0.0,3.740375410678872e-06,99.12823067985616,6.984693863423154e-16,1.1043217267547734e-14,3.934153969771642e-10,1.387450150044887e-26,1.7869769234585094e-17,2.597256555199802,4.161215738642742e-12,0.0003270061522925958,1000000.0,1000417.2644969008
0.00036594279270150027,0.00010063467165909841,-0.003433165056286985,300.0847784460262,0.0,0.030509259312462976,297.38161639995644,4.1841708311951924e-17,0.0,3.74052855323378e-06,99.13228929666437,6.979300367547708e-16,1.103325860780417e-14,3.930599237090675e-10,1.3850826630047402e-26,1.784820984290671e-17,2.597362894928773,4.159814572426852e-12,0.00032700632715586763,1000000.0,1000429.6802124479
0.0003663379664964464,0.00010063333770381333,-0.003311168138012288,300.0761678895426,0.0,0.030510470960008296,297.39344247291405,4.180805601424592e-17,0.0,3.7406773040579462e-06,99.1362315228833,6.97391854596144e-16,1.1023297131488528e-14,3.9270434371990695e-10,1.382708973837419e-26,1.782646538377884e-17,2.597466185110517,4.158387194386199e-12,0.0003270064969927635,1000000.0,1000440.6330266927
0.0003667331402913926,0.00010063205962377164,-0.0031520691301676973,300.0674154949418,0.0,0.03051163184845229,297.4047737766571,4.177425408964793e-17,0.0,3.7408198315708166e-06,99.14000881757266,6.968544070768097e-16,1.1013327644094492e-14,3.923484670092255e-10,1.3803218895552666e-26,1.7804388862288156e-17,2.5975651539249416,4.156917592197202e-12,0.00032700665971306214,1000000.0,1000449.4330757557
0.00036712831408633874,0.0001006308500254158,-0.002966575162178563,300.0584767565738,0.0,0.03051273050271105,297.4154984602897,4.1740211190460816e-17,0.0,3.740954728888282e-06,99.14358389518829,6.963172954743265e-16,1.1003346200216191e-14,3.9199214925250513e-10,1.3779159916757715e-26,1.778186935562096e-17,2.597658824454338,4.155393595161239e-12,0.00032700681371182635,1000000.0,1000455.5523815826
0.00036752348788128493,0.0001006297169636423,-0.002766869931771634,300.04932390277816,0.0,0.030513759586422735,297.42554501404925,4.1705860028950194e-17,0.0,3.7410810965455016e-06,99.14693291792021,6.957801804501475e-16,1.0993350330701615e-14,3.9163530011185287e-10,1.3754879896436484e-26,1.7758838889008792e-17,2.597746572124782,4.1538075786966724e-12,0.00032700695796367135,1000000.0,1000458.6557522395
0.00036791866167623107,0.00010062866352570987,-0.0025657623720516123,300.0399472810206,0.0,0.030514716281672256,297.4348859706138,4.1671161165567793e-17,0.0,3.741198589052719e-06,99.15004672952486,6.952428026697752e-16,1.0983339164572483e-14,3.912778876991425e-10,1.373036813797925e-26,1.773527501209073e-17,2.59782815703374,4.15215684498651e-12,0.0003270070920757248,1000000.0,1000458.617954137
0.00036831383547117726,0.00010062768775715069,-0.002375816977763887,300.03035549904797,0.0,0.030515602357492736,297.44353857283636,4.163610483192161e-17,0.0,3.7413074232941678e-06,99.15293107791469,6.947049975193429e-16,1.0973313441023936e-14,3.9091993901943826e-10,1.3705636836939195e-26,1.7711201617713667e-17,2.5979037297821366,4.150443664423898e-12,0.00032700721629702986,1000000.0,1000455.5264335307
0.00036870900926612346,0.0001006267829249181,-0.0022085230461007985,300.02057434775907,0.0,0.03051642393135972,297.45156244899937,4.1600710729842605e-17,0.0,3.741408349286934e-06,99.15560584020321,6.941667031274993e-16,1.0963275414003174e-14,3.905615364856872e-10,1.3680718720828358e-26,1.7686685113419866e-17,2.59797381116978,4.148674984769618e-12,0.00032700733148500067,1000000.0,1000449.6698135977
0.0003691041830610696,0.0001006259380917932,-0.0020735572118150115,300.01064460811534,0.0,0.03051719094724913,297.4590545253388,4.1565025871761015e-17,0.0,3.7415025861896117e-06,99.15810332679277,6.936279613346183e-16,1.095322865861213e-14,3.9020281084223454e-10,1.3655665186545893e-26,1.7661829595650303e-17,2.5980392477607976,4.146861836028781e-12,0.0003270074390322436,1000000.0,1000441.513290334
0.0003694993568560158,0.00010062513895603816,-0.0019781866235647674,300.00061891617474,0.0,0.03051791641211395,297.46614158380766,4.152912065459645e-17,0.0,3.7415917286922846e-06,99.1604658005017,6.930889117217973e-16,1.0943177794868399e-14,3.8984393106475495e-10,1.3630541060589533e-26,1.7636767647683776e-17,2.5981011468823487,4.145018478778802e-12,0.0003270075407596115,1000000.0,1000431.662895503
0.0003698945306509619,0.00010062436889311667,-0.0019268493559557376,299.99055792099466,0.0,0.030518615448293734,297.4729710256814,4.1493083485800995e-17,0.0,3.741677630839216e-06,99.16274239760838,6.925497792865662e-16,1.0933128149676552e-14,3.894850919979148e-10,1.360542127411741e-26,1.761165184112624e-17,2.598160795952964,4.14316136239236e-12,0.0003270076387835421,1000000.0,1000420.8213154265
0.0003702897044459081,0.00010062361012429556,-0.0019209341661778224,299.9805260120379,0.0,0.030519304230315257,297.4797005082859,4.145701433951792e-17,0.0,3.7417622756774302e-06,99.16498567325,6.9201085678045445e-16,1.0923085381336759e-14,3.8912650062408285e-10,1.358038398820513e-26,1.7586642492923613e-17,2.5982195719686176,4.141307955620825e-12,0.00032700773536727037,1000000.0,1000409.7384557595
0.00037068487824085426,0.00010062284493072353,-0.0019587696726849554,299.9705869126663,0.0,0.03051999888019705,297.4864871772439,4.142101774975518e-17,0.0,3.7418476398176392e-06,99.16724801198723,6.91472483024643e-16,1.0913055092983142e-14,3.887683619183688e-10,1.355550642271124e-26,1.756189788712458e-17,2.5982788474560126,4.139475564883543e-12,0.0003270078327662729,1000000.0,1000399.1601949997
0.00037108005203580045,0.00010062205683091607,-0.0020358179741993077,299.96079943679786,0.0,0.030520714395960807,297.4934772223881,4.1385195707995034e-17,0.0,3.741935562066323e-06,99.16957814626345,6.909350187757773e-16,1.0903042460674344e-14,3.8841086524361775e-10,1.3530859199516986e-26,1.7537563152063354e-17,2.5983398992528075,4.1376801739093905e-12,0.0003270079330783931,1000000.0,1000389.7787893456
0.0003714752258307466,0.00010062123164422206,-0.0021450539742365426,299.9512136869647,0.0,0.030521463683800244,297.5007964440435,4.134964091858779e-17,0.0,3.742027624766442e-06,99.17201801167089,6.9039882182810375e-16,1.0893051900671913e-14,3.880541721753908e-10,1.3506501843962106e-26,1.7513761024528245e-17,2.598403826112517,4.135935414709413e-12,0.00032700803810850333,1000000.0,1000382.188186622
0.0003718703996256928,0.00010062035837252639,-0.0022774998539825285,299.9418679350639,0.0,0.030522256755534074,297.5085424303713,4.1314430864562e-17,0.0,3.7421250554024275e-06,99.17460013926498,6.898642230217207e-16,1.0883086796900556e-14,3.8769840652561474e-10,1.348247924861695e-26,1.749058443243468e-17,2.5984714803805966,4.13425172552901e-12,0.0003270081492563242,1000000.0,1000376.847090712
0.0003722655734206389,0.00010061942984627028,-0.0024228758546526977,299.93278637500526,0.0,0.030523100140382047,297.51677882377066,4.1279623044347313e-17,0.0,3.7422286544817673e-06,99.17734574426672,6.893315047271604e-16,1.0873149304861357e-14,3.8734364716644634e-10,1.3458818832569782e-26,1.7468090784697432e-17,2.5985434179165776,4.132635732984257e-12,0.000327008267434242,1000000.0,1000374.0520270336
0.0003726607472155851,0.00010061844309803888,-0.0025703199877383045,299.9239778738755,0.0,0.03052399654449315,297.525532002183,4.124525169339083e-17,0.0,3.742338753791759e-06,99.18026361977417,6.888008831581609e-16,1.0863240243082202e-14,3.8698992405141083e-10,1.3435529603214023e-26,1.7446299684793957e-17,2.598619869108225,4.131089924133588e-12,0.0003270083930198057,1000000.0,1000373.9219343415
0.00037305592101053125,0.00010061739944620258,-0.002709127024779564,299.9154357776225,0.0,0.030524944774177085,297.53479033078105,4.1211326149883916e-17,0.0,3.7424552069870967e-06,99.18334988731266,6.88272495589357e-16,1.0853359076554652e-14,3.8663721760603875e-10,1.3412601603522687e-26,1.7425192091211968e-17,2.598700732335712,4.129612586203664e-12,0.0003270085258451234,1000000.0,1000376.3949947677
0.00037345109480547745,0.00010061630429086441,-0.002829457434816729,299.9071387555434,0.0,0.03052593992083804,297.54450596454006,4.117783090898983e-17,0.0,3.7425774122629908e-06,99.18658859772272,6.877463931944515e-16,1.0843503990696103e-14,3.862854614316755e-10,1.3390007720168833e-26,1.7404713347431503e-17,2.598785589715466,4.128198033172569e-12,0.0003270086652228606,1000000.0,1000381.2375816932
0.0003738462686004236,0.00010061516664335085,-0.0029229699350039866,299.8990525996907,0.0,0.030526973788366767,297.55459901411797,4.114472731713741e-17,0.0,3.7427043647544835e-06,99.18995311985786,6.872225398130719e-16,1.083367204840156e-14,3.8593454804879383e-10,1.3367705075497797e-26,1.7384776807343376e-17,2.598873743485415,4.126837090116557e-12,0.00032700881000613573,1000000.0,1000388.0644082135
0.0003742414423953698,0.00010061399842761333,-0.0029833374012916128,299.8911328342688,0.0,0.030528035528180696,297.5649637357396,4.111195676289078e-17,0.0,3.742834734394117e-06,99.19340820398533,6.867008165524807e-16,1.0823859417324327e-14,3.855843372123571e-10,1.33456395289676e-26,1.7365271716588176e-17,2.5989642700681,4.1255177955161345e-12,0.00032700895867743263,1000000.0,1000396.3682413368
0.00037463661619031597,0.00010061281360613546,-0.0030066147794658837,299.8833279397977,0.0,0.030529112434156774,297.5754762796045,4.107944511273224e-17,0.0,3.7429669633730415e-06,99.19691256472112,6.861810317564839e-16,1.0814061650317759e-14,3.8523466617333866e-10,1.3323747886478232e-26,1.7346069556603986e-17,2.599056087746096,4.1242262702908135e-12,0.000327009109459842,1000000.0,1000405.5569517378
0.0003750317899852621,0.00010061162719329357,-0.002991438454780502,299.87558296079885,0.0,0.030530190840262608,297.58600343932915,4.104710805572048e-17,0.0,3.7430993761933286e-06,99.2004217976601,6.856629355349614e-16,1.0804273998867034e-14,3.8488536114804404e-10,1.3301964699060802e-26,1.732703520543846e-17,2.5991480330805787,4.122947691081081e-12,0.0003270092604426221,1000000.0,1000414.9952368244
0.0003754269637802083,0.00010061045422493802,-0.002939048318278187,299.8678432463423,0.0,0.030531257058357207,297.5964117929399,4.101485697493738e-17,0.0,3.7432302946453167e-06,99.20389142653019,6.851462377622749e-16,1.0794491737691731e-14,3.8453624919730175e-10,1.3280223294192035e-26,1.7308033153647515e-17,2.599238940749737,4.121667300328804e-12,0.0003270094097123306,1000000.0,1000424.0481136576
0.00037582213757515444,0.00010060930875402124,-0.002853135742448968,299.8600580707096,0.0,0.030532298292620042,297.60657661606274,4.098260494517074e-17,0.0,3.7433581499195827e-06,99.20727987440786,6.8463062824925e-16,1.0784710478602964e-14,3.841871697129644e-10,1.3258464983627087e-26,1.7288940368491522e-17,2.599327721397528,4.120371385020216e-12,0.00032700955548064007,1000000.0,1000432.1232375287
0.00037621731137010064,0.00010060820293850907,-0.0027395321571305207,299.85218389608684,0.0,0.03053330347028177,297.61638997929043,4.095027245689591e-17,0.0,3.74348158445733e-06,99.21055116297896,6.84115797687294e-16,1.0774926453008948e-14,3.8383798475769647e-10,1.3236635857755934e-26,1.726964882836319e-17,2.5994134323569464,4.1190481596800884e-12,0.0003270096962004106,1000000.0,1000438.7092568962
0.0003766124851650468,0.00010060714627993504,-0.002605763179480152,299.8441870692271,0.0,0.0305342639354552,297.6257675111552,4.091779249070063e-17,0.0,3.7435995370164802e-06,99.21367716697854,6.836014579532721e-16,1.0765136745121176e-14,3.834885876011241e-10,1.3214700080651954e-26,1.725007937909128e-17,2.599495336718555,4.117688497188064e-12,0.00032700983066258886,1000000.0,1000443.4077508613
0.00037700765895999297,0.0001006061450593861,-0.0024605016012416033,299.83604578716734,0.0,0.030535173963368287,297.6346534105171,4.0885114618749116e-17,0.0,3.7437113057185542e-06,99.21663928507267,6.830873604436404e-16,1.0755339461696528e-14,3.831389089338155e-10,1.319262732662687e-26,1.7230176352198293e-17,2.599572947109219,4.116286462555442e-12,0.0003270099580679778,1000000.0,1000445.9567866178
0.0003774028327549391,0.0001006052020032943,-0.002312958423883788,299.8277512202367,0.0,0.03053603106541309,297.6430234199811,4.085220788571625e-17,0.0,3.743816585448931e-06,99.21942943104834,6.82573311270821e-16,1.0745533828776535e-14,3.8278892041007895e-10,1.3170415667520307e-26,1.7209924031594326e-17,2.5996460516622526,4.114839619155536e-12,0.00032701007806975495,1000000.0,1000446.2447453844
0.0003777980065498853,0.00010060431619520233,-0.0021722542286002457,299.8193077398807,0.0,0.03053683607018848,297.65088561586595,4.0819062322083053e-17,0.0,3.7439154777932476e-06,99.22205029714988,6.820591823925802e-16,1.073572021106671e-14,3.824386353586903e-10,1.3148062264528476e-26,1.7189329213727023e-17,2.5997147209170888,4.113349097031175e-12,0.0003270101907846824,1000000.0,1000444.3137517967
0.00037819318034483144,0.00010060348323280959,-0.002046813423754937,299.810732259951,0.0,0.030537592981089833,297.65827902011546,4.078568897739064e-17,0.0,3.7440084735777262e-06,99.22451489135896,6.8154491805954745e-16,1.0725900054723013e-14,3.820881066953756e-10,1.312559371404932e-26,1.7168437445161482e-17,2.599779295695565,4.111819401477856e-12,0.0003270102967730941,1000000.0,1000440.3527546226
0.00037858835413977763,0.0001006026956132752,-0.001943821013741635,299.80205275925294,0.0,0.03053830862590064,297.6652701847934,4.0752118580608924e-17,0.0,3.7440964099082305e-06,99.22684539883461,6.810305362517379e-16,1.0716075759901413e-14,3.817374222551802e-10,1.3103042093660487e-26,1.714731704176517e-17,2.5998403572705366,4.110258039261073e-12,0.0003270103969898371,1000000.0,1000434.6809972982
0.00037898352793472377,0.00010060194331499179,-0.0018687765737285384,299.7933061057582,0.0,0.03053899212731483,297.67194803113773,4.0718398938680717e-17,0.0,3.7441804052548032e-06,99.22907146150956,6.805161251616786e-16,1.0706250493127733e-14,3.81386697929585e-10,1.3080451238315423e-26,1.7126058390828916e-17,2.5998986822896195,4.108674919081863e-12,0.0003270104927102146,1000000.0,1000427.7232382051
0.00037937870172966996,0.0001006012145317641,-0.0018251726675877326,299.78453534634116,0.0,0.030539654234525666,297.6784173343884,4.068459124783347e-17,0.0,3.744261777502464e-06,99.23122800625502,6.800018351130982e-16,1.0696427954000013e-14,3.81036069129284e-10,1.3057871922419146e-26,1.7104766446925556e-17,2.5999551858709866,4.107081623541866e-12,0.000327010585436541,1000000.0,1000419.97859626
0.0003797738755246161,0.00010060049650630743,-0.0018143158309158467,299.77578665735365,0.0,0.03054030656424565,297.6847913258081,4.065076560197014e-17,0.0,3.7443419508978602e-06,99.23335277876087,6.794878665736387e-16,1.0686612113095723e-14,3.8068568119047006e-10,1.3035358230475574e-26,1.7083553247885756e-17,2.6000108569886127,4.10549058894234e-12,0.0003270106767920688,1000000.0,1000411.9852741567
0.0003801690493195623,0.00010059977640481063,-0.0018352979932448384,299.7671061685977,0.0,0.030540960804232138,297.69118392923014,4.06169960460435e-17,0.0,3.744422358398945e-06,99.23548375558586,6.789744551562654e-16,1.0676806939321408e-14,3.8033567939454193e-10,1.3012963804329922e-26,1.706253019459808e-17,2.6000666906654653,4.1039142499412735e-12,0.00032701076840970455,1000000.0,1000404.2836243814
0.0003805642231145085,0.00010059904217316393,-0.0018851163637119677,299.7585368758739,0.0,0.030541627933431535,297.6977021595869,4.058335551632457e-17,0.0,3.7445043460620572e-06,99.2376566102035,6.784618546982914e-16,1.0667016135200477e-14,3.799861992773272e-10,1.2990738289436194e-26,1.704180059145366e-17,2.600123621581426,4.102364207352668e-12,0.0003270108618230733,1000000.0,1000397.3800654243
0.0003809593969094546,0.00010059828331826071,-0.0019589297986124105,299.7501158455329,0.0,0.030542317510286663,297.7044391858365,4.0549910995627054e-17,0.0,3.7445890857859587e-06,99.23990240052593,6.779503196104898e-16,1.0657242897520463e-14,3.796373578652209e-10,1.29687240675298e-26,1.7021452952587393e-17,2.6001824634841557,4.1008504762060694e-12,0.0003270109583671302,1000000.0,1000391.7142307224
0.0003813545707044008,0.00010059749156428842,-0.0020504308221997287,299.741871889513,0.0,0.030543037074819326,297.7114685028842,4.051671919653558e-17,0.0,3.744677502005032e-06,99.24224562611127,6.774400876942134e-16,1.064748971854206e-14,3.792892463955685e-10,1.2946953656278113e-26,1.7001555502231613e-17,2.60024385828603,4.099380859613041e-12,0.0003270110590946871,1000000.0,1000387.6314528204
0.00038174974449934696,0.00010059666134361465,-0.0021523053669364267,299.73382385313886,0.0,0.03054379170127252,297.7188395710449,4.0483823050883716e-17,0.0,3.7447702168415303e-06,99.24470277457678,6.769313645513372e-16,1.0637758239843068e-14,3.789419249634944e-10,1.2925447790629483e-26,1.6982152177856617e-17,2.6003082379787386,4.097960487351152e-12,0.0003270111647139878,1000000.0,1000385.362272082
0.00038214491829429315,0.00010059579009399733,-0.002256747263009236,299.72597961324846,0.0,0.030544583727061432,297.7265751740358,4.045124921929043e-17,0.0,3.7448675168738392e-06,99.24728144088425,6.764243105764895e-16,1.0628049167007873e-14,3.785954193961878e-10,1.290421438049631e-26,1.696326036580277e-17,2.6003758015577065,4.096591545182017e-12,0.0003270112755509245,1000000.0,1000385.0101451438
0.0003825400920892393,0.00010059487834750884,-0.0023559917562670832,299.71833583428815,0.0,0.030545412671354365,297.73467062534115,4.041900675423228e-17,0.0,3.74496934315398e-06,99.24998006278172,6.759190313260944e-16,1.0618362249094731e-14,3.782497204988431e-10,1.2883248320221884e-26,1.6944870462936726e-17,2.6004465080904042,4.095273207442644e-12,0.00032701139153774926,1000000.0,1000386.5479509103
0.0003829352658841855,0.00010059392961081917,-0.0024428320060046137,299.7108784783014,0.0,0.030546275343638404,297.74309482641286,4.0387086969759083e-17,0.0,3.7450753045178693e-06,99.25278827355481,6.754155718108916e-16,1.0608696322387093e-14,3.779047856547261e-10,1.2862532196778475e-26,1.6926947243572168e-17,2.6005200859587814,4.094001771812407e-12,0.0003270115122283225,1000000.0,1000389.8232910688
0.0003833304396791316,0.00010059295005038746,-0.002511084599803252,299.7035840146776,0.0,0.030547166129977356,297.75179305688863,4.0355464493535516e-17,0.0,3.745184712681274e-06,99.2556878321473,6.749139149787174e-16,1.0599049413691375e-14,3.775605426058355e-10,1.2842037770898866e-26,1.6909432884869416e-17,2.60059605722933,4.09277098177964e-12,0.00032701163683817306,1000000.0,1000394.5719973881
0.0003837256134740778,0.00010059194800875156,-0.0025559744279355394,299.6964212303628,0.0,0.030548077433167703,297.76069126489915,4.032409940055156e-17,0.0,3.7452966362041985e-06,99.25865405333683,6.744139843678612e-16,1.0589418894606005e-14,3.772168951004798e-10,1.2821728153926945e-26,1.689225140728132e-17,2.6006737751250935,4.091572510313191e-12,0.0003270117643060381,1000000.0,1000400.4387276386
0.00038412078726902395,0.00010059093338866541,-0.0025744154212718876,299.6893535038891,0.0,0.030549000233380225,297.76970153178786,4.029294025703669e-17,0.0,3.745409969227278e-06,99.26165762940148,6.739156506372237e-16,1.0579801675041471e-14,3.7687372997871637e-10,1.2801560477291155e-26,1.6875314194358805e-17,2.6007524717551034,4.0903965682800445e-12,0.00032701189337220904,1000000.0,1000407.003089755
0.00038451596106397015,0.00010058991694966248,-0.002565171212145454,299.6823413793074,0.0,0.030549924728734554,297.7787283159627,4.0261927846262635e-17,0.0,3.7455235100082627e-06,99.2646667115107,6.734187414317674e-16,1.0570194421999629e-14,3.765309251830313e-10,1.2781488898376133e-26,1.685852619902974e-17,2.600831312648863,4.08923259383975e-12,0.00032701202266801477,1000000.0,1000413.8094070602
0.0003849111348589163,0.00010058890956627441,-0.0025288881911522784,299.675345260477,0.0,0.030550841010996446,297.78767503910564,4.0230999309683526e-17,0.0,3.745636043764743e-06,99.26764910524066,6.72923053834802e-16,1.0560593788315378e-14,3.761883581344704e-10,1.2761467700944322e-26,1.6841792403890513e-17,2.6009094542809947,4.0880699748005585e-12,0.0003270121508101803,1000000.0,1000420.3980445097
0.0003853063086538625,0.00010058792149838547,-0.0024680021330664927,299.6683280428807,0.0,0.03055173973042028,297.7964505665806,4.020009241728341e-17,0.0,3.7457464241860887e-06,99.27057443082144,6.724283685068773e-16,1.0550996635847165e-14,3.758459139057726e-10,1.274145431157257e-26,1.6825024101104702e-17,2.6009861006718245,4.086898754960873e-12,0.0003270122764936408,1000000.0,1000426.336166282
0.0003857014824488086,0.00010058696172205285,-0.00238652800415729,299.66125750915984,0.0,0.030552612705688455,297.80497515269195,4.016914968057167e-17,0.0,3.745853648214159e-06,99.27341610499126,6.719344645241092e-16,1.0541400238395367e-14,3.7550349265251545e-10,1.2721412013457336e-26,1.6808144589059623e-17,2.601060555313906,4.085710278114267e-12,0.00032701239857666425,1000000.0,1000431.2458888167
0.0003860966562437548,0.00010058603736382905,-0.0022897499154673415,299.6541083347275,0.0,0.030553453439696676,297.81318546820034,4.0138122034467335e-17,0.0,3.7459569192804517e-06,99.27615301692093,6.71441133910736e-16,1.0531802451383925e-14,3.751610158276802e-10,1.270131216692859e-26,1.679109385883486e-17,2.6011322650828754,4.084497726607519e-12,0.00032701251615280285,1000000.0,1000434.8280191208
0.00038649183003870095,0.00010058515327357404,-0.0021838347390080227,299.6468635800918,0.0,0.030554257509248162,297.82103839879505,4.010697185713277e-17,0.0,3.746055695084096e-06,99.27877079443657,6.709481949058718e-16,1.0522201837936712e-14,3.74818430799436e-10,1.268113587638093e-26,1.67738321189456e-17,2.6012008534137268,4.083256524921321e-12,0.00032701262860522734,1000000.0,1000436.8799109404
0.00038688700383364714,0.00010058431176055181,-0.0020753971829699683,299.6395155840176,0.0,0.030555022805999966,297.82851339368244,4.0075675144720864e-17,0.0,3.746149717132884e-06,99.28126258692232,6.704555031164311e-16,1.0512597744166229e-14,3.744757136094725e-10,1.2660874916211225e-26,1.6756341804847483e-17,2.601266140813626,4.0819845810345634e-12,0.00032701273564028833,1000000.0,1000437.3064033742
0.00038728217762859334,0.00010058351250604776,-0.001971046573255771,299.63206621390987,0.0,0.030555749616538265,297.83561324611946,4.0044222716904415e-17,0.0,3.7462390205609894e-06,99.28362932551155,6.699629598730155e-16,1.0502990320101674e-14,3.741328697407787e-10,1.2640531933105904e-26,1.6738628070452662e-17,2.601328151679178,4.080682355875759e-12,0.0003270128372986192,1000000.0,1000436.1232958795
0.0003876773514235395,0.00010058275265362852,-0.00187694606391426,299.6245264738508,0.0,0.03055644054051157,297.8423632954508,4.0012620395099726e-17,0.0,3.7463239240920225e-06,99.2858794570857,6.6947051731020235e-16,1.049338048641037e-14,3.7378993290024423e-10,1.2620119887305895e-26,1.6720717704721544e-17,2.6013871073269352,4.0793527593114356e-12,0.00032701293394363955,1000000.0,1000433.4533262061
0.00038807252521848567,0.00010058202706628502,-0.0017984134230947793,299.61691551361196,0.0,0.030557100256593354,297.8488091458961,3.9980888185428137e-17,0.0,3.7464050013454544e-06,99.2880281838309,6.689781799175297e-16,1.0483769850668411e-14,3.734469619535e-10,1.2599660962359852e-26,1.670265683490487e-17,2.6014434060690363,4.078000890998034e-12,0.00032701302622882924,1000000.0,1000429.5151195643
0.0003884676990134318,0.00010058132872883871,-0.0017395889112304227,299.60925912082024,0.0,0.03055773515596185,297.85501309398506,3.9949058528227075e-17,0.0,3.746483035900147e-06,99.29009627232207,6.684860025649927e-16,1.0474160580209798e-14,3.7310403626947235e-10,1.2579184596204196e-26,1.6684506983329642e-17,2.601497592010047,4.076633631187488e-12,0.0003270131150465273,1000000.0,1000424.6060349228
0.000388862872808378,0.0001005806492648655,-0.0017031906295942158,299.60158781080213,0.0,0.030558352871315465,297.861049537747,3.991717376287982e-17,0.0,3.7465589635501684e-06,99.29210852317415,6.6799408522896085e-16,1.0464555241295009e-14,3.7276124983076593e-10,1.2558725444512729e-26,1.6666340706254313e-17,2.6015503149503223,4.075259134350728e-12,0.0003270132014621689,1000000.0,1000419.0802176715
0.00038925804660332414,0.0001005799795305731,-0.0016903713199769735,299.5939346524044,0.0,0.030558961735667786,297.8669997014367,3.9885283008860827e-17,0.0,3.746633805951289e-06,99.29409201252729,6.675025648577288e-16,1.0454956616287563e-14,3.724187045380851e-10,1.2538320725356737e-26,1.6648236190840754e-17,2.6016022843112077,4.073886247258804e-12,0.00032701328663874125,1000000.0,1000413.3234528187
0.00038965322039827033,0.00010057931024394596,-0.0017006834335210584,299.5863329819604,0.0,0.030559570208925795,297.87294604623025,3.9853438686571584e-17,0.0,3.7467086003175348e-06,99.29607422884986,6.670116050020883e-16,1.0445367511663043e-14,3.7207650317836963e-10,1.2518007823672996e-26,1.6630272060917674e-17,2.6016542203174464,4.0725238971979975e-12,0.0003270133717567616,1000000.0,1000407.726583146
0.00039004839419321647,0.00010057863260624535,-0.0017321518781355572,299.5788141609084,0.0,0.030560186311373274,297.8789667482234,3.9821692913445134e-17,0.0,3.7467843299642895e-06,99.29808123217691,6.665213839694152e-16,1.0435790569925214e-14,3.717347425352103e-10,1.2497821540177503e-26,1.6612521823000254e-17,2.601706805767434,4.07118049232764e-12,0.0003270134579352367,1000000.0,1000402.6593044411
0.000390644373916999,0.00010057757807897437,-0.001811998853999872,299.5676904623069,0.0,0.030561145188761244,297.8883363761227,3.9774107274780215e-17,0.0,3.7469021831008114e-06,99.30120460125679,6.657838534356422e-16,1.04213751355574e-14,3.7122033381816433e-10,1.2467682275691622e-26,1.6586294283464368e-17,2.601788641091901,4.069206141551518e-12,0.00032701359204153745,1000000.0,1000396.7206520418
0.00039107708130605974,0.00010057677822038284,-0.001886352447919371,299.55981033065825,0.0,0.03056187260191969,297.89544349786127,3.973984421511984e-17,0.0,3.74699157796282e-06,99.30357376304694,6.652500089557639e-16,1.041093283522488e-14,3.7084772046727473e-10,1.2446065715062178e-26,1.6567738200412712e-17,2.6018507154477457,4.0678206798941594e-12,0.00032701369375883366,1000000.0,1000394.0967309118
0.0003915097886951205,0.00010057594468522517,-0.001966465796137233,299.5521113959866,0.0,0.030562630739526166,297.9028500923409,3.970586149106165e-17,0.0,3.747084739655993e-06,99.3060427542038,6.64717740673986e-16,1.0400512058894133e-14,3.7047588973890715e-10,1.242468969350443e-26,1.654962777674989e-17,2.601915405430595,4.066479999619404e-12,0.0003270137997568462,1000000.0,1000393.0937947553
0.00039194249608418127,0.00010057507657623025,-0.0020449463520141797,299.54459551436935,0.0,0.03056342042261297,297.91056416267503,3.9672175415445715e-17,0.0,3.7471817688451744e-06,99.3086142425687,6.641871717117207e-16,1.0390112993930464e-14,3.7010484848290375e-10,1.240355514645374e-26,1.653196601476983e-17,2.601982780940499,4.065184669478069e-12,0.0003270139101496326,1000000.0,1000393.745081331
0.00039237520347324204,0.00010057417613898913,-0.002114755795075366,299.53725320350776,0.0,0.030564239607129853,297.91856578517786,3.963878416745214e-17,0.0,3.7472824149260506e-06,99.31128158657235,6.636583658428941e-16,1.037973488162884e-14,3.6973456889003675e-10,1.2382650395591309e-26,1.651472934222202e-17,2.60205266796185,4.063932230834816e-12,0.00032701402465159813,1000000.0,1000395.9513198902
0.0003928079108623028,0.00010057324850146154,-0.0021697338228499697,299.5300646637369,0.0,0.03056508362092417,297.9268094192587,3.9605668437542705e-17,0.0,3.7473861050794883e-06,99.31402960523937,6.631313241305255e-16,1.0369376102817776e-14,3.6936499162659267e-10,1.2361952388441558e-26,1.6497870133478595e-17,2.60212466873825,4.062717467303441e-12,0.0003270141426106351,1000000.0,1000399.4919784318
0.0003932406182513635,0.00010057230118308741,-0.0022050758761931635,299.52300162731,0.0,0.030565945610792396,297.9352282649444,3.957279343694051e-17,0.0,3.747491999081369e-06,99.3168360307701,6.626059861914953e-16,1.0359034331996946e-14,3.6899603148032595e-10,1.2341428896498261e-26,1.6481321225830252e-17,2.6021981998315797,4.061532897342312e-12,0.0003270142630705558,1000000.0,1000404.0462144802
0.0003936733256404243,0.00010057134341947284,-0.0022176966350311855,299.51602985935637,0.0,0.030566817157766577,297.9437402602424,3.954011208244598e-17,0.0,3.7475990647386783e-06,99.31967350776408,6.620822363411465e-16,1.0348706745424194e-14,3.6862758498351123e-10,1.2321041119691715e-26,1.6465001513447676e-17,2.6022725445036032,4.060369429207501e-12,0.00032701438485697234,1000000.0,1000409.2215572016
0.00039410603302948504,0.00010057038536803935,-0.002206428584813648,299.50911206609214,0.0,0.030567689001085613,297.95225513789075,3.950756912452239e-17,0.0,3.747706166650801e-06,99.32251194559089,6.615599142377025e-16,1.0338390262907329e-14,3.6825953927132227e-10,1.2300747374877906e-26,1.644882338511723e-17,2.6023469143503846,4.0592171491290666e-12,0.00032701450667830856,1000000.0,1000414.587537372
0.0003945387404185458,0.00010056943726657494,-0.0021720499945065913,299.50221094874115,0.0,0.030568551805304277,297.96068190259274,3.947510581195388e-17,0.0,3.7478121602597465e-06,99.3253210109294,6.610388288813287e-16,1.0328081801484895e-14,3.6789178137602894e-10,1.2280506035638186e-26,1.6432699277116485e-17,2.602420514609257,4.058066126115786e-12,0.0003270146272327964,1000000.0,1000419.7112267902
0.00039497144780760657,0.00010056850861376183,-0.0021171603584756514,299.4952921554666,0.0,0.030569396907571877,297.968936114964,3.944266465637323e-17,0.0,3.7479159834691684e-06,99.32807255587461,6.605187745178474e-16,1.03177785203075e-14,3.6752420719937234e-10,1.2260279285560394e-26,1.641654916359187e-17,2.602492607777589,4.056907200714541e-12,0.00032701474531267435,1000000.0,1000424.191780173
0.00039540415519666734,0.00010056760743338163,-0.0020459217391855214,299.48832691040815,0.0,0.030570216988801437,297.9769464336243,3.9410193926656807e-17,0.0,3.7480167389321715e-06,99.33074279874685,6.599995471074858e-16,1.0307478038410427e-14,3.671567294919403e-10,1.2240035293814434e-26,1.6400305854370044e-17,2.602562570752125,4.055732687952584e-12,0.0003270148598977438,1000000.0,1000427.6913828942
0.0003958368625857281,0.00010056673967578804,-0.0019636845429644332,299.4812941283038,0.0,0.03057100661981683,297.9846599386674,3.937765156463506e-17,0.0,3.7481137610110407e-06,99.3333140986727,6.594809601596168e-16,1.0297178609615302e-14,3.6678928426215913e-10,1.221975139080773e-26,1.6383920854516406e-17,2.602629941324735,4.0545369427711726e-12,0.0003270149702314695,1000000.0,1000429.9603492642
0.0003962695699747888,0.00010056590880067235,-0.001876526214417901,299.4741818592526,0.0,0.030571762642267925,297.9920458445699,3.9345008233780135e-17,0.0,3.748206662478982e-06,99.33577619328473,6.589628587625302e-16,1.0286879241832292e-14,3.6642183514843603e-10,1.2199414438919814e-26,1.6367366456771205e-17,2.6026944506113585,4.053316747898506e-12,0.00032701507587402494,1000000.0,1000430.854524061
0.0003967022773638496,0.00010056511557110054,-0.0017907431514424391,299.46698796080796,0.0,0.03057248435690565,297.99909733538175,3.93122492606802e-17,0.0,3.7482953576035438e-06,99.33812681048312,6.584451307046902e-16,1.0276579752389042e-14,3.660543754474154e-10,1.2179022968676977e-26,1.6350638653476556e-17,2.602756039080759,4.052071495945112e-12,0.0003270151767284703,1000000.0,1000430.3437388783
0.00039713498475291034,0.00010056435807008199,-0.001712340620558722,299.4597199631276,0.0,0.030573173508884822,298.00583142148844,3.9279375333827276e-17,0.0,3.748380060344933e-06,99.34037162068711,6.579277138295407e-16,1.0266280756680938e-14,3.656869276991169e-10,1.2158584984296513e-26,1.6333754906495926e-17,2.602814855303465,4.050803156364964e-12,0.00032701527303862995,1000000.0,1000428.5108680963
0.0003975676921419711,0.0001005636319311338,-0.001646562285785849,299.452394164256,0.0,0.030573834077831718,298.0122868933543,3.924640194884634e-17,0.0,3.748461258617773e-06,99.34252355471462,6.574105991466263e-16,1.025598359334237e-14,3.6531954094610194e-10,1.2138119474339808e-26,1.631675419498816e-17,2.602871238079547,4.049516037099301e-12,0.00032701536535975964,1000000.0,1000425.5418646698
0.00039800039953103187,0.00010056293075714687,-0.0015974946967014804,299.4450340538979,0.0,0.03057447189608007,298.01852060037095,3.921335769336892e-17,0.0,3.748539667485676e-06,99.3446015633347,6.568938296118373e-16,1.0245690194196958e-14,3.6495228596898513e-10,1.2117651168995093e-26,1.6299690426398984e-17,2.6029256839376815,4.0482163670817435e-12,0.0003270154545052727,1000000.0,1000421.7078783009
0.00039843310692009264,0.00010056224668847233,-0.00156777521294029,299.43766821156265,0.0,0.03057509413070893,298.0246024021374,3.9180281544299236e-17,0.0,3.7486161656573807e-06,99.3466289342747,6.563774948245566e-16,1.0235402911128792e-14,3.645852489429782e-10,1.2097212811922218e-26,1.6282631078250523e-17,2.6029788030390915,4.046911738464115e-12,0.00032701554147449805,1000000.0,1000417.3411212523
0.0003988658143091534,0.00010056157107104236,-0.0015584237629457916,299.4303278603812,0.0,0.03057570867424423,298.03060922945457,3.914721941804705e-17,0.0,3.7486917207846886e-06,99.34863131245,6.558617221804959e-16,1.0225124314881965e-14,3.642185240652402e-10,1.2076836202355156e-26,1.626564690170255e-17,2.603031267305632,4.04561045682352e-12,0.0003270156273677253,1000000.0,1000412.8065700292
0.0003992985216982141,0.00010056089516860187,-0.0015688087340356728,299.423044280829,0.0,0.03057632349503946,298.0366187522932,3.911422027000671e-17,0.0,3.7487673098168387e-06,99.35063458917867,6.553466652799356e-16,1.0214856982620406e-14,3.6385220576991727e-10,1.2056557891904978e-26,1.6248811809022974e-17,2.6030837551151484,4.044320853708856e-12,0.0003270157132956502,1000000.0,1000408.4718706271
0.0003997312290872749,0.00010056021086076742,-0.0015967458927301785,299.4158462953801,0.0,0.03057694600050507,298.0427031729982,3.9081332069960063e-17,0.0,3.7488438409301157e-06,99.35266283314327,6.548324905981968e-16,1.020460329160026e-14,3.634863811664374e-10,1.2036405532283292e-26,1.6232189888400246e-17,2.603136897090654,4.043050617443914e-12,0.00032701580029062695,1000000.0,1000404.6779083983
0.00040016393647633564,0.00010055951127132386,-0.0016387185343624722,299.40875802406396,0.0,0.03057758246389861,298.0489236390324,3.9048597981177444e-17,0.0,3.7489220832501783e-06,99.35473642787682,6.54319363542448e-16,1.0194365235297558e-14,3.631211233003218e-10,1.2016406709964677e-26,1.6215837403543964e-17,2.603191227300642,4.041806196079598e-12,0.0003270158892268071,1000000.0,1000401.7123849828
0.0004005966438653964,0.00010055879127860108,-0.001690197331164796,299.40179708194773,0.0,0.03057823755860834,298.05532570348913,3.9016053045061654e-17,0.0,3.7490026097534194e-06,99.35687055852244,6.5380743502807885e-16,1.0184144275961995e-14,3.6275648574872434e-10,1.1996579220684776e-26,1.6199793848582915e-17,2.6032471436107083,4.040592318063235e-12,0.00032701598075526953,1000000.0,1000399.7884236963
0.0004010293512544572,0.00010055804787081561,-0.001746031437832159,299.3949733488393,0.0,0.030578914033793772,298.061936163448,3.898372161246623e-17,0.0,3.7490857574991452e-06,99.3590741578981,6.532968296289545e-16,1.017394124417564e-14,3.623924989381885e-10,1.1976932951443878e-26,1.6184081106737856e-17,2.603304880069415,4.039411662317463e-12,0.00032701607525885976,1000000.0,1000399.0297559025
0.00040146205864351794,0.00010055728032269123,-0.0018008777324011575,299.38828839224686,0.0,0.030579612553002573,298.06876148691055,3.895161570222969e-17,0.0,3.74917160784324e-06,99.36134938211491,6.527876361923702e-16,1.0163756291902658e-14,3.6202916842298364e-10,1.1957468788013904e-26,1.6168701890214497e-17,2.603364493168983,4.038264703274496e-12,0.0003270161728297508,1000000.0,1000399.463471934
0.0004018947660325787,0.00010055649018447724,-0.0018496329026316905,299.3817355705839,0.0,0.030580331703888887,298.07578790751086,3.89197343945869e-17,0.0,3.7492599876294578e-06,99.36369164214891,6.522799015864636e-16,1.0153588901106149e-14,3.616664752001989e-10,1.1938178806155419e-26,1.6153640073923683e-17,2.6034258626724966,4.037149736096882e-12,0.0003270162732708536,1000000.0,1000401.0206940295
0.0004023274734216394,0.00010055568108968717,-0.0018878335885986885,299.3753007885505,0.0,0.03058106817329735,298.0829831310987,3.888806427470507e-17,0.0,3.7493504906551785e-06,99.3660901727312,6.517736279834738e-16,1.0143437945529775e-14,3.613043779733922e-10,1.1919047123639778e-26,1.6138862480001766e-17,2.6034887065193875,4.036063073755354e-12,0.0003270163761202693,1000000.0,1000403.5448873721
0.0004027601808107002,0.0001005548584021797,-0.0019119939519471128,299.36896382537816,0.0,0.030581817068940358,298.0902994712107,3.885658086047783e-17,0.0,3.749442517110033e-06,99.36852907755888,6.512687737875404e-16,1.0133301799047789e-14,3.6094281712376945e-10,1.1900051433060616e-26,1.6124322041516943e-17,2.6035526082109772,4.0349993982360205e-12,0.00032701648069615835,1000000.0,1000406.806923903
0.00040319288819976094,0.00010055402873544276,-0.0019198553399572018,299.36270011320994,0.0,0.030582572357730733,298.097678121624,3.8825250868766924e-17,0.0,3.7495353273169726e-06,99.37098875355227,6.507652580229018e-16,1.0123178480512883e-14,3.6058172001911146e-10,1.1881164913308964e-26,1.610996189423419e-17,2.6036170541274153,4.033952229710808e-12,0.0003270165861578517,1000000.0,1000410.5255001767
0.0004036255955888217,0.00010055319938621782,-0.0019105305443639223,299.3564828104422,0.0,0.030583327382363586,298.1050541916289,3.8794035113528176e-17,0.0,3.7496281050669955e-06,99.37344756936548,6.50262967726153e-16,1.011306582239649e-14,3.6022100719512357e-10,1.1862358497342143e-26,1.609572017423727e-17,2.603681477506291,4.032914475198844e-12,0.0003270166915778469,1000000.0,1000414.3911226852
0.0004040583029778825,0.00010055237773022401,-0.0018845342986481405,299.3502849957627,0.0,0.030584075412596345,298.11236207952214,3.8762891787339746e-17,0.0,3.7497200252080736e-06,99.37588365664267,6.497617676599744e-16,1.0102961649017192e-14,3.598605988885467e-10,1.184360321440262e-26,1.608153504182033e-17,2.6037453053753015,4.031879009876345e-12,0.0003270167960186205,1000000.0,1000418.091640559
0.00040449101036694324,0.000100551570629343,-0.001843701016553212,299.34408180416114,0.0,0.030584810186197988,298.1195407454063,3.8731779854037476e-17,0.0,3.749810319967532e-06,99.37827666770787,6.49261511503674e-16,1.0092863949841691e-14,3.5950042138976115e-10,1.1824872472206553e-26,1.606734956800409e-17,2.6038080046054444,4.030839243635873e-12,0.00032701689860798133,1000000.0,1000421.3372418869
0.000404923717756004,0.00010055078389722947,-0.0017909996436133782,299.33785233617203,0.0,0.03058552639670384,298.1265384654908,3.870066227779714e-17,0.0,3.7498983387526476e-06,99.38060936041327,6.487620535858936e-16,1.0082771034187346e-14,3.591404127139311e-10,1.180614405704058e-26,1.605311606515327e-17,2.6038691234355897,4.029789628241727e-12,0.0003270169986069958,1000000.0,1000423.8829347471
0.0004053564251450647,0.000100550021864273,-0.0017302633547406846,299.33158119465486,0.0,0.03058622009060539,298.1333167036318,3.86695088352248e-17,0.0,3.749983596847693e-06,99.38286888871886,6.482632602095559e-16,1.0072681655575404e-14,3.5878052715967473e-10,1.1787401736030474e-26,1.603879955924835e-17,2.6039283252869314,4.0287260663156764e-12,0.0003270170954652812,1000000.0,1000425.5467924239
0.0004057891325341255,0.00010054928707373665,-0.0016658581389914402,299.32525953730794,0.0,0.030586888944897243,298.13985281667965,3.8638298298732374e-17,0.0,3.750065809442368e-06,99.38504770452099,6.477650196788709e-16,1.0062595096750967e-14,3.58420738426111e-10,1.1768636319296683e-26,1.6024380132853076e-17,2.6039854123917743,4.0276461923654084e-12,0.00032701718885962415,1000000.0,1000426.2226293536
0.00040622183992318624,0.00010054858012950861,-0.001602318538408457,299.3188855749906,0.0,0.03058753240629105,298.14614141145245,3.860701983611414e-17,0.0,3.7501449087000953e-06,99.38714401000014,6.4726725026817905e-16,1.0052511209810119e-14,3.5806104108425747e-10,1.1749846135438905e-26,1.6009853999926766e-17,2.6040403376454893,4.026549507151601e-12,0.000327017278713324,1000000.0,1000425.8862573515
0.000406654547312247,0.00010054789970318833,-0.001543980617021777,299.3124644922728,0.0,0.030588151685011413,298.15219428427685,3.857567353795839e-17,0.0,3.7502210429975537e-06,99.38916173746689,6.46769905560121e-16,1.0042430409629177e-14,3.5770145033659955e-10,1.1731036883710315e-26,1.5995233253826156e-17,2.604093204078457,4.025437358983942e-12,0.0003270173651952833,1000000.0,1000424.5950098109
0.0004070872547013078,0.00010054724269526028,-0.0014946415617476288,299.3060078135383,0.0,0.03058874960793181,298.158038989471,3.854427005675168e-17,0.0,3.7502945589187553e-06,99.39111007216496,6.462729768081301e-16,1.0032353622582472e-14,3.573420001376015e-10,1.1712220909684404e-26,1.598054435897638e-17,2.6041442523530445,4.024312777998754e-12,0.00032701744869951106,1000000.0,1000422.4807694422
0.00040751996209036854,0.00010054660453295233,-0.0014572723131382667,299.2995322815927,0.0,0.030589330346912427,298.1637161913801,3.8512829413466705e-17,0.0,3.750365967948393e-06,99.3930025695713,6.457764922257778e-16,1.0022282196050179e-14,3.569827398765829e-10,1.1693415968301803e-26,1.5965825538538056e-17,2.604193837635999,4.023180181069918e-12,0.00032701752980725414,1000000.0,1000419.7372475752
0.0004079526694794293,0.0001005459795769776,-0.0014338046133775012,299.2930583526737,0.0,0.030589899047702235,298.1692760471791,3.8481379092607114e-17,0.0,3.7504359009739675e-06,99.39485594960165,6.452805133533537e-16,1.0012217777167531e-14,3.5662372993280256e-10,1.1674643600975444e-26,1.5951123308058178e-17,2.6042423980054594,4.02204497482564e-12,0.0003270176092352915,1000000.0,1000416.6027001459
0.00040838537686849,0.00010054536160154715,-0.0014250069676196777,299.2866084390889,0.0,0.030590461391905313,298.17477393722777,3.844995160058853e-17,0.0,3.7505050545812974e-06,99.39668867332267,6.44785128879259e-16,1.0002162171435626e-14,3.562650364921769e-10,1.1655927266367354e-26,1.5936488462818235e-17,2.6042904171594197,4.0209130917965226e-12,0.00032701768777491897,1000000.0,1000413.3395923368
0.0004088180842575508,0.00010054474430708042,-0.0014304580102968562,299.28020504762264,0.0,0.030591023129044197,298.1802659039478,3.841858169404983e-17,0.0,3.7505741336837583e-06,99.39851942249969,6.442904464907805e-16,9.992117193163391e-15,3.559067260635406e-10,1.1637290342508746e-26,1.5921971800492347e-17,2.6043383845783965,4.01979049694651e-12,0.0003270177662267851,1000000.0,1000410.2129297814
0.00040925079164661155,0.00010054412182362594,-0.0014486152151006423,299.2738689656903,0.0,0.030591589617046746,298.18580417280464,3.838730351800703e-17,0.0,3.7506437951842427e-06,99.40036560651393,6.437965834622022e-16,9.98208451990502e-15,3.5554886014230884e-10,1.1618754287458084e-26,1.5907620090902423e-17,2.6043867564051966,4.018682710018165e-12,0.0003270178453369118,1000000.0,1000407.4690294955
0.0004096834990356723,0.00010054348916516599,-0.0014769706742984129,299.26761763830575,0.0,0.030592165407511692,298.1914331097554,3.835614788181711e-17,0.0,3.7507145971270963e-06,99.40224201477623,6.433036567701594e-16,9.972065562412388e-15,3.5519149044171833e-10,1.1600336919884043e-26,1.5893472374634972e-17,2.604435920136844,4.0175943742443125e-12,0.0003270179257389609,1000000.0,1000405.3164085163
0.0004101162064247331,0.00010054284260006288,-0.0015122797442837046,299.26146385954587,0.0,0.030592753907469076,298.19718592431525,3.832513988329095e-17,0.0,3.75078695722859e-06,99.40415971769272,6.428117735388011e-16,9.962061359929153e-15,3.5483465505341654e-10,1.158205110823568e-26,1.5879557073063232e-17,2.6044861658288014,4.01652891005525e-12,0.00032701800790716347,1000000.0,1000403.910250091
0.00041054891381379384,0.00010054217991065086,-0.0015508410394136415,299.25541487323505,0.0,0.030593357142283825,298.20308235849416,3.8294297053140655e-17,0.0,3.750861123807879e-06,99.40612529627086,6.423210225649131e-16,9.952072508382544e-15,3.544783758134731e-10,1.1563903811692953e-26,1.58658899279343e-17,2.6045376659098984,4.015488273849011e-12,0.00032701809212333673,1000000.0,1000403.3415769497
0.0004109816212028546,0.00010054150052435128,-0.0015888060280793716,299.2494719432812,0.0,0.030593975635798683,298.2091275185012,3.826362817232222e-17,0.0,3.7509371610919357e-06,99.40814045266764,6.418314675585263e-16,9.942099126121847e-15,3.541226570474597e-10,1.1545895829852873e-26,1.5852473271953896e-17,2.6045904649783123,4.014472847609131e-12,0.00032701817846023237,1000000.0,1000403.6318642856
0.0004114143285919153,0.000100540805509467,-0.0016224906579152066,299.2436304145759,0.0,0.030594608413979974,298.2153119102704,3.823313281412269e-17,0.0,3.7510149496624e-06,99.4102020220321,6.413431425982899e-16,9.93214085897993e-15,3.537674857533847e-10,1.1528021691629351e-26,1.5839295947293242e-17,2.6046444801118533,4.013481446079665e-12,0.00032701826678207987,1000000.0,1000404.7333684417
0.0004118470359809761,0.00010054009744002268,-0.0016486645149194402,299.23788024499754,0.0,0.03059525312810131,298.22161264015904,3.8202801636684545e-17,0.0,3.751094201558217e-06,99.41230237275862,6.408560500887163e-16,9.922196922788747e-15,3.534128331621047e-10,1.1510270497051602e-26,1.5826334845371448e-17,2.6046995113549936,4.0125114610045466e-12,0.00032701835676176904,1000000.0,1000406.5349748916
0.00041227974337003685,0.0001005393801444094,-0.0016647953444616883,299.23220695177247,0.0,0.030595906284017402,298.2279956497437,3.8172617380948326e-17,0.0,3.7511744883853686e-06,99.41443015145715,6.403701613021769e-16,9.912266178902595e-15,3.5305865750631256e-10,1.1492626715371448e-26,1.5813556830410678e-17,2.6047552612378153,4.011559106718401e-12,0.0003270184479127971,1000000.0,1000408.872931685
0.0004127124507590976,0.00010053865836132895,-0.0016692307515519624,299.2265928844197,0.0,0.030596563556104562,298.2344187758896,3.8142556469094534e-17,0.0,3.7512552798070725e-06,99.41657130302865,6.398854193853703e-16,9.90234723562636e-15,3.5270490773929247e-10,1.1475071757882547e-26,1.5800921871408975e-17,2.604811361502981,4.010619754763962e-12,0.0003270185396329936,1000000.0,1000411.5454677185
0.0004131451581481584,0.00010053793733316087,-0.0016613043303320425,299.22101871330943,0.0,0.030597220158389678,298.2408353682574,3.8112591056046775e-17,0.0,3.7513359890455437e-06,99.41871027656249,6.394017445168758e-16,9.892438566634677e-15,3.523515278778265e-10,1.1457585291609474e-26,1.578838616360801e-17,2.60486740470143,4.0096883260032314e-12,0.00032701863125619537,1000000.0,1000414.3300179825
0.00041357786553721914,0.0001005372223710185,-0.0016413599159184442,299.2154650087977,0.0,0.030597871241598577,298.24719815945826,3.808269135970359e-17,0.0,3.751416021561618e-06,99.42083131545436,6.38919040737966e-16,9.882538636451301e-15,3.5199846160362873e-10,1.1440147140923108e-26,1.577590593767068e-17,2.604922977994726,4.008759706754625e-12,0.00032701872210751754,1000000.0,1000417.0016058827
0.0004140105729262799,0.00010053651842707722,-0.00161069443710228,299.2099137821099,0.0,0.030598512283642118,298.2534630712467,3.80528280772693e-17,0.0,3.7514948229298495e-06,99.42291972620227,6.38437203860431e-16,9.872646022737579e-15,3.516456567478004e-10,1.1422738594201052e-26,1.576344066302585e-17,2.6049776963987497,4.007829155512334e-12,0.00032701881155769875,1000000.0,1000419.3508801094
0.0004146755583453789,0.00010053546747899154,-0.0015476940320805202,299.2013536272257,0.0,0.030599469283182978,298.26281655317854,3.800694541293763e-17,0.0,3.751612472977601e-06,99.42603771298005,6.376981689466256e-16,9.857454622225977e-15,3.511038770405297e-10,1.1396008102450598e-26,1.5744237370555314e-17,2.605059390701694,4.006386378722625e-12,0.0003270189450997053,1000000.0,1000421.9366622302
0.00041516583316177156,0.00010053472169704294,-0.0014942919746183442,299.1950018380058,0.0,0.03060014835000914,298.2694542810071,3.7973089499341645e-17,0.0,3.7516959637030364e-06,99.42825040207751,6.371542570532306e-16,9.846261989367849e-15,3.507047048649009e-10,1.1376299772200106e-26,1.5730002671562842e-17,2.605117365320069,4.005308004084274e-12,0.00032701903986328,1000000.0,1000422.8339603461
0.0004156561079781642,0.00010053400243904484,-0.0014402514486181678,299.1886091927487,0.0,0.030600803217416258,298.27585612273987,3.793919098546185e-17,0.0,3.751776487403521e-06,99.43038445844392,6.366110435169134e-16,9.835075261584082e-15,3.503057403600254e-10,1.1356584491601268e-26,1.5715688877153068e-17,2.605173279684016,4.004215484039357e-12,0.00032701913125526003,1000000.0,1000422.7972260594
0.0004161463827945568,0.00010053330887877254,-0.0013901801086856336,299.18217901852677,0.0,0.030601434637822538,298.28202941233377,3.790524667806903e-17,0.0,3.751854136327112e-06,99.43244232685703,6.360684686085063e-16,9.823894698367912e-15,3.499069930354715e-10,1.1336865826243513e-26,1.5701303651983777e-17,2.605227197849101,4.003109671495449e-12,0.00032701921938068756,1000000.0,1000421.8624651347
0.00041663665761094943,0.00010053263805148236,-0.0013481270480708066,299.1757223092396,0.0,0.030602045316691393,298.28800052071915,3.7871265857693635e-17,0.0,3.75192924217292e-06,99.43443279807776,6.355265160455918e-16,9.81272116430582e-15,3.4950849459278827e-10,1.1317155129044536e-26,1.5686871754907083e-17,2.605279350141854,4.001993442957272e-12,0.0003270193046163301,1000000.0,1000420.1557555724
0.0004171269324273421,0.00010053198521403784,-0.0013172125480522968,299.1692563668532,0.0,0.03060263958389955,298.2938116525335,3.7837268886271414e-17,0.0,3.752002335799756e-06,99.43636994104011,6.349852125373667e-16,9.801556021606315e-15,3.4911029498444235e-10,1.1297470091202931e-26,1.5672431932932306e-17,2.605330105182101,4.000871343053785e-12,0.0003270193875649099,1000000.0,1000417.8778547432
0.0004176172072437347,0.00010053134438065852,-0.001299332735076024,299.16280281744326,0.0,0.030603222904649608,298.2995160788405,3.780328474430457e-17,0.0,3.752074087262269e-06,99.43827151367594,6.344446233624664e-16,9.790400973835393e-15,3.4871245668201357e-10,1.12778326300064e-26,1.5658032387734072e-17,2.6053799282450183,3.999749062663797e-12,0.00032701946898702083,1000000.0,1000415.2814230887
0.00041810748206012736,0.00010053070897515602,-0.001294989586233333,299.1563852237201,0.0,0.03060380128391943,298.30517233211276,3.7769347770242776e-17,0.0,3.75214523279422e-06,99.44015702781016,6.339048441773947e-16,9.779257878121597e-15,3.483150477910926e-10,1.1258266607073302e-26,1.5643725631194577e-17,2.605429330559492,3.998632817879218e-12,0.00032701954971824744,1000000.0,1000412.6433880561
0.00041859775687651994,0.0001005300725244551,-0.0013032823389330195,299.15002657170675,0.0,0.03060438063312453,298.310838032888,3.7735493911193423e-17,0.0,3.752216497158854e-06,99.44204569127362,6.333659897826506e-16,9.76812854784245e-15,3.479181348101804e-10,1.123879495535659e-26,1.562956250127054e-17,2.6054788153894703,3.99752867898558e-12,0.00032701963058104556,1000000.0,1000410.2356432808
0.0004190880316929126,0.00010052942931618392,-0.0013220533965994118,299.14374691024835,0.0,0.030604966169515,298.3165640354918,3.7701756928509605e-17,0.0,3.7522885200125834e-06,99.44395445637761,6.328281812073188e-16,9.757014567352839e-15,3.475217758369479e-10,1.1219437623266182e-26,1.5615587291061217e-17,2.605528826902081,3.996441954775976e-12,0.0003270197123011953,1000000.0,1000408.2973416479
0.00041957830650930523,0.00010052877495294128,-0.0013481559946308128,299.1375613826517,0.0,0.03060556190986281,298.322389492835,3.766816499243229e-17,0.0,3.7523617938289578e-06,99.4458963747617,6.322915326920261e-16,9.745917137758413e-15,3.471260149116328e-10,1.1200209290380863e-26,1.5601833066809996e-17,2.6055797070630415,3.995376672118795e-12,0.0003270197954373883,1000000.0,1000407.011612827
0.00042006858132569787,0.00010052810675247245,-0.0013778075528904088,299.131478829032,0.0,0.03060617030481727,298.3283382923459,3.7634737989382464e-17,0.0,3.7524366190690775e-06,99.44787940931037,6.317561399354354e-16,9.734836967669298e-15,3.467308780085688e-10,1.1181118429932e-26,1.5588319039980463e-17,2.60563166450771,3.9943352057173534e-12,0.0003270198803303957,1000000.0,1000406.4888317526
0.0004205588561420905,0.00010052742396087337,-0.0014069940244957927,299.1255010733483,0.0,0.030606792043976136,298.33441715592033,3.760148575547847e-17,0.0,3.7525130802823623e-06,99.44990580077044,6.312220706525614e-16,9.72377421761789e-15,3.463363709975251e-10,1.1162166113824593e-26,1.5575048537408038e-17,2.6056847579458435,3.993318088202716e-12,0.00032701996707599205,1000000.0,1000406.7578095988
0.0004210491309584831,0.00010052672776358462,-0.001431886624288776,299.11962294461773,0.0,0.03060742604561465,298.34061553979205,3.7568407377188054e-17,0.0,3.7525910448471032e-06,99.45197203437294,6.306893582535764e-16,9.712728501884803e-15,3.4594247971058753e-10,1.1143346732725598e-26,1.5562009687232856e-17,2.6057388952870593,3.992324012704336e-12,0.0003270200555235676,1000000.0,1000407.7655318044
0.00042153589660203064,0.00010052602615904893,-0.0014491700955416938,299.11387427075147,0.0,0.030608065018283954,298.346862239167,3.753572674722174e-17,0.0,3.7526696171345007e-06,99.45405437397152,6.301617976059095e-16,9.701777843208435e-15,3.4555198546375386e-10,1.1124781540950747e-26,1.5549267825759612e-17,2.605793454621111,3.991356954924792e-12,0.0003270201446569819,1000000.0,1000409.372957427
0.0004220226622455782,0.0001005253184166441,-0.0014566995753828172,299.108196746994,0.0,0.030608709616150895,298.35316376341984,3.750318701754876e-17,0.0,3.7527488790207524e-06,99.45615498946673,6.296355333346538e-16,9.690841898507111e-15,3.451620219196865e-10,1.110631920829593e-26,1.553669344589489e-17,2.6058484928015204,3.9904055898725746e-12,0.00032702023456907117,1000000.0,1000411.4048728127
0.00042250942788912566,0.00010052460964589188,-0.0014531761781938614,299.1025713724735,0.0,0.030609355172191266,298.35947462161647,3.7470762251105664e-17,0.0,3.7528282583113178e-06,99.45825871643622,6.291104977554233e-16,9.67991920164363e-15,3.447725352782389e-10,1.1087940258015018e-26,1.552424408102879e-17,2.605903612505597,3.989464954905971e-12,0.0003270203246107273,1000000.0,1000413.6437667883
0.0004229961935326732,0.00010052390531499215,-0.001438471634014541,299.0969780202223,0.0,0.030609996691202228,298.3657461239192,3.7438422776081076e-17,0.0,3.7529071425751705e-06,99.46034932410168,6.28586600066695e-16,9.669008197513864e-15,3.443834684770808e-10,1.1069624294246317e-26,1.551187499073249e-17,2.6059583884710813,3.988529783519006e-12,0.00032702041408728895,1000000.0,1000415.8575491889
0.0004233350498157995,0.00010052342048344208,-0.0014221409468289615,299.0930927365559,0.0,0.030610438281837536,298.3700632625378,3.741594397742859e-17,0.0,3.7529614444449424e-06,99.46178844389122,6.282225105330668e-16,9.661418723655197e-15,3.441128423526944e-10,1.1056900527150109e-26,1.550328864702693e-17,2.6059960948170557,3.98787926364505e-12,0.00032702047567854345,1000000.0,1000417.2627454004
0.00042367390609892577,0.00010052294195485987,-0.0014015249377546904,299.0892078537836,0.0,0.030610874123226998,298.3743243586295,3.7393482066694184e-17,0.0,3.753015041400019e-06,99.46320888188045,6.278588850562709e-16,9.653833746953486e-15,3.4384237678356803e-10,1.1044192087883425e-26,1.5494707724510146e-17,2.6060333116815984,3.987227426504157e-12,0.0003270205364685866,1000000.0,1000418.4801115057
0.00042401276238205205,0.00010052247102445724,-0.001377467569150124,299.08531870333945,0.0,0.03061130303178164,298.37851787534925,3.737102862913718e-17,0.0,3.753067788327535e-06,99.4646067922571,6.274956887979462e-16,9.646252906060064e-15,3.435720585103513e-10,1.1031494323948766e-26,1.548612192743437e-17,2.606069938300667,3.986573044651605e-12,0.00032702059629289036,1000000.0,1000419.4550004598
0.00042435161866517834,0.00010052200868876261,-0.0013509586751844099,299.08142172011856,0.0,0.030611724096701935,298.38263493481503,3.7348576632714756e-17,0.0,3.7531195735596235e-06,99.46597921557547,6.271328896027972e-16,9.638675924874405e-15,3.4330187740139897e-10,1.1018803694950023e-26,1.547752340907196e-17,2.6061058971338906,3.985915178951439e-12,0.0003270206550248725,1000000.0,1000420.145455755
0.0004246904749483046,0.00010052155559905812,-0.001323085771918596,299.0775146040504,0.0,0.030612136722545962,298.38666973303646,3.732612075180837e-17,0.0,3.753170324092471e-06,99.4673242170728,6.267704594614873e-16,9.631102625009197e-15,3.4303182691007405e-10,1.1006117932377713e-26,1.5468907127442477e-17,2.606141137488594,3.9852532213598944e-12,0.00032702071258181053,1000000.0,1000420.5241553686
0.00042524928596362555,0.00010052082915994381,-0.0012771155378190375,299.0710473546714,0.0,0.030612798241981206,298.3931388803548,3.728907208223491e-17,0.0,3.753251694375185e-06,99.4694807097429,6.261735219898915e-16,9.618621322641029e-15,3.425867641435321e-10,1.098520656835524e-26,1.5454655139011137e-17,2.6061976397057243,3.984152143108005e-12,0.00032702080486182706,1000000.0,1000420.4446381194
0.0004258080969789465,0.00010052012745777217,-0.0012353657991239094,299.0645544681472,0.0,0.030613437180443553,298.3993879157489,3.7252001740820786e-17,0.0,3.7533302960437987e-06,99.47156382800881,6.255774674559359e-16,9.606150174610843e-15,3.4214206182388336e-10,1.0964310485622257e-26,1.544035931096478e-17,2.6062522194417297,3.983040405125918e-12,0.000327020893998175,1000000.0,1000419.5359805677
0.00042636690799426746,0.0001005194469285357,-0.00120206368384891,299.05804902685435,0.0,0.030614056792396007,298.4054485614702,3.721492167423422e-17,0.0,3.7534065281074693e-06,99.47358414649673,6.249822846364832e-16,9.593690186718618e-15,3.4169775684467413e-10,1.0943442662524292e-26,1.542604853036602e-17,2.6063051537621553,3.981921421752096e-12,0.00032702098044364773,1000000.0,1000417.9493311004
0.0004269257190095884,0.00010051878195182331,-0.0011801611891541744,299.0515513770047,0.0,0.030614662211640758,298.4113708583549,3.7177856817070053e-17,0.0,3.7534810199903653e-06,99.47555834634083,6.243880143415094e-16,9.581242925465481e-15,3.4125390667069536e-10,1.092262312652607e-26,1.5411767531638748e-17,2.606356879729024,3.980800522101811e-12,0.0003270210649122445,1000000.0,1000415.9221064433
0.0004274845300249093,0.00010051812568528369,-0.0011709340213766708,299.0450860479348,0.0,0.03061525968906762,298.41721573591855,3.7140841226703256e-17,0.0,3.7535545380767526e-06,99.4775067384212,6.237947418759069e-16,9.568810281138992e-15,3.408105806453041e-10,1.0901875857976697e-26,1.5397570067493538e-17,2.6064079295072515,3.979684145633751e-12,0.00032702114827315844,1000000.0,1000413.74254017
0.00042804334104023026,0.00010051747107110427,-0.001173908808215127,299.0386780966645,0.0,0.030615855673105055,298.4230460492091,3.710391279640781e-17,0.0,3.753627872970653e-06,99.47945027549503,6.232025818757688e-16,9.55639418648063e-15,3.403678496678485e-10,1.0881225159237818e-26,1.538351084971988e-17,2.6064588520795593,3.978578884206627e-12,0.00032702123142292475,1000000.0,1000411.7071249965
0.0004286021520555512,0.00010051681179496819,-0.001187045715281251,299.0323496616587,0.0,0.030616455933465847,298.4289180376589,3.70671078442532e-17,0.0,3.753701732063482e-06,99.48140770500117,6.226116601941766e-16,9.543996351733029e-15,3.3992577647344564e-10,1.0860692322336612e-26,1.5369638049568918e-17,2.6065101386471747,3.9774905791996826e-12,0.0003270213151636109,1000000.0,1000410.0801869079
0.0004291609630708722,0.00010051614306051592,-0.001207077163339262,299.02611720787405,0.0,0.030617064853362734,298.4348744260615,3.7030456445378923e-17,0.0,3.7537766527566824e-06,99.48339326926786,6.220220964787529e-16,9.531618053519518e-15,3.3948440788410953e-10,1.0840292879334025e-26,1.535598720591315e-17,2.6065621623730215,3.976423594511119e-12,0.00032702140010445113,1000000.0,1000409.0613311674
0.0004297197740861931,0.00010051546213063649,-0.0012299630359979504,299.01998963347563,0.0,0.030617684934696122,298.44093960145443,3.69939788418655e-17,0.0,3.7538529417955444e-06,99.48541509772451,6.214339887877989e-16,9.519259990133763e-15,3.3904376950026534e-10,1.0820034889834917e-26,1.5342577230091674e-17,2.606615136256096,3.9753803199612715e-12,0.0003270214865931052,1000000.0,1000408.7627967737
0.00043027858510151404,0.00010051476860515213,-0.0012514372301017933,299.01396734436247,0.0,0.03061831654405467,298.4471171372812,3.69576831367201e-17,0.0,3.7539306441275945e-06,99.48747438158009,6.208474011053881e-16,9.506922211049787e-15,3.386038631142859e-10,1.0799918078036492e-26,1.5329408422920377e-17,2.6066690915072397,3.974360924668449e-12,0.0003270215746804009,1000000.0,1000409.1979914363
0.00043083739611683497,0.00010051406439647522,-0.001267583322546247,299.00804242643306,0.0,0.03061895793467606,298.4533900074309,3.6921564557158207e-17,0.0,3.754009545594823e-06,99.48956544517314,6.202623552842634e-16,9.494604130269447e-15,3.3816466719991113e-10,1.0779934098367322e-26,1.5316462945142075e-17,2.606723879418573,3.973363397354104e-12,0.00032702166412343684,1000000.0,1000410.2827995379
0.0004313962071321559,0.0001005133533926541,-0.0012753486231312004,299.00219994083494,0.0,0.0306196055540914,298.4597235849322,3.6885606467597046e-17,0.0,3.7540892106519e-06,99.491676745588,6.19678828899539e-16,9.482304625271192e-15,3.377261405427271e-10,1.0760067811085769e-26,1.5303707657140878e-17,2.606779197554421,3.972383880252645e-12,0.0003270217544283893,1000000.0,1000411.8500668955
0.0004319550181474769,0.000100512640858204,-0.0012729180772979526,298.9964201481797,0.0,0.03062025459145691,298.4660709769673,3.6849783011105846e-17,0.0,3.7541690494710954e-06,99.49379265108372,6.190967593393671e-16,9.470022206465323e-15,3.3728822846276425e-10,1.0740299659023823e-26,1.529109919439917e-17,2.606834636347888,3.971417252719682e-12,0.0003270218449266199,1000000.0,1000413.6750954732
0.0004325138291627978,0.00010051193267358168,-0.0012599030023532094,298.9906812900571,0.0,0.030620899672451084,298.47237979826224,3.6814062867798905e-17,0.0,3.7542484031394093e-06,99.49589569900687,6.185160531834911e-16,9.457755229125412e-15,3.368508705847257e-10,1.0720608108023567e-26,1.5278589750830502e-17,2.606889738260382,3.970457848211814e-12,0.00032702193487127505,1000000.0,1000415.5078663083
0.00043307264017811874,0.00010051123452929652,-0.001237334135757046,298.98496250610435,0.0,0.030621535595759756,298.4785993498568,3.6778413562389875e-17,0.0,3.75432663395465e-06,99.4979689888372,6.179365991607334e-16,9.445502114907001e-15,3.3641400897374003e-10,1.0700972798082618e-26,1.5266133778577287e-17,2.6069440604817506,3.9695002260140735e-12,0.0003270220235396423,1000000.0,1000417.1070849082
0.0004336314511934397,0.00010051055118085066,-0.00120747104859882,298.97924650387034,0.0,0.030622158014098348,298.4846872572661,3.6742805732319115e-17,0.0,3.7544032089216284e-06,99.49999839502208,6.173582828190382e-16,9.433261554466748e-15,3.359775955690201e-10,1.0681376864108543e-26,1.5253693538762585e-17,2.6069972329087054,3.96853986664282e-12,0.0003270221103277757,1000000.0,1000418.2715684323
0.0004341902622087606,0.00010050988585433078,-0.001173458310963459,298.9735216607807,0.0,0.030622763977652536,298.4906147675938,3.6707216814935044e-17,0.0,3.7544777663803655e-06,99.50197433277118,6.167810010375146e-16,9.421032666687976e-15,3.355415980260104e-10,1.0661809103216155e-26,1.5241243804436512e-17,2.6070490044103685,3.967573724447996e-12,0.00032702219482598477,1000000.0,1000418.8651941954
0.0004347490732240816,0.00010050923987346695,-0.0011388769231891306,298.9677833089229,0.0,0.030623352275170514,298.496370074291,3.667163370486899e-17,0.0,3.754550157825605e-06,99.5038928663664,6.162046745405217e-16,9.408815095753585e-15,3.351060032797565e-10,1.0642264979127867e-26,1.5228774443422952e-17,2.6070992718670785,3.966600567399214e-12,0.0003270222768661928,1000000.0,1000418.8324403365
0.0004353078842394025,0.00010050861255153279,-0.0011072537857721356,298.96203405473887,0.0,0.030623923533010616,298.5019592826246,3.663605406905986e-17,0.0,3.754620460050678e-06,99.50575603100107,6.156292568048672e-16,9.396609035161599e-15,3.346708184257586e-10,1.0622747039235143e-26,1.5216291203247853e-17,2.60714808860289,3.9656210644366815e-12,0.0003270223565356582,1000000.0,1000418.2027155472
0.00043586669525472345,0.00010050800135460475,-0.0010815968135911838,298.95628311988077,0.0,0.030624480066137497,298.50740495730287,3.6600486184881694e-17,0.0,3.7546889568792325e-06,99.50757134863032,6.15054738277419e-16,9.384415177811954e-15,3.342360688876852e-10,1.0603264063369784e-26,1.520381409249803e-17,2.607195651700381,3.964637616945188e-12,0.0003270224341562308,1000000.0,1000417.0832347319
0.0004364255062700444,0.0001005074023039253,-0.0010640172209368378,298.9505448290073,0.0,0.03062502551051089,298.512742539256,3.6564947378710916e-17,0.0,3.75475609409475e-06,99.50935063350346,6.144811455283179e-16,9.372234601821234e-15,3.3380179422752157e-10,1.0583829732446323e-26,1.5191374192293965e-17,2.6072422707044343,3.963653967779722e-12,0.00032702251023324183,1000000.0,1000415.6418332921
0.0004369843172853653,0.00010050681055364356,-0.001055484905460741,298.94483648217175,0.0,0.030625564295093458,298.51801519912425,3.652946131048128e-17,0.0,3.754822414706625e-06,99.51110827657189,6.1390853568483285e-16,9.360068610338968e-15,3.3336804226208034e-10,1.0564460303909998e-26,1.5179008775367888e-17,2.6072883226720447,3.962674642858879e-12,0.0003270225853821261,1000000.0,1000414.0824359504
0.0004375431283006863,0.00010050622106034856,-0.0010557440814327136,298.93917591833696,0.0,0.030626101029870893,298.5232678720821,3.6494054551272694e-17,0.0,3.7548884839189394e-06,99.5128592569953,6.133369870600896e-16,9.347918548108002e-15,3.3293486233632273e-10,1.0545172554836338e-26,1.51667562967899e-17,2.6073342000718402,3.961704322876076e-12,0.00032702266024339116,1000000.0,1000412.6167252199
0.00043810193931600723,0.00010050562925292044,-0.0010633937806119546,298.93357910194163,0.0,0.03062663989350222,298.5285412890518,3.645875291985427e-17,0.0,3.7549548140538046e-06,99.51461715244406,6.127665873696388e-16,9.335785620306066e-15,3.325022986708501e-10,1.0525981311849647e-26,1.5154650999045197e-17,2.60738025865206,3.960747208164325e-12,0.0003270227353975527,1000000.0,1000411.4358773174
0.0004390577991518479,0.0001005046020515722,-0.0010867969749255935,298.92418583665216,0.0,0.030627575286050267,298.5376946644016,3.639867170807907e-17,0.0,3.7550699471120783e-06,99.51766843342746,6.117938046819044e-16,9.31507413183167e-15,3.317639068087369e-10,1.049340750792927e-26,1.5134354900952822e-17,2.6074602051983704,3.9591492414439646e-12,0.00032702286584053756,1000000.0,1000410.4723118361
0.0004396186305969549,0.0001005039882893912,-0.0011014205820626928,298.91878741957595,0.0,0.030628134250411013,298.5431640682944,3.63636176277467e-17,0.0,3.7551387424116673e-06,99.51949166120001,6.112248521874237e-16,9.302947410547832e-15,3.3133158259637714e-10,1.0474450094092998e-26,1.5122702091078003e-17,2.6075079755493444,3.958236610458778e-12,0.0003270229437801131,1000000.0,1000410.6208521101
0.0004401794620420618,0.00010050336709769654,-0.0011129922578552835,298.91346873687195,0.0,0.03062870002161898,298.54869981465737,3.632871050399271e-17,0.0,3.755208372180812e-06,99.52133700426354,6.106572735051153e-16,9.290839153739229e-15,3.3089992330483395e-10,1.0455602853993252e-26,1.511122966055567e-17,2.607556325342562,3.95734150929487e-12,0.000327023022662199,1000000.0,1000411.2618928994
0.00044074029348716877,0.00010050274085275174,-0.001119152080342641,298.90822046856675,0.0,0.030629270427591608,298.55428073155986,3.629394085691075e-17,0.0,3.755278570114512e-06,99.52319740494588,6.100910611366641e-16,9.27874867665721e-15,3.3046890378145323e-10,1.0436856527517902e-26,1.5099917160725898e-17,2.607605069660112,3.95646155141921e-12,0.00032702310218505384,1000000.0,1000412.292616973
0.0004413011249322757,0.00010050211305580171,-0.001118327291999131,298.90302933940126,0.0,0.030629842267460516,298.5598756191095,3.6259292076121574e-17,0.0,3.755348943773956e-06,99.52506246274953,6.095261783928333e-16,9.266674999078805e-15,3.300384880292859e-10,1.0418198208987975e-26,1.5088735698231346e-17,2.607653935998792,3.9555933124636e-12,0.0003270231819040872,1000000.0,1000413.5630635195
0.00044186195637738266,0.0001005014878524918,-0.0011098871676569007,298.89787988132747,0.0,0.03063041175084877,298.56544753123586,3.6224742723750556e-17,0.0,3.7554190284436946e-06,99.52691986168608,6.089625646891396e-16,9.254616976817016e-15,3.296086340339107e-10,1.039961302831157e-26,1.5077651748457846e-17,2.607702601667665,3.954732788040787e-12,0.00032702326129288844,1000000.0,1000414.8965095411
0.0004424227878224896,0.00010050086945838772,-0.0010942355922909886,298.89275652679663,0.0,0.030630975023074644,298.5709588950322,3.6190269428075927e-17,0.0,3.7554883515238e-06,99.52875707681098,6.084001431927931e-16,9.242573457069335e-15,3.291792994669745e-10,1.0381086149713975e-26,1.5066631688297864e-17,2.6077507385009393,3.953875939025906e-12,0.0003270233398161777,1000000.0,1000416.113789646
0.00044298361926759655,0.00010050026157794321,-0.001072751512979456,298.887645703542,0.0,0.030631528696430297,298.5763766893181,3.6155850031275925e-17,0.0,3.7555564976669175e-06,99.53056310049959,6.078388307908147e-16,9.23054343378872e-15,3.287504473870701e-10,1.0362604634758282e-26,1.5055646194261507e-17,2.6077980580880884,3.953019234725049e-12,0.000327023417003586,1000000.0,1000417.057819389
0.0004437123438899338,0.00010049949174644836,-0.0010396351131631947,298.88100787840415,0.0,0.030632229828448872,298.5832380764303,3.611117822403004e-17,0.0,3.755642801620348e-06,99.53285034636839,6.071110108660546e-16,9.214931039876161e-15,3.2819389001102346e-10,1.0338643397785943e-26,1.5041389931819158e-17,2.607857986167077,3.951902185926855e-12,0.0003270235147539398,1000000.0,1000417.6933934645
0.00044444106851227106,0.00010049874671790817,-0.0010058528506340886,298.87436562936875,0.0,0.03063290830257574,298.58987859893676,3.6066544272834735e-17,0.0,3.7557263274922958e-06,99.5350639669264,6.063847993946016e-16,9.199339528902374e-15,3.2763807733330463e-10,1.0314734612540432e-26,1.502713709290585e-17,2.6079159851909424,3.9507787089383985e-12,0.00032702360935350056,1000000.0,1000417.5694219626
0.0004449523443570282,0.00010049823801452253,-0.0009847958476644106,298.86970566394865,0.0,0.030633371522558538,298.5944128421269,3.603525047241347e-17,0.0,3.7557833601450043e-06,99.53657545851061,6.058762088726593e-16,9.188413143098452e-15,3.27248569350497e-10,1.0297994074999769e-26,1.501714551288842e-17,2.607955587748929,3.949987384869463e-12,0.0003270236739449842,1000000.0,1000417.0626910706
0.0004454636202017854,0.00010049773908320024,-0.000967689278926382,298.8650523195553,0.0,0.03063382581627938,298.5988600728494,3.600398067707706e-17,0.0,3.755839298336587e-06,99.53805794445152,6.053683763708252e-16,9.177497679542048e-15,3.268594515290748e-10,1.0281287432199937e-26,1.500717445694095e-17,2.6079944303307037,3.949195181051533e-12,0.00032702373729500393,1000000.0,1000416.284970192
0.00044597489604654254,0.00010049724765844952,-0.0009555370763037114,298.8604136795808,0.0,0.03063427325495579,298.6032404799973,3.597274488954434e-17,0.0,3.755894396007191e-06,99.53951815472533,6.0486131882162935e-16,9.16659373266549e-15,3.2647074568719593e-10,1.026462209630695e-26,1.499724118597793e-17,2.6080326892682213,3.948404206024614e-12,0.00032702379969123236,1000000.0,1000415.3315939559
0.0004464861718912997,0.0001004967610798919,-0.0009487948260388432,298.8557991785316,0.0,0.03063471627109647,298.60757777411595,3.5941556022100243e-17,0.0,3.755948951393042e-06,99.54096399325243,6.04355067353177e-16,9.155701996623741e-15,3.260824773037087e-10,1.024800667994273e-26,1.4987365806353635e-17,2.608070571651924,3.9476169247929665e-12,0.0003270238614714754,1000000.0,1000414.3143218989
0.00044699744773605686,0.00010049627658208056,-0.0009473311954947451,298.85121854721086,0.0,0.030635157393487142,298.6118966042163,3.5910428425413773e-17,0.0,3.756003274534589e-06,99.54240367679121,6.038496633471254e-16,9.144823187742613e-15,3.2569467267007363e-10,1.0231449993601393e-26,1.4977568989341023e-17,2.6081082927689145,3.9468358840459274e-12,0.00032702392298687266,1000000.0,1000413.3490722708
0.00044750872358081397,0.00010049579161513409,-0.0009504330419065704,298.84668065278083,0.0,0.03063559895396586,298.616219699609,3.587937620203676e-17,0.0,3.756057651325885e-06,99.54384478216713,6.03345153385782e-16,9.133957959449588e-15,3.2530735576937117e-10,1.0214960052054506e-26,1.4967869571699275e-17,2.608146051139427,3.946063412792743e-12,0.0003270239845611869,1000000.0,1000412.5423749816
0.00044801999942557113,0.00010049530413346808,-0.000956894544703511,298.842192466589,0.0,0.030636042823343538,298.62056529582475,3.584841155589078e-17,0.0,3.75611231113727e-06,99.5452933882021,6.028415834708854e-16,9.1231068267433e-15,3.2492054549996456e-10,1.0198543000307193e-26,1.495828222864037e-17,2.6081840060345383,3.945301349680161e-12,0.00032702404645414547,1000000.0,1000411.9792138343
0.0004485312752703283,0.00010049481280621719,-0.0009651793762441564,298.83775832611605,0.0,0.030636490218915312,298.62494525835206,3.5817543439021035e-17,0.0,3.756167403215358e-06,99.54675345026186,6.02338993392077e-16,9.112270112063103e-15,3.2453425368939353e-10,1.0182202567716826e-26,1.494881602430523e-17,2.6082222610886983,3.944550851457252e-12,0.00032702410883472566,1000000.0,1000411.7142136554
0.00044904255111508545,0.00010049431713180955,-0.0009736132529902894,298.83337954836,0.0,0.030636941599610914,298.6293640606243,3.5786776658523865e-17,0.0,3.756222983827934e-06,99.54822645956732,6.018374121373731e-16,9.101447916976108e-15,3.241484840553858e-10,1.0165939606804339e-26,1.4939473493665508e-17,2.608260855373352,3.943812290320608e-12,0.0003270241717666104,1000000.0,1000411.7668926595
0.0004495538269598426,0.00010049381745705637,-0.0009805732339329552,298.82905438851986,0.0,0.030637396648462288,298.6338186131184,3.5756111509934646e-17,0.0,3.756279014114326e-06,99.5497113862246,6.013368548230213e-16,9.090640119115681e-15,3.2376323209713575e-10,1.0149752335626473e-26,1.4930250813993035e-17,2.6082997619042745,3.943085245467545e-12,0.00032702423520577134,1000000.0,1000412.1209484972
0.0004500651028045998,0.00010049331490669187,-0.0009846599935483171,298.82477832021095,0.0,0.03063785433697177,298.6382988907684,3.572554387866161e-17,0.0,3.7563353679771453e-06,99.55120488837372,6.008373212813142e-16,9.079846392961384e-15,3.2337848585054055e-10,1.0133636202694835e-26,1.4921138027513327e-17,2.6083388931214646,3.9423685662457306e-12,0.00032702429900941687,1000000.0,1000412.7273196371
0.00045057637864935694,0.00010049281123208137,-0.0009848432130161956,298.82054460427617,0.0,0.030638313063418576,298.6427892810835,3.5695065808713373e-17,0.0,3.756391849039197e-06,99.55270176158415,6.003387962868207e-16,9.069066251214269e-15,3.229942274143112e-10,1.0117584920891004e-26,1.4912120720831928e-17,2.608378112663756,3.941660526490413e-12,0.000327024362955201,1000000.0,1000413.5106492208
0.0004510876544941141,0.00010049230859457483,-0.00098056527183675,298.81634508809384,0.0,0.030638770850958737,298.6472705150957,3.566466648654823e-17,0.0,3.756448214931347e-06,99.55419558253716,5.998412513872335e-16,9.058299103092937e-15,3.226104350890498e-10,1.0101590663935014e-26,1.490318127094997e-17,2.608417252233919,3.940959027754668e-12,0.0003270244267687295,1000000.0,1000414.3784905705
0.0004515989303388712,0.00010049180930847585,-0.0009717887781401066,298.8121711429116,0.0,0.030639225582688542,298.65172195860686,3.563433352003549e-17,0.0,3.7565042061123104e-06,99.55567947281398,5.993446481728565e-16,9.047544322585325e-15,3.2222708588168595e-10,1.0085645586053909e-26,1.4894301368535656e-17,2.6084561316106556,3.940261842783569e-12,0.0003270244901561936,1000000.0,1000415.2321922764
0.00045211020618362836,0.00010049131557516636,-0.0009589823795397689,298.80801462418015,0.0,0.030639675244827656,298.6561239825828,3.5604054348105395e-17,0.0,3.756559575683961e-06,99.55714688906761,5.988489425847264e-16,9.036801318194039e-15,3.2184415806811706e-10,1.0069741887807076e-26,1.4885463443160398e-17,2.6084945793518783,3.9395668654544764e-12,0.0003270245528381257,1000000.0,1000415.9781271862
0.0004529265426473544,0.00010049054318745532,-0.0009325096928508969,298.8013978870866,0.0,0.03064037864417524,298.663010605079,3.555579263955968e-17,0.0,3.756646197051338e-06,99.55944254710887,5.98059216975602e-16,9.01967156155248e-15,3.2123358050140417e-10,1.004442016873764e-26,1.4871404832286534e-17,2.6085547278381176,3.938457576338769e-12,0.00032702465089547725,1000000.0,1000416.7576974316
0.0004537428791110804,0.00010048979402868705,-0.0009032579688427727,298.79479222792804,0.0,0.03064106081767054,298.66969032023127,3.550760705214683e-17,0.0,3.7567302158946108e-06,99.5616692324986,5.972715086509301e-16,9.002569395857894e-15,3.206239879482091e-10,1.0019173396329113e-26,1.4857382380629133e-17,2.608613069173454,3.937345272220649e-12,0.0003270247460024306,1000000.0,1000416.8773690946
0.00045429999849154836,0.00010048929611725658,-0.0008847480842723091,298.79029032296233,0.0,0.030641514165344785,298.67412995203875,3.5474760407530665e-17,0.0,3.7567860585043944e-06,99.56314918531022,5.967350331344194e-16,8.990913623492075e-15,3.2020852845186773e-10,1.0001986207404851e-26,1.48478330004038e-17,2.6086518453848173,3.9365843941574956e-12,0.0003270248092123231,1000000.0,1000416.5789094814
0.00045485711787201637,0.00010048880771055602,-0.0008692342359271808,298.78579820176486,0.0,0.03064195882777555,298.6784849203437,3.5441948482746174e-17,0.0,3.7568408361988305e-06,99.5646009155071,5.961994440632779e-16,8.979271024571684e-15,3.197935395788752e-10,9.98483792939743e-27,1.4838310207096045e-17,2.6086898821360816,3.9358233117173066e-12,0.00032702487121495356,1000000.0,1000416.0281830236
0.00045541423725248433,0.00010048832684926677,-0.0008577620818866787,298.78132280457174,0.0,0.03064239659684993,298.68277269133006,3.540917947240789e-17,0.0,3.7568947686712555e-06,99.5660302454491,5.956647519854309e-16,8.967642096440122e-15,3.193790395889822e-10,9.967734710322084e-27,1.48288286462398e-17,2.608727331978768,3.93506383257619e-12,0.00032702493225907374,1000000.0,1000415.3074801515
0.00045597135663295234,0.00010048785112354755,-0.0008508478323039993,298.7768726271017,0.0,0.03064282967674601,298.6870147499506,3.537646471889372e-17,0.0,3.7569481261639283e-06,99.56744433715448,5.951309821035062e-16,8.956027448675322e-15,3.1896505086245026e-10,9.950684051736786e-27,1.4819406217584598e-17,2.608764382564756,3.934308172732617e-12,0.00032702499265062384,1000000.0,1000414.5178795486
0.0004565284760134203,0.00010048737797966278,-0.0008484337060514677,298.772456604195,0.0,0.030643260403451073,298.69123386596993,3.534381717822165e-17,0.0,3.757001195079737e-06,99.56885078093399,5.945981702290838e-16,8.944427722694831e-15,3.185515969478951e-10,9.933693793803426e-27,1.4810061704359694e-17,2.608801232767608,3.933558667199573e-12,0.00032702505271380554,1000000.0,1000413.7662675241
0.00045708559539388825,0.0001004869050567218,-0.0008498786618087663,298.7680828896134,0.0,0.030643690936702453,298.69545109119844,3.5311249681434434e-17,0.0,3.7570542402127853e-06,99.57025659441769,5.940663577826504e-16,8.93284350432685e-15,3.1813869935180323e-10,9.91677102700557e-27,1.4800812200467034e-17,2.608838066456092,3.932817453938274e-12,0.0003270251127483333,1000000.0,1000413.151101775
0.00045764271477435626,0.00010048643049903117,-0.000854044710768547,298.7637577381192,0.0,0.030644122974207034,298.69968297388124,3.527877318136811e-17,0.0,3.7571074697103814e-06,99.57166729397011,5.93535585770985e-16,8.921275243766661e-15,3.1772637459851324e-10,9.89992108946451e-27,1.479167074683253e-17,2.6088750281643533,3.932086182920748e-12,0.0003270251729897839,1000000.0,1000412.7492527794
0.0004581998341548242,0.00010048595318771971,-0.0008594756621140661,298.75948469332894,0.0,0.03064455753968701,298.7039394926953,3.524639528002856e-17,0.0,3.7571610090864237e-06,99.57308620598754,5.93005888638634e-16,8.909723197344219e-15,3.1731463209215707e-10,9.883146861809793e-27,1.478264463492428e-17,2.6089122050472255,3.931365804100189e-12,0.00032702523358019565,1000000.0,1000412.6063025235
0.0004587569535352922,0.00010048547285625094,-0.0008646157782440408,298.75526420161094,0.0,0.0306449948771344,298.70822302600203,3.5214119300089597e-17,0.0,3.7572148882564414e-06,99.57451412329773,5.924772893162325e-16,8.898187399854755e-15,3.169034731006647e-10,9.86644843802819e-27,1.4773734603918394e-17,2.6089496178775704,3.9306564651808295e-12,0.0003270252945534081,1000000.0,1000412.7317697402
0.0004593140729157602,0.0001004849900831936,-0.0008680207186655525,298.7510936689016,0.0,0.030645434457352422,298.7125284156004,3.518194401223845e-17,0.0,3.7572690423394994e-06,99.57594932641223,5.919497962767727e-16,8.886667668635374e-15,3.164928909071419e-10,9.849823233138832e-27,1.4764935008730118e-17,2.6089872216031096,3.92995752537487e-12,0.00032702535583598334,1000000.0,1000413.0995179139
0.0004598711922962282,0.00010048450617655801,-0.0008685359198416896,298.74696790535245,0.0,0.030645875083707422,298.7168439975247,3.5149863966951523e-17,0.0,3.757323324623781e-06,99.577387927143,5.914234027059157e-16,8.875163635488264e-15,3.160828719799152e-10,9.833266337097622e-27,1.4756234718131344e-17,2.6090249143495163,3.929267667349015e-12,0.00032702541726189105,1000000.0,1000413.652730419
0.00046042831167669615,0.00010048402297238114,-0.0008654324879256943,298.7428798741965,0.0,0.03064631507635148,298.7211533977252,3.5117870336461705e-17,0.0,3.757377529153042e-06,99.57882446719358,5.90898087580424e-16,8.863674800083762e-15,3.1567339793645683e-10,9.816771265453042e-27,1.474761876483688e-17,2.6090625531040863,3.928585091748699e-12,0.0003270254785980773,1000000.0,1000414.3124892715
0.0004609854310571641,0.00010048354257372387,-0.0008584880342479785,298.7388216482053,0.0,0.030646752510988053,298.72543785940354,3.508595215086143e-17,0.0,3.7574314200003264e-06,99.58025269397719,5.903738184481529e-16,8.85220059810805e-15,3.1526444804554874e-10,9.800330776275902e-27,1.4739070331211427e-17,2.6090999740429326,3.927907763471268e-12,0.00032702553957759674,1000000.0,1000414.988845417
0.0004615425504376321,0.00010048306706225303,-0.0008479996160793328,298.7347854553831,0.0,0.030647185482751235,298.72967881514165,3.505409777606423e-17,0.0,3.7574847636207425e-06,99.58166641803707,5.898505556160932e-16,8.840740475626761e-15,3.1485600195818446e-10,9.783937823822235e-27,1.4730572971016067e-17,2.609137014996238,3.927233682500791e-12,0.0003270255999362235,1000000.0,1000415.5930145112
0.00046209966981810007,0.00010048259822102409,-0.000834725677845733,298.7307646737261,0.0,0.03064761235986771,298.73386035944196,3.502229643653464e-17,0.0,3.7575373599515955e-06,99.58306033726879,5.893282572020372e-16,8.829293959711253e-15,3.14448042301813e-10,9.767586415619488e-27,1.4722112684663787e-17,2.6091735370436826,3.926561142176432e-12,0.00032702565944764004,1000000.0,1000416.0490647653
0.0004626567891985681,0.00010048213730703425,-0.0008197675240461035,298.726754637049,0.0,0.030648031991806546,298.73797127764544,3.4990539569672017e-17,0.0,3.7575890679325423e-06,99.58443071326094,5.888068843042496e-16,8.817860715578248e-15,3.140405567786802e-10,9.75127233037501e-27,1.471367961750535e-17,2.6092094422352323,3.925888938951685e-12,0.00032702571795230643,1000000.0,1000416.3034720067
0.00046321390857903603,0.00010048168490319253,-0.0008044103444353236,298.72275314750937,0.0,0.03064844384478088,298.74200636672305,3.495882182983276e-17,0.0,3.7576398221187897e-06,99.58577581158157,5.882864055492886e-16,8.806440582859317e-15,3.136335394976882e-10,9.734993540469889e-27,1.470526911512916e-17,2.6092446851270754,3.9252165065533046e-12,0.0003270257753762486,1000000.0,1000416.3312986362
0.00046377102795950404,0.00010048124086549786,-0.0007899472334982568,298.71876064107784,0.0,0.03064884805014087,298.7459669069864,3.4927141624342737e-17,0.0,3.7576896386143673e-06,99.58709605902312,5.8776680044569435e-16,8.795033587256658e-15,3.132269914021758e-10,9.718750347554061e-27,1.4696882062213895e-17,2.6092792769015896,3.924543960399231e-12,0.00032702583173776096,1000000.0,1000416.1383403057
0.000464328147339972,0.0001004808043674059,-0.000777509422825442,298.7147800021626,0.0,0.030649245363833524,298.7498602669331,3.489550113617625e-17,0.0,3.757738610101788e-06,99.58839391187743,5.872480611819429e-16,8.783639927390875e-15,3.128209197865677e-10,9.702545192244584e-27,1.4688524473612638e-17,2.609313281916023,3.923872051135238e-12,0.0003270258871417722,1000000.0,1000415.7591677868
0.00046488526672043996,0.00010048037403149608,-0.0007679240023779673,298.7108160662962,0.0,0.030649637045967324,298.7536987293232,3.486390585396754e-17,0.0,3.757786891076191e-06,99.58967346460776,5.867301927096547e-16,8.772259939664337e-15,3.124153370055153e-10,9.6863822074671e-27,1.4680206442241426e-17,2.6093468074493167,3.923202037199226e-12,0.00032702594176313096,1000000.0,1000415.2514923557
0.00046544238610090797,0.00010047994812842909,-0.0007616164420005982,298.7068748858772,0.0,0.030650024678784683,298.7574977168908,3.4832363689063444e-17,0.0,3.7578346755279725e-06,99.59093985838919,5.862132111584858e-16,8.760894046473122e-15,3.1201025857194025e-10,9.670266564744342e-27,1.467194059331211e-17,2.609379988205283,3.922535495881046e-12,0.00032702599582135045,1000000.0,1000414.6877090549
0.0004659995054813759,0.00010047952481489975,-0.0007585700860661508,298.7029628630604,0.0,0.03065040994892957,298.761273670026,3.480088380385077e-17,0.0,3.757882170247821e-06,99.59219857363281,5.85697140847709e-16,8.749542695206338e-15,3.1160570091481367e-10,9.654203681480849e-27,1.466374023720616e-17,2.6094129677760516,3.92187409843094e-12,0.0003270260495504053,1000000.0,1000414.1448194295
0.00046655662486184393,0.00010047910237759009,-0.0007583455776944058,298.6990858696917,0.0,0.030650794424203032,298.76504187072544,3.4769475324382616e-17,0.0,3.757929567455902e-06,99.5934547045987,5.851820103385294e-16,8.738206296326512e-15,3.112016791069987e-10,9.638198501736469e-27,1.4655617569408233e-17,2.609445879636216,3.921219383595123e-12,0.000327026103167768,1000000.0,1000413.6941299863
0.0004675170892683632,0.00010047837237794344,-0.0007622099955932191,298.69249682666384,0.0,0.03065145884795192,298.77155372044774,3.4715517294521117e-17,0.0,3.7580114748491486e-06,99.59562543188743,5.842962217804777e-16,8.718698523662862e-15,3.1050644279261366e-10,9.610751656673155e-27,1.4641822592199598e-17,2.6095027548147702,3.920109678288877e-12,0.00032702619582101723,1000000.0,1000413.2897563471
0.0004681902263251662,0.0001004778580714898,-0.0007655997694672221,298.6879545188892,0.0,0.03065192698008975,298.7761416257946,3.467785424263621e-17,0.0,3.758069182472026e-06,99.59715481167576,5.836771964274988e-16,8.70505402409594e-15,3.100201735652042e-10,9.591628654596802e-27,1.4632319797551367e-17,2.609542826061387,3.919347397972216e-12,0.00032702626109716744,1000000.0,1000413.3428573677
0.00046886336338196924,0.0001004773419436234,-0.0007673599591602338,298.68347223976053,0.0,0.03065239678947016,298.78074587360715,3.464031795931588e-17,0.0,3.7581270956538787e-06,99.59868963923213,5.830596533626761e-16,8.691431973592949e-15,3.095347093686365e-10,9.572596336369066e-27,1.4622948253654092e-17,2.6095830400448508,3.918597317444606e-12,0.00032702632660383264,1000000.0,1000413.6537493955
0.0004695365004387723,0.00010047682561158068,-0.0007660415440511628,298.6790434754591,0.0,0.03065286679605551,298.7853520374854,3.460290166077828e-17,0.0,3.7581850329364133e-06,99.60022510550992,5.824435834746565e-16,8.67783191599023e-15,3.0905003343751226e-10,9.553648681217142e-27,1.4613694133276106e-17,2.609623270763439,3.9178577938107224e-12,0.00032702639213576506,1000000.0,1000414.1518463014
0.00047020963749557534,0.00010047631145089995,-0.0007608678535422261,298.674659069992,0.0,0.03065333482565999,298.7899389248781,3.456559366039782e-17,0.0,3.7582427277552603e-06,99.60175414596311,5.818289565608783e-16,8.664253210071176e-15,3.0856612221028976e-10,9.534777441057704e-27,1.460453813424072e-17,2.609663333119138,3.917126494468464e-12,0.0003270264573914784,1000000.0,1000414.734852944
0.0004708827745523784,0.00010047580210946891,-0.0007518205616200801,298.6703089961948,0.0,0.030653798454652288,298.7944829117675,3.4528379743999475e-17,0.0,3.7582998829625537e-06,99.60326888551526,5.812157273526763e-16,8.650695153136524e-15,3.080829498689337e-10,9.515973685690836e-27,1.4595459186559332e-17,2.6097030207772476,3.916400854135165e-12,0.00032702652203492506,1000000.0,1000415.2893463105
0.0004715559116091814,0.00010047529999466912,-0.0007396141933014811,298.66598420789546,0.0,0.030654255479338827,298.7989625179294,3.4491245846077336e-17,0.0,3.758356228375511e-06,99.60476216372439,5.806038435271444e-16,8.637157109732088e-15,3.0760049306788857e-10,9.497229401843999e-27,1.458643831769989e-17,2.609742146127187,3.915678553761429e-12,0.0003270265857605858,1000000.0,1000415.7124401256
0.00047222904866598444,0.00010047480682244203,-0.0007255461606319419,298.6616782496795,0.0,0.030654704328728563,298.80336243031593,3.445418058736445e-17,0.0,3.758411571383396e-06,99.60622887597948,5.799932546143155e-16,8.623638623269108e-15,3.071187350328299e-10,9.478538833973837e-27,1.4577461972949144e-17,2.609780575423157,3.914957936984724e-12,0.0003270266483507011,1000000.0,1000415.9307712475
0.0004729021857227875,0.00010047432331030335,-0.0007112280050845431,298.6573883284833,0.0,0.030655144345588057,298.80767624261824,3.4417177254073004e-17,0.0,3.758465831406306e-06,99.6076668867347,5.793839204650487e-16,8.610139490109638e-15,3.0663766828493887e-10,9.459899445558705e-27,1.456852428610757e-17,2.609818252711769,3.914238291259667e-12,0.0003270267097142299,1000000.0,1000415.9133439589
0.00047357532277959055,0.00010047384907437255,-0.0006982556159958924,298.6531156380712,0.0,0.03065557588078431,298.8119073748739,3.438023481717259e-17,0.0,3.7585190514621957e-06,99.60907733606106,5.78775817562893e-16,8.596659782056934e-15,3.061572954641405e-10,9.44131209523465e-27,1.455962767526886e-17,2.6098552078639985,3.913519933270236e-12,0.00032702676989991374,1000000.0,1000415.6757211799
0.00047424845983639355,0.00010047338274758502,-0.0006878986277436382,298.6488648859427,0.0,0.030656000185174375,298.8160680196833,3.4343357782818714e-17,0.0,3.758571384912157e-06,99.61046428836713,5.781689417720666e-16,8.583199813635863e-15,3.0567762812651575e-10,9.422780645297696e-27,1.4550781870332398e-17,2.609891547371323,3.912804090046513e-12,0.0003270268290812693,1000000.0,1000415.2748759191
0.0004749215968931966,0.00010047292228455508,-0.0006808740499787119,298.6446431571072,0.0,0.030656419130624703,298.82017642288537,3.430655496114141e-17,0.0,3.7586230612561915e-06,99.6118338259111,5.775633070963606e-16,8.569760063637039e-15,3.0519868386209305e-10,9.404310918220677e-27,1.4542001497558562e-17,2.609927430594854,3.9120926076816665e-12,0.000327026887517894,1000000.0,1000414.7961942642
0.00047559473394999965,0.0001004724653800293,-0.0006772394465489627,298.6404583842558,0.0,0.0306568348270195,298.82425315039217,3.42698374795907e-17,0.0,3.758674339176668e-06,99.61319280434857,5.76958941027642e-16,8.556341069709989e-15,3.047204824216849e-10,9.385909429521825e-27,1.4533302924511437e-17,2.60996303715947,3.911387557279469e-12,0.00032702694550235876,1000000.0,1000414.3357353705
0.0004762678710068027,0.00010047200991318526,-0.000676414961633903,298.6363177432238,0.0,0.03065724921556901,298.8283171240047,3.423321647479496e-17,0.0,3.7587254566759837e-06,99.61454753127003,5.763558776530268e-16,8.542943318011e-15,3.0424304166286885e-10,9.367581973181257e-27,1.4524700894118993e-17,2.609998532330209,3.910690820642137e-12,0.0003270270033038232,1000000.0,1000413.9814619882
0.0004769410080636057,0.00010047155433437748,-0.0006773229762654306,298.63222627391355,0.0,0.03065766371476015,298.83238217035074,3.41967009051861e-17,0.0,3.75877658766837e-06,99.61590261578777,5.757541499141597e-16,8.529567148546753e-15,3.037663740728688e-10,9.349332515698218e-27,1.4516205703499113e-17,2.610034036870318,3.910003733139771e-12,0.0003270270611189565,1000000.0,1000413.7969613478
0.00047761414512040876,0.0001004710979264283,-0.0006786154458900238,298.6281859680018,0.0,0.030658078981115788,298.83645468890353,3.4160295877102084e-17,0.0,3.75882781264775e-06,99.61726019116892,5.751537824510589e-16,8.516212692694765e-15,3.0329048447353416e-10,9.33116239626265e-27,1.4507821297552093e-17,2.610069606673482,3.909326846199138e-12,0.0003270271190387806,1000000.0,1000413.8105118908
0.0004782872821772118,0.00010047064089677024,-0.0006789431405120132,298.62419547482114,0.0,0.03065849482477522,298.8405328291021,3.4124001775686185e-17,0.0,3.758879108337376e-06,99.61861964052821,5.7455478633662e-16,8.50287985314105e-15,3.028153692846728e-10,9.31307015608689e-27,1.4499544706108647e-17,2.6101052255767034,3.90865984886423e-12,0.00032702717703697967,1000000.0,1000414.011320247
0.00047896041923401486,0.00010047018428910246,-0.0006772133109386237,298.620250458602,0.0,0.03065891029029348,298.84460727792464,3.408781433604338e-17,0.0,3.7589303575961016e-06,99.61997785936579,5.739571566417385e-16,8.48956832835114e-15,3.0234101742375695e-10,9.295051812991183e-27,1.4491366773466323e-17,2.6101408122390524,3.908001657500195e-12,0.00032702723498111434,1000000.0,1000414.3533814535
0.00047963355629081786,0.00010046972973885797,-0.000672786258053557,298.61634451192936,0.0,0.030659323880437288,298.84866344130955,3.4051725602328406e-17,0.0,3.7589813768567473e-06,99.621329982745,5.733608731853337e-16,8.476277674943118e-15,3.0186741259803984e-10,9.277101707928437e-27,1.448327409349685e-17,2.61017623919443,3.907350649544241e-12,0.00032702729266365587,1000000.0,1000414.7659112897
0.0004803066933476209,0.00010046927912692106,-0.0006655757707303101,298.612470423326,0.0,0.030659733873157506,298.85268453380746,3.4015725548004755e-17,0.0,3.759031954988401e-06,99.6226704152291,5.727659041692119e-16,8.463007394069843e-15,3.013945364785894e-10,9.25921352633367e-27,1.4475251614893798e-17,2.6102113598369265,3.9067049894561545e-12,0.00032702734984593117,1000000.0,1000415.1680326028
0.00048097983040442397,0.00010046883420325956,-0.0006560390628045717,298.6086215375646,0.0,0.03066013866614016,298.8566549370574,3.3979804012147733e-17,0.0,3.7590818955400295e-06,99.62399395043076,5.721722118491905e-16,8.449757023946121e-15,3.0092237209999123e-10,9.241381500666998e-27,1.4467285484167e-17,2.6102460377541012,3.906062979557434e-12,0.0003270274063058844,1000000.0,1000415.4846794491
0.000481652967461227,0.00010046839625365517,-0.0006450642969967728,298.6047929450429,0.0,0.03066053708193763,298.8605631740252,3.394395256790822e-17,0.0,3.759131054151083e-06,99.62529676247573,5.715797590598811e-16,8.436526220580937e-15,3.0045090682693905e-10,9.223601346187925e-27,1.445936548077463e-17,2.6102801727043095,3.905423368016097e-12,0.00032702746188036915,1000000.0,1000415.6606293712
0.00048232610451803,0.00010046796587094202,-0.0006337797645931131,298.60098228172114,0.0,0.030660928577449578,298.8644039509043,3.390816596658285e-17,0.0,3.759179364234948e-06,99.62657708667132,5.709885153136138e-16,8.423314812028117e-15,2.999801343455174e-10,9.205870931733814e-27,1.445148665487233e-17,2.6103137184508776,3.904785556054901e-12,0.0003270275164941723,1000000.0,1000415.6700802576
0.00048299924157483307,0.00010046754286931943,-0.0006233274527888715,298.5971900060857,0.0,0.030661313322430633,298.86817892236945,3.387244290645065e-17,0.0,3.759226846604473e-06,99.62783547460408,5.703984613353375e-16,8.41012281706859e-15,2.995100553499287e-10,9.188190475545303e-27,1.4443649887201232e-17,2.6103466894459117,3.904149671937844e-12,0.0003270275701708853,1000000.0,1000415.5201615678
0.0004836723786316361,0.00010046712635097898,-0.0006146454740364221,298.593419126233,0.0,0.030661692138548236,298.8718960975567,3.3836786017664524e-17,0.0,3.759273602000255e-06,99.62907459612295,5.698095912514522e-16,8.396950426694606e-15,2.9904067686227384e-10,9.170562313959119e-27,1.4435861321339998e-17,2.610379155642065,3.9035165029765205e-12,0.000327027623024449,1000000.0,1000415.2480110851
0.0004843455156884392,0.00010046671490493306,-0.0006082992353795749,298.5896744557769,0.0,0.03066206631738945,298.875568066109,3.3801201101086543e-17,0.0,3.7593197887774733e-06,99.63029864799076,5.692219121375725e-16,8.38379795386195e-15,2.985720103854419e-10,9.152990257815625e-27,1.4428130810783225e-17,2.6104112269986266,3.902887305239521e-12,0.0003270276752339229,1000000.0,1000414.9122872265
0.0004850186527452422,0.0001004663068939977,-0.0006043914184401931,298.58596156232886,0.0,0.030662437357734187,298.87920943727573,3.376569579588428e-17,0.0,3.7593655906943394e-06,99.63151250020705,5.686354411423759e-16,8.370665762649945e-15,2.981040692986751e-10,9.1354786863144e-27,1.4420469724663583e-17,2.6104430311143454,3.9022635329176876e-12,0.0003270277270070678,1000000.0,1000414.5809935415
0.0004856917898020452,0.0001004659007716173,-0.0006025631710152139,298.5822856214221,0.0,0.03066280667547901,298.8828340124237,3.373027797504977e-17,0.0,3.759411181347352e-06,99.6327207534634,5.680502008328701e-16,8.357554191000924e-15,2.976368660242675e-10,9.118031707104696e-27,1.4412888671834226e-17,2.6104746885318386,3.901646545885532e-12,0.0003270277785401399,1000000.0,1000414.3180867176
0.0004863649268588483,0.0001004654953670138,-0.0006020839233963733,298.5786503979193,0.0,0.03066317534253707,298.88645223998617,3.369495415660108e-17,0.0,3.7594566921591005e-06,99.6339268907495,5.674662137459058e-16,8.34446348257245e-15,2.97170409514513e-10,9.100652116643994e-27,1.4405395245007495e-17,2.610506290508841,3.90103734178525e-12,0.00032702782998170763,1000000.0,1000414.171466778
0.00048703806391565133,0.00010046509008543296,-0.000602008553274185,298.5750575443855,0.0,0.030663543903455142,298.8900694279501,3.365972824877588e-17,0.0,3.7595021898945633e-06,99.63513268148505,5.668834972128059e-16,8.331393739576659e-15,2.967047035244547e-10,9.083341041625167e-27,1.4397992740812587e-17,2.610537883405878,3.900436377131985e-12,0.00032702788140724534,1000000.0,1000414.1645890947
0.0004877112009724544,0.00010046468498885945,-0.0006013679925723541,298.5715063368222,0.0,0.03066391230146374,298.8936850230293,3.3624600864426756e-17,0.0,3.7595476675943897e-06,99.6363379412319,5.66302059427755e-16,8.318344905114658e-15,2.962397459637e-10,9.06609755520382e-27,1.4390679498979404e-17,2.610569462390491,3.899843496766701e-12,0.0003270279328088947,1000000.0,1000414.2931456142
0.0004883843380292574,0.00010046428074747525,-0.00059935499080925,298.5679938773796,0.0,0.030664279922877725,298.8972930434495,3.358956929978714e-17,0.0,3.7595930500185656e-06,99.63754067596301,5.657218974561848e-16,8.305316776823204e-15,2.9577552939636275e-10,9.048919086576747e-27,1.438344947903827e-17,2.610600975217222,3.899257984091782e-12,0.00032702798410162574,1000000.0,1000414.527207757
0.0004890574750860604,0.00010046387847756877,-0.0005954700592616484,298.56451570208293,0.0,0.03066464574547749,298.90088352527437,3.3554628140023816e-17,0.0,3.7596382118385997e-06,99.63873756419589,5.651429974683578e-16,8.292309047444947e-15,2.9531204253333335e-10,9.031801665653778e-27,1.4376293348738882e-17,2.610632334859982,3.89867871618819e-12,0.000327028035143805,1000000.0,1000414.818149839
0.0004897306121428635,0.00010046347950234437,-0.000589601954493873,298.5610666579327,0.0,0.030665008557505258,298.9044446570489,3.35197703498227e-17,0.0,3.7596830044875292e-06,99.63992466857704,5.645653370369292e-16,8.279321363309203e-15,2.948492723813423e-10,9.014740948766342e-27,1.436920047210633e-17,2.610663438156259,3.898104388748105e-12,0.00032702808576754653,1000000.0,1000415.10879962
0.0004904037491996665,0.000100463085084746,-0.0005820305098923233,298.5576418699098,0.0,0.030665367202310237,298.9079651644554,3.348498862367851e-17,0.0,3.7597272861546113e-06,99.64109823080777,5.639888889573032e-16,8.266353388688573e-15,2.9438720660772293e-10,8.99773267353913e-27,1.4362160706033216e-17,2.6106941866349556,3.8975337648922185e-12,0.0003270281358126127,1000000.0,1000415.3447339198
0.0004910768862564696,0.00010046269618435809,-0.0005733548272635315,298.55423760997803,0.0,0.030665720800968906,298.9114364802869,3.345027672487489e-17,0.0,3.759770949079715e-06,99.642255395006,5.63413625795037e-16,8.253404863515939e-15,2.9392583566140255e-10,8.980773750909879e-27,1.4355166390430096e-17,2.610724505469167,3.89696589946993e-12,0.00032702818515725963,1000000.0,1000415.4845199485
0.0004917500233132726,0.00010046231328355672,-0.0005643639494683892,298.55085190715675,0.0,0.030666068911509914,298.9148542964816,3.341563055538035e-17,0.0,3.7598139390751312e-06,99.64339472507746,5.628395242644165e-16,8.240475643826928e-15,2.934651542587707e-10,8.963862298268483e-27,1.434821336262197e-17,2.6107543570318197,3.896400297278401e-12,0.0003270282337402944,1000000.0,1000415.5070010918
0.0004924231603700756,0.0001004619363128728,-0.0005558773899371226,298.54748479425814,0.0,0.03066641159729789,298.91821923069404,3.3381048766240244e-17,0.0,3.75985626390985e-06,99.64451642691755,5.622665686121662e-16,8.227565718069218e-15,2.930051619825946e-10,8.946998347231586e-27,1.4341301707059592e-17,2.610783746717576,3.895836978087859e-12,0.00032702828157054367,1000000.0,1000415.41437391
0.0004930962974268786,0.00010046156468517194,-0.0005485873900627992,298.5441381611921,0.0,0.030666749395770188,298.9215365215642,3.334653281613715e-17,0.0,3.7598979894765856e-06,99.64562224682915,5.616947524083415e-16,8.214675197369631e-15,2.925458629239353e-10,8.930183100025942e-27,1.433443516601207e-17,2.610812720281278,3.895276440443127e-12,0.000327028328722515,1000000.0,1000415.2306658401
0.0004937694344836817,0.00010046119742697212,-0.0005429329183206557,298.5408152614739,0.0,0.030667083198211535,298.9248148568363,3.3312086493325767e-17,0.0,3.759939225051616e-06,99.64671508087555,5.611240784816953e-16,8.201804282926512e-15,2.920872644835007e-10,8.913419230458682e-27,1.4327620429660084e-17,2.6108413536026136,3.8947195359697e-12,0.0003270283753197343,1000000.0,1000414.9961220073
0.0004944425715404847,0.00010046083337722756,-0.0005390279181501652,298.53751998257275,0.0,0.030667414067731526,298.9280645991128,3.327771501674982e-17,0.0,3.7599801009779324e-06,99.64779838343469,5.6055455710402375e-16,8.188953217898427e-15,2.916293756033082e-10,8.896709446351843e-27,1.432086529096346e-17,2.6108697371896636,3.894167282443974e-12,0.0003270284215095229,1000000.0,1000414.7587665179
0.0004951157085972878,0.00010046047141259002,-0.0005366545388405528,298.5342560299788,0.0,0.030667743032977778,298.9312957750913,3.3243423908876696e-17,0.0,3.76002074337345e-06,99.64887549691052,5.599862028519076e-16,8.17612223368969e-15,2.911722047931239e-10,8.880056783404958e-27,1.4314177350216532e-17,2.610897958616679,3.893620654281793e-12,0.00032702846743441527,1000000.0,1000414.5648763485
0.0004957888456540909,0.00010046011065480734,-0.0005353209255490432,298.5310261852621,0.0,0.030668070898191017,298.9345162240911,3.320921785944404e-17,0.0,3.7600612508427737e-06,99.64994903454348,5.59419030813013e-16,8.163311501281525e-15,2.907157583392998e-10,8.86346307952656e-27,1.430756212798996e-17,2.6109260863531136,3.89308039001948e-12,0.0003270285132058478,1000000.0,1000414.45024184
0.0004964619827108939,0.00010045975062142855,-0.0005343679995932868,298.52783177641584,0.0,0.030668398105166684,298.9377302525318,3.317509981411064e-17,0.0,3.760101677552957e-06,99.65102043188037,5.588530528820927e-16,8.150521096363439e-15,2.9026003902869057e-10,8.846929238012422e-27,1.4301022276258833e-17,2.610954158011697,3.892546857550836e-12,0.00032702855888503947,1000000.0,1000414.4338479887
0.000497135119767697,0.0001004593912939487,-0.0005331025525754285,298.52467245074905,0.0,0.0306687246708184,298.94093802533365,3.314107043884639e-17,0.0,3.7601420255784008e-06,99.65208974389746,5.582882748530848e-16,8.137750984584143e-15,2.898050456032718e-10,8.830454752186667e-27,1.4294556978246367e-17,2.6109821750328623,3.892019992522714e-12,0.00032702860447434546,1000000.0,1000414.5150589244
0.0004978082568245,0.00010045903309455617,-0.0005309306522670201,298.52154627846096,0.0,0.03066905020844438,298.9441357732059,3.31071280374763e-17,0.0,3.7601822475081745e-06,99.65315571410005,5.577246948204293e-16,8.125001028346615e-15,2.8935077301058185e-10,8.814037863854852e-27,1.4288162199619053e-17,2.6110101044952185,3.891499324116729e-12,0.0003270286499202077,1000000.0,1000414.6746662991
0.000498481393881303,0.00010045867678024586,-0.0005274660036498966,298.5184501515024,0.0,0.030669374024678793,298.94731673766813,3.3073268922297203e-17,0.0,3.760222258332687e-06,99.6542160895458,5.571623031229806e-16,8.112271012874192e-15,2.888972133622571e-10,8.797675883325172e-27,1.4281831504199023e-17,2.6110378873694744,3.8909840764146864e-12,0.0003270286951265902,1000000.0,1000414.8794187433
0.000499154530938106,0.00010045832327812575,-0.0005225940184760552,298.5153803886654,0.0,0.03066969527031224,298.95047264115846,3.3039488151807776e-17,0.0,3.760261953935025e-06,99.6552681109059,5.566010837654912e-16,8.09956068566939e-15,2.8844435738473363e-10,8.781365693511617e-27,1.4275557301895536e-17,2.6110654513585176,3.890473323376796e-12,0.0003270287399758758,1000000.0,1000415.0890155239
0.0004998276679949091,0.0001004579734958879,-0.0005164809884217574,298.51233342251265,0.0,0.030670013113872362,298.9535953789957,3.300578047373388e-17,0.0,3.760301232372801e-06,99.65630907648139,5.560410169830969e-16,8.086869801240831e-15,2.879921960628759e-10,8.765104287144133e-27,1.4269332246157388e-17,2.611092725675195,3.8899661651352545e-12,0.0003270287843529123,1000000.0,1000415.2641232825
0.0005005008050517121,0.00010045762814483368,-0.0005095290046836015,298.5093064330076,0.0,0.030670326903720437,298.956678599405,3.297214127998807e-17,0.0,3.760340013752056e-06,99.65733686890543,5.55482082407999e-16,8.074198162275662e-15,2.875407221531668e-10,8.748889272438684e-27,1.4263150527833912e-17,2.6111196548424234,3.8894618912248255e-12,0.00032702882816746504,1000000.0,1000415.3738356051
0.0005011739421085152,0.00010045728760881142,-0.0005022879503866234,298.50629780880104,0.0,0.030670636288108767,298.9597188737707,3.2938567392555355e-17,0.0,3.7603782549469398e-06,99.65835034524754,5.549242622017463e-16,8.061545649555706e-15,2.8708993128306837e-10,8.73271922932044e-27,1.425700881102299e-17,2.6111462089143074,3.88896009994967e-12,0.00032702887137084406,1000000.0,1000415.4011706426
0.0005018470791653182,0.00010045695188195465,-0.0004953435666362764,298.50330735612533,0.0,0.030670941272229756,298.96271625272135,3.2905057540686725e-17,0.0,3.760415956594269e-06,99.65934952238469,5.543675435556001e-16,8.048912235471028e-15,2.8663982244738045e-10,8.71659386618495e-27,1.425090665407619e-17,2.611172388333041,3.888460753148198e-12,0.0003270289139638024,1000000.0,1000415.3456483623
0.0005025202162221213,0.0001004566205837373,-0.0004892040784320136,298.50033622777056,0.0,0.03067124220444976,298.965674131949,3.287161245240869e-17,0.0,3.7604531614057725e-06,99.66033553227236,5.538119201164172e-16,8.036297979401503e-15,2.861903978382365e-10,8.700513952161074e-27,1.4244846358495163e-17,2.611198222756964,3.8879641590887285e-12,0.0003270289559946253,1000000.0,1000415.2225983889
0.0005031933532789243,0.00010045629304471415,-0.00048420697219706156,298.49738659929415,0.0,0.030671539697795708,298.96859848691,3.283823456033591e-17,0.0,3.760489944541999e-06,99.66131036683144,5.532573921221607e-16,8.023703006785872e-15,2.8574166207550244e-10,8.684481053214879e-27,1.4238832304428127e-17,2.611223764376352,3.8874708902655175e-12,0.00032702899754825156,1000000.0,1000415.0594893877
0.0005038664903357273,0.00010045596844326185,-0.00048046268496259453,298.4944611661295,0.0,0.030671834504719428,298.97149665210145,3.280492739711482e-17,0.0,3.7605263982577946e-06,99.6622764710197,5.527039652838259e-16,8.011127476680452e-15,2.852936210142323e-10,8.668497129865232e-27,1.42328699230424e-17,2.611249077251486,3.886981654852216e-12,0.00032702903872892496,1000000.0,1000414.8901204354
0.0005045396273925303,0.00010045564596490724,-0.00047784420768175705,298.491562565687,0.0,0.030672127371162566,298.97437589857003,3.277169481150037e-17,0.0,3.760562614009916e-06,99.66323626864366,5.521516486857469e-16,7.998571544549199e-15,2.848462803769599e-10,8.65256408138173e-27,1.4226964519117458e-17,2.611274224888469,3.88649714845726e-12,0.00032702907963998076,1000000.0,1000414.747879993
0.0005052127644493334,0.00010045532495283588,-0.0004760224508777729,298.48869283803776,0.0,0.030672418898689373,298.977242090061,3.2738540162624786e-17,0.0,3.7605986655537835e-06,99.66419171438527,5.516004521509601e-16,7.986035327603038e-15,2.8439964447976377e-10,8.636683324918193e-27,1.422112017481338e-17,2.611299258501879,3.88601791534058e-12,0.0003270291203647516,1000000.0,1000414.6594001948
0.0005062368293235627,0.00010045483859025936,-0.00047374703038210525,298.48438453823024,0.0,0.030672860581710405,298.9815847014858,3.268825505488514e-17,0.0,3.7606532878100116e-06,99.66563932512567,5.507640644161281e-16,7.96700149867245e-15,2.8372151857809904e-10,8.612624955233142e-27,1.4212350268324365e-17,2.611337187319882,3.885299553030213e-12,0.0003270291820659956,1000000.0,1000414.6594163467
0.000507260894197792,0.00010045435480915951,-0.00047057354111988963,298.4801439465159,0.0,0.03067329990954992,298.9859043469855,3.263815604693555e-17,0.0,3.760707621196005e-06,99.66707928016523,5.499302960551964e-16,7.94801327724152e-15,2.830450229868998e-10,8.588687213838963e-27,1.420372306537218e-17,2.611374915551036,3.884593750399433e-12,0.0003270292434391586,1000000.0,1000414.8112477029
0.0005079922226466231,0.00010045401184218749,-0.0004670415478864973,298.47715294587886,0.0,0.030673611348033186,298.9889667240155,3.2602487673969724e-17,0.0,3.7607461404015088e-06,99.66810012440435,5.493364589328957e-16,7.934480606999268e-15,2.825628959845089e-10,8.571662579895625e-27,1.41976409892018e-17,2.611401662669088,3.884096393949283e-12,0.000327029286948088,1000000.0,1000414.9705913431
0.0005087235510954541,0.00010045367193848625,-0.0004623209252809005,298.4741891965033,0.0,0.03067391998511756,298.9920017901535,3.256690532279471e-17,0.0,3.760784316084869e-06,99.669111864546,5.487439312637193e-16,7.920970688845093e-15,2.820815818042226e-10,8.554693280221145e-27,1.4191616714700528e-17,2.611428171250884,3.8836036344316085e-12,0.0003270293300681228,1000000.0,1000415.1302619561
0.0005094548795442852,0.00010045333587722472,-0.0004566226506563182,298.47124956012766,0.0,0.030674225106909273,298.99500258680166,3.253140428192317e-17,0.0,3.7608220607193775e-06,99.67011218093864,5.481526938874492e-16,7.907483303503213e-15,2.816010723992136e-10,8.537776692639615e-27,1.4185643807639882e-17,2.611454380519286,3.883114685596821e-12,0.00032702937270042624,1000000.0,1000415.2562358377
0.0005101862079931161,0.00010045300421713415,-0.0004503537725326573,298.4683317276489,0.0,0.030674526201418365,298.99796412339936,3.2495980656924906e-17,0.0,3.7608593115327123e-06,99.6710994099767,5.475627279211746e-16,7.894018284099222e-15,2.8112136164963365e-10,8.520910854925545e-27,1.41797175259159e-17,2.611480246886202,3.882628971636392e-12,0.0003270294147741269,1000000.0,1000415.3239159555
0.0005109175364419472,0.00010045267719679688,-0.00044401515242174897,298.4654345648503,0.0,0.030674823049917994,299.0008842679442,3.2460632017899397e-17,0.0,3.760896041708098e-06,99.67207284095628,5.469740176335113e-16,7.880575538130162e-15,2.8064244616966116e-10,8.504094719446933e-27,1.4173835514022025e-17,2.611505751730494,3.882146216811635e-12,0.00032702945625896713,1000000.0,1000415.322297192
0.0005116488648907783,0.00010045235468684124,-0.0004381060776386003,298.4625582713836,0.0,0.030675115770758467,299.0037641740711,3.2425357778364443e-17,0.0,3.760932265756199e-06,99.67303285844207,5.463865524845249e-16,7.867155057364622e-15,2.8016432567235864e-10,8.487328283065076e-27,1.4167998130591435e-17,2.611530905128134,3.881666487497927e-12,0.0003270294971713671,1000000.0,1000415.2559406115
0.0005123801933396093,0.00010045203621868622,-0.00043302363300816145,298.4597042621188,0.0,0.030675404793055017,299.0066080245784,3.2390159196682266e-17,0.0,3.760968036289132e-06,99.6739808567717,5.458003281738141e-16,7.85375691029051e-15,2.796870026901304e-10,8.470612459101822e-27,1.4162208186876267e-17,2.6115557436121306,3.8811901622753676e-12,0.0003270295375707776,1000000.0,1000415.1437088292
0.0005131115217884404,0.00010045172109454416,-0.00042897282752821816,298.45687475607957,0.0,0.030675690755929734,299.00942204929856,3.2355038958467024e-17,0.0,3.7610034316670418e-06,99.6749189126625,5.45215346412536e-16,7.840381216143108e-15,2.7921048162104583e-10,8.453948779554154e-27,1.415647012508493e-17,2.6115803215945075,3.880717827893224e-12,0.00032702957754572457,1000000.0,1000415.0140709429
0.0005138428502372715,0.00010045140855235908,-0.0004259212194268807,298.45407217317046,0.0,0.030675974357416428,299.01221305231,3.2320000421610206e-17,0.0,3.7610385374730565e-06,99.6758492942569,5.446316132883968e-16,7.827028106943958e-15,2.787347673327732e-10,8.437338909290221e-27,1.415078878369069e-17,2.6116046985028145,3.880250124889986e-12,0.0003270296171928859,1000000.0,1000414.8981067241
0.0005145741786861024,0.00010045109793975161,-0.00042361687247587744,298.4512985076181,0.0,0.03067625619510312,299.01498685860815,3.2285046723215127e-17,0.0,3.7610734269751944e-06,99.67677394331962,5.440491365845661e-16,7.813697688103609e-15,2.782598637139665e-10,8.420784176789146e-27,1.4145168134087817e-17,2.6116289252131852,3.879787586784319e-12,0.000327029656595025,1000000.0,1000414.8221613136
0.0005157387507043166,0.0001004506063607291,-0.0004205095248163816,298.44694384744827,0.0,0.03067670221593794,299.0193767859271,3.222956628741171e-17,0.0,3.761128644377447e-06,99.67823732674755,5.431242055550025e-16,7.792517185324102e-15,2.775053013948212e-10,8.394537474165374e-27,1.413634783452384e-17,2.6116672672911747,3.8790623865126234e-12,0.0003270297189527948,1000000.0,1000414.8203816324
0.0005165917455863784,0.00010045024873758306,-0.000417758713044182,298.4438016846626,0.0,0.030677026680233286,299.0225705067662,3.2189069863707583e-17,0.0,3.7611688156501958e-06,99.67930195442692,5.424487724170217e-16,7.777039936204179e-15,2.769539231062445e-10,8.375401569766252e-27,1.4129986566256273e-17,2.611695161578305,3.878539845783676e-12,0.00032702976431761473,1000000.0,1000414.9065971809
0.0005174447404684402,0.00010044989387347952,-0.00041402281431776085,298.4406964398102,0.0,0.030677348621921265,299.0257396331969,3.214868872844124e-17,0.0,3.7612086775693032e-06,99.68035838354979,5.417750510127694e-16,7.761593303332275e-15,2.7640363846934155e-10,8.356337806686389e-27,1.4123702625183993e-17,2.611722841055237,3.878023831599268e-12,0.0003270298093321322,1000000.0,1000415.0350357207
0.000518297735350502,0.00010044954269004905,-0.0004091791440882823,298.43762426229426,0.0,0.030677667196480123,299.02887593335157,3.210841775525185e-17,0.0,3.7612481265926067e-06,99.68140387001958,5.411030228588748e-16,7.74617701393706e-15,2.7585443748064847e-10,8.33734297981006e-27,1.4117488139951226e-17,2.6117502338239578,3.87751338890493e-12,0.00032702985387944854,1000000.0,1000415.1649815863
0.0005191507302325638,0.00010044919605061472,-0.00040346841518939375,298.4345815707365,0.0,0.030677981612766143,299.03197169564976,3.2068251579808795e-17,0.0,3.761287065722225e-06,99.68243584317764,5.404326650579864e-16,7.730790811383877e-15,2.7530631073156097e-10,8.318414115831433e-27,1.4111335796730603e-17,2.6117772725306985,3.877007627454894e-12,0.00032702989785006226,1000000.0,1000415.2583810436
0.0005200037251146256,0.00010044885449784142,-0.00039737775255326756,298.43156598485734,0.0,0.03067829137339357,299.0350220718913,3.202818607418825e-17,0.0,3.7613254339764754e-06,99.68345268687439,5.39763955599887e-16,7.715434513268663e-15,2.7475925154281283e-10,8.29954916084478e-27,1.4105240712447872e-17,2.611803914830759,3.876505961554694e-12,0.0003270299411751462,1000000.0,1000415.2908768755
0.0005208567199966874,0.00010044851810609179,-0.0003914830694124928,298.4285768361842,0.0,0.030678596410033898,299.0380263960843,3.1988219316827785e-17,0.0,3.7613632229783725e-06,99.68445417910112,5.390968777051201e-16,7.700108042973011e-15,2.742132571274742e-10,8.280747399265216e-27,1.4099201486579388e-17,2.611830154907295,3.876008243380455e-12,0.0003270299838452788,1000000.0,1000415.2579721996
0.0005217097148787492,0.00010044818647901959,-0.00038628016928924584,298.4256151522168,0.0,0.030678897085649727,299.0409882062251,3.1948351835031895e-17,0.0,3.7614004772295765e-06,99.6854414992504,5.384314222849499e-16,7.684811428826871e-15,2.7366832855139086e-10,8.262009303894275e-27,1.4093220091522263e-17,2.611856023661544,3.875514758400845e-12,0.0003270300259107465,1000000.0,1000415.1750495882
0.0005226885778385849,0.00010044781087153655,-0.0003814907829301671,298.4222530362082,0.0,0.030679237594891585,299.0443428591433,3.1902726989108385e-17,0.0,3.7614426727369554e-06,99.68655977362977,5.37669769777799e-16,7.66729455742152e-15,2.73044308185873e-10,8.240586508318495e-27,1.4086432859507358e-17,2.6118853235448056,3.874954410655388e-12,0.0003270300735546,1000000.0,1000415.0551046642
0.0005236674407984207,0.00010044743936536814,-0.0003779166555478647,298.4189336634125,0.0,0.0306795743519841,299.04766093147936,3.1857241225669433e-17,0.0,3.7614844081260776e-06,99.6876658538565,5.369102587524732e-16,7.649817309923361e-15,2.724217027661741e-10,8.219251768058133e-27,1.4079734842466592e-17,2.611914303929345,3.874401398051155e-12,0.000327030120677867,1000000.0,1000414.9568262688
0.0005246463037582565,0.00010044707094725726,-0.0003750834537467387,298.41565993132343,0.0,0.03067990828519975,299.050951471613,3.1811899213430054e-17,0.0,3.7615257972093685e-06,99.68876275621187,5.361528991553351e-16,7.632379812387955e-15,2.7180051696857173e-10,8.198006855393984e-27,1.4073131770611577e-17,2.6119430438446787,3.8738565099725575e-12,0.00032703016740908526,1000000.0,1000414.9204585059
0.0005256251667180923,0.00010044670520821975,-0.0003722530891381425,298.41243252188156,0.0,0.030680239769162083,299.05421813126657,3.1766703033772617e-17,0.0,3.76156688591896e-06,99.6898516979991,5.353976966127536e-16,7.61498205511655e-15,2.711807504771191e-10,8.176851854384393e-27,1.406662489139352e-17,2.6119715751853416,3.873319970670473e-12,0.00032703021380014297,1000000.0,1000414.9605953165
0.0005266040296779282,0.00010044634247994465,-0.00036872082957396986,298.40924945135947,0.0,0.030680568499818307,299.05745794679626,3.172165107184503e-17,0.0,3.7616076369775174e-06,99.69093169128625,5.346446462774472e-16,7.597623865158793e-15,2.705623969739095e-10,8.155784878262407e-27,1.4060210089969115e-17,2.6119998720665514,3.872791321388993e-12,0.0003270302598089792,1000000.0,1000415.060559067
0.0005275828926377639,0.0001004459836673297,-0.000364105972701325,298.40610671834514,0.0,0.03068089364784582,299.06066283450474,3.167673841957393e-17,0.0,3.7616479487065928e-06,99.69200004136934,5.338937309029749e-16,7.580304945865633e-15,2.6994544559483986e-10,8.134802573607609e-27,1.4053879203897043e-17,2.6120278638844283,3.8722695831844976e-12,0.0003270303053208269,1000000.0,1000415.1796236638
0.0005285617555975997,0.00010044562984462398,-0.0003585050662297024,298.4029997866642,0.0,0.030681214228692077,299.0638231975818,3.1631958647534543e-17,0.0,3.76168770039549e-06,99.69305354914759,5.331449241138233e-16,7.563024967251054e-15,2.6932988425212067e-10,8.113901228253967e-27,1.404762301137859e-17,2.612055466819406,3.871753634712665e-12,0.0003270303501994396,1000000.0,1000415.2701650731
0.0005295406185574355,0.00010044528178654175,-0.0003524419967211763,298.3999252738721,0.0,0.030681529532236393,299.066932114215,3.158730619121106e-17,0.0,3.761726804980193e-06,99.69408990723184,5.32398197488279e-16,7.545783668661288e-15,2.6871570340893037e-10,8.093078012831256e-27,1.404143462494313e-17,2.6120826204156318,3.871242644719794e-12,0.0003270303943465653,1000000.0,1000415.2974615671
0.0005305194815172713,0.00010044493963379886,-0.00034663858118180323,298.3968821276013,0.0,0.03068183942930509,299.06998832533975,3.1542778343981583e-17,0.0,3.7617652466239245e-06,99.69510869591238,5.316535283690498e-16,7.528580929978859e-15,2.681028987026042e-10,8.072331906385806e-27,1.4035311891563027e-17,2.6121093136763003,3.870736376809731e-12,0.0003270304377443638,1000000.0,1000415.2537229449
0.000531498344477107,0.00010044460282919127,-0.0003417135679568621,298.3938718123966,0.0,0.030682144430288067,299.0729968060121,3.1498375960937856e-17,0.0,3.761803087903986e-06,99.6961115736263,5.309109051687212e-16,7.51141678374559e-15,2.6749147136174935e-10,8.05166342539951e-27,1.4029257544871898e-17,2.612135590054086,3.870235233423513e-12,0.0003270304804635204,1000000.0,1000415.1606436762
0.0005324772074369429,0.00010044427034368865,-0.00033792975157723133,298.3908974549775,0.0,0.030682445477987676,299.07596674622073,3.145410276480129e-17,0.0,3.761840444413989e-06,99.69710160386023,5.30170327937521e-16,7.494291362244117e-15,2.668814263067095e-10,8.03107467632669e-27,1.4023277864690115e-17,2.6121615298153333,3.869740052047465e-12,0.0003270305226345686,1000000.0,1000415.0597184142
0.0005334560703967787,0.00010044394109197253,-0.00033509355363313143,298.3879623267681,0.0,0.030682743566840445,299.07890783927036,3.140996345373225e-17,0.0,3.761877438078358e-06,99.69808201788143,5.294318041839778e-16,7.477204806853466e-15,2.662727687864157e-10,8.010567659560532e-27,1.401737931385908e-17,2.612187217622403,3.8692517098120605e-12,0.0003270305643951814,1000000.0,1000414.9946230348
0.0005344349333566145,0.00010044361436133404,-0.0003326456616071393,298.38506830598334,0.0,0.030683039349866194,299.08182645053034,3.1365961434015086e-17,0.0,3.7619141489620503e-06,99.69905493758851,5.286953417858083e-16,7.460157175539489e-15,2.656655009791648e-10,7.990143451864234e-27,1.4011565602557333e-17,2.612212709071113,3.8687707308741414e-12,0.00032703060583576856,1000000.0,1000414.9931247457
0.0005354137963164503,0.0001004432900764775,-0.00032990083808363753,298.38221495485925,0.0,0.03068333289596966,299.0847232517343,3.1322097158727076e-17,0.0,3.761950585514272e-06,99.70002058690419,5.279609419576114e-16,7.44314838744543e-15,2.6505961995882096e-10,7.969801314737647e-27,1.400583573287652e-17,2.612238010028457,3.868297047959064e-12,0.0003270306469658897,1000000.0,1000415.056003481
0.000536392659276286,0.00010044296879472447,-0.0003263340081526203,298.3793995785906,0.0,0.030683623694298674,299.08759326345114,3.127836774351771e-17,0.0,3.761986685102691e-06,99.70097730593295,5.272285951731602e-16,7.426178226484265e-15,2.6445511782603494e-10,7.949538956396592e-27,1.400018421529608e-17,2.6122630770035498,3.867830014321643e-12,0.0003270306877148637,1000000.0,1000415.1573949935
0.0005373715222361219,0.00010044265144011259,-0.0003217931035121822,298.37661821785747,0.0,0.03068391089789607,299.0904282300661,3.1234767970506617e-17,0.0,3.762022343886447e-06,99.70192234266207,5.264982816572876e-16,7.409246400594784e-15,2.638519838883968e-10,7.929353127050467e-27,1.3994603006067762e-17,2.6122878378909693,3.867368655329712e-12,0.0003270307279654966,1000000.0,1000415.2561379157
0.0005383503851959576,0.00010044233889269689,-0.0003165524432576584,298.37386714176256,0.0,0.030684193700073668,299.0932202884704,3.119129222742211e-17,0.0,3.7620574629617047e-06,99.70285307592091,5.257699761243096e-16,7.392352630654991e-15,2.6325020793105415e-10,7.909240818634594e-27,1.3989084550029067e-17,2.6123122240134804,3.8669120496963695e-12,0.0003270307676061738,1000000.0,1000415.3131648245
0.0005393292481557934,0.00010044203160641387,-0.00031118853881888334,298.371144211597,0.0,0.030684471684636967,299.095965381869,3.114793656229498e-17,0.0,3.762091991301242e-06,99.7037681533751,5.250436546913461e-16,7.375496731513758e-15,2.626497831968533e-10,7.889200166299028e-27,1.39836244834215e-17,2.6123361999386017,3.8664596795523856e-12,0.0003270308065793289,1000000.0,1000415.3075984066
0.0005403081111156293,0.00010044172941278044,-0.00030633407008413317,298.3684495548002,0.0,0.03068474500581821,299.0986650136803,3.110470000398363e-17,0.0,3.7621259478153706e-06,99.70466807618976,5.243193010572239e-16,7.358678651935432e-15,2.620507078550618e-10,7.869230985353564e-27,1.3978223003268098e-17,2.612359778797349,3.866011605419841e-12,0.0003270308449063407,1000000.0,1000415.2449302627
0.000541286974075465,0.00010044143158696834,-0.000302414749912721,298.36578528758025,0.0,0.030685014327752586,299.101325657591,3.106158462024573e-17,0.0,3.762159413931485e-06,99.70555500237117,5.235969094215516e-16,7.341898458183331e-15,2.614529843969542e-10,7.849334502296116e-27,1.3972884286550352e-17,2.612383017131596,3.865568398127788e-12,0.00032703088267915163,1000000.0,1000415.154097432
0.0005422658370353009,0.00010044113714172668,-0.00029947976141192023,298.3631544270546,0.0,0.03068528055512238,299.1039561320246,3.1018594338220467e-17,0.0,3.762192500569571e-06,99.70643187154455,5.228764830316633e-16,7.325156269593609e-15,2.6085661727278646e-10,7.829512686644309e-27,1.396761436529129e-17,2.612405991962398,3.865130864205976e-12,0.00032703092002299124,1000000.0,1000415.0749704208
0.0005432446999951366,0.00010044084522412343,-0.00029718615067547634,298.36055945458065,0.0,0.03068554446954593,299.10656405585434,3.097573297592232e-17,0.0,3.762225303561419e-06,99.70730122346454,5.221580290827405e-16,7.308452174760951e-15,2.60261609782649e-10,7.809766846566846e-27,1.3962418056595334e-17,2.6124287698338087,3.864699672710208e-12,0.00032703095704604367,1000000.0,1000415.0415713956
0.0005442235629549724,0.0001004405554478078,-0.00029495222711580643,298.35800113623264,0.0,0.030685806425039232,299.1091528799182,3.0933002416943405e-17,0.0,3.7622578663123966e-06,99.7081642084695,5.214415521051569e-16,7.291786161442853e-15,2.5966796152858925e-10,7.790097216810912e-27,1.395729682619271e-17,2.612451380885819,3.864275059383579e-12,0.00032703099379731226,1000000.0,1000415.0680995813
0.0005452024259148083,0.00010044026802313984,-0.00029220591461690703,298.35547808809486,0.0,0.030686066228721734,299.111720724194,3.089040163733493e-17,0.0,3.7622901651751886e-06,99.70902019985323,5.207270486716775e-16,7.275158091355324e-15,2.59075667477737e-10,7.770502491097031e-27,1.3952247833320547e-17,2.6124738086981125,3.863856710089175e-12,0.000327031030250122,1000000.0,1000415.1435501158
0.000546181288874644,0.000100439983636172,-0.0002886211064200541,298.35298724824764,0.0,0.03068632325170605,299.11426145868614,3.084792694997e-17,0.0,3.7623221230454194e-06,99.70986715417901,5.200145055917484e-16,7.258567727778556e-15,2.5848471897795074e-10,7.750980197697416e-27,1.394726489291728e-17,2.6124959997306503,3.863443879099261e-12,0.0003270310663174704,1000000.0,1000415.2369470326
0.0005471601518344798,0.00010043970313400946,-0.00028424523115349665,298.3505250332119,0.0,0.03068657671746284,299.1167675142497,3.080557334599097e-17,0.0,3.762353644716793e-06,99.71070254826921,5.193039022171254e-16,7.24201480302589e-15,2.5789510624010723e-10,7.731527524134611e-27,1.394234078856e-17,2.6125178878737114,3.863035683084168e-12,0.0003270311018919311,1000000.0,1000415.3107101258
0.0005481390147943156,0.00010043942715260038,-0.00027946898611422446,298.34808867957724,0.0,0.030686826042972393,299.1192332079594,3.076333635369787e-17,0.0,3.7623846587082773e-06,99.7115244877182,5.185952157748998e-16,7.22549909657732e-15,2.5730682121099667e-10,7.71214225842271e-27,1.3937469949960085e-17,2.6125394234920156,3.862631443965724e-12,0.00032703113689285847,1000000.0,1000415.3363784848
0.0005491178777541514,0.00010043915584102866,-0.00027485836678595177,298.3456772160124,0.0,0.030687071091445646,299.1216572065063,3.072121363200519e-17,0.0,3.7624151482492353e-06,99.71233252806691,5.178884274672049e-16,7.209020491528018e-15,2.5671985964957586e-10,7.692823469179324e-27,1.3932650392620694e-17,2.6125605949403026,3.862230939061134e-12,0.0003270311713013524,1000000.0,1000415.3061839475
0.0005500967407139871,0.00010043888879576821,-0.00027091102317955244,298.34329166627487,0.0,0.0306873122326104,299.12404311384597,3.0679205630232004e-17,0.0,3.7624451586709745e-06,99.71312787069543,5.171835267793989e-16,7.192578986488913e-15,2.56134221559489e-10,7.673571578072518e-27,1.3927884095048325e-17,2.6125814336959037,3.861834454754673e-12,0.00032703120516859656,1000000.0,1000415.2357137826
0.000551075603673823,0.00010043862522771968,-0.00026785043441930124,298.34093441536925,0.0,0.03068755018963047,299.1263979790514,3.063731507939779e-17,0.0,3.76247477863822e-06,99.71391286541528,5.16480512232239e-16,7.176174658737698e-15,2.5554990984057063e-10,7.65438799015834e-27,1.3923175765290652e-17,2.6126020013261786,3.8614426281149304e-12,0.00032703123859467357,1000000.0,1000415.1567470889
0.0005520544666336588,0.00010043836428490726,-0.00026554269196088205,298.3386080299764,0.0,0.030687785743334015,299.12872941328885,3.0595545547292136e-17,0.0,3.7625041038858242e-06,99.71469004941204,5.157793883994311e-16,7.159807596275267e-15,2.5496692778576434e-10,7.63527420770029e-27,1.391853046293802e-17,2.612622364307869,3.861056145987471e-12,0.0003270312716876395,1000000.0,1000415.1035672071
0.0005530333295934946,0.00010043810539077463,-0.0002635640879992855,298.33631404434186,0.0,0.030688019422125266,299.13104256723545,3.055389969241511e-17,0.0,3.762533199200085e-06,99.71546113966609,5.150801605600685e-16,7.143477827927961e-15,2.5438527651110733e-10,7.616231005461627e-27,1.391395118648851e-17,2.612642567627541,3.860675434570237e-12,0.00032703130452062023,1000000.0,1000415.0986883425
0.0005540121925533304,0.00010043784845718685,-0.000261385504230846,298.33405221655374,0.0,0.030688251306726703,299.13333822780044,3.051237795852692e-17,0.0,3.7625620744789146e-06,99.71622639849397,5.14382829272298e-16,7.127185280631591e-15,2.5380495338547723e-10,7.597257921810002e-27,1.3909437393653326e-17,2.6126626181581436,3.860300467633653e-12,0.0003270313371047989,1000000.0,1000415.1439385437
0.0005549910555131661,0.00010043759388870415,-0.0002585938107397091,298.33182054532443,0.0,0.030688481026239,299.1356127797128,3.047097823401848e-17,0.0,3.7625906842486726e-06,99.71698462074357,5.136873871029442e-16,7.110929780402517e-15,2.532259520667059e-10,7.578353287751187e-27,1.390498504077024e-17,2.6126824843235124,3.859930768390684e-12,0.0003270313693888746,1000000.0,1000415.2203878658
0.0005560221615537526,0.00010043732905098149,-0.00025485651000783075,298.3294990941087,0.0,0.03068871996831432,299.1379791110771,3.0427496599471806e-17,0.0,3.7626204484384736e-06,99.71777343768058,5.129568546144647e-16,7.093846516662828e-15,2.5261746899451156e-10,7.558511134787687e-27,1.390035489692064e-17,2.6127031520996615,3.859546229270038e-12,0.00032703140297511143,1000000.0,1000415.3007111715
0.0005570532675943389,0.00010043706838537156,-0.00025052756355816336,298.3272044503599,0.0,0.030688955089027813,299.14030818891655,3.0384141023534416e-17,0.0,3.7626497440456045e-06,99.71854983613919,5.122283785011413e-16,7.076803842538751e-15,2.520104336887333e-10,7.538739756030906e-27,1.3895779567478542e-17,2.6127234944995332,3.859165902007666e-12,0.0003270314360320765,1000000.0,1000415.3466235786
0.0005580843736349252,0.00010043681229361762,-0.00024611040151313693,298.3249346973611,0.0,0.03068918601998917,299.14259642239494,3.034090798150619e-17,0.0,3.7626785259037697e-06,99.71931261911264,5.115019367952159e-16,7.0598015769531665e-15,2.51404839560459e-10,7.519037558508606e-27,1.389125519059671e-17,2.6127434801603795,3.858789324985249e-12,0.00032703146850882915,1000000.0,1000415.3395653004
0.0005591154796755117,0.00010043656060232564,-0.0002421600044408263,298.3226900125343,0.0,0.030689412920012853,299.1448453595963,3.029779667294844e-17,0.0,3.7627068134850954e-06,99.72006230265538,5.107775143202744e-16,7.042839657356641e-15,2.5080068438019543e-10,7.499404387102486e-27,1.3886782072301698e-17,2.6127631226033317,3.85841656975419e-12,0.00032703150042736625,1000000.0,1000415.2853448768
0.000560146585716098,0.00010043631263119987,-0.00023902927888900188,298.3204723834648,0.0,0.030689636412592945,299.1470610780704,3.0254809050091e-17,0.0,3.7627346832342827e-06,99.72080091272124,5.100551054976339e-16,7.025918123649961e-15,2.5019796968606105e-10,7.479841312467872e-27,1.3882364115672654e-17,2.612782474910361,3.858048171382637e-12,0.0003270315318739672,1000000.0,1000415.211128055
0.0005611776917566843,0.0001004360674915955,-0.00023670906411155863,298.3182845050138,0.0,0.030689857312242056,299.14925151732945,3.0211948602073687e-17,0.0,3.762762235016188e-06,99.72153109595003,5.093347127843374e-16,7.0090370558964644e-15,2.495966984924939e-10,7.460349869224584e-27,1.3878006624555424e-17,2.6128016064260176,3.857684848910401e-12,0.00032703156296133237,1000000.0,1000415.1527347125
0.0005622087977972708,0.00010043582447715432,-0.00023483689466784647,298.31612836802753,0.0,0.03069007626640114,299.1514229883663,3.01692184545098e-17,0.0,3.7627895482118052e-06,99.72225495611389,5.086163414888777e-16,6.992196494794346e-15,2.489968723654858e-10,7.440931098709782e-27,1.3873713498952942e-17,2.612820572271188,3.85732714535808e-12,0.00032703159377904414,1000000.0,1000415.1381250204
0.0005632399038378571,0.00010043558336605178,-0.0002328686206182956,298.3140041913054,0.0,0.030690293478356542,299.1535774727843,3.012661966206739e-17,0.0,3.7628166477461604e-06,99.7229731537812,5.078999933919854e-16,6.9753963816304e-15,2.4839848921474786e-10,7.421584837921771e-27,1.3869485116923071e-17,2.61283938975341,3.8569751535290575e-12,0.0003270316243552383,1000000.0,1000415.1747029823
0.0005642710098784434,0.00010043534449898554,-0.00023032631195631103,298.3119101764169,0.0,0.030690508635725047,299.1557119256978,3.008415047054338e-17,0.0,3.7628434953200375e-06,99.72368467393794,5.071856620845915e-16,6.958636544545989e-15,2.478015427885649e-10,7.402309562840453e-27,1.3865317849810581e-17,2.612858032278324,3.856628450636621e-12,0.00032703165464671654,1000000.0,1000415.2461430918
0.0005653021159190299,0.00010043510859275809,-0.00022703081791855073,298.30984321304317,0.0,0.030690721081325312,299.15781994129236,3.0041806901905363e-17,0.0,3.7628700103597568e-06,99.72438738120317,5.064733322366355e-16,6.9419167378933434e-15,2.4720602412571785e-10,7.383102921984957e-27,1.3861205484352584e-17,2.612876443896862,3.856286276346654e-12,0.0003270316845625822,1000000.0,1000415.3203787119
0.0005663332219596162,0.00010043487638442653,-0.00022316679871800424,298.30780017737834,0.0,0.030690930139385078,299.1598949325266,2.9999584350500595e-17,0.0,3.762896110012126e-06,99.72507907978385,5.057629830092197e-16,6.925236714914093e-15,2.4661192422109725e-10,7.363962526771643e-27,1.3857141767950327e-17,2.6128945670770998,3.855947861760047e-12,0.00032703171400937157,1000000.0,1000415.3646888054
0.0005673643280002026,0.000100434648275522,-0.0002191910627003255,298.30577920538593,0.0,0.03069113544170278,299.16193331039483,2.995747944226003e-17,0.0,3.7629217491338765e-06,99.72575857328333,5.050545939109845e-16,6.908596298443007e-15,2.460192366331417e-10,7.344886885662075e-27,1.3853122967291052e-17,2.6129123704722743,3.8556127561480126e-12,0.0003270317429361716,1000000.0,1000415.3606976699
0.000568395434040789,0.00010043442413577603,-0.000215624320567182,298.30378037092447,0.0,0.03069133710759691,299.1639362379905,2.9915491295174526e-17,0.0,3.7629469423546415e-06,99.72642624941936,5.04348150429278e-16,6.891995418604895e-15,2.4542795886881403e-10,7.325875826482056e-27,1.3849149202715082e-17,2.612929864240971,3.855281001940636e-12,0.0003270317713595063,1000000.0,1000415.3125677727
0.0005694265400813753,0.00010043420335524113,-0.00021280465473309741,298.30180546234106,0.0,0.030691535696144807,299.1659091649623,2.9873621589672283e-17,0.0,3.7629717582212476e-06,99.72708392483459,5.03643646852842e-16,6.875434100821655e-15,2.448380919288653e-10,7.306930189669695e-27,1.384522394673303e-17,2.6129470959810033,3.854953078578763e-12,0.000327031799356729,1000000.0,1000415.24467768
0.0005704576461219617,0.00010043398511945692,-0.00021073101630750786,298.29985696529917,0.0,0.03069173195393589,299.1678593687427,2.9831873498029116e-17,0.0,3.7629962882707743e-06,99.72773402546433,5.029410849414554e-16,6.858912408778217e-15,2.442496382384167e-10,7.288051473041628e-27,1.3841352128990287e-17,2.6129641292542467,3.854629649181276e-12,0.0003270318270311298,1000000.0,1000415.1899113401
0.000571488752162548,0.00010043376877084362,-0.0002090813092800353,298.2979367562907,0.0,0.030691926483760224,299.1697927250895,2.9790249915669405e-17,0.0,3.763020606409739e-06,99.72837850999495,5.022404692955979e-16,6.8424303732451e-15,2.436625989976341e-10,7.26924058255188e-27,1.3837537402439234e-17,2.6129810153802002,3.854311222794922e-12,0.00032703185446610137,1000000.0,1000415.174377073
0.0005725198582031344,0.00010043355408968472,-0.00020736102428493654,298.2960451090118,0.0,0.030692119487000315,299.17171119704307,2.9748751870916535e-17,0.0,3.763044737329677e-06,99.72901803280682,5.015418015667431e-16,6.825987937052694e-15,2.430769721721234e-10,7.25049738244569e-27,1.3833780251113408e-17,2.6129977715042676,3.85399790181292e-12,0.0003270318816895102,1000000.0,1000415.2056015237
0.0005735509642437208,0.00010043334136892521,-0.00020513384439227168,298.29418045736946,0.0,0.030692310695039665,299.1736121663235,2.970737787036915e-17,0.0,3.763068648097309e-06,99.72965172109515,5.00845076139562e-16,6.809584941612873e-15,2.424927520136359e-10,7.231820694374549e-27,1.383007757731472e-17,2.613014374758112,3.853689321071041e-12,0.00032703190866421227,1000000.0,1000415.2694798681
0.0005745820702843072,0.00010043313125233457,-0.00020222188803934617,298.29234000961463,0.0,0.03069249951761653,299.17548987940245,2.9666124365662683e-17,0.0,3.7630922663435495e-06,99.73027765691886,5.001502793142463e-16,6.7932211614713125e-15,2.4190993029782234e-10,7.213208347415595e-27,1.3826423784978394e-17,2.6130307748898014,3.853384797366251e-12,0.00032703193530857514,1000000.0,1000415.3372171959
0.0005756131763248935,0.00010043292441491731,-0.00019878170838187343,298.2905209151708,0.0,0.030692685335814526,299.17733830342945,2.962498717057017e-17,0.0,3.7631155161859326e-06,99.7308938292246,4.994573922291391e-16,6.7768963674829626e-15,2.4132849866928944e-10,7.194658221689807e-27,1.382281319262008e-17,2.6130469192077714,3.853083629136433e-12,0.00032703196153700527,1000000.0,1000415.3788808481
0.0005766442823654799,0.00010043272123692364,-0.0001952226177398411,298.2887214321247,0.0,0.030692867800935168,299.17915403949695,2.958396314419703e-17,0.0,3.763138354872286e-06,99.73149910498509,4.987663960870056e-16,6.76061039065163e-15,2.407484509821253e-10,7.176168856360042e-27,1.3819242289323913e-17,2.613062778025601,3.8527853933929275e-12,0.00032703198730128785,1000000.0,1000415.3771474325
0.0005783170120543606,0.00010043239901284637,-0.00019025754707070261,298.28584442144785,0.0,0.03069315704142074,299.1820336821385,2.9517650535645295e-17,0.0,3.7631745755844845e-06,99.73245903406257,4.97649406521186e-16,6.7342725821229825e-15,2.3981039638636947e-10,7.146303461896731e-27,1.3813534811207492e-17,2.6130879291077758,3.852308002852995e-12,0.00032703202816116453,1000000.0,1000415.2957590065
0.0005799897417432413,0.00010043208377917223,-0.00018706508604449888,298.28302600380647,0.0,0.030693439877599347,299.1848508889801,2.945164068691428e-17,0.0,3.7632100109660584e-06,99.7333981501395,4.965373409897613e-16,6.708036793330953e-15,2.388759794783138e-10,7.116601163683002e-27,1.3807945478357062e-17,2.613112534868982,3.851840264249276e-12,0.0003270320681343596,1000000.0,1000415.2031132048
0.0005811551206690688,0.00010043186669318237,-0.0001856170145320025,298.281101875841,0.0,0.030693634605998422,299.18679098192337,2.9405837510326446e-17,0.0,3.7632344138362502e-06,99.73404488023536,4.957654892417209e-16,6.689818893798992e-15,2.3822713137215186e-10,7.096006731905199e-27,1.3804130698474999e-17,2.6131294798310636,3.851521384127413e-12,0.0003270320956617946,1000000.0,1000415.1961738974
0.0005823204995948963,0.00010043165127919677,-0.000183943325049393,298.27921083753535,0.0,0.030693827803593206,299.18871614879686,2.936018870178453e-17,0.0,3.763258628963201e-06,99.73468663471957,4.94996037470581e-16,6.671650504309955e-15,2.3758004888714945e-10,7.075493588623068e-27,1.3800382336167795e-17,2.6131462944272523,3.851208472495401e-12,0.0003270321229770958,1000000.0,1000415.2512164356
0.0005834858785207237,0.00010043143822275913,-0.00018136541032427337,298.2773497446565,0.0,0.0306940188417848,299.1906202624022,2.931469101287618e-17,0.0,3.7632825792777167e-06,99.7353213710879,4.942289759429529e-16,6.653531351154748e-15,2.3693472206312453e-10,7.055059352555452e-27,1.3796694128154976e-17,2.61316292514194,3.850900771360017e-12,0.00032703214999333757,1000000.0,1000415.3369959281
0.0005846512574465511,0.00010043122873358005,-0.00017784681279391708,298.2755136594477,0.0,0.03069420661136121,299.1924925107353,2.9269337770330936e-17,0.0,3.7633061287841346e-06,99.73594548515415,4.934642791477163e-16,6.635461063701105e-15,2.362911373791263e-10,7.034700530865224e-27,1.37930562777418e-17,2.6131792775419247,3.85059705846864e-12,0.00032703217655712926,1000000.0,1000415.4004461939
0.0005858166363723786,0.00010043102368394628,-0.00017401702432384434,298.27369896934835,0.0,0.030694390312453912,299.19432509710276,2.9224122965152345e-17,0.0,3.763329179414008e-06,99.73655637788727,4.927019161775962e-16,6.617439340885361e-15,2.3564928387504406e-10,7.014414513608072e-27,1.3789461615367522e-17,2.613195283530052,3.850296440979815e-12,0.00032703220255786756,1000000.0,1000415.4031258402
0.0005869820152982061,0.00010043082297535712,-0.00017070865591920016,298.2719056096127,0.0,0.030694570035273632,299.19611890087106,2.91790449460932e-17,0.0,3.7633517422281885e-06,99.7371543424244,4.919418653159612e-16,6.599466069932448e-15,2.350091575174198e-10,6.994200966812843e-27,1.3785909981669431e-17,2.6132109507868018,3.8499989264910045e-12,0.0003270322280080481,1000000.0,1000415.3477734188
0.0005881473942240335,0.00010043062561138796,-0.00016838618291478287,298.27013671651025,0.0,0.03069474669333644,299.19788282660414,2.9134106884069045e-17,0.0,3.7633739292301588e-06,99.73774234710578,4.911841214245888e-16,6.581541308300385e-15,2.3437076053364266e-10,6.974061577929757e-27,1.3782407534063428e-17,2.613226357085591,3.8497053411045186e-12,0.0003270322530340245,1000000.0,1000415.2749441786
0.0005893127731498609,0.00010043043038839694,-0.00016687051269030786,298.26839608955413,0.0,0.03069492139018446,299.1996276311689,2.9089313866941796e-17,0.0,3.7633958757220526e-06,99.73832397773758,4.904286913857655e-16,6.5636651493714535e-15,2.337340964707291e-10,6.953998428557755e-27,1.3778961732832932e-17,2.613241596378045,3.8494166865002655e-12,0.0003270322777884246,1000000.0,1000415.2336650332
0.0005904781520756884,0.00010043023667404992,-0.00016550176679980762,298.2666854016147,0.0,0.030695094705556706,299.20135896566137,2.904466894996537e-17,0.0,3.763417652784547e-06,99.73890111811514,4.896755819709706e-16,6.545837574994371e-15,2.330991647702512e-10,6.934012218741034e-27,1.3775575830644309e-17,2.6132567180214448,3.8491334276753934e-12,0.00032703230235143853,1000000.0,1000415.2485971304
0.0005916435310015159,0.00010043004472959722,-0.00016362452276229048,298.2650030997605,0.0,0.03069526639986909,299.2030744948039,2.90001709653628e-17,0.0,3.763439231044024e-06,99.73947298977257,4.889247892137587e-16,6.528058397129074e-15,2.3246595863202744e-10,6.914101694851744e-27,1.3772246743469999e-17,2.613271701619222,3.8488552092640374e-12,0.00032703232668993817,1000000.0,1000415.3066310899
0.0005928089099273433,0.00010042985542010921,-0.00016098681948485352,298.26334551369,0.0,0.03069543567987596,299.20476648647366,2.8955815281510686e-17,0.0,3.7634605132442194e-06,99.74003701520341,4.881762959554321e-16,6.510327316398634e-15,2.318344671517291e-10,6.894264180060095e-27,1.3768967176308562e-17,2.613286479638189,3.848581130652076e-12,0.00032703235069423043,1000000.0,1000415.369346082
0.0005939742888531707,0.00010042966958293139,-0.00015785007237181003,298.2617091561571,0.0,0.030695601777731816,299.20642745611985,2.891159667557629e-17,0.0,3.763481405242877e-06,99.74059069942948,4.8743007790087e-16,6.4926440419098265e-15,2.312046797538939e-10,6.874497316246811e-27,1.3765730262178618e-17,2.613300986707479,3.848310333598202e-12,0.0003270323742581411,1000000.0,1000415.3997740651
0.0005951396677789982,0.00010042948749752,-0.00015476672630054507,298.2600926082764,0.0,0.030695764437118876,299.20805490531427,2.88675121311807e-17,0.0,3.763501875614242e-06,99.74113320959862,4.866861133296392e-16,6.475008391407312e-15,2.305765898228785e-10,6.85479960051077e-27,1.3762533062778301e-17,2.613315201005549,3.848042477435035e-12,0.00032703239734624206,1000000.0,1000415.38471259
0.0005963050467048257,0.00010042930876628292,-0.00015220781037309614,298.25849689619304,0.0,0.030695924022527108,299.2096523869733,2.88235620262598e-17,0.0,3.763521969047641e-06,99.74166573007707,4.859443898977571e-16,6.45742030834056e-15,2.2995019542676368e-10,6.835171814375896e-27,1.3759377714366372e-17,2.613329153563954,3.847777851950755e-12,0.0003270324200089614,1000000.0,1000415.3395805297
0.0005974704256306531,0.00010042913261176636,-0.00015030376109496533,298.2569243751886,0.0,0.030696081246770538,299.2112268493238,2.877974905766734e-17,0.0,3.763541772939338e-06,99.74219057705928,4.852049051300252e-16,6.439879806818162e-15,2.2932549718608367e-10,6.815614907629991e-27,1.3756268754832544e-17,2.613342905069251,3.847517082236664e-12,0.0003270324423448857,1000000.0,1000415.2957105142
0.0005986358045564805,0.00010042895835552801,-0.00014880371978609545,298.25537699273497,0.0,0.030696236731893933,299.2127843558276,2.8736075955243155e-17,0.0,3.7635613635568284e-06,99.74270977180281,4.844676611332513e-16,6.422386880125207e-15,2.2870249496245936e-10,6.796129798491e-27,1.375320999216275e-17,2.613356508480365,3.847260695280713e-12,0.00032703246444004165,1000000.0,1000415.2800794479
0.000599801183482308,0.00010042878577991208,-0.00014726566720761318,298.25385500864013,0.0,0.030696390677436337,299.2143268515618,2.8692543567085166e-17,0.0,3.763580765365703e-06,99.74322396269994,4.837326572696316e-16,6.4049414339302415e-15,2.280811854206988e-10,6.776716461739644e-27,1.3750201949087421e-17,2.6133699807858086,3.847008793208112e-12,0.00032703248632202697,1000000.0,1000415.3001049742
0.0006009665624081354,0.00010042861518005794,-0.00014533898732004626,298.2523568480285,0.0,0.030696542812726962,299.21585169821236,2.864915017947013e-17,0.0,3.7635999451806916e-06,99.74373227026753,4.829998854455972e-16,6.387543280662498e-15,2.2746156174968782e-10,6.75737345893754e-27,1.3747241431407259e-17,2.6133832989422623,3.846761004548561e-12,0.00032703250795341565,1000000.0,1000415.3415849447
0.0006021319413339629,0.00010042844711577635,-0.000142952086168525,298.2508800275037,0.0,0.030696692624392643,299.21735389170465,2.8605892430040565e-17,0.0,3.7636188400594918e-06,99.74423302639516,4.822693302447635e-16,6.370192184737964e-15,2.268436154126522e-10,6.738099097697842e-27,1.3744323562978842e-17,2.613396419243603,3.846516728096408e-12,0.0003270325292632278,1000000.0,1000415.3792885595
0.0006032973202597903,0.00010042828203789829,-0.0001403289272269515,298.249422507659,0.0,0.030696839698980204,299.2188294019284,2.856276707758435e-17,0.0,3.7636373993105266e-06,99.74472488764383,4.815409732991606e-16,6.352887933262844e-15,2.2622733869795117e-10,6.718891860914423e-27,1.3741444304623988e-17,2.613409306490416,3.8462754700841345e-12,0.0003270325501943038,1000000.0,1000415.392762836
0.0006044626991856178,0.00010042812001726977,-0.0001378243437780876,298.24798364939494,0.0,0.030696983971467195,299.22027759511127,2.851977247965067e-17,0.0,3.763655614962076e-06,99.74520764274527,4.808147989569217e-16,6.33563038517136e-15,2.256127265206843e-10,6.699751011736358e-27,1.3738602347410171e-17,2.613421955147267,3.846037089505572e-12,0.0003270325707376689,1000000.0,1000415.3777134935
0.0006056280781114452,0.00010042796072020827,-0.00013570911818099,298.2465642697284,0.0,0.03069712574777885,299.2217014533116,2.8476909046567116e-17,0.0,3.7636735245230964e-06,99.74568228576996,4.800907978141737e-16,6.3184194730332805e-15,2.249997765290242e-10,6.68067686894658e-27,1.3735799304431203e-17,2.6134343912597715,3.845801819004425e-12,0.000327032590935638,1000000.0,1000415.346931417
0.0006067934570372727,0.00010042780361987505,-0.00013401958200129308,298.2451658552078,0.0,0.0306972655109717,299.2231056851898,2.843417845415681e-17,0.0,3.7636911872201087e-06,99.74615038635183,4.793689663653871e-16,6.3012551641228e-15,2.243884876331696e-10,6.661670039861667e-27,1.3733038067518598e-17,2.613446655953875,3.845570062088629e-12,0.0003270326108550125,1000000.0,1000415.3212782466
0.0006079588359631001,0.00010042764830207566,-0.0001325536894178054,298.2437894563937,0.0,0.03069740364081942,299.22449399265855,2.8391582182487895e-17,0.0,3.763708649616551e-06,99.74661317852502,4.786493033032449e-16,6.284137403914599e-15,2.237788579423749e-10,6.642730886921943e-27,1.3730320678483655e-17,2.6134587815624784,3.84534211409408e-12,0.0003270326305483103,1000000.0,1000415.31675475
0.0006091242148889276,0.00010042749468139744,-0.0001310090324669294,298.24243492694063,0.0,0.030697540215610147,299.2258671388886,2.8349120302786e-17,0.0,3.7637259213117437e-06,99.74707091669288,4.779318048580022e-16,6.267066077552908e-15,2.2317088334822664e-10,6.623859047728852e-27,1.3727646824915744e-17,2.613470774751197,3.84511796678841e-12,0.0003270326500263633,1000000.0,1000415.3354300621
0.000610289593814755,0.00010042734300664334,-0.0001291719060128701,298.2411009312177,0.0,0.030697675007154947,299.22722289964696,2.830679119725002e-17,0.0,3.7637429743288193e-06,99.74752285940637,4.772164619994316e-16,6.25004101026402e-15,2.2256455753777162e-10,6.60505345046783e-27,1.3725013857372637e-17,2.613482616093343,3.8448973081238825e-12,0.0003270326692576283,1000000.0,1000415.3653042038
0.0006115701450865339,0.00010042717900885744,-0.00012682020485215454,298.2396567735203,0.0,0.03069782067582509,299.22868882037585,2.8260429007405744e-17,0.0,3.7637614129585136e-06,99.7480115239225,4.764328927939755e-16,6.231386498934824e-15,2.2190020258022411e-10,6.584464204894753e-27,1.3722163861150102e-17,2.6134954195827342,3.844658385058283e-12,0.0003270326900513004,1000000.0,1000415.3915539748
0.0006128506963583128,0.00010042701813326019,-0.00012434241166560598,298.23823364459076,0.0,0.030697963482741654,299.23012684226495,2.8214221301308294e-17,0.0,3.7637795006707332e-06,99.7484908883485,4.756518908502099e-16,6.212787379240528e-15,2.2123782168144287e-10,6.563952043881862e-27,1.3719355781265079e-17,2.6135079794006684,3.84442277697202e-12,0.0003270327104490371,1000000.0,1000415.39536043
0.0006141312476300916,0.00010042686036937011,-0.00012205662867942988,298.2368311151937,0.0,0.0306981034374567,299.23153705846966,2.8168166709098146e-17,0.0,3.763797238637207e-06,99.74896098373779,4.748734398277026e-16,6.194243485991387e-15,2.2057740892162042e-10,6.543516388457322e-27,1.3716588750095571e-17,2.613520296360775,3.844190403025833e-12,0.00032703273045217053,1000000.0,1000415.3755830595
0.0006154117989018705,0.00010042670533403292,-0.00012017632598689206,298.23545009681857,0.0,0.030698240891277182,299.2329228934225,2.8122265775231756e-17,0.0,3.7638146699311662e-06,99.7494229516264,4.740975294077875e-16,6.175754720903345e-15,2.199189608421108e-10,6.52315745730047e-27,1.3713864534397141e-17,2.613532400372413,3.843961523890103e-12,0.0003270327501092841,1000000.0,1000415.3468189687
0.0006166923501736494,0.00010042655248919604,-0.00011867362558976254,298.23409203318437,0.0,0.030698376337566863,299.2342891562697,2.807652013112924e-17,0.0,3.7638318550430643e-06,99.74987839514526,4.733241547968071e-16,6.157321012419702e-15,2.1926247496669537e-10,6.502875774934137e-27,1.3711185944610691e-17,2.6135443334391826,3.8437365377923085e-12,0.0003270327694886016,1000000.0,1000415.3301217179
0.0006179729014454283,0.00010042640147021279,-0.00011728093762054117,298.2327577142325,0.0,0.030698510110680362,299.2356391062133,2.8030930939055056e-17,0.0,3.7638488349678306e-06,99.75032840075077,4.725533127080157e-16,6.138942256986275e-15,2.186079476418007e-10,6.482671475040507e-27,1.3708554506596069e-17,2.6135561240273018,3.843515679017801e-12,0.0003270327886363599,1000000.0,1000415.3391206991
0.0006192534527172072,0.00010042625231436306,-0.00011566219796887808,298.2314464744578,0.0,0.030698642176393558,299.2369724097136,2.798549757771307e-17,0.0,3.763865605510132e-06,99.75077285725735,4.71784996190954e-16,6.120618279554549e-15,2.1795537258193478e-10,6.46254381688291e-27,1.3705968884627372e-17,2.6135677692235997,3.843298812072327e-12,0.00032703280754783524,1000000.0,1000415.3704401235
0.0006205340039889861,0.00010042610543023177,-0.00011363797300303312,298.2301563365947,0.0,0.030698772159975005,299.23828541410927,2.7940217477232225e-17,0.0,3.7638821207260263e-06,99.75121054704879,4.710191916814182e-16,6.102348840412945e-15,2.173047411299259e-10,6.442491366590235e-27,1.3703425184410993e-17,2.6135792371253412,3.8430854663017e-12,0.00032703282617122583,1000000.0,1000415.4051056565
0.0006218145552607649,0.0001004259613134227,-0.00011131627067548817,298.22888505869855,0.0,0.030698899606884385,299.23957368878706,2.7895087251750796e-17,0.0,3.7638983248863284e-06,99.75163999317823,4.702558804470924e-16,6.08413368703964e-15,2.166560441480142e-10,6.422512446348816e-27,1.3700918971952153e-17,2.613590489035076,3.842875099240543e-12,0.00032703284444369563,1000000.0,1000415.4206320774
0.0006230951065325438,0.00010042582018371833,-0.00010904041843847667,298.2276314372573,0.0,0.030699024315518905,299.2408352686504,2.7850104489480954e-17,0.0,3.7639141932736384e-06,99.75206054057989,4.694950437274524e-16,6.0659726173681626e-15,2.160092743628562e-10,6.4026060817207246e-27,1.3698447872065926e-17,2.6136015077894394,3.842667429850105e-12,0.0003270328623373809,1000000.0,1000415.4063382962
0.0006243756578043227,0.00010042568179059006,-0.00010716160340241323,298.2263959776855,0.0,0.030699146515580897,299.2420723927767,2.780526898441915e-17,0.0,3.763929754051544e-06,99.7524729356512,4.687366682611713e-16,6.047865512706821e-15,2.1536442756801706e-10,6.382772285083426e-27,1.3696012861062928e-17,2.6136123129447726,3.842462610779434e-12,0.00032703287988404805,1000000.0,1000415.3714617159
0.0006256562090761016,0.00010042554553168325,-0.00010579860447492715,298.2251804303987,0.0,0.030699266759429116,299.24329044536495,2.7760582508496303e-17,0.0,3.7639450749436336e-06,99.75287897321718,4.679807484407881e-16,6.0298123154313015e-15,2.147215017946343e-10,6.363011706048121e-27,1.3693617339843334e-17,2.613622951527248,3.842261112678186e-12,0.00032703289716007144,1000000.0,1000415.340027084
0.0006269367603478805,0.0001004254108217474,-0.00010474102891296285,298.2239864427719,0.0,0.030699385583748046,299.24449465783766,2.771604723642302e-17,0.0,3.76396022175184e-06,99.75328039717479,4.672272833663527e-16,6.011812963079356e-15,2.1408049490647858e-10,6.3433250389624805e-27,1.3691264530297437e-17,2.613633469228669,3.842063384193412e-12,0.0003270329142396574,1000000.0,1000415.3351962408
0.0006282173116196594,0.00010042527747339265,-0.00010357301990118372,298.22281420077275,0.0,0.03069950316036128,299.2456867051165,2.7671663787463304e-17,0.0,3.7639752155436777e-06,99.75367776585985,4.664762705470284e-16,5.993867323052536e-15,2.134414021841556e-10,6.323712096316817e-27,1.3688954780026351e-17,2.6136438806779805,3.841869504314081e-12,0.000327032931146568,1000000.0,1000415.363227531
0.0006294978628914382,0.00010042514582800917,-0.00010194664512713195,298.2216619956924,0.0,0.030699619176157687,299.2468635351838,2.762743021610189e-17,0.0,3.7639900179302306e-06,99.754070061881,4.657277003686217e-16,5.975975171718734e-15,2.1280421555754937e-10,6.304171598507559e-27,1.3686684720302817e-17,2.613654159218535,3.8416790692904946e-12,0.0003270329478375215,1000000.0,1000415.4080748348
0.0006307784141632171,0.0001004250165306283,-9.982611528001072e-05,298.22052707367766,0.0,0.030699733039553267,299.2480193815772,2.7583342716668492e-17,0.0,3.7640045563797184e-06,99.75445536298551,4.649815551698315e-16,5.958136235241614e-15,2.1216892510859687e-10,6.2847016590925295e-27,1.3684448931021069e-17,2.613664254485432,3.841491405694922e-12,0.0003270329642307373,1000000.0,1000415.4410292398
0.000632058965434996,0.00010042489008113854,-9.753236992390568e-05,298.2194072644277,0.0,0.03069984429206389,299.2491497752232,2.7539397661804743e-17,0.0,3.764018774679196e-06,99.75483217940581,4.642378138505467e-16,5.9403502676120466e-15,2.1153552194249734e-10,6.2653007336612615e-27,1.368224313700487e-17,2.6136741274453033,3.841305983795043e-12,0.0003270329802628362,1000000.0,1000415.4397192302
0.0006333395167067748,0.00010042476645709184,-9.554431340324179e-05,298.2183023154465,0.0,0.03069995295423427,299.2502549164125,2.7495593649735623e-17,0.0,3.7640326753479602e-06,99.75520057790892,4.634964591887461e-16,5.922617114334982e-15,2.1090400053216778e-10,6.245968385211364e-27,1.3680066824818317e-17,2.6136837798475105,3.841122758947305e-12,0.00032703299593666506,1000000.0,1000415.4039626971
0.0006346200679785538,0.00010042464507303882,-9.417815510975683e-05,298.21721399195394,0.0,0.030700059562942774,299.2513400384428,2.745193214970979e-17,0.0,3.7640463242115336e-06,99.75556230301686,4.627574829988093e-16,5.904936717140441e-15,2.1027435889248196e-10,6.226705342382033e-27,1.3677923439565359e-17,2.6136932574002367,3.840942200753227e-12,0.0003270330113264529,1000000.0,1000415.357327117
0.0006359006192503327,0.00010042452512621827,-9.335832307416345e-05,298.21614479362614,0.0,0.03070016485437688,299.2524123174048,2.7408416212850392e-17,0.0,3.7640598115322926e-06,99.75591974688253,4.62020885444842e-16,5.8873090530355e-15,2.0964659633782898e-10,6.207512762139396e-27,1.3675817868760989e-17,2.613702622780225,3.840764969676588e-12,0.00032703302653398216,1000000.0,1000415.3323967513
0.0006371811705221115,0.00010042440611512513,-9.264375927015556e-05,298.21509608387885,0.0,0.030700269288450464,299.2534762364008,2.7365048025499778e-17,0.0,3.764073193699642e-06,99.75627440395002,4.612866686011105e-16,5.869734045534724e-15,2.090207102228128e-10,6.18839123681766e-27,1.3673752790022454e-17,2.6137119151433734,3.840591441948935e-12,0.0003270330416228404,1000000.0,1000415.3488558889
0.0006384617217938904,0.00010042428818542074,-9.150642165189562e-05,298.21406688049666,0.0,0.030700372731556583,299.25453049314245,2.732182685577184e-17,0.0,3.7640864543331252e-06,99.75662584010091,4.605548283710736e-16,5.852211508655242e-15,2.0839669384564713e-10,6.169339760840508e-27,1.3671726229677154e-17,2.613721123115355,3.840421396612324e-12,0.00032703305657456124,1000000.0,1000415.3989996468
0.0006397422730656693,0.00010042417205035287,-8.969426394095301e-05,298.2130541956504,0.0,0.030700474529539466,299.2555687112389,2.7278748949604597e-17,0.0,3.764099513229155e-06,99.75697192976261,4.59825350153133e-16,5.834741161609224e-15,2.0777453703762994e-10,6.150356431825686e-27,1.3669732331808189e-17,2.6137301910040884,3.84025410122369e-12,0.000327033071298716,1000000.0,1000415.4512766625
0.0006410228243374481,0.00010042405851149982,-8.742443407065128e-05,298.2120547962505,0.0,0.03070057394722263,299.2565837245276,2.7235809501826175e-17,0.0,3.7641122802502328e-06,99.75731028409179,4.590982115756891e-16,5.817322712014435e-15,2.071542292011559e-10,6.131439181977762e-27,1.3667764753193824e-17,2.613739056219544,3.840088755020189e-12,0.00032703308569367775,1000000.0,1000415.4706510191
0.0006419161810217309,0.00010042398107945755,-8.588679198656645e-05,298.2113644368852,0.0,0.030700641675510256,299.2572759532479,2.7205933488270174e-17,0.0,3.764120987228053e-06,99.75754103828432,4.585923074553829e-16,5.8052016107048806e-15,2.0672257155313751e-10,6.11828029166978e-27,1.3666405702874301e-17,2.6137451022058467,3.839974309635118e-12,0.00032703309551083824,1000000.0,1000415.4540716807
0.0006428095377060137,0.00010042390494420879,-8.463163025160745e-05,298.21068020011836,0.0,0.030700708214813077,299.2579565909736,2.7176123362016513e-17,0.0,3.7641295484119055e-06,99.75776792861383,4.580875260982636e-16,5.7931056344920895e-15,2.0629180902402417e-10,6.105153165906674e-27,1.3665058781285149e-17,2.61375104695516,3.839860738433809e-12,0.0003270331051635707,1000000.0,1000415.4193164471
0.0006437028943902964,0.00010042382977843986,-8.376215456963631e-05,298.21000316476494,0.0,0.030700773865310532,299.2586285637403,2.7146380240588577e-17,0.0,3.764138000606081e-06,99.7579919304756,4.575838664148003e-16,5.7810347856537676e-15,2.058619417514561e-10,6.0920583166695876e-27,1.3663726096494551e-17,2.613756916023792,3.839748321681213e-12,0.0003270331146933739,1000000.0,1000415.3798732952
0.0006445962510745792,0.0001004237552307918,-8.323855396028567e-05,298.2093344770908,0.0,0.030700838949238227,299.2592950125827,2.7116705558234134e-17,0.0,3.764146383319176e-06,99.75821409093486,4.570813296919486e-16,5.7689890697937934e-15,2.054329699949971e-10,6.078996287780148e-27,1.3662409887806263e-17,2.6137627368458767,3.8396373583179365e-12,0.00032703312414479493,1000000.0,1000415.3501810879
0.000645489607758862,0.00010042368104745148,-8.290239015592113e-05,298.20867491473473,0.0,0.030700903699371947,299.25995820652116,2.7087100465705987e-17,0.0,3.764154725091405e-06,99.7584351663705,4.565799178523039e-16,5.7569684756064625e-15,2.0500489339177917e-10,6.065967414875462e-27,1.3661111672407209e-17,2.6137685292392807,3.839528054938822e-12,0.0003270331335500136,1000000.0,1000415.3404992517
0.0006463829644431447,0.00010042360714910019,-8.254113282280089e-05,298.2080246178134,0.0,0.030700968188453498,299.26061885463196,2.7057565379963967e-17,0.0,3.7641630348416774e-06,99.75865539315342,4.560796316477313e-16,5.7449729624599935e-15,2.0457771049837398e-10,6.052971665937105e-27,1.3659831716784605e-17,2.613774299397151,3.839420456684252e-12,0.0003270331429190869,1000000.0,1000415.3536850372
0.0006472763211274275,0.00010042353364521475,-8.196385903967148e-05,298.2073830483651,0.0,0.030701032316072418,299.26127597817265,2.7028099817501946e-17,0.0,3.764171300259166e-06,99.7588744450194,4.555804693710163e-16,5.73300245831921e-15,2.0415141872151707e-10,6.0400086924473886e-27,1.3658568971490011e-17,2.6137800387710466,3.839314436539361e-12,0.0003270331522381354,1000000.0,1000415.3846264712
0.0006481696778117103,0.00010042346078512658,-8.106517443381716e-05,298.2067491765856,0.0,0.0307010958535498,299.26192734808916,2.6998702524810838e-17,0.0,3.7641794933063616e-06,99.75909157891236,4.550824264888554e-16,5.721056868658528e-15,2.0372601463439233e-10,6.02707781180296e-27,1.3657321411986444e-17,2.613785727892173,3.839209741093362e-12,0.0003270331614755483,1000000.0,1000415.4223436352
0.000649063034495993,0.00010042338886434582,-7.985732937077836e-05,298.2061218241149,0.0,0.030701158529851606,299.2625703224632,2.696937186682307e-17,0.0,3.7641875807526563e-06,99.75930591414763,4.545854962460332e-16,5.7091360920445565e-15,2.033014945579608e-10,6.0141782921688076e-27,1.365608672894144e-17,2.613791343685729,3.839106077933817e-12,0.00032703317059386007,1000000.0,1000415.4539659877
0.0006499563911802758,0.00010042331811891593,-7.846131472682947e-05,298.20550004463786,0.0,0.030701220128481244,299.2632027909818,2.6940106332592778e-17,0.0,3.7641955360540926e-06,99.75951674725152,4.540896709949023e-16,5.697240037635054e-15,2.0287785520369505e-10,6.001309528998629e-27,1.3654863066927844e-17,2.6137968677200183,3.839003212271e-12,0.0003270331795631447,1000000.0,1000415.469195707
0.0006508497478645586,0.00010042324864393123,-7.706138265669949e-05,298.20488341182664,0.0,0.030701280562212538,299.26382390340575,2.6910904978335725e-17,0.0,3.764203348516181e-06,99.75972379479641,4.535949437799585e-16,5.685368638379685e-15,2.0245509415854464e-10,5.988471212175392e-27,1.3653649589453951e-17,2.613802292568959,3.838901040566922e-12,0.00032703318837134636,1000000.0,1000415.4637312008
0.0006517431045488414,0.00010042318036318703,-7.58396410485461e-05,298.2042721195335,0.0,0.03070133990092703,299.2644343409185,2.6881767659171023e-17,0.0,3.764211026706991e-06,99.7599272838551,4.531013096328665e-16,5.6735218555874265e-15,2.0203321005308928e-10,5.975663369407143e-27,1.3652446673211353e-17,2.6138076241820807,3.838799616726739e-12,0.000327033197028127,1000000.0,1000415.4405183506
0.0006526364612331241,0.00010042311305859872,-7.491372301232413e-05,298.20366686635236,0.0,0.03070139834463373,299.26503605313616,2.6852694979729618e-17,0.0,3.764218595149204e-06,99.76012786433297,4.526087661462264e-16,5.6616996736596414e-15,2.0161220236755365e-10,5.962886303911403e-27,1.365125568241781e-17,2.6138128795875386,3.838699123489487e-12,0.0003270332055611366,1000000.0,1000415.4084755712
0.0006535298179174069,0.00010042304644721544,-7.429878288027904e-05,298.2030685716542,0.0,0.030701456152836672,299.26563156961134,2.6823687990973434e-17,0.0,3.764226085660065e-06,99.76032637945742,4.521173131556052e-16,5.649902087170017e-15,2.0119207095615386e-10,5.9501404348854074e-27,1.3650078412604054e-17,2.6138180808787173,3.8385998007497e-12,0.0003270332140062488,1000000.0,1000415.3792180279
0.0006544231746016898,0.00010042298027771556,-7.39060062771855e-05,298.2024780265074,0.0,0.030701513556033077,299.26622313715296,2.679474774566442e-17,0.0,3.7642335265004103e-06,99.76052357820323,4.516269516714963e-16,5.638129085013236e-15,2.0077281546377923e-10,5.937426107648883e-27,1.3648916407761752e-17,2.613823247679486,3.838501856932482e-12,0.0003270332223953273,1000000.0,1000415.3629759456
0.0006553165312859725,0.00010042291441257059,-7.35768402767952e-05,298.20189560160924,0.0,0.03070157068035495,299.2668119852615,2.6765874869809957e-17,0.0,3.7642409331351543e-06,99.76071987042488,4.511376824547171e-16,5.626380637172721e-15,2.0035443483910982e-10,5.924743435777754e-27,1.3647770389148513e-17,2.613828390728434,3.83840539444175e-12,0.00032703323074580865,1000000.0,1000415.3651366397
0.0006562098879702553,0.00010042284886820279,-7.313989873798814e-05,298.20132111037947,0.0,0.030701627510736417,299.2673979670968,2.6737069296691394e-17,0.0,3.76424830371731e-06,99.76091520717311,4.506495047360793e-16,5.614656688532937e-15,1.9993692710704568e-10,5.9120922300408244e-27,1.3646639987932185e-17,2.6138335087430424,3.83831037425298e-12,0.000327033239055611,1000000.0,1000415.3845742231
0.0006571032446545381,0.00010042278380089124,-7.247018726353187e-05,298.2007538685195,0.0,0.030701683903838713,299.26797968546384,2.670833024881624e-17,0.0,3.7642556206726666e-06,99.7611091226924,4.501624155129766e-16,5.6029571615685114e-15,1.9952028946788128e-10,5.899472033911833e-27,1.3645523862127037e-17,2.6138385895200615,3.838216630365925e-12,0.0003270332473049211,1000000.0,1000415.4142748242
0.0006579966013388209,0.00010042271944524925,-7.153024134002888e-05,298.2001929224017,0.0,0.030701739644475645,299.26855504282435,2.667965646468835e-17,0.0,3.7642628576179448e-06,99.76130091776746,4.496764096417433e-16,5.5912819666311546e-15,1.9910451867597686e-10,5.8868822497113985e-27,1.3644420143603744e-17,2.6138436147393667,3.838123927329662e-12,0.00032703325546399453,1000000.0,1000415.4439586975
0.0006588899580231036,0.0001004226560281204,-7.037972768233131e-05,298.199637361734,0.0,0.030701794524585418,299.26912201108263,2.665104658340404e-17,0.0,3.7642699890433312e-06,99.76148991633173,4.491914806639447e-16,5.579631015999386e-15,1.986896115568747e-10,5.8743223082262184e-27,1.3643327049649702e-17,2.6138485666873534,3.838032039522334e-12,0.000327033263504072,1000000.0,1000415.4637263635
0.0006597833147073864,0.00010042259368825483,-6.915155877848125e-05,298.1990866064276,0.0,0.030701848416902003,299.26967934970605,2.6622499547031743e-17,0.0,3.764276999345144e-06,99.76167570485309,4.48707622059692e-16,5.568004236800927e-15,1.9827556548080217e-10,5.861791802563325e-27,1.364224344017177e-17,2.613853434529076,3.837940824135794e-12,0.00032703327140756305,1000000.0,1000415.4674436967
0.0006606766713916692,0.000100422532429192,-6.8003391451293e-05,298.1985405698908,0.0,0.030701901318171097,299.2702270269789,2.6594014894780857e-17,0.0,3.764283888124457e-06,99.76185827275913,4.482248284686818e-16,5.5564015780673e-15,1.9786237863092627e-10,5.849290660540296e-27,1.3641169152707749e-17,2.613858217987527,3.837850263735519e-12,0.0003270332791740194,1000000.0,1000415.4547107143
0.0006615700280759519,0.00010042247212061547,-6.706194426597631e-05,298.19799964610706,0.0,0.030701953347908935,299.2707662079053,2.6565592826685085e-17,0.0,3.764290670034938e-06,99.76203800840446,4.477430964823608e-16,5.544823010532887e-15,1.9745004998207282e-10,5.836818993547254e-27,1.364010495076322e-17,2.613862927237977,3.837760462725262e-12,0.00032703328681996287,1000000.0,1000415.4307770889
0.0006633617541068586,0.00010042235328513709,-6.591531555161474e-05,298.1969325032896,0.0,0.030702055755528864,299.27182864477726,2.6508780213500957e-17,0.0,3.7643040335480238e-06,99.76239217109291,4.467801238148095e-16,5.521673435537563e-15,1.9662566286866306e-10,5.8118954537776e-27,1.3638005518209024e-17,2.6138722066483084,3.8375832595043236e-12,0.00032703330188594144,1000000.0,1000415.379282993
0.0006643745604881531,0.00010042228675144465,-6.559054362936338e-05,298.19634172064275,0.0,0.0307021130564948,299.27242348490495,2.647678103400304e-17,0.0,3.7643115155488897e-06,99.7625904606837,4.462376728128576e-16,5.508630503290289e-15,1.961611873933806e-10,5.797860802114046e-27,1.3636843238835998e-17,2.613877402030373,3.83748532041751e-12,0.0003270333103210767,1000000.0,1000415.3731421997
0.0006653873668694476,0.00010042222051169714,-6.52248700628946e-05,298.19576032421685,0.0,0.030702170088143337,299.27301569861135,2.6444865825155037e-17,0.0,3.7643189645140756e-06,99.76278787475584,4.456965853379717e-16,5.495618413116436e-15,1.956978107440224e-10,5.783865100009639e-27,1.3635699407793511e-17,2.6138825744729908,3.8373891063300424e-12,0.0003270333187189345,1000000.0,1000415.3900117138
0.000666400173250742,0.00010042215473386623,-6.45999014500583e-05,298.19518754325156,0.0,0.030702226696407434,299.2736037841308,2.6413033807284157e-17,0.0,3.764326361554058e-06,99.7629839126951,4.451568584886232e-16,5.482637063877789e-15,1.952355292756543e-10,5.7699078240819314e-27,1.36345725151496e-17,2.6138877108595797,3.8372944323422145e-12,0.00032703332705821993,1000000.0,1000415.4222332179
0.0006676054857822585,0.00010042207749287592,-6.34155507322987e-05,298.19451534420995,0.0,0.030702293111378374,299.27429435781784,2.6375257521568027e-17,0.0,3.764335047707326e-06,99.76321411499104,4.445163085653493e-16,5.467228212727769e-15,1.946868020457107e-10,5.753346648739872e-27,1.363325003145086e-17,2.613893742385886,3.837183332158412e-12,0.0003270333368507862,1000000.0,1000415.4614267994
0.0006688107983137749,0.00010042200188622967,-6.189118968893625e-05,298.19385140816496,0.0,0.03070235802771564,299.2749703217434,2.6337593540033508e-17,0.0,3.7643435500959425e-06,99.76343944711677,4.438776612882374e-16,5.4518625170025965e-15,1.9413961207078065e-10,5.7368374918843214e-27,1.3631943833311191e-17,2.6138996463089694,3.837073438107323e-12,0.00032703334643613695,1000000.0,1000415.4795697723
0.0006700161108452913,0.00010042192816023628,-6.037828697392803e-05,298.19319468314,0.0,0.03070242121948916,299.27562947364,2.6300039715997085e-17,0.0,3.764351841019321e-06,99.76365917494547,4.432409017460982e-16,5.43653981677805e-15,1.935939535974996e-10,5.7203796320106936e-27,1.363065186202871e-17,2.613905403393989,3.836964492465831e-12,0.0003270333557830461,1000000.0,1000415.4656974032
0.0006712214233768077,0.00010042185610521219,-5.924059543793571e-05,298.192545770666,0.0,0.030702482879005455,299.2762736880508,2.6262595984108856e-17,0.0,3.7643599440558613e-06,99.76387392335691,4.4260601991503316e-16,5.4212600245000744e-15,1.9304982353506046e-10,5.703973209877484e-27,1.362937528819799e-17,2.613911030013404,3.8368566568382395e-12,0.00032703336491809787,1000000.0,1000415.4281467508
0.0006724267359083241,0.00010042178515878145,-5.863024232591433e-05,298.1919065197297,0.0,0.030702543522065178,299.2769079928236,2.6225264200315685e-17,0.0,3.76436792244689e-06,99.7640853683863,4.4197301278057787e-16,5.406023107292548e-15,1.925072208036507e-10,5.687619006208358e-27,1.3628117717513427e-17,2.6139165700809777,3.8367504116506624e-12,0.00032703337391259025,1000000.0,1000415.3900774036
0.0006736320484398406,0.00010042171473059778,-5.8385549794421386e-05,298.19127883786496,0.0,0.03070260369012876,299.27753766593753,2.618804679445565e-17,0.0,3.7643758425799407e-06,99.76429526945026,4.413418822638261e-16,5.390829035292164e-15,1.9196614443332147e-10,5.671317820762287e-27,1.3626882868764642e-17,2.6139220696951444,3.836646255584221e-12,0.0003270333828413672,1000000.0,1000415.3756875629
0.000674837360971357,0.0001004216445566668,-5.812037374560772e-05,298.1906634231074,0.0,0.03070266362532786,299.27816506763423,2.6150945018378382e-17,0.0,3.7643837341426285e-06,99.76450441333634,4.407126300360736e-16,5.375677726689445e-15,1.9142659154210544e-10,5.6550698218923994e-27,1.3625672098588944e-17,2.613927549470507,3.83654438274903e-12,0.00032703339173789794,1000000.0,1000415.3952727327
0.0006760426735028734,0.00010042157486303035,-5.7458651575061265e-05,298.1900592059374,0.0,0.030702723120328183,299.2787881769286,2.6113957866263622e-17,0.0,3.764391571714576e-06,99.76471212634826,4.4008525234455544e-16,5.360569023623258e-15,1.9088855644892934e-10,5.6388742628983666e-27,1.3624483312289438e-17,2.613932991755565,3.83644453837845e-12,0.000327033400573526,1000000.0,1000415.4384173633
0.0006772479860343898,0.00010042150623250219,-5.6263838710299785e-05,298.1894638652499,0.0,0.030702781640556443,299.27940178302407,2.607708236550739e-17,0.0,3.7643992897532907e-06,99.76491667146482,4.3945973802717833e-16,5.345502714261232e-15,1.9035203149163328e-10,5.6227298059566636e-27,1.3623311978194067e-17,2.613938351038664,3.836346147310265e-12,0.00032703340927436387,1000000.0,1000415.4797467835
0.0006784532985659062,0.00010042143924706719,-5.473194619127199e-05,298.1888751346713,0.0,0.03070283865219494,299.2800006824784,2.6040315081535442e-17,0.0,3.764406822808778e-06,99.76511631411626,4.3883607106732335e-16,5.330478589221119e-15,1.8981700909306916e-10,5.606635098512538e-27,1.3622153665779671e-17,2.6139435818723813,3.8362486440108456e-12,0.0003270334177666289,1000000.0,1000415.4940967554
0.0006796586110974227,0.00010042137411827947,-5.328290552896212e-05,298.1882921224984,0.0,0.030702893961188665,299.280582983723,2.6003653965076765e-17,0.0,3.764414147088493e-06,99.76531042374742,4.3821423625493773e-16,5.315496497961205e-15,1.89283483842718e-10,5.590589515769764e-27,1.362100663058122e-17,2.6139486677355555,3.836151809108741e-12,0.000327033426023501,1000000.0,1000415.4720897311
0.0006808639236289391,0.00010042131053321018,-5.230895622830317e-05,298.1877158315921,0.0,0.030702947854549422,299.2811514844521,2.596709941293125e-17,0.0,3.76442129778242e-06,99.76549993297085,4.3759422457092204e-16,5.300556371021832e-15,1.88751453313986e-10,5.5745934019698934e-27,1.3619872826152301e-17,2.613953633063546,3.836055904183682e-12,0.0003270334340846529,1000000.0,1000415.4265245459
0.0006820692361604555,0.00010042124781935417,-5.193035846570411e-05,298.1871485275172,0.0,0.03070300094910438,299.2817121972873,2.593065385505625e-17,0.0,3.7644283505185807e-06,99.76568684609656,4.3697603496281302e-16,5.285658193099992e-15,1.8822091707295728e-10,5.558647742987853e-27,1.3618756670416353e-17,2.613958530371235,3.835961514238114e-12,0.00032703344203534383,1000000.0,1000415.3852811458
0.000683274548691972,0.00010042118533820463,-5.191112736509985e-05,298.1865923034462,0.0,0.0307030538305016,299.2822708309385,2.58943200748601e-17,0.0,3.764435377102328e-06,99.76587306612541,4.36359671286127e-16,5.270801941958098e-15,1.8769187443365787e-10,5.542753463737936e-27,1.361766224836412e-17,2.613963409519106,3.83586918462773e-12,0.00032703344995652317,1000000.0,1000415.3746338494
0.0006844798612234883,0.00010042112287398871,-5.1789049103493835e-05,298.1860476944572,0.0,0.030703106696649662,299.2828293145793,2.585809922744631e-17,0.0,3.7644424017992144e-06,99.76605923614825,4.3574513613423305e-16,5.255987530206124e-15,1.871643222987499e-10,5.526910567873939e-27,1.3616590588787224e-17,2.613968287356768,3.835779067221822e-12,0.0003270334578755467,1000000.0,1000415.4028773882
0.0006856851737550049,0.00010042106077524174,-5.115582509150422e-05,298.1855132063275,0.0,0.030703159227857192,299.2833845320046,2.5821989829832483e-17,0.0,3.7644493854129555e-06,99.76624431737679,4.3513242520700074e-16,5.241214784480919e-15,1.8663825442620062e-10,5.511118224864359e-27,1.3615538783838531e-17,2.6139731366669516,3.835690798936095e-12,0.00032703346574822835,1000000.0,1000415.4544770465
0.0006868904862865213,0.00010042099975139876,-4.9912106695889895e-05,298.1849860880189,0.0,0.03070321077340076,299.28393014021884,2.5785988320804374e-17,0.0,3.764456248160018e-06,99.76642619537068,4.345215257962416e-16,5.226483478874256e-15,1.861136626275665e-10,5.4953748434286076e-27,1.3614501457838965e-17,2.613977902049253,3.8356036934950735e-12,0.00032703347348462836,1000000.0,1000415.498797158
0.0006880957988180377,0.0001004209404377051,-4.834050629859142e-05,298.1844639150541,0.0,0.030703260750601574,299.2844604594882,2.5750090938608693e-17,0.0,3.7644629185995156e-06,99.7666029767883,4.3391242043646574e-16,5.211793401079864e-15,1.8559053921677515e-10,5.479679039336263e-27,1.3613473876927258e-17,2.61398253389627,3.835517143015598e-12,0.00032703348100421217,1000000.0,1000415.5085375564
0.0006893011113495541,0.00010042088298979051,-4.694471420783786e-05,298.18394603144463,0.0,0.03070330901669846,299.2849740982312,2.571429580320736e-17,0.0,3.7644693792278448e-06,99.76677419774538,4.333050936450621e-16,5.1971444128303255e-15,1.8506887923336284e-10,5.464030318054155e-27,1.3612454757480383e-17,2.613987020053782,3.8354309856526594e-12,0.00032703348828724957,1000000.0,1000415.4767995414
0.0006905064238810705,0.00010042082696049598,-4.6145487832826306e-05,298.1834339504269,0.0,0.030703355981831697,299.28547505435483,2.5678603908795125e-17,0.0,3.764475680331519e-06,99.76694119094586,4.326995377050049e-16,5.182536466643999e-15,1.8454868105806509e-10,5.448429278831676e-27,1.3611447048480915e-17,2.613991395439935,3.8353456108017846e-12,0.0003270334953904301,1000000.0,1000415.4221441529
0.000691711736412587,0.00010042077154450482,-4.6019033472614974e-05,298.1829304314986,0.0,0.030703402384661967,299.28597052807646,2.5643018378071985e-17,0.0,3.7644819124763876e-06,99.76710635658529,4.320957538973668e-16,5.167969567252732e-15,1.840299449966429e-10,5.432877171521148e-27,1.3610456133531709e-17,2.613995722942199,3.835261728085568e-12,0.0003270335024158504,1000000.0,1000415.3781152877
0.0006929170489441034,0.00010042071605737076,-4.622920215912023e-05,298.18243774020544,0.0,0.030703448852987553,299.28646663897877,2.560754235456678e-17,0.0,3.76448815263585e-06,99.7672717346292,4.3149374821273115e-16,5.153443699575207e-15,1.8351267061943461e-10,5.4173749367213335e-27,1.3609486425743658e-17,2.6140000560096652,3.835179926145797e-12,0.0003270335094502826,1000000.0,1000415.3729517013
0.0006941223614756198,0.00010042066035960611,-4.622314523094181e-05,298.1819561432638,0.0,0.030703495514750146,299.28696463422517,2.5572176801173353e-17,0.0,3.76449441649699e-06,99.76743774082007,4.3089352398214687e-16,5.138958766254841e-15,1.8299685446783474e-10,5.4019225174722396e-27,1.3608538439381349e-17,2.6140044055351925,3.83510028880115e-12,0.0003270335165114103,1000000.0,1000415.4117470351
0.0006953276740071362,0.00010042060495666353,-4.5569767825865555e-05,298.18148359587286,0.0,0.030703541906322285,299.28745999456714,2.5536919580670892e-17,0.0,3.764500647215748e-06,99.7676028686644,4.3029507591456393e-16,5.124514574665847e-15,1.8248248957947187e-10,5.38651873869934e-27,1.3607608183625517e-17,2.614008732047179,3.835022311959822e-12,0.00032703352353515437,1000000.0,1000415.4723866291
0.0006965329865386526,0.00010042055069947072,-4.423276554634122e-05,298.1810168638908,0.0,0.030703587247186543,299.28794511181104,2.5501766437168615e-17,0.0,3.764506749094664e-06,99.76776458196765,4.296983893135627e-16,5.110110883173505e-15,1.8196956718958487e-10,5.371161858889177e-27,1.360668935023525e-17,2.6140129690948486,3.834945185142687e-12,0.00032703353041363804,1000000.0,1000415.5183468304
0.0006977382990701691,0.00010042049825863924,-4.260653673137916e-05,298.1805534299459,0.0,0.030703630922215657,299.2884139899155,2.546671333495122e-17,0.0,3.7645126467142674e-06,99.76792088194682,4.2910344513480645e-16,5.095747479445043e-15,1.8145807961242963e-10,5.355850504304459e-27,1.3605777029823271e-17,2.6140170643081313,3.834868274626306e-12,0.00032703353706184455,1000000.0,1000415.5209501011
0.0006989436116016855,0.00010042044769289434,-4.1285224205302675e-05,298.18009302009307,0.0,0.030703672877533356,299.2888661037117,2.543175874321031e-17,0.0,3.764518333468875e-06,99.7680715935367,4.285102279328133e-16,5.0814242430066144e-15,1.8094802254241318e-10,5.340584402856145e-27,1.3604870687105413e-17,2.6140210131001487,3.834791513369742e-12,0.00032703354347232954,1000000.0,1000415.4775036299
0.0007001489241332019,0.00010042039838604143,-4.0696113084754896e-05,298.1796377789027,0.0,0.03070371367833687,299.2893069625505,2.5396904434030366e-17,0.0,3.7645238786562614e-06,99.76821855328171,4.279187318252196e-16,5.067141152392433e-15,1.8043939531696454e-10,5.325364458728032e-27,1.3603974501494393e-17,2.61402486359016,3.8347154496185165e-12,0.0003270335497232105,1000000.0,1000415.4137862441
0.0007013542366647183,0.00010042034939773701,-4.083879819254449e-05,298.1791909615134,0.0,0.030703754187154653,299.2897449740784,2.5362154257705906e-17,0.0,3.764529388029573e-06,99.76836456387446,4.2732896079532697e-16,5.052898231975412e-15,1.7993219895588173e-10,5.3101920727398875e-27,1.360309481285873e-17,2.61402868921145,3.8346409180783974e-12,0.0003270335559337011,1000000.0,1000415.3690781705
0.0007021960708656473,0.00010042031492841674,-4.113442682378479e-05,298.1788853754656,0.0,0.030703782713186984,299.2900531697661,2.533794735143673e-17,0.0,3.7645332645603293e-06,99.76846730052372,4.2691807140258576e-16,5.042974286471737e-15,1.7957880340088774e-10,5.299623976005388e-27,1.3602493096736904e-17,2.614031381012808,3.834590157126181e-12,0.0003270335603035449,1000000.0,1000415.3674899767
0.0007030379050665764,0.00010042028021428281,-4.131620161070762e-05,298.1785851601497,0.0,0.03070381146387447,299.2903635547884,2.5313793368805382e-17,0.0,3.7645371686289976e-06,99.76857076698862,4.265080297123435e-16,5.033069899167908e-15,1.7922610456909593e-10,5.289079553810998e-27,1.3601901884357978e-17,2.614034091936047,3.834540476375271e-12,0.0003270335647044221,1000000.0,1000415.3914721234
0.0007038797392675054,0.00010042024544988105,-4.118911981299872e-05,298.1782895368566,0.0,0.030703840260767716,299.2906743896919,2.5289691559006977e-17,0.0,3.7645410783563674e-06,99.76867438342164,4.260988345006028e-16,5.023185002373113e-15,1.7887410001168536e-10,5.278558374769898e-27,1.3601319656916972e-17,2.614036806788596,3.834491683489029e-12,0.0003270335691116691,1000000.0,1000415.4325409797
0.0007047215734684345,0.00010042021094671216,-4.067247457825606e-05,298.17799732109734,0.0,0.030703868818138403,299.29098288930146,2.526564048207031e-17,0.0,3.764544958709918e-06,99.7687772213834,4.256904816561005e-16,5.013319511977127e-15,1.7852278667614877e-10,5.268059817067716e-27,1.3600744105178916e-17,2.6140395012444357,3.834443481866084e-12,0.0003270335734857955,1000000.0,1000415.4773242895
0.0007055634076693635,0.00010042017702722825,-3.981475154673784e-05,298.17770730804443,0.0,0.030703896840211766,299.2912861705084,2.524163846780293e-17,0.0,3.764548773425303e-06,99.76887831978844,4.2528296507126647e-16,5.003473343001873e-15,1.7817216147825842e-10,5.257583254132589e-27,1.3600172880657516e-17,2.6140421501221875,3.8343955682332665e-12,0.0003270335777859226,1000000.0,1000415.5120519099
0.0007064166727707624,0.00010042014346466778,-3.876366476991416e-05,298.17741478015887,0.0,0.030703924493015657,299.2915862608286,2.5217359225012204e-17,0.0,3.76455254800478e-06,99.76897835450305,4.248707615415353e-16,4.993513123232806e-15,1.778174749532384e-10,5.246986437443338e-27,1.3599596708130726e-17,2.6140447711302177,3.834347089727923e-12,0.00032703358204079816,1000000.0,1000415.5275294664
0.0007072699378721613,0.00010042011080283233,-3.7720083051339465e-05,298.1771233849343,0.0,0.030703951319710057,299.2918782979932,2.5193128232085643e-17,0.0,3.7645562212899714e-06,99.76907570469479,4.2445940458486033e-16,4.983572632035339e-15,1.7746349101223406e-10,5.236411582233672e-27,1.3599022777945617e-17,2.6140473218011233,3.834298622163503e-12,0.0003270335861814821,1000000.0,1000415.5198008842
0.0007081232029735602,0.00010042007896256677,-3.686529030824665e-05,298.1768333883581,0.0,0.0307039773928981,299.29216298971295,2.5168945450003497e-17,0.0,3.7645598021826123e-06,99.76917060627936,4.2404889029638526e-16,4.9736518419949175e-15,1.7711020869098947e-10,5.2258587680556305e-27,1.3598451608038154e-17,2.6140498083161257,3.834250233842646e-12,0.00032703359021800935,1000000.0,1000415.4921454388
0.0007089764680749592,0.00010042004773323467,-3.6324089019135474e-05,298.1765455240313,0.0,0.03070400290578673,299.2924422193057,2.5144811514806286e-17,0.0,3.7645633143714714e-06,99.76926368706155,4.2363921698352287e-16,4.963750744454227e-15,1.767576277151699e-10,5.2153282946057685e-27,1.3597884627276923e-17,2.614052247124324,3.83420211229221e-12,0.0003270335941770833,1000000.0,1000415.4533770098
0.0007098297331763581,0.00010042001683378185,-3.612968331542532e-05,298.17626076728993,0.0,0.03070402811617559,299.29271849972037,2.5120727509820718e-17,0.0,3.764566789464947e-06,99.769355784734,4.232303850411217e-16,4.9538693404950476e-15,1.7640574816853178e-10,5.204820572810045e-27,1.359732373523944e-17,2.6140546601740846,3.834154507373341e-12,0.0003270335980943345,1000000.0,1000415.4152441365
0.000710682998277757,0.00010041998599381368,-3.621425198365946e-05,298.17598004084016,0.0,0.030704053272087597,299.2929942486085,2.5096694610840738e-17,0.0,3.7645702578727717e-06,99.76944770522185,4.228223962291198e-16,4.944007629232433e-15,1.7605457006183066e-10,5.194335982147095e-27,1.3596770728386898e-17,2.614057068581434,3.834107656710446e-12,0.00032703360200404173,1000000.0,1000415.3889967414
0.000711536263379156,0.0001004199550298174,-3.6433203739532374e-05,298.175703942291,0.0,0.030704078541852475,299.29327110680174,2.507271371115515e-17,0.0,3.764573740233669e-06,99.76953999549703,4.224152525667835e-16,4.934165596951203e-15,1.7570409293464193e-10,5.183874756970197e-27,1.3596226770818283e-17,2.6140594866775717,3.834061716380404e-12,0.00032703360592947013,1000000.0,1000415.3821729206
0.0007123895284805549,0.00010041992389575171,-3.6605795102436764e-05,298.1754325676476,0.0,0.03070410396770197,299.29354948597114,2.5048785130254865e-17,0.0,3.764577241725725e-06,99.76963279279028,4.2200895516167144e-16,4.924343210196832e-15,1.7535431559841429e-10,5.17343687706767e-27,1.3595692047594177e-17,2.614061918058077,3.834016715554275e-12,0.0003270336098764566,1000000.0,1000415.3964809882
0.0007132427935819537,0.0001004198926927595,-3.656980827518896e-05,298.1751654839949,0.0,0.03070412945686008,299.29382848177636,2.502490849380015e-17,0.0,3.7645807509739564e-06,99.76972579563935,4.216035033278666e-16,4.9145404147187935e-15,1.7500523609744388e-10,5.163022057421041e-27,1.3595165711717706e-17,2.6140643548243445,3.833972548944533e-12,0.00032703361383217895,1000000.0,1000415.4274151345
0.0007140960586833527,0.00010041986163548525,-3.6228913013151505e-05,298.17490185810874,0.0,0.030704154812438572,299.29410617502305,2.5001082832432372e-17,0.0,3.764584243838332e-06,99.76981836427997,4.2119889423449275e-16,4.9047571402284385e-15,1.746568518954249e-10,5.152629916482145e-27,1.3594646145979269e-17,2.614066780213925,3.8339290092735875e-12,0.0003270336177694259,1000000.0,1000415.465703169
0.0007149493237847516,0.00010041983098596586,-3.5578973353796526e-05,298.1746406993522,0.0,0.03070417979407662,299.29438022275747,2.4977306831110185e-17,0.0,3.764587690848688e-06,99.76990971768754,4.207951232121762e-16,4.894993310497455e-15,1.7430916022839475e-10,5.142259910317177e-27,1.3594131417054907e-17,2.6140691737632094,3.833885847919818e-12,0.00032703362165497827,1000000.0,1000415.5001157164
0.0007158025888861505,0.00010041980097511419,-3.470732228908114e-05,298.17438114341604,0.0,0.030704204189961906,299.2946485603043,2.4953579185400468e-17,0.0,3.764591066035104e-06,99.76999916760164,4.2039218457898677e-16,4.885248854217173e-15,1.739621585155719e-10,5.131911584498067e-27,1.3593619840741184e-17,2.614071517439103,3.8338428473036454e-12,0.0003270336254595622,1000000.0,1000415.5207865651
0.0007166558539875495,0.00010041977173493332,-3.376540816320308e-05,298.1741226933655,0.0,0.030704227879008967,299.2949100073619,2.492989894864726e-17,0.0,3.7645943545514964e-06,99.77008632056821,4.1999007274389186e-16,4.875523714505057e-15,1.7361584470733747e-10,5.1215846557415655e-27,1.3593110448286045e-17,2.6140738009327245,3.8337998822543336e-12,0.00032703362916644324,1000000.0,1000415.5220659531
0.0007175091190889484,0.0001004197432610088,-3.292325889311378e-05,298.173865348579,0.0,0.030704250865264692,299.29516460337754,2.490626576576914e-17,0.0,3.7645975568940407e-06,99.770171189737,4.195887832636636e-16,4.865817853955611e-15,1.7327021747069038e-10,5.111279074824464e-27,1.3592603237837646e-17,2.6140760245886097,3.833756953235671e-12,0.00032703363277618097,1000000.0,1000415.5040843248
0.000718124061459458,0.00010041972313360888,-3.2473011173397066e-05,298.17368084907923,0.0,0.03070426707034283,299.2953445701888,2.4889262809923697e-17,0.0,3.7645998205402555e-06,99.77023118137437,4.193000847128384e-16,4.85883484670739e-15,1.7302155150565288e-10,5.103865220194895e-27,1.3592239593218783e-17,2.614077596428657,3.833726108880989e-12,0.00032703363532779955,1000000.0,1000415.4825873226
0.0007187390038299676,0.00010041970323411459,-3.21746271069192e-05,298.1734975157502,0.0,0.030704283066407073,299.29552249936285,2.4872284799120104e-17,0.0,3.7646020585566404e-06,99.77029049376452,4.190118117722515e-16,4.851861841913702e-15,1.7277324177908512e-10,5.0964627173113745e-27,1.3591878238015739e-17,2.614079150471762,3.833695434710771e-12,0.00032703363785052463,1000000.0,1000415.4582023941
0.0007193539462004773,0.00010041968347155156,-3.202592366522273e-05,298.17331566270656,0.0,0.03070429893690571,299.2956992043282,2.4855332098855365e-17,0.0,3.764604281174672e-06,99.77034939806418,4.187239647076502e-16,4.844898838581316e-15,1.7252528826716692e-10,5.0890716650773885e-27,1.3591519780785273e-17,2.6140806938224967,3.83366501122068e-12,0.0003270336403558895,1000000.0,1000415.4347270428
0.0007202248133492596,0.00010041965556880744,-3.202578979895762e-05,298.17306116628265,0.0,0.03070432133485677,299.29594869414393,2.4831368025376474e-17,0.0,3.764607419289955e-06,99.77043256506832,4.183170518381044e-16,4.835055099850845e-15,1.7217475149652834e-10,5.078624417068663e-27,1.359101808698153e-17,2.614082872880014,3.833622485912134e-12,0.0003270336438932099,1000000.0,1000415.409254499
0.000721095680498042,0.0001004196276234001,-3.217281128123528e-05,298.1728106949924,0.0,0.030704343772017688,299.2961985657043,2.4807456125242146e-17,0.0,3.764610562206903e-06,99.77051585932722,4.17910995242026e-16,4.825231397220246e-15,1.7182492838393103e-10,5.068200531284331e-27,1.3590524260993268e-17,2.6140850552717283,3.833580737306918e-12,0.00032703364743593685,1000000.0,1000415.3987176318
0.0007219665476468244,0.00010041959956028335,-3.2320643711857197e-05,298.1725644561356,0.0,0.030704366317226207,299.2964494900269,2.478359679557127e-17,0.0,3.7646137183657157e-06,99.77059950452485,4.1750579572419184e-16,4.8154276987512764e-15,1.7147581780072365e-10,5.0578000454138255e-27,1.359003870562457e-17,2.61408724685838,3.833539822343529e-12,0.0003270336509935842,1000000.0,1000415.4060733087
0.0007228374147956067,0.00010041957142890706,-3.2322981530382504e-05,298.17232220711605,0.0,0.030704388925122256,299.2967010249648,2.475978987244195e-17,0.0,3.7646168822049773e-06,99.7706833532714,4.17101452801809e-16,4.8056439549044806e-15,1.7112741797088705e-10,5.047422790189812e-27,1.3589560947650244e-17,2.61408944377821,3.8334996838542814e-12,0.0003270336545598831,1000000.0,1000415.429013632
0.000723708281944389,0.00010041954339140418,-3.207897083878154e-05,298.17208330571697,0.0,0.030704411446983264,299.2969517208253,2.4736034623957782e-17,0.0,3.7646200354901452e-06,99.77076692231108,4.1669796420840507e-16,4.795880101388385e-15,1.7077972657490967e-10,5.037068415565396e-27,1.3589089735850029e-17,2.614091633369446,3.833460162733897e-12,0.00032703365811427945,1000000.0,1000415.4604912204
0.0007245791490931714,0.0001004195156701941,-3.156500267672389e-05,298.17184690384505,0.0,0.03070443367878641,299.2971995888636,2.471232994168163e-17,0.0,3.7646231532063715e-06,99.77084954869505,4.1629532596706644e-16,4.7861360664596325e-15,1.7043274101858538e-10,5.026736479822757e-27,1.3588623418268368e-17,2.614093798262179,3.833421046725028e-12,0.00032703366162857664,1000000.0,1000415.4909498978
0.0007254500162419537,0.00010041948847769521,-3.083976378723821e-05,298.17161220230304,0.0,0.03070445542568205,299.29744272974926,2.4688674648401066e-17,0.0,3.7646262114634776e-06,99.77093059928069,4.158935329965324e-16,4.77641178043145e-15,1.7008645878377435e-10,5.0164265714627594e-27,1.3588160438687416e-17,2.614095921867454,3.833382134986904e-12,0.0003270336650758458,1000000.0,1000415.5112996693
0.0007267779762478657,0.00010041944824858296,-2.9620624277693458e-05,298.17125675160224,0.0,0.030704487453316,299.29780243766476,2.4652696751628877e-17,0.0,3.7646307359146555e-06,99.77105050725602,4.152824665985713e-16,4.761621396757049e-15,1.6955977267879406e-10,5.000747200841838e-27,1.358745925478213e-17,2.614099063574688,3.833322983406566e-12,0.0003270336701757996,1000000.0,1000415.5134890714
0.0007275705193180974,0.00010041942500222841,-2.8988719001809867e-05,298.1710458054475,0.0,0.030704505868101886,299.2980102948531,2.4631277805604188e-17,0.0,3.764633350367803e-06,99.771119796054,4.1491869921015843e-16,4.752816066092538e-15,1.6924621456722596e-10,4.9914135234143445e-27,1.3587043128464885e-17,2.6141008790095617,3.8332877341831225e-12,0.0003270336731228011,1000000.0,1000415.4959278087
0.0007283630623883291,0.00010041940219790247,-2.854579008255763e-05,298.1708361949262,0.0,0.03070452387747559,299.29821419985916,2.460989884756691e-17,0.0,3.7646359151095687e-06,99.77118776739029,4.145556207255955e-16,4.744026978085641e-15,1.68933234904044e-10,4.9820979190049496e-27,1.3586629624402032e-17,2.6141026599256505,3.833252638473771e-12,0.00032703367601376413,1000000.0,1000415.4696234984
0.0007291556054585608,0.00010041937966528095,-2.8331007962066882e-05,298.17062851286397,0.0,0.03070454163767241,299.29841567561783,2.458856048614982e-17,0.0,3.764638449295751e-06,99.77125492893593,4.1419323079385463e-16,4.735254126092967e-15,1.6862083347897438e-10,4.972800618829214e-27,1.3586219896363211e-17,2.6141044196244314,3.8332178479565715e-12,0.0003270336788702811,1000000.0,1000415.4417019956
0.0007299481485287925,0.0001004193572294785,-2.8321095551405576e-05,298.1704233598337,0.0,0.03070455930911192,299.2986162858532,2.4567263437424144e-17,0.0,3.764640972595199e-06,99.77132180195905,4.138315300234139e-16,4.726497503848926e-15,1.6830901009546538e-10,4.9635218556026515e-27,1.3585815113074765e-17,2.614106171763639,3.8331835169713644e-12,0.0003270336817145227,1000000.0,1000415.4194524173
0.000730986974678478,0.00010041932776573991,-2.84815359600503e-05,298.17015895101446,0.0,0.03070458252340851,299.2988797368074,2.453941181919605e-17,0.0,3.7646442863127435e-06,99.77140962281203,4.1335847584851684e-16,4.715044313065062e-15,1.67901162066716e-10,4.95138801849279e-27,1.3585293326458145e-17,2.6141084727566604,3.833139386851596e-12,0.00032703368544971095,1000000.0,1000415.4072211643
0.0007320258008281635,0.00010041929814126638,-2.863373947970452e-05,298.16989990637023,0.0,0.030704605885236144,299.29914462527944,2.4511632749134642e-17,0.0,3.76464761811169e-06,99.77149792286221,4.1288660839561007e-16,4.703618929940269e-15,1.674943044845508e-10,4.9392863281688725e-27,1.3584782017104606e-17,2.614110786305115,3.833096315783489e-12,0.0003270336892052738,1000000.0,1000415.4180139778
0.000733064626977849,0.00010041926845962945,-2.85665650509109e-05,298.16964575901943,0.0,0.030704629299588563,299.29941002519024,2.4483925829582627e-17,0.0,3.764650956343621e-06,99.77158639340074,4.12415926363811e-16,4.692221271943773e-15,1.670884343879887e-10,4.92721648428677e-27,1.3584280275118476e-17,2.6141131043205292,3.8330541916860385e-12,0.00032703369296808126,1000000.0,1000415.4471368426
0.0007341034531275347,0.00010041923900073908,-2.8160836883215943e-05,298.1693954187914,0.0,0.030704652509705093,299.29967343372545,2.4456289744891674e-17,0.0,3.7646542695276115e-06,99.77167420011338,4.119464253297571e-16,4.680851233162966e-15,1.6668354795580815e-10,4.915177911140793e-27,1.358378597764635e-17,2.6141154049430537,3.833012743318431e-12,0.0003270336967026486,1000000.0,1000415.4824859132
0.0007351422792772202,0.0001004192101029704,-2.7439062988643638e-05,298.1691476055707,0.0,0.03070467520519456,299.2999318252922,2.4428722721450986e-17,0.0,3.764657519607117e-06,99.77176033441744,4.1147809821187097e-16,4.669508700614471e-15,1.6627964110682431e-10,4.9031699538607316e-27,1.3583296632465855e-17,2.6141176617468362,3.832971649596213e-12,0.00032703370036607927,1000000.0,1000415.5095572654
0.0007361811054269057,0.00010041918202231607,-2.6555710286614738e-05,298.1689013570502,0.0,0.030704697151233903,299.3001829109084,2.440122317319343e-17,0.0,3.7646606777908405e-06,99.77184403327976,4.1101093683666922e-16,4.6581935732982505e-15,1.6587671020097214e-10,4.891192104719861e-27,1.3582810366212807e-17,2.614119854739663,3.832930668454468e-12,0.0003270337039259207,1000000.0,1000415.5173989988
0.0007372199315765913,0.00010041915482601367,-2.5732615519173588e-05,298.1686564038684,0.0,0.030704718286143833,299.30042608934264,2.4373790268342975e-17,0.0,3.764663736516365e-06,99.7719250962796,4.1054493396010636e-16,4.646905776231393e-15,1.6547475255550798e-10,4.879244167303346e-27,1.3582326654326026e-17,2.6141219786703136,3.832889732715044e-12,0.00032703370737364914,1000000.0,1000415.5030781998
0.0007382587577262768,0.00010041912836445351,-2.5166924152932067e-05,298.168413257755,0.0,0.03070473874715827,299.3006626983105,2.4346424182934427e-17,0.0,3.764666712609759e-06,99.77200396934501,4.100800849012229e-16,4.635645263719717e-15,1.6507376656521527e-10,4.8673262914608705e-27,1.3581846492354641e-17,2.6141240452225394,3.8328489734950196e-12,0.000327033710728231,1000000.0,1000415.4728235803
0.0007392975838759623,0.00010041910233321996,-2.4948873456478036e-05,298.1681729754366,0.0,0.030704758813514806,299.30089545973965,2.4319125937256458e-17,0.0,3.764669640308003e-06,99.77208155983179,4.096163881040968e-16,4.6244120105087295e-15,1.6467375137767114e-10,4.855438875181647e-27,1.3581371936977239e-17,2.6141260781699485,3.8328086613009316e-12,0.0003270337140282576,1000000.0,1000415.4393614884
0.0007403364100256478,0.00010041907639770549,-2.502747043979023e-05,298.1679367027807,0.0,0.030704778792146736,299.30112736553207,2.4291896881181945e-17,0.0,3.764672557243867e-06,99.77215886509167,4.091538444312373e-16,4.613205994984971e-15,1.6427470626967472e-10,4.8435823115268564e-27,1.3580905215332266e-17,2.614128103644133,3.832769090737918e-12,0.0003270337173161478,1000000.0,1000415.4166273454
0.0007413752361753335,0.00010041905032887598,-2.5232163980030175e-05,298.1677051871959,0.0,0.030704798893145733,299.3013604636099,2.4264738061266044e-17,0.0,3.76467548917655e-06,99.77223656780045,4.086924554663845e-16,4.6020271808387004e-15,1.6387662998174036e-10,4.83175686057612e-27,1.3580447782171065e-17,2.614130139531865,3.832730456827425e-12,0.0003270337206209368,1000000.0,1000415.4140345172
0.000742414062325019,0.00010041902409465013,-2.5343622510168265e-05,298.1674784576686,0.0,0.030704819145939123,299.3015950408345,2.4237649712048422e-17,0.0,3.7646784397142524e-06,99.77231476358342,4.0823222154865384e-16,4.590875505403323e-15,1.634795202831246e-10,4.81996245181984e-27,1.3579999693250474e-17,2.614132188338621,3.832692772918339e-12,0.0003270337239466917,1000000.0,1000415.4326447636
0.0007434528884747045,0.00010041899786978134,-2.5184136063617077e-05,298.1672558022721,0.0,0.030704839390224583,299.3018295346373,2.4210631085055154e-17,0.0,3.764681389202657e-06,99.7723929315577,4.077731403392271e-16,4.579750878818547e-15,1.6308337394220894e-10,4.808198691174727e-27,1.3579559562669015e-17,2.61413423641676,3.832655863967656e-12,0.00032703372727125896,1000000.0,1000415.4647951715
0.0007444917146243901,0.00010041897196075139,-2.469031992691234e-05,298.16703605030824,0.0,0.030704859344864686,299.3020612045807,2.4183680684051378e-17,0.0,3.7646843031719643e-06,99.77247015819725,4.0731520650222645e-16,4.5686531944353365e-15,1.6268818710954216e-10,4.796464985834439e-27,1.357912511191953e-17,2.6141362598310067,3.832619437238056e-12,0.00032703373055578537,1000000.0,1000415.4973107037
0.0007455305407740756,0.00010041894667710887,-2.3938332602897654e-05,298.16681804109754,0.0,0.030704878725908116,299.3022872827937,2.4156796806067403e-17,0.0,3.7646871468073104e-06,99.7725455208311,4.0685841262184983e-16,4.5575823460458794e-15,1.6229395595175472e-10,4.784760749845369e-27,1.3578694082065439e-17,2.6141382344064796,3.832583200868672e-12,0.000327033733761029,1000000.0,1000415.5169581934
0.0007465951982102629,0.00010041892160277989,-2.3091502477826813e-05,298.1665957092901,0.0,0.030704897820239784,299.30251148968034,2.412931212675849e-17,0.0,3.7646899669041225e-06,99.77262025964168,4.0639143493644776e-16,4.546263964409437e-15,1.6189091019232657e-10,4.772795651855461e-27,1.3578254501161343e-17,2.614140192637191,3.832546082128868e-12,0.00032703373693973597,1000000.0,1000415.5156551423
0.0007476598556464503,0.00010041889735391984,-2.2395184542272544e-05,298.1663745500701,0.0,0.030704916157438793,299.3027283157566,2.4101895530861596e-17,0.0,3.7646926941635516e-06,99.77269253805603,4.0592563993638036e-16,4.534973610581442e-15,1.6148886252032305e-10,4.760861058333875e-27,1.3577817232441674e-17,2.6141420864031137,3.8325089985470036e-12,0.00032703374001379553,1000000.0,1000415.4935413934
0.0007487245130826378,0.00010041887369733735,-2.201475645648068e-05,298.16615537579133,0.0,0.030704933951410673,299.30293984611296,2.40745476066041e-17,0.0,3.7646953548123e-06,99.77276305113988,4.05461024121485e-16,4.523711245871819e-15,1.6108781159246462e-10,4.748957239833338e-27,1.3577383856006926e-17,2.614143933915649,3.832472157622215e-12,0.0003270337430127697,1000000.0,1000415.4603754706
0.0007497891705188251,0.00010041885028735913,-2.1980685712427967e-05,298.16593938656325,0.0,0.030704951519241835,299.30314917162156,2.4047269631620288e-17,0.0,3.7646979877280097e-06,99.77283282923678,4.0499758710437286e-16,4.512476845890575e-15,1.606877565910956e-10,4.737084630368528e-27,1.3576956706126798e-17,2.6141457621708057,3.832435866671984e-12,0.00032703374598048004,1000000.0,1000415.4306091486
0.0007508538279550125,0.00010041882681399825,-2.21746267211534e-05,298.16572763281295,0.0,0.030704969145283992,299.30335906407083,2.40200629299304e-17,0.0,3.7647006277748187e-06,99.77290279632359,4.0453533031919453e-16,4.5012703810582425e-15,1.6028869650665768e-10,4.725243589937814e-27,1.3576537825310748e-17,2.6141475953776823,3.832400396705071e-12,0.0003270337489562238,1000000.0,1000415.4171147803
0.0007519184853911999,0.0001004188031326857,-2.238605319528717e-05,298.16552055368004,0.0,0.03070498696215045,299.3035708161494,2.3992928221193766e-17,0.0,3.7647032912124375e-06,99.77297338331866,4.040742549873674e-16,4.4900917998412244e-15,1.5989062952332256e-10,4.713434231047631e-27,1.3576128067932991e-17,2.6141494448267575,3.832365864839258e-12,0.0003270337519583285,1000000.0,1000415.425723518
0.0007529831428273872,0.00010041877932376036,-2.2397769768861916e-05,298.1653177752904,0.0,0.030705004896144902,299.30378370949865,2.3965865226571566e-17,0.0,3.764705969005199e-06,99.77304435075679,4.036143601830171e-16,4.478941021626046e-15,1.594935527521911e-10,4.701656290137312e-27,1.3575726705002978e-17,2.614151304243812,3.832332182016801e-12,0.0003270337549766095,1000000.0,1000415.4527544874
0.0007540478002635746,0.00010041875565486804,-2.2081901416006702e-05,298.1651182602427,0.0,0.030705022701752658,299.30399535091993,2.393887270772615e-17,0.0,3.7647086310509476e-06,99.77311490086421,4.031556418380506e-16,4.467817942064052e-15,1.5909746243054717e-10,4.689909220210891e-27,1.3575331716775648e-17,2.6141531527263915,3.832299089877835e-12,0.0003270337579771373,1000000.0,1000415.4866510448
0.000755112457699762,0.00010041873246339183,-2.1453198293928142e-05,298.16492074056316,0.0,0.030705040069487797,299.3042027236366,2.3911948927571512e-17,0.0,3.7647112394040304e-06,99.77318402799712,4.0269809308840816e-16,4.4567224483767324e-15,1.5870235449381238e-10,4.67819245536763e-27,1.3574940640033429e-17,2.614154963925645,3.832266270080364e-12,0.00032703376091714143,1000000.0,1000415.5129801299
0.0007561771151359494,0.00010041871000987599,-2.06617516983257e-05,298.16472424654336,0.0,0.030705056760348837,299.3044034979301,2.3885092300194297e-17,0.0,3.764713764760759e-06,99.77325095554285,4.0224170584123456e-16,4.445654438795536e-15,1.583082252733168e-10,4.666505473161332e-27,1.3574551586227937e-17,2.614156717493563,3.832233478095311e-12,0.0003270337637635925,1000000.0,1000415.5206279651
0.0007572417725721368,0.00010041868836524123,-1.9928056892489797e-05,298.1645285049397,0.0,0.030705072709277706,299.30459703963106,2.3858301985270942e-17,0.0,3.764716199144418e-06,99.77331547210078,4.017864728476647e-16,4.434613836474391e-15,1.579150720195655e-10,4.6548480741399044e-27,1.3574164023221871e-17,2.6141584078912414,3.8322006451631205e-12,0.0003270337665074998,1000000.0,1000415.5065378408
0.0007583064300083241,0.00010041866737978288,-1.9448294863578247e-05,298.16433403716394,0.0,0.03070508805359848,299.3047846873361,2.3831578160627642e-17,0.0,3.7647185593921553e-06,99.77337802389265,4.0133238940608e-16,4.423600593017717e-15,1.5752289303010126e-10,4.643220395455909e-27,1.3573778964540609e-17,2.614160046810126,3.8321679042363455e-12,0.0003270337691678414,1000000.0,1000415.4769742127
0.0007593710874445115,0.00010041864674675951,-1.9310486460059256e-05,298.1641419171254,0.0,0.030705103074687323,299.30496918382477,2.3804921855776946e-17,0.0,3.764720880003231e-06,99.77343952522521,4.008794539741496e-16,4.412614679847596e-15,1.571316873316453e-10,4.6316228089299846e-27,1.3573398498444114e-17,2.614161658205948,3.83213552956119e-12,0.00032703377178350317,1000000.0,1000415.4447916533
0.0007604357448806988,0.00010041862613287077,-1.945735862311727e-05,298.16395329411176,0.0,0.03070511807828374,299.3051535093686,2.3778334421841216e-17,0.0,3.764723198464127e-06,99.77350096957323,4.0042766743400366e-16,4.4016560712582305e-15,1.567414540567224e-10,4.620055718651974e-27,1.357302485990893e-17,2.6141632681087175,3.832103816147438e-12,0.0003270337743967379,1000000.0,1000415.4238980256
0.0007615004023168863,0.00010041860531944265,-1.9711588364956004e-05,298.16376888609284,0.0,0.030705133264979437,299.30533961929086,2.3751816867729763e-17,0.0,3.764725539369312e-06,99.77356300874459,3.9997703133194804e-16,4.390724726489408e-15,1.5635219178395803e-10,4.608519347839721e-27,1.357265944512947e-17,2.6141648935964383,3.832072951015508e-12,0.00032703377703526714,1000000.0,1000415.4232957702
0.0007625650597530737,0.00010041858429383991,-1.9852302806275313e-05,298.1635886604555,0.0,0.03070514864636417,299.3055276265771,2.372536934723406e-17,0.0,3.764727904139938e-06,99.77362568040303,3.995275458508629e-16,4.379820578479421e-15,1.5596389812405366e-10,4.5970136049739214e-27,1.357230219055097e-17,2.6141665356559365,3.832042931365796e-12,0.00032703377970069296,1000000.0,1000415.4432537062
0.000763629717189261,0.0001004185632522351,-1.9709828039921756e-05,298.16341183785215,0.0,0.030705164042485286,299.3057157771073,2.3698991015312622e-17,0.0,3.7647302707123183e-06,99.77368839981193,3.9907920838292435e-16,4.3689435340308415e-15,1.555765697257369e-10,4.585538085745598e-27,1.3571951580296178e-17,2.614168178966542,3.832013564450547e-12,0.0003270337823681465,1000000.0,1000415.4752369202
0.0007657175347823012,0.00010041852307846262,-1.864074374809743e-05,298.1630706936933,0.0,0.03070519323556613,299.3060750048372,2.364745748761749e-17,0.0,3.764734789106093e-06,99.77380814725306,3.982033175494817e-16,4.347691689208776e-15,1.548197978387019e-10,4.563119986965909e-27,1.3571275008218751e-17,2.614171316468083,3.83195679786776e-12,0.0003270337874609908,1000000.0,1000415.5242739547
0.0007671316936423613,0.00010041849739243289,-1.762568037860962e-05,298.16284120013677,0.0,0.030705211610181547,299.30630468583354,2.3612694361677632e-17,0.0,3.764737678049348e-06,99.77388471064698,3.9761251180106353e-16,4.333355609522228e-15,1.5430929428886763e-10,4.547998421237914e-27,1.3570819858730174e-17,2.6141733225048767,3.831918301415499e-12,0.0003270337907172163,1000000.0,1000415.5170351448
0.0007685458525024216,0.00010041847295742533,-1.6945469533585502e-05,298.1626128763174,0.0,0.030705228837306576,299.3065231807038,2.357804489623958e-17,0.0,3.7647404262911536e-06,99.77395754514096,3.970236826804272e-16,4.319066682615241e-15,1.5380046982647847e-10,4.5329275687221166e-27,1.3570367027492105e-17,2.614175230840843,3.8318797421775136e-12,0.0003270337938148477,1000000.0,1000415.4761967264
0.0007699600113624817,0.00010041844910455622,-1.6928595224182488e-05,298.1623880894028,0.0,0.030705245530517573,299.3067364704293,2.354351112938633e-17,0.0,3.7647431090615553e-06,99.77402864449778,3.964368244755391e-16,4.3048248372077845e-15,1.5329332200972835e-10,4.517908228500241e-27,1.3569921116968845e-17,2.6141770937145155,3.831841722662833e-12,0.0003270337968386797,1000000.0,1000415.4298757303
0.0007713741702225418,0.00010041842496851948,-1.7406220916459902e-05,298.16216984595354,0.0,0.030705262483573956,299.30695229238415,2.3509096659204685e-17,0.0,3.7647458236828704e-06,99.7741005879743,3.9585194074190993e-16,4.2906300248926684e-15,1.527878492364647e-10,4.5029414466381885e-27,1.3569487972202343e-17,2.614178978704947,3.831805013095563e-12,0.0003270337998984073,1000000.0,1000415.4142568894
0.0007723292914785589,0.0001004184082254534,-1.769778031313517e-05,298.1620270706099,0.0,0.030705274338800683,299.30710200723115,2.3485922101490022e-17,0.0,3.76474770680567e-06,99.77415049489876,3.9545803170204607e-16,4.281069431040784e-15,1.524473996714405e-10,4.492862914482311e-27,1.356920444498996e-17,2.6141802863158397,3.8317812014598594e-12,0.0003270338020209265,1000000.0,1000415.4326633632
0.0007732844127345761,0.00010041839128466752,-1.771260732813022e-05,298.1618873823169,0.0,0.03070528637543951,299.30725349015,2.3462802602492366e-17,0.0,3.764749612167649e-06,99.77420099121073,3.950650258796275e-16,4.271530180187739e-15,1.521077102226921e-10,4.482808249712082e-27,1.3568926938698349e-17,2.6141816093692603,3.831758023635317e-12,0.00032703380416851,1000000.0,1000415.4674801726
0.0007742395339905932,0.00010041837448275641,-1.7357129956882813e-05,298.16174952200123,0.0,0.030705298284724833,299.307403731379,2.3439736656778434e-17,0.0,3.764751501911393e-06,99.77425107360487,3.9467291919153337e-16,4.262012182752613e-15,1.5176877764867196e-10,4.4727768811670406e-27,1.356865300497211e-17,2.6141829215776275,3.831735163328009e-12,0.00032703380629848773,1000000.0,1000415.5043280481
0.0007751946552466103,0.00010041835816913495,-1.669924087574152e-05,298.16161220809806,0.0,0.03070530974613034,299.3075496065115,2.3416722479452573e-17,0.0,3.7647533367374566e-06,99.77429970055888,3.942817050557215e-16,4.252515348355334e-15,1.5143059867873e-10,4.46276823411159e-27,1.3568380151944946e-17,2.614184195652039,3.831712296657519e-12,0.00032703380836656434,1000000.0,1000415.5283664108
0.0007761497765026275,0.0001004183425607443,-1.5931568730312635e-05,298.1614746564448,0.0,0.03070532056065044,299.3076891756896,2.3393758700502566e-17,0.0,3.7647550922458976e-06,99.77434622542027,3.9389137633064735e-16,4.243039603600187e-15,1.5109317066735758e-10,4.452781939855924e-27,1.3568106854981237e-17,2.614185414649567,3.831689224373985e-12,0.0003270338103452383,1000000.0,1000415.5304202717
0.0007771048977586446,0.00010041832766031923,-1.5285056391970402e-05,298.16133686327544,0.0,0.030705330725775623,299.3078224144473,2.3370844845805266e-17,0.0,3.76475676812898e-06,99.77439064003335,3.935019273630649e-16,4.233584901741241e-15,1.5075649194979044e-10,4.442817948570298e-27,1.3567833106805324e-17,2.6141865783565246,3.831665944586894e-12,0.0003270338122341629,1000000.0,1000415.5103947188
0.0007780600190146617,0.00010041831326320495,-1.4935825668450066e-05,298.1611995667825,0.0,0.03070534042923958,299.30795115276277,2.3347981436252965e-17,0.0,3.7647583874045534e-06,99.77443355442205,3.931133553196384e-16,4.224151221401552e-15,1.5042056179399505e-10,4.432876504121164e-27,1.3567560342371974e-17,2.6141877027561358,3.831642644101226e-12,0.00032703381405928234,1000000.0,1000415.4769398195
0.0007795771710331424,0.00010041829071706698,-1.5064753107038005e-05,298.1609850183296,0.0,0.030705355546562785,299.3081527594505,2.331177071027564e-17,0.0,3.7647609232208738e-06,99.77450075917032,3.9249793544561076e-16,4.2092095816141456e-15,1.4988849515740823e-10,4.417132365799596e-27,1.3567133989490864e-17,2.6141894635873073,3.8316062317010026e-12,0.0003270338169174507,1000000.0,1000415.4261100657
0.0007805215805648124,0.00010041827636815364,-1.5429898674313203e-05,298.1608554561177,0.0,0.030705365245193555,299.30828106693036,2.3289298158334774e-17,0.0,3.7647625370775534e-06,99.77454352994637,3.9211596498433035e-16,4.199935342433437e-15,1.495582428255173e-10,4.407361736368548e-27,1.3566876372591697e-17,2.6141905842241147,3.8315843967038e-12,0.0003270338187364582,1000000.0,1000415.4174465843
0.0007814659900964825,0.00010041826164359694,-1.5758996950390962e-05,298.16072937580964,0.0,0.030705375288445417,299.3084127334308,2.326687872585611e-17,0.0,3.764764193184702e-06,99.77458742045337,3.9173485742466203e-16,4.190681596624135e-15,1.4922872036753384e-10,4.397614159670342e-27,1.3566625541684052e-17,2.614191734198967,3.8315633106371e-12,0.0003270338206030854,1000000.0,1000415.4318760524
0.0007824103996281525,0.00010041824668969513,-1.5844471975679794e-05,298.16060619323827,0.0,0.030705385542115018,299.3085464507797,2.3244511920128194e-17,0.0,3.7647658750878538e-06,99.7746319946116,3.913546123608316e-16,4.181448280556167e-15,1.4889992549392658e-10,4.387889345264472e-27,1.356638036080384e-17,2.6141929020861476,3.831542829396008e-12,0.0003270338224987861,1000000.0,1000415.4630233734
0.0007836621341460363,0.00010041822699319487,-1.5442836878108234e-05,298.1604456040627,0.0,0.030705399019129262,299.30872257644,2.3214945578328205e-17,0.0,3.764768090404576e-06,99.77469070541072,3.9085195296404405e-16,4.169241653784735e-15,1.4846525222247245e-10,4.375034203738319e-27,1.3566060627637059e-17,2.6141944403673523,3.8315161666505964e-12,0.0003270338249957035,1000000.0,1000415.5096821624
0.00078491386866392,0.00010041820808383869,-1.4572061255147934e-05,298.160285697674,0.0,0.030705411774133707,299.3088916636973,2.318546594230899e-17,0.0,3.764770217190785e-06,99.7747470699552,3.903507894896963e-16,4.157070588674334e-15,1.480318452684118e-10,4.3622170808346805e-27,1.3565742250889493e-17,2.6141959171743894,3.831489455858077e-12,0.00032703382739283416,1000000.0,1000415.5350195597
0.0007861656031818038,0.00010041819036135458,-1.3636357332946798e-05,298.16012503197254,0.0,0.030705423440446095,299.3090501382172,2.3156070381215115e-17,0.0,3.764772210487749e-06,99.77479989673914,3.898511073651542e-16,4.144934934303004e-15,1.475996992001612e-10,4.3494372943133076e-27,1.356542242723981e-17,2.6141973012886384,3.83146233031604e-12,0.00032703382963950473,1000000.0,1000415.5221394177
0.0007876589862522514,0.0001004181705000814,-1.3070277963919746e-05,298.1599333487094,0.0,0.030705436182503806,299.30922773809596,2.3121109853990617e-17,0.0,3.7647744443419247e-06,99.77485909882196,3.8925688555800565e-16,4.130502694945793e-15,1.4708577254584728e-10,4.334239442336827e-27,1.3565040897591173e-17,2.6141988524421147,3.831429674628488e-12,0.0003270338321573075,1000000.0,1000415.46825486
0.0007891523693226989,0.00010041815092592577,-1.3400701775832414e-05,298.1597456278014,0.0,0.030705448661258943,299.3094027707413,2.308627286255191e-17,0.0,3.764776645904899e-06,99.77491744511643,3.8866475602731193e-16,4.116120705868561e-15,1.465736353725014e-10,4.319096372686732e-27,1.3564667110839666e-17,2.614200381173096,3.831397706212848e-12,0.0003270338346387114,1000000.0,1000415.4191906523
0.0007902591022930691,0.0001004181358343331,-1.39390277167706e-05,298.1596117569897,0.0,0.030705458446169388,299.309537720195,2.3060538665207166e-17,0.0,3.764778343301979e-06,99.77496242989812,3.882272906682583e-16,4.105494747855241e-15,1.4619524920118867e-10,4.3079102523180346e-27,1.3564400326438152e-17,2.6142015598191124,3.831375146885081e-12,0.0003270338365518628,1000000.0,1000415.4182101785
0.0007913658352634392,0.00010041812016216195,-1.4261415338171973e-05,298.15948254263776,0.0,0.03070546876370168,299.3096778612059,2.3034876059777852e-17,0.0,3.7647801059995566e-06,99.77500914528763,3.8779098420006685e-16,4.094896306304188e-15,1.4581784302461531e-10,4.296754985522103e-27,1.3564142614424669e-17,2.6142027838087434,3.831353607277447e-12,0.0003270338385386132,1000000.0,1000415.4504616419
0.0007924725682338093,0.00010041810436929294,-1.4071256468824015e-05,298.1593562434954,0.0,0.03070547919199358,299.3098190815732,2.300928322252937e-17,0.0,3.764781882273507e-06,99.77505622048108,3.873558334321082e-16,4.084325254675819e-15,1.4544141226837563e-10,4.2856298045830356e-27,1.356389058997076e-17,2.614204017225587,3.8313326516890026e-12,0.00032703384054066383,1000000.0,1000415.4962276518
0.0007935793012041793,0.00010041808909129978,-1.3398030153866184e-05,298.1592305311328,0.0,0.030705489148014332,299.30995569805407,2.298375710681976e-17,0.0,3.764783600638807e-06,99.77510176096703,3.869218287075486e-16,4.073781447049769e-15,1.4506595164541038e-10,4.274533721905769e-27,1.3563639727274622e-17,2.6142052104315923,3.831311691786029e-12,0.0003270338424774435,1000000.0,1000415.5285227288
0.0007946860341745494,0.00010041807473542297,-1.2556742034240278e-05,298.15910394494836,0.0,0.030705498258189603,299.3100840691287,2.2958295278289034e-17,0.0,3.76478521529165e-06,99.77514455284326,3.864889582723825e-16,4.063264765797883e-15,1.4469145691079317e-10,4.2634661010531045e-27,1.356338718771523e-17,2.6142063316213338,3.83129035586594e-12,0.00032703384429732656,1000000.0,1000415.53016233
0.0007957927671449196,0.0001004180612582729,-1.1935459689627353e-05,298.1589766639182,0.0,0.03070550656232129,299.31020458276925,2.2932897189358297e-17,0.0,3.7647867311120355e-06,99.7751847254405,3.8605721360518206e-16,4.0527751469975745e-15,1.4431792579344698e-10,4.2524269238252505e-27,1.3563133318545854e-17,2.6142073841834033,3.8312686869503835e-12,0.00032703384600581365,1000000.0,1000415.5030566104
0.0007968995001152897,0.00010041804823739831,-1.175893918655567e-05,298.1588502139913,0.0,0.030705514447935973,299.3103210164918,2.2907564185362874e-17,0.0,3.7647881956143555e-06,99.77522353799536,3.856265921753174e-16,4.04231257081258e-15,1.4394535764731829e-10,4.241416721071429e-27,1.3562881086049954e-17,2.6142084011110307,3.83124707138651e-12,0.0003270338476564586,1000000.0,1000415.4650685729
0.0007980062330856597,0.00010041803515125376,-1.1982482164167127e-05,298.1587264407548,0.0,0.03070552239346243,299.31043803391447,2.288229841770217e-17,0.0,3.764789667458576e-06,99.77526254512685,3.851970963574886e-16,4.0318770282746264e-15,1.4357375222175624e-10,4.230436103313741e-27,1.356263407602617e-17,2.6142094231367543,3.83122597956123e-12,0.0003270338493153774,1000000.0,1000415.4381214088
0.0007991129660560298,0.00010041802167587376,-1.2350997683255736e-05,298.1586064456288,0.0,0.030705530696083453,299.3105585319172,2.28571014651354e-17,0.0,3.764791183082266e-06,99.77530271251126,3.847687297617306e-16,4.021468486420173e-15,1.4320310838950073e-10,4.2194854563681884e-27,1.3562394430520737e-17,2.6142104755622357,3.831205695714034e-12,0.0003270338510236389,1000000.0,1000415.4356803951
0.0008002196990263999,0.00010041800783310889,-1.2562264764296639e-05,298.1584900736524,0.0,0.03070553933575412,299.31068231511887,2.2831973449580362e-17,0.0,3.76479274002788e-06,99.7753439750181,3.8434149345765266e-16,4.011086872081189e-15,1.4283342353565823e-10,4.2085646024195145e-27,1.3562161846674223e-17,2.6142115566809943,3.83118618602756e-12,0.00032703385277847296,1000000.0,1000415.4565636625
0.00080132643199677,0.00010041799393555392,-1.2432158816939375e-05,298.15837613639076,0.0,0.030705548025720775,299.31080658831894,2.280691304769318e-17,0.0,3.7647943031367972e-06,99.77538540086614,3.839153840812896e-16,4.00073207881182e-15,1.4246469382261978e-10,4.197672996724119e-27,1.3561934014301274e-17,2.6142126420794507,3.831167153375372e-12,0.00032703385454025216,1000000.0,1000415.4873522117
0.0008024331649671401,0.00010041798038745031,-1.1977178769903527e-05,298.15826314353376,0.0,0.030705556395159265,299.31092773681047,2.278191825947805e-17,0.0,3.7647958269424722e-06,99.77542578509124,3.834903944837337e-16,3.990403990456798e-15,1.420969150572308e-10,4.1868099901557794e-27,1.356170803694657e-17,2.6142137001863652,3.831148221796128e-12,0.0003270338562577312,1000000.0,1000415.5108507632
0.0008035398979375102,0.00010041796746265698,-1.1383823965816329e-05,298.15815010109986,0.0,0.030705564192849408,299.31104331175374,2.275698742902996e-17,0.0,3.7647972806428855e-06,99.77546431137166,3.830665162428698e-16,3.980102506826613e-15,1.4173008363418895e-10,4.175975134466522e-27,1.3561481983078947e-17,2.614214709613311,3.831129139157789e-12,0.0003270338578961934,1000000.0,1000415.515463219
0.0008046466309078803,0.00010041795517442576,-1.0893982515423997e-05,298.1580369656429,0.0,0.030705571406634352,299.31115319464266,2.2732119969845735e-17,0.0,3.7647986627474417e-06,99.77550094020334,3.826437425550913e-16,3.969827558249948e-15,1.4136419707144933e-10,4.1651683463561816e-27,1.35612557684626e-17,2.6142156693252425,3.8311098935967405e-12,0.0003270338594539588,1000000.0,1000415.5006442278
0.0008057533638782504,0.00010041794329265744,-1.0673417549695199e-05,298.1579245628355,0.0,0.03070557824759114,299.31125944300805,2.2707316467355966e-17,0.0,3.7647999991361953e-06,99.77553635746504,3.82222070007459e-16,3.95957910299461e-15,1.409992539146428e-10,4.154389870035999e-27,1.3561030997726117e-17,2.6142165972928546,3.8310906943872055e-12,0.0003270338609601971,1000000.0,1000415.476104784
0.0008068600968486206,0.0001004179314855086,-1.0732099436544395e-05,298.1578140640028,0.0,0.030705585020130242,299.31136502417866,2.2682578168488448e-17,0.0,3.7648013271328344e-06,99.77557155231709,3.8180149843464914e-16,3.949357110602855e-15,1.4063525312341083e-10,4.143640073483671e-27,1.3560809946946114e-17,2.6142175194331143,3.8310718401759156e-12,0.00032703386245697564,1000000.0,1000415.4557839049
0.0008079668298189906,0.0001004179195015048,-1.0932846055372694e-05,298.1577063290264,0.0,0.030705591954936967,299.31147218683134,2.2657906171345026e-17,0.0,3.7648026750216866e-06,99.77560727435686,3.813820291036787e-16,3.939161541008054e-15,1.4027219330289538e-10,4.132919199420376e-27,1.3560594286735288e-17,2.614218455386206,3.831053552332684e-12,0.00032703386397617355,1000000.0,1000415.4501505503
0.0008090735627893607,0.00010041790729402081,-1.1076436553233759e-05,298.15760146869167,0.0,0.030705599094781592,299.3115813478901,2.2633300760892934e-17,0.0,3.764804048046912e-06,99.77564366256617,3.8096366230948917e-16,3.928992330650231e-15,1.399100721930396e-10,4.1222272037269636e-27,1.3560384231898548e-17,2.6142194087935886,3.8310358630434175e-12,0.00032703386552370144,1000000.0,1000415.460980727
0.0008101802957597308,0.00010041789502726356,-1.1012370531073321e-05,298.1574988391149,0.0,0.030705606289030872,299.3116910390224,2.2608761230468094e-17,0.0,3.764805427739514e-06,99.7756802274757,3.805463956903321e-16,3.91884939227984e-15,1.3954888666188613e-10,4.111563759460963e-27,1.3560178530804003e-17,2.614220366830688,3.831018612626528e-12,0.00032703386707874296,1000000.0,1000415.4811589074
0.0008112870287301009,0.0001004178829699117,-1.0714638622506405e-05,298.1573974371958,0.0,0.030705613291216086,299.31179885770814,2.2584286245508608e-17,0.0,3.7648067838800885e-06,99.77571616820438,3.8013022409663227e-16,3.9087326274123984e-15,1.3918863316435445e-10,4.1009284109063255e-27,1.3559975233995194e-17,2.6142213085136374,3.831001548898239e-12,0.00032703386860723796,1000000.0,1000415.4992136152
0.0008123937617004709,0.000100417871341667,-1.028558055517693e-05,298.1572964557545,0.0,0.030705619899796657,299.31190283937315,2.2559874511379828e-17,0.0,3.7648080917578088e-06,99.77575082986057,3.797151409632233e-16,3.8986419438008764e-15,1.3882930838485365e-10,4.090320778373946e-27,1.3559772772771371e-17,2.614222216683635,3.8309844678367226e-12,0.0003270338700813353,1000000.0,1000415.5058088106
0.0008135004946708411,0.00010041786019896911,-9.889272402408923e-06,298.15719568717833,0.0,0.030705626062998103,299.31200247932907,2.253552536687373e-17,0.0,3.7648093450246e-06,99.77578404420618,3.7930114032003945e-16,3.888577268008132e-15,1.3847090970317788e-10,4.0797407374749126e-27,1.3559570744598444e-17,2.6142230869326784,3.830967316686403e-12,0.00032703387149388016,1000000.0,1000415.4985452723
0.0008146072276412112,0.00010041784941838545,-9.658120926589232e-06,298.1570955699914,0.0,0.030705631894049096,299.31209888130417,2.2511238981246858e-17,0.0,3.764810557563386e-06,99.7758161791695,3.788882183161811e-16,3.878538547074957e-15,1.3811343524841221e-10,4.069188365431494e-27,1.3559370000981378e-17,2.6142239289008486,3.830950206743393e-12,0.00032703387286052,1000000.0,1000415.482617391
0.0008157139606115813,0.00010041783877785973,-9.625557371373707e-06,298.1569968852686,0.0,0.030705637596649352,299.3121940309221,2.248701609041176e-17,0.0,3.764811754349762e-06,99.77584789665904,3.784763734787728e-16,3.868525738921515e-15,1.3775688355060188e-10,4.058663876941364e-27,1.3559172059420925e-17,2.614224759930796,3.830933337256897e-12,0.0003270338742094046,1000000.0,1000415.4673433526
0.0008168206935819513,0.00010041782808260186,-9.718296798667185e-06,298.1569003002273,0.0,0.030705643349486306,299.3122896699957,2.246285745894723e-17,0.0,3.7648129572926137e-06,99.77587977730883,3.780656056901534e-16,3.858538798174968e-15,1.374012530179679e-10,4.048167436323035e-27,1.3558978215916337e-17,2.6142255952357,3.830916879829949e-12,0.0003270338755652272,1000000.0,1000415.460836276
0.0008179274265523214,0.00010041781726446324,-9.804315950664167e-06,298.15680601610654,0.0,0.030705649215074574,299.31238640791094,2.2438763381714427e-17,0.0,3.7648141740569264e-06,99.77591202425796,3.776559145461737e-16,3.848577665140378e-15,1.3704654153403959e-10,4.037699060885357e-27,1.355878886200371e-17,2.6142264401380024,3.830900888649227e-12,0.000327033876936627,1000000.0,1000415.4658253817
0.0008190341595226916,0.00010041780640530149,-9.767679544986433e-06,298.15671369467833,0.0,0.03070565511832264,299.3124835126974,2.2414733474061803e-17,0.0,3.764815395435822e-06,99.77594439350374,3.772472980307425e-16,3.838642263694064e-15,1.3669274637369943e-10,4.0272585314881955e-27,1.3558603339668454e-17,2.614227288244595,3.830885280908786e-12,0.00032703387831322696,1000000.0,1000415.4787050339
0.0008201408924930617,0.00010041779567923959,-9.568661166778878e-06,298.15662267564744,0.0,0.03070566089950057,299.3125794273443,2.2390766841429925e-17,0.0,3.7648166018448945e-06,99.77597636601604,3.7683975216686633e-16,3.828732507858953e-15,1.3633986445042346e-10,4.016845528220617e-27,1.3558420365753539e-17,2.6142281259563807,3.83086989128795e-12,0.00032703387967295374,1000000.0,1000415.4920062308
0.0008212476254634318,0.00010041778525126565,-9.258328718644188e-06,298.1565323452187,0.0,0.03070566640725827,299.3126726765233,2.2366862506868216e-17,0.0,3.764817774727149e-06,99.77600744999346,3.7643327173681064e-16,3.818848313174801e-15,1.3598789273425327e-10,4.006459753540186e-27,1.3558238747609416e-17,2.614228940387682,3.830854565191455e-12,0.00032703388099489196,1000000.0,1000415.4986920428
0.0008223543584338018,0.00010041777518934387,-8.94350767798935e-06,298.1564424486948,0.0,0.030705671579249298,299.31276265249335,2.234301984397376e-17,0.0,3.7648189064382927e-06,99.77603744284526,3.760278516010175e-16,3.808989606323232e-15,1.3563682860527935e-10,3.996101046615832e-27,1.3558057990440382e-17,2.614229726230424,3.830839238381031e-12,0.00032703388227042605,1000000.0,1000415.4958574271
0.0008234610914041719,0.00010041776543556824,-8.724996507945214e-06,298.1563531858282,0.0,0.03070567646859265,299.31284987304764,2.2319238785028364e-17,0.0,3.7648200034912374e-06,99.77606651717805,3.756234878668243e-16,3.7991563280507474e-15,1.3528666996118272e-10,3.985769413132231e-27,1.3557878482404507e-17,2.614230488007068,3.83082396185055e-12,0.00032703388350689667,1000000.0,1000415.4859189711
0.000824567824374542,0.00010041775584688231,-8.644334746407382e-06,298.1562650559409,0.0,0.03070568120651905,299.3129356173983,2.2295519715186586e-17,0.0,3.764821081976183e-06,99.77609509941774,3.7522017829769696e-16,3.789348428446853e-15,1.3493741504305826e-10,3.975464965546217e-27,1.3557701193608349e-17,2.6142312368903897,3.83080886317835e-12,0.000327033884722439,1000000.0,1000415.4748666424
0.0008256745573449122,0.00010041774627778849,-8.666828976284854e-06,298.1561785564799,0.0,0.030705685926498565,299.31302118658846,2.2271863135497612e-17,0.0,3.7648221582579233e-06,99.77612362326762,3.748179218105701e-16,3.779565857762211e-15,1.3458906209723052e-10,3.965187810814414e-27,1.3557527090356283e-17,2.6142319842438395,3.830794070320395e-12,0.00032703388593549745,1000000.0,1000415.4687573585
0.0008267812903152822,0.00010041773665720332,-8.706753118148835e-06,298.15609390883077,0.0,0.03070569069373828,299.3131072162489,2.224826929294017e-17,0.0,3.7648232403315553e-06,99.77615230061546,3.7441671740898673e-16,3.769808558066898e-15,1.342416090683632e-10,3.954937951769735e-27,1.3557356602487543e-17,2.6142327356190838,3.830779641827493e-12,0.00032703388715508313,1000000.0,1000415.4704768234
0.0008285708508677272,0.00010041772106253726,-8.603388640630051e-06,298.1559606109209,0.0,0.03070569843753863,299.3132466676853,2.2210250867575134e-17,0.0,3.7648249943397697e-06,99.77619878571792,3.737702005544403e-16,3.75408453292109e-15,1.3368168369019624e-10,3.938421595716036e-27,1.3557087910116498e-17,2.6142339535753343,3.830757001345304e-12,0.0003270338891319927,1000000.0,1000415.4865402497
0.0008298939748070835,0.0001004177097986992,-8.33062985389045e-06,298.1558637674947,0.0,0.030705703918828688,299.3133473918754,2.2182245177522432e-17,0.0,3.7648262612392955e-06,99.7762323613613,3.732939507524061e-16,3.742501041715362e-15,1.3326920083750938e-10,3.9262551909626674e-27,1.3556892604386633e-17,2.6142348332908405,3.830740527715106e-12,0.0003270338905598901,1000000.0,1000415.496229118
0.0008312170987464398,0.00010041769898791238,-7.999576451267685e-06,298.15576753287434,0.0,0.03070570898455097,299.31344406490285,2.2154325997509685e-17,0.0,3.764827477182444e-06,99.77626458654785,3.7281918544627223e-16,3.730953257724765e-15,1.328579894693073e-10,3.914126670358807e-27,1.3556698506095155e-17,2.6142356776230558,3.8307240669965445e-12,0.0003270338919303546,1000000.0,1000415.4943783615
0.0008325402226857961,0.00010041768859111869,-7.781617166695095e-06,298.15567203617525,0.0,0.03070571367053458,299.31353703602184,2.2126492958496865e-17,0.0,3.76482864656221e-06,99.77629557770167,3.7234589756646728e-16,3.719441075282156e-15,1.3244804582721315e-10,3.9020359612059555e-27,1.3556505865949548e-17,2.614236489622404,3.8307076522618165e-12,0.00032703389324833767,1000000.0,1000415.4825989251
0.0008338633466251524,0.00010041767836614095,-7.757615361634799e-06,298.15557812828774,0.0,0.030705718198937776,299.313628470791,2.209874670127612e-17,0.0,3.764829796617444e-06,99.77632605671259,3.718740832256941e-16,3.70796441065394e-15,1.320393669596082e-10,3.8899832452193726e-27,1.3556316336739582e-17,2.614237288203105,3.83069150051394e-12,0.0003270338945445397,1000000.0,1000415.4710501042
0.0008351864705645087,0.00010041766806953686,-7.840165139386621e-06,298.15548664079523,0.0,0.030705722793079225,299.31372054608477,2.2071088105888518e-17,0.0,3.764830954729332e-06,99.77635674924268,3.7140374106223754e-16,3.6965231800001544e-15,1.3163194991013504e-10,3.87796869370254e-27,1.3556131533664919e-17,2.6142380923782147,3.830675825768773e-12,0.00032703389584982137,1000000.0,1000415.4698636878
0.000836509594503865,0.000100417657662283,-7.847598141473746e-06,298.15539765288554,0.0,0.030705727488755837,299.31381361085386,2.204351729433607e-17,0.0,3.764832125287049e-06,99.77638777161481,3.7093486932812037e-16,3.685117277552851e-15,1.3122579091499874e-10,3.865992210547329e-27,1.3555951610300705e-17,2.6142389051955055,3.8306606524270866e-12,0.00032703389716912963,1000000.0,1000415.4804802041
0.0008381652500398922,0.00010041764476458429,-7.58173572743277e-06,298.15528872818487,0.0,0.030705733249813457,299.31392894600657,2.200913950351274e-17,0.0,3.764833575958664e-06,99.77642621762564,3.703502231328963e-16,3.6708943736018876e-15,1.3071931978616178e-10,3.851058811279544e-27,1.3555731218094491e-17,2.6142399125195888,3.830642100211663e-12,0.0003270338988041466,1000000.0,1000415.4982440441
0.0008398209055759194,0.00010041763248592688,-7.1095471718394626e-06,298.1551807201886,0.0,0.030705738443046776,299.314038745704,2.1974894792550292e-17,0.0,3.764834957004159e-06,99.7764628183901,3.697678566299991e-16,3.656726318530643e-15,1.3021480174714867e-10,3.836183544251775e-27,1.3555512643886329e-17,2.614240871496409,3.830623582092616e-12,0.0003270339003606886,1000000.0,1000415.5005281859
0.0008414765611119465,0.00010041762098420424,-6.796975686546403e-06,298.1550730460494,0.0,0.030705742923613038,299.314141598042,2.1940781398553263e-17,0.0,3.764836250664304e-06,99.77649710324933,3.69187753670813e-16,3.642612884614074e-15,1.297122286684727e-10,3.821365979812374e-27,1.3555294755319902e-17,2.6142417697942437,3.830604950237384e-12,0.00032703390181873954,1000000.0,1000415.4806137212
0.0008431322166479737,0.00010041760977982555,-6.904552626373204e-06,298.1549674133313,0.0,0.030705747131460032,299.3142417915524,2.1906800474094377e-17,0.0,3.764837510881158e-06,99.77653050178726,3.686099054054799e-16,3.628553911969171e-15,1.2921159491593028e-10,3.806606483808167e-27,1.3555080869014888e-17,2.614242644869591,3.8305866384222e-12,0.0003270339032390965,1000000.0,1000415.4586958278
0.0008447878721840009,0.0001004175981916248,-7.2299936685033025e-06,298.15486619242955,0.0,0.030705751691448357,299.3143454172782,2.1872954683878447e-17,0.0,3.7648388142691387e-06,99.77656504445567,3.680343116642422e-16,3.614549261114495e-15,1.287128956042336e-10,3.791905641277613e-27,1.3554875588863323e-17,2.614243549922271,3.830569253661311e-12,0.00032703390470810944,1000000.0,1000415.4632717164
0.000846443527720028,0.00010041758615168091,-7.231081780283445e-06,298.1547694887782,0.0,0.03070575666588311,299.3144530825808,2.183924450053399e-17,0.0,3.7648401684677663e-06,99.77660093371871,3.6746097191090725e-16,3.600598727876394e-15,1.2821612346600493e-10,3.777263248317808e-27,1.3554679119158352e-17,2.6142444902570436,3.8305528327962884e-12,0.00032703390623438865,1000000.0,1000415.4967387641
0.0008480991832560551,0.00010041757446764854,-6.623055377225465e-06,298.15467428126175,0.0,0.030705761313867357,299.3145575653399,2.1805666247556356e-17,0.0,3.764841482635693e-06,99.77663576207954,3.668898740889044e-16,3.586702018332696e-15,1.2772126793097375e-10,3.762678033843411e-27,1.3554485591423651e-17,2.6142454027951367,3.830536617253343e-12,0.0003270339077155494,1000000.0,1000415.5245936756
0.0008492584636997362,0.00010041756708004001,-6.069148291122155e-06,298.15460640797284,0.0,0.030705763840488075,299.3146236281851,2.1782230333422966e-17,0.0,3.764842313561311e-06,99.77665778344891,3.6649131567454345e-16,3.5770034889832345e-15,1.2737590759989467e-10,3.752498749440942e-27,1.3554347756440502e-17,2.614245979777234,3.8305248524931116e-12,0.0003270339086520611,1000000.0,1000415.5161657963
0.0008504177441434173,0.00010041756029228998,-5.766889243325141e-06,298.1545377618642,0.0,0.030705765816853973,299.31468432705384,2.175885603504472e-17,0.0,3.7648430770177066e-06,99.77667801673446,3.6609383691597043e-16,3.5673311320971e-15,1.270314791903238e-10,3.742346802915247e-27,1.35542084379546e-17,2.6142465099097856,3.830512803351293e-12,0.00032703390951252986,1000000.0,1000415.4871023363
0.0008515770245870984,0.00010041755364378716,-5.876046948520719e-06,298.1544700117834,0.0,0.030705767665503345,299.31474378077604,2.1735544939423732e-17,0.0,3.764843824812386e-06,99.77669783494989,3.6569743639525407e-16,3.5576849247587795e-15,1.266879819429931e-10,3.7322226873549374e-27,1.3554070877321792e-17,2.6142470291670916,3.830500892142922e-12,0.00032703391035534646,1000000.0,1000415.456897191
0.0008527363050307794,0.00010041754665307807,-6.260798994311777e-06,298.15440485917605,0.0,0.030705769828093483,299.3148062945589,2.1712299129355553e-17,0.0,3.7648446110971514e-06,99.77671867323782,3.653021172804054e-16,3.548064845418082e-15,1.263454151480753e-10,3.7221269003992024e-27,1.3553938379082412e-17,2.6142475751512926,3.830489552843878e-12,0.00032703391124154366,1000000.0,1000415.4457807417
0.0008538955854744604,0.00010041753916029142,-6.5973988166846835e-06,298.154342815509,0.0,0.030705772451280353,299.31487329799154,2.1689119553584978e-17,0.0,3.7648454538536783e-06,99.77674100815244,3.649078827519588e-16,3.5384708389654373e-15,1.2600377686035532e-10,3.712059533358992e-27,1.3553811936468762e-17,2.6142481603485748,3.830478920036123e-12,0.0003270339121913881,1000000.0,1000415.4602891344
0.0008550548659181415,0.00010041753141740654,-6.610069733844119e-06,298.15428291129,0.0,0.030705775303911775,299.3149425378506,2.1666005307130668e-17,0.0,3.7648463247404455e-06,99.77676408858076,3.645147316031118e-16,3.528902808353772e-15,1.2566306359085927e-10,3.7020201738539944e-27,1.3553689666238737e-17,2.6142487650790427,3.830468752373046e-12,0.0003270339131729368,1000000.0,1000415.4895663285
0.0008562141463618225,0.00010041752388839184,-6.257673472504753e-06,298.154223445235,0.0,0.030705777960369215,299.3150098652793,2.1642954252409644e-17,0.0,3.764847171572263e-06,99.77678653149962,3.64122657274339e-16,3.519360635698623e-15,1.2532327108695438e-10,3.6920081946670535e-27,1.3553568264526138e-17,2.6142493531061377,3.8304586203350384e-12,0.0003270339141273735,1000000.0,1000415.5139075634
0.0008573734268055036,0.00010041751692653264,-5.738667410653609e-06,298.1541631510795,0.0,0.0307057800965688,299.31507212115713,2.1619964399998032e-17,0.0,3.764847954613046e-06,99.77680728381483,3.6373165066467245e-16,3.5098442156514195e-15,1.2498439554933664e-10,3.6820230447680534e-27,1.3553445270757794e-17,2.6142498968377623,3.830448201816328e-12,0.00032703391500991296,1000000.0,1000415.5184077352
0.0008585327072491846,0.00010041751055752124,-5.338918353914175e-06,298.15410195935505,0.0,0.030705781688942054,299.31512907573614,2.1597035059145974e-17,0.0,3.7648486709729775e-06,99.77682626893981,3.633417043036279e-16,3.500353476530822e-15,1.2464643442571194e-10,3.672064656764387e-27,1.3553320550616963e-17,2.614250394267274,3.8304374770725e-12,0.0003270339158172982,1000000.0,1000415.50205962
0.0008596919876928657,0.00010041750449598173,-5.242382026245063e-06,298.1540409103448,0.0,0.03070578299927673,299.3151832808785,2.1574167029913402e-17,0.0,3.7648493527499166e-06,99.77684433753892,3.6295281497328424e-16,3.4908883781457885e-15,1.243093863214929e-10,3.662133317684546e-27,1.3553196124753878e-17,2.6142508676829093,3.830426708760925e-12,0.00032703391658570584,1000000.0,1000415.4769623326
0.0008608512681365468,0.00010041749835509673,-5.4283085079774775e-06,298.1539813817304,0.0,0.030705784382416973,299.3152381955512,2.1551361831847424e-17,0.0,3.7648500434514773e-06,99.77686264266028,3.6256498335798796e-16,3.4814488901206882e-15,1.2397325020125606e-10,3.6522294170944755e-27,1.3553074668900144e-17,2.614251347295657,3.830416247374011e-12,0.00032703391736417194,1000000.0,1000415.4594059417
0.0008620105485802279,0.00010041749189413453,-5.706313704180034e-06,298.15392419903645,0.0,0.030705786059195907,299.31529597240814,2.1528620580976706e-17,0.0,3.7648507701541935e-06,99.77688190189194,3.621782113582622e-16,3.4720349669364413e-15,1.236380244711259e-10,3.642353147037354e-27,1.3552957786126634e-17,2.614251851907026,3.830406305388992e-12,0.0003270339181832135,1000000.0,1000415.45942031
0.0008631698290239089,0.00010041748514813015,-5.850154060361362e-06,298.153869186121,0.0,0.03070578799747372,299.31535629816364,2.1505943249303454e-17,0.0,3.7648515289174913e-06,99.77690201080004,3.617924990012954e-16,3.4626465353515154e-15,1.2330370651605468e-10,3.632504360906662e-27,1.3552845133993777e-17,2.6142523787807463,3.8303968418193705e-12,0.0003270339190383891,1000000.0,1000415.4753557569
0.0008643291094675899,0.00010041747837666749,-5.7378438907809035e-06,298.1538153704402,0.0,0.030705789959122282,299.3154168515867,2.148332869855554e-17,0.0,3.7648522905444403e-06,99.77692219560123,3.61407842836532e-16,3.4532835000801827e-15,1.2297029290987017e-10,3.622682651754139e-27,1.3552734823411242e-17,2.6142529076429377,3.830387612637592e-12,0.0003270339198967918,1000000.0,1000415.4961175116
0.000865488389911271,0.00010041747188410251,-5.414070872238171e-06,298.1537616418737,0.0,0.03070579166494229,299.3154749110857,2.1460775371396562e-17,0.0,3.764853020802289e-06,99.7769415490518,3.610242365841847e-16,3.4439457620786097e-15,1.2263778008884684e-10,3.612887577091001e-27,1.355262469829123e-17,2.614253414722928,3.830378337027911e-12,0.0003270339207198391,1000000.0,1000415.508799549
0.000866647670354952,0.00010041746583228222,-5.046736037445447e-06,298.15370742344436,0.0,0.03070579296646437,299.3155290294009,2.143828215847304e-17,0.0,3.764853701487098e-06,99.77695958870704,3.6064167339883997e-16,3.434633237138896e-15,1.223061650359454e-10,3.603118879605219e-27,1.3552513638145434e-17,2.6142538873801953,3.830368867862234e-12,0.00032703392148701415,1000000.0,1000415.5065841367
0.0008686010106582621,0.00010041745650797205,-4.781092665621347e-06,298.1536154295278,0.0,0.0307057943588922,299.31561241224165,2.1400517413358303e-17,0.0,3.764854750248945e-06,99.77698738321924,3.59999415672418e-16,3.4189988685187377e-15,1.2174943170562878e-10,3.5867186796521114e-27,1.3552325304717699e-17,2.6142546156247013,3.830352591606622e-12,0.00032703392266903483,1000000.0,1000415.4744775929
0.000869811733747235,0.00010041745069910168,-4.957869395581806e-06,298.153560091415,0.0,0.030705795248997005,299.31566435819184,2.137719732784373e-17,0.0,3.764855403608103e-06,99.77700469868427,3.5960280621981414e-16,3.4093441049317666e-15,1.2140562960645357e-10,3.576591604115936e-27,1.3552211860839577e-17,2.6142550693075006,3.830342829353523e-12,0.00032703392340541145,1000000.0,1000415.4611674214
0.0008710224568362078,0.000100417444536552,-5.204054532707647e-06,298.15350718850607,0.0,0.030705796463565093,299.3157194668051,2.1353945518957603e-17,0.0,3.7648560967479027e-06,99.77702306842438,3.592073279794286e-16,3.3997166477196013e-15,1.2106279990964376e-10,3.566493976146182e-27,1.3552103163890132e-17,2.6142555506133367,3.830333611191574e-12,0.00032703392418662313,1000000.0,1000415.4667400044
0.0008722331799251807,0.00010041743812826229,-5.26306200593282e-06,298.15345627615324,0.0,0.0307057979035782,299.315776772875,2.1330761670522648e-17,0.0,3.7648568175277745e-06,99.7770421706876,3.5881298050731567e-16,3.3901164084946994e-15,1.207209394534977e-10,3.556425564115943e-27,1.3551998350218233e-17,2.614256051111992,3.830324828484166e-12,0.00032703392499898654,1000000.0,1000415.486445405
0.0008734439030141535,0.00010041743182576086,-5.032918999582564e-06,298.1534060517543,0.0,0.03070579924656327,299.31583313298506,2.1307644205909258e-17,0.0,3.7648575264091644e-06,99.77706095761471,3.5841975898909137e-16,3.3805432756159687e-15,1.2038004422036187e-10,3.5463858619716425e-27,1.355189489006936e-17,2.6142565433485307,3.8303161533777755e-12,0.0003270339257979393,1000000.0,1000415.5053079877
0.0008746546261031264,0.00010041742594898179,-4.642026267108708e-06,298.1533553606647,0.0,0.030705800199030436,299.31588568623613,2.128459136883418e-17,0.0,3.76485818740708e-06,99.77707847552374,3.5802765546867814e-16,3.370997141461359e-15,1.20040110340776e-10,3.536374416369679e-27,1.3551790541087866e-17,2.614257002335554,3.830307292836646e-12,0.0003270339265429242,1000000.0,1000415.5098028511
0.0008758653491920993,0.00010041742055585656,-4.330940920832673e-06,298.15330401230835,0.0,0.03070580070783677,299.3159339145934,2.1261602377714484e-17,0.0,3.7648587940055734e-06,99.77709455172759,3.5763666254656117e-16,3.3614779246494045e-15,1.197011349101301e-10,3.526391080881029e-27,1.3551684933022578e-17,2.6142574235484894,3.8302981967966935e-12,0.0003270339272265974,1000000.0,1000415.4975437562
0.000877076072281072,0.0001004174154164433,-4.267158260984533e-06,298.1532528458947,0.0,0.03070580098391839,299.31597987422987,2.1238677798736373e-17,0.0,3.7648593720676167e-06,99.77710987165236,3.572467764408911e-16,3.35198557180628e-15,1.1936311605682773e-10,3.51643606464352e-27,1.3551579695940075e-17,2.6142578249461716,3.830289077036897e-12,0.000327033927878108,1000000.0,1000415.4782829833
0.0008782867953700449,0.00010041741019564158,-4.429537039539958e-06,298.15320305340873,0.0,0.030705801334677665,299.3160265616637,2.1215818902008816e-17,0.0,3.7648599592840502e-06,99.77712543418872,3.568579971121984e-16,3.3425200396118774e-15,1.1902605227174744e-10,3.5065096218610804e-27,1.3551477143610616e-17,2.614258232700513,3.830280236865432e-12,0.00032703392853993603,1000000.0,1000415.4661275625
0.0008794975184590178,0.00010041740469788967,-4.63986371056702e-06,298.1531553000405,0.0,0.03070580193951163,299.31607572563956,2.1193026576528778e-17,0.0,3.7648605776509497e-06,99.77714182228141,3.5647032563468316e-16,3.3330812705549304e-15,1.1868994153591594e-10,3.496611956352573e-27,1.3551378569220345e-17,2.6142586620852355,3.83027184796368e-12,0.0003270339292368724,1000000.0,1000415.4692069597
0.0008807082415479906,0.00010041739899400565,-4.700811376553892e-06,298.1531092858735,0.0,0.030705802733455058,299.3161267328924,2.1170300592010252e-17,0.0,3.764861219202975e-06,99.77715882483126,3.560837610540265e-16,3.323669181798718e-15,1.1835478088642202e-10,3.486742847731786e-27,1.3551283389418766e-17,2.6142591075693344,3.8302638375399305e-12,0.0003270339299599396,1000000.0,1000415.4843770036
0.0008819189646369635,0.00010041739335039784,-4.5344202395297806e-06,298.1530640216456,0.0,0.030705803472119195,299.31617720115713,2.1147639708195583e-17,0.0,3.7648618539754945e-06,99.77717564770923,3.556982989834857e-16,3.3142836721995825e-15,1.180205666876624e-10,3.476901882916643e-27,1.355118968272517e-17,2.6142595483458524,3.830255956724232e-12,0.00032703393067536556,1000000.0,1000415.5002812494
0.0008831296877259364,0.00010041738802769745,-4.2264720976676e-06,298.15301856278364,0.0,0.0307058039164152,299.31622479982667,2.1125042486829055e-17,0.0,3.764862452653642e-06,99.77719151400638,3.5531393269848187e-16,3.304924641856209e-15,1.1768729535208783e-10,3.467088675945895e-27,1.3551095614682773e-17,2.614259964059016,3.83024796608945e-12,0.00032703393135011076,1000000.0,1000415.5058883501
0.0008843404108149092,0.00010041738310006136,-3.954779685940493e-06,298.1529726521002,0.0,0.030705803998315753,299.3162688657762,2.1102508172927477e-17,0.0,3.764863006896494e-06,99.77720620266983,3.5493065573600955e-16,3.2955920092439518e-15,1.1735496396941754e-10,3.457303076380022e-27,1.3551000686000515e-17,2.614260348917023,3.830239799353558e-12,0.0003270339319747745,1000000.0,1000415.4980988296
0.0008855511339038821,0.00010041737841759428,-3.859987637546881e-06,298.15292683702467,0.0,0.030705803855326636,299.316310739392,2.108003702882436e-17,0.0,3.7648635335637126e-06,99.77722016051791,3.5454846410696705e-16,3.2862857143392166e-15,1.1702357042127125e-10,3.447545193599455e-27,1.3550905959974673e-17,2.6142607146269516,3.830231594565555e-12,0.0003270339325683587,1000000.0,1000415.4832712703
0.000886761856992855,0.00010041737372540778,-3.951725767853466e-06,298.1528820257982,0.0,0.030705803721268424,299.31635269992853,2.105762994480139e-17,0.0,3.7648640613242367e-06,99.77723414734102,3.5416735665559025e-16,3.2770057069340782e-15,1.16693112949601e-10,3.437815244249758e-27,1.3550813200434951e-17,2.614261081096052,3.830223582700073e-12,0.0003270339331631751,1000000.0,1000415.4721413058
0.0008879725800818277,0.00010041736884532308,-4.111517076834694e-06,298.1528388311661,0.0,0.03070580375959215,299.3163963406904,2.1035287654208246e-17,0.0,3.7648646102189892e-06,99.77724869426798,3.53787333466757e-16,3.267751929357374e-15,1.1636358951996728e-10,3.428113338399665e-27,1.3550723597140358e-17,2.6142614622404197,3.830215921293867e-12,0.00032703393378181084,1000000.0,1000415.4721384677
0.0008891833031708006,0.00010041736379155025,-4.183159014518732e-06,298.1527971653045,0.0,0.03070580395726177,299.31644153460996,2.1013010115304343e-17,0.0,3.764865178649686e-06,99.77726375894072,3.5340839355197595e-16,3.2585243058099436e-15,1.160349974293263e-10,3.4184393559838974e-27,1.3550636979243754e-17,2.61426185695023,3.830208590755035e-12,0.0003270339344224646,1000000.0,1000415.4825380758
0.0008903940262597735,0.000100417358746518,-4.082380002786428e-06,298.15275634299525,0.0,0.03070580414692675,299.3164866503787,2.0990796466308777e-17,0.0,3.7648657460973857e-06,99.77727879756188,3.5303053344271535e-16,3.2493227450284104e-15,1.1570733340509519e-10,3.408792989553546e-27,1.35505520158303e-17,2.614262250977462,3.830201419255571e-12,0.00032703393506201025,1000000.0,1000415.4955370976
0.0008916047493487463,0.0001004173539235061,-3.849492357239984e-06,298.1527155857065,0.0,0.03070580413293573,299.3165297808117,2.0968645544327635e-17,0.0,3.7648662885731146e-06,99.7772931743705,3.526537475834853e-16,3.2401471534249545e-15,1.1538059408982659e-10,3.3991739118164526e-27,1.3550467194947658e-17,2.614262627664557,3.830194209879728e-12,0.0003270339356734108,1000000.0,1000415.5020894629
0.0008928154724377192,0.00010041734941781205,-3.6131560591744667e-06,298.1526745542777,0.0,0.03070580382786803,299.3165700737405,2.0946556575072995e-17,0.0,3.764866795358118e-06,99.77730660529588,3.5227803012884543e-16,3.2309974489645778e-15,1.1505477655234108e-10,3.389581944688181e-27,1.3550381858045737e-17,2.614262979568584,3.830186876038034e-12,0.0003270339362445856,1000000.0,1000415.4981827355
0.0008946719797142145,0.00010041734297853934,-3.498487975857127e-06,298.15261164147535,0.0,0.030705802929229423,299.3166276582665,2.0912805822161603e-17,0.0,3.7648675196255725e-06,99.77732579998808,3.517039753279268e-16,3.217017537627276e-15,1.145569570808875e-10,3.374926440161948e-27,1.3550251044275957e-17,2.614263482489281,3.830175523681738e-12,0.000327033937060875,1000000.0,1000415.4781016046
0.0008959523981687609,0.00010041733847662254,-3.6323010905326464e-06,298.15256965573303,0.0,0.030705802365239405,299.31666791756373,2.0889614292091527e-17,0.0,3.7648680259859435e-06,99.77733921965978,3.51309508836466e-16,3.207410978551837e-15,1.1421487104907111e-10,3.364856109331068e-27,1.355016357316855e-17,2.6142638340984834,3.830167974859626e-12,0.000327033937631571,1000000.0,1000415.4708434143
0.0008972328166233073,0.00010041733371957262,-3.781018442172162e-06,298.15252951942693,0.0,0.03070580203530909,299.31671045831513,2.0866493886272335e-17,0.0,3.7648685610429263e-06,99.77735339985524,3.509162296582838e-16,3.197833136674016e-15,1.1387380763367901e-10,3.3548164614404954e-27,1.3550079711450109e-17,2.61426420563415,3.830160836255058e-12,0.0003270339382346095,1000000.0,1000415.4775213753
0.0008985132350778536,0.00010041732882983685,-3.7627117050113566e-06,298.1524907488894,0.0,0.030705801827111363,299.31675418557586,2.084344410763441e-17,0.0,3.764869111024072e-06,99.77736797557407,3.505241358101969e-16,3.1882839144531284e-15,1.1353376334684287e-10,3.3448072537505575e-27,1.3549998519852626e-17,2.6142645875329134,3.830153988323532e-12,0.00032703393885446814,1000000.0,1000415.492817485
0.0008997936535323999,0.00010041732410253674,-3.5352117012509492e-06,298.1524522566656,0.0,0.030705801469917488,299.3167964603153,2.0820463531879807e-17,0.0,3.7648696427350996e-06,99.7773820670943,3.501332218095265e-16,3.17876319906039e-15,1.131947341377122e-10,3.334828063181589e-27,1.3549917886754148e-17,2.614264956745198,3.8301471568934475e-12,0.0003270339394537352,1000000.0,1000415.5041798948
0.0009010740719869463,0.00010041731975869902,-3.2382448279426078e-06,298.15241324979127,0.0,0.03070580076096959,299.31683530607,2.0797550802100562e-17,0.0,3.7648701313156366e-06,99.77739501556103,3.4974348010310407e-16,3.169270885283165e-15,1.1285671623590442e-10,3.324878560078491e-27,1.354983627239381e-17,2.614265296008361,3.830140140305775e-12,0.00032703394000439166,1000000.0,1000415.5022809221
0.0009023544904414927,0.00010041731576346122,-3.071566051962506e-06,298.15237386961763,0.0,0.03070579973224887,299.3168710345852,2.077470557411358e-17,0.0,3.7648705806868774e-06,99.7774069248946,3.493549043600551e-16,3.159806891886799e-15,1.1251970675305458e-10,3.314958698269139e-27,1.3549753951180475e-17,2.6142656080452182,3.8301329729346395e-12,0.00032703394051085703,1000000.0,1000415.4886470414
0.0009036349088960391,0.0001004173118537123,-3.128853813117542e-06,298.1523350669676,0.0,0.03070579862511916,299.316905998648,2.0751928631425004e-17,0.0,3.764871020442678e-06,99.77741857939772,3.4896749179071345e-16,3.1503711584989966e-15,1.1218370356848681e-10,3.305068678548106e-27,1.3549672769310497e-17,2.6142659134052653,3.830125895521551e-12,0.0003270339410064852,1000000.0,1000415.4744052843
0.0009049153273505854,0.0001004173077518833,-3.3202023687374062e-06,298.15229781824064,0.0,0.030705797694206814,299.3169426803333,2.0729221067728697e-17,0.0,3.764871481803094e-06,99.77743080647096,3.485812424949213e-16,3.1409636258115405e-15,1.1184870459891068e-10,3.295208695708615e-27,1.3549594622464848e-17,2.614266233767208,3.830119157405742e-12,0.0003270339415264628,1000000.0,1000415.471203629
0.0009061957458051318,0.00010041730339150906,-3.4472430641683835e-06,298.15226232139725,0.0,0.03070579700048276,299.31698167398605,2.070658321983189e-17,0.0,3.7648719722439236e-06,99.7774438042396,3.481961564117799e-16,3.1315842151362863e-15,1.1151470704950193e-10,3.28537872811593e-27,1.354951989507236e-17,2.614266574322121,3.830112811898291e-12,0.00032703394207921543,1000000.0,1000415.4817096364
0.000907671154043626,0.00010041729829097655,-3.3332812235764738e-06,298.1522226646894,0.0,0.030705796270971145,299.31702728664254,2.0680583312384516e-17,0.0,3.764872545935476e-06,99.77745900833678,3.4775386547898054e-16,3.120811191678211e-15,1.1113108341140405e-10,3.274088603616672e-27,1.3549436228569504e-17,2.6142669726850984,3.830105755229393e-12,0.0003270339427257958,1000000.0,1000415.5003284916
0.0009091465622821202,0.0001004172935415672,-2.9870990022535743e-06,298.1521827662119,0.0,0.030705795219374395,299.3170697594958,2.0654672588867998e-17,0.0,3.7648730801339243e-06,99.77747316577924,3.4731310516225405e-16,3.1100752048761503e-15,1.1074877856526099e-10,3.2628372977701384e-27,1.3549352116044186e-17,2.6142673436246966,3.830098573117575e-12,0.0003270339433278652,1000000.0,1000415.5075829033
0.0009106219705206143,0.00010041728935821507,-2.6915379013954705e-06,298.152141870606,0.0,0.030705793648524004,299.3171071705612,2.062884942098554e-17,0.0,3.764873550664139e-06,99.77748563587257,3.468738640696609e-16,3.0993761085072628e-15,1.1036778728220622e-10,3.2516244545897585e-27,1.3549266090802464e-17,2.614267670354095,3.830091072110225e-12,0.00032703394385817707,1000000.0,1000415.4944557297
0.0009120973787591086,0.00010041728547036594,-2.7123425210095806e-06,298.1521009752808,0.0,0.0307057918066121,299.31714193918583,2.0603114275798256e-17,0.0,3.7648739879571785e-06,99.77749722510713,3.4643613511432317e-16,3.088713800419587e-15,1.0998810595439707e-10,3.24045023746097e-27,1.3549180089383559e-17,2.61426797400413,3.830083503097746e-12,0.0003270339443510288,1000000.0,1000415.472455576
0.0009135727869976027,0.00010041728134122916,-3.01707651703603e-06,298.15206199727294,0.0,0.030705790186061097,299.31717886545863,2.0577469164829502e-17,0.0,3.76487445238957e-06,99.77750953359464,3.4599991784090207e-16,3.0780882018761887e-15,1.0960973183466881e-10,3.229315075558551e-27,1.3549097833829885e-17,2.6142682964992927,3.830076353418953e-12,0.00032703394487446785,1000000.0,1000415.4642061094
0.0009150481952360969,0.00010041727669975032,-3.2636206009117778e-06,298.1520258484227,0.0,0.030705789035520605,299.31722037320407,2.055191538952393e-17,0.0,3.764874974448689e-06,99.777523369318,3.455652142202437e-16,3.0674992099248354e-15,1.0923266128371673e-10,3.218219096513598e-27,1.3549021094423207e-17,2.6142686590095257,3.830069859242824e-12,0.000327033945462855,1000000.0,1000415.4809406553
0.0009165236034745911,0.00010041727187073148,-3.117464881297891e-06,298.1519912879436,0.0,0.030705788057033803,299.3172635579782,2.0526451698783954e-17,0.0,3.764875517601828e-06,99.77753776407963,3.451320212354293e-16,3.0569466690306745e-15,1.0885688872679733e-10,3.2071617976373016e-27,1.3548947461908197e-17,2.6142690361671046,3.830063711150682e-12,0.00032703394607501603,1000000.0,1000415.5086958491
0.0009179990117130853,0.0001004172675194973,-2.6138549176924155e-06,298.15195589809986,0.0,0.030705786640267633,299.3173024703116,2.0501074886276556e-17,0.0,3.764876007015308e-06,99.77755073462129,3.447003275915559e-16,3.046430394965749e-15,1.0848240753346282e-10,3.1961423404586714e-27,1.3548872241952655e-17,2.614269376008726,3.830057297190913e-12,0.00032703394662660963,1000000.0,1000415.519289441
0.0009194744199515795,0.00010041726398878988,-2.1820830587748424e-06,298.1519184849574,0.0,0.030705784470809808,299.31733404533134,2.0475782587711528e-17,0.0,3.7648764041385133e-06,99.7775612592663,3.44270118783316e-16,3.035950233596485e-15,1.0810921218085504e-10,3.1851602512381145e-27,1.3548793116405129e-17,2.6142696517654613,3.830050310948411e-12,0.0003270339470741873,1000000.0,1000415.4983782737
0.0009209498281900737,0.00010041726087261927,-2.24795079915829e-06,298.1518805611198,0.0,0.030705781921094296,299.31736191348074,2.0450575637967554e-17,0.0,3.7648767546359234e-06,99.77757054822452,3.438413865045789e-16,3.025506097168512e-15,1.0773729958825539e-10,3.1742158418835697e-27,1.3548713022048521e-17,2.6142698951459917,3.830043131865324e-12,0.00032703394746921535,1000000.0,1000415.4632859709
0.0009224252364285679,0.0001004172573265317,-2.77217708703101e-06,298.1518451568911,0.0,0.03070577976577698,299.3173936260412,2.0425457373865882e-17,0.0,3.7648771534891456e-06,99.77758111871881,3.434141329932269e-16,3.0150979355064724e-15,1.0736666805649795e-10,3.1633098543223084e-27,1.3548637842280211e-17,2.6142701721040176,3.830036529328729e-12,0.00032703394791874264,1000000.0,1000415.4496522694
0.000923900644667062,0.00010041725290492774,-3.213156877517337e-06,298.1518137878822,0.0,0.03070577841362514,299.3174331676587,2.0400430116127692e-17,0.0,3.7648776508178927e-06,99.77759429903257,3.4298836474868975e-16,3.004725662521983e-15,1.0699731456350274e-10,3.1524425845837947e-27,1.3548570519555161e-17,2.6142705174418626,3.830030894694161e-12,0.0003270339484792566,1000000.0,1000415.4760004742
0.0009253760529055562,0.00010041724811054666,-3.0270999940763553e-06,298.1517845413969,0.0,0.030705777403451553,299.31747604273556,2.0375492150334364e-17,0.0,3.764878190075594e-06,99.77760859055647,3.425640805913553e-16,2.994389109861598e-15,1.0662923305950086e-10,3.1416133447646615e-27,1.3548507340146279e-17,2.614270891894497,3.830025750592006e-12,0.00032703394908702643,1000000.0,1000415.5207442008
0.000926429195755386,0.00010041724513135529,-2.516956103443992e-06,298.15176252988334,0.0,0.03070577627599141,299.3175026852311,2.035774306825117e-17,0.0,3.7648785251662134e-06,99.77761747120039,3.422621269022105e-16,2.9870326256911237e-15,1.0636727082040894e-10,3.133905952896789e-27,1.3548460051983935e-17,2.6142711245765735,3.830021762565384e-12,0.0003270339494646899,1000000.0,1000415.5355259241
0.0009274823386052157,0.00010041724278171853,-1.990376862191205e-06,298.1517386677177,0.0,0.03070577457101896,299.31752369811704,2.034003530867772e-17,0.0,3.7648787894464196e-06,99.77762447521155,3.4196091364518304e-16,2.979694163837529e-15,1.0610595026683065e-10,3.1262169903451043e-27,1.354840918209057e-17,2.614271308089036,3.830017278836518e-12,0.0003270339497625465,1000000.0,1000415.5251234935
0.0009285354814550455,0.00010041724089557886,-1.7318902557270224e-06,298.15171359103925,0.0,0.030705772440866974,299.317540566314,2.0322369078758446e-17,0.0,3.764879001593855e-06,99.77763009758887,3.4166043604012625e-16,2.9723736948985887e-15,1.0584527037004598e-10,3.118546595067951e-27,1.354835596554561e-17,2.6142714554013398,3.830012457662245e-12,0.0003270339500016469,1000000.0,1000415.496681821
0.0009295886243048752,0.00010041723907974759,-1.8423180914507793e-06,298.1516887303977,0.0,0.030705770246225644,299.3175568057993,2.0304745802082366e-17,0.0,3.7648792058332233e-06,99.7776355103849,3.4136069390110765e-16,2.9650712086884872e-15,1.0558523080803931e-10,3.1108951275804522e-27,1.3548303179755647e-17,2.6142715972224075,3.8300076607229555e-12,0.0003270339502318345,1000000.0,1000415.466861737
0.000930641767154705,0.00010041723696838506,-2.2061028396920392e-06,298.1516653860387,0.0,0.03070576832269606,299.3175756879904,2.0287167080182506e-17,0.0,3.7648794433131017e-06,99.77764180412804,3.4106169005795727e-16,2.957786692181796e-15,1.0532583115378783e-10,3.1032629075317694e-27,1.3548253349101251e-17,2.6142717621251497,3.8300032191795055e-12,0.00032703395049948577,1000000.0,1000415.4510607021
0.0009316949100045347,0.00010041723441341843,-2.5956602318585084e-06,298.1516440545532,0.0,0.03070576680611156,299.31759853698765,2.0269633741963032e-17,0.0,3.764879730688301e-06,99.77764942020768,3.407634272707903e-16,2.950520113403542e-15,1.0506707028326038e-10,3.0956500304999686e-27,1.354820743771401e-17,2.6142719616743997,3.829999261853361e-12,0.00032703395082337144,1000000.0,1000415.4554101094
0.0009327480528543644,0.00010041723152094327,-2.8059268862186717e-06,298.1516243173934,0.0,0.03070576559914528,299.3176244040623,2.0252145500812288e-17,0.0,3.764880056025514e-06,99.77765804236475,3.4046590587621703e-16,2.943271418820256e-15,1.0480894627655651e-10,3.0880563114206755e-27,1.3548164632736361e-17,2.61427218758386,3.8299956853759504e-12,0.00032703395119004205,1000000.0,1000415.4753039187
0.0009338011957041942,0.00010041722855567452,-2.746903876773187e-06,298.15160519950945,0.0,0.030705764458961848,299.3176509220763,2.0234701243852674e-17,0.0,3.7648803895503796e-06,99.7776668815127,3.4016912320260806e-16,2.9360405416361304e-15,1.0455145673060705e-10,3.0804814557776372e-27,1.3548123041393854e-17,2.6142724191786932,3.829992244039133e-12,0.0003270339515659405,1000000.0,1000415.4994847242
0.0009348543385540239,0.00010041722579372086,-2.46391701171774e-06,298.15158570422824,0.0,0.030705763132274203,299.3176756220049,2.021729962607247e-17,0.0,3.764880700206984e-06,99.77767511460112,3.3987307449739845e-16,2.9288274147691296e-15,1.0429459922544608e-10,3.072925103682343e-27,1.354808072825595e-17,2.6142726348941725,3.829988685073176e-12,0.0003270339519160652,1000000.0,1000415.5162796045
0.0009359074814038537,0.00010041722339917404,-2.097372218679959e-06,298.1515652535284,0.0,0.03070576146855376,299.3176970365028,2.019993964864551e-17,0.0,3.7648809695387494e-06,99.77768225248981,3.3957775452164096e-16,2.921631980928265e-15,1.0403837170649325e-10,3.0653870673567784e-27,1.3548036571298226e-17,2.614272821914347,3.829984860722851e-12,0.0003270339522196148,1000000.0,1000415.5187998491
0.0009369606242536834,0.00010041722136703679,-1.810091445129996e-06,298.15154388398753,0.0,0.03070575947238507,299.3177152102556,2.0182621002071656e-17,0.0,3.7648811981077417e-06,99.77768831007474,3.392831590647828e-16,2.9144541973723807e-15,1.0378277265365496e-10,3.0578673157878064e-27,1.3547990641550059e-17,2.6142729806295057,3.8299807787013835e-12,0.0003270339524772228,1000000.0,1000415.5073196205
0.0009380137671035132,0.00010041721954289853,-1.7139433360900712e-06,298.15152216509085,0.0,0.0307057572854162,299.3177315240364,2.016534408159281e-17,0.0,3.7648814032816145e-06,99.7776937476372,3.3898928586776775e-16,2.907294033987978e-15,1.0352780101039007e-10,3.0503659634862678e-27,1.3547944044630932e-17,2.614273123099468,3.829976582334861e-12,0.00032703395270846335,1000000.0,1000415.4884079422
0.0009390669099533429,0.00010041721770407342,-1.8242903410313045e-06,298.15150089923134,0.0,0.03070575511192701,299.3177479691516,2.0148109702676275e-17,0.0,3.7648816101074395e-06,99.77769922898005,3.3869613465947366e-16,2.900151466241072e-15,1.0327345592541864e-10,3.0428831870272682e-27,1.3547898338314382e-17,2.614273266716518,3.829972475075076e-12,0.00032703395294156573,1000000.0,1000415.4714743224
0.0009401200528031727,0.00010041721566556955,-2.059919920207119e-06,298.1514807385379,0.0,0.030705753121618704,299.3177661998402,2.0130918651375064e-17,0.0,3.764881839392583e-06,99.77770530554457,3.3840370631595904e-16,2.893026466247136e-15,1.0301973642384419e-10,3.0354191196127906e-27,1.3547854788628909e-17,2.614273425928957,3.829968623411262e-12,0.00032703395319998076,1000000.0,1000415.4642865235
0.0009411731956530024,0.0001004172133632759,-2.2871552739892766e-06,298.15146189056645,0.0,0.03070575137330286,299.3177867893981,2.0113771272388616e-17,0.0,3.7648820983480795e-06,99.77771216843915,3.381120015334454e-16,2.8859189959221705e-15,1.0276664115512853e-10,3.0279737696900695e-27,1.3547813798475756e-17,2.614273605744011,3.829965081782386e-12,0.0003270339534918357,1000000.0,1000415.4694739694
0.0009422263385028322,0.00010041721087610087,-2.3863147992241223e-06,298.1514440479715,0.0,0.030705749794592844,299.3178090322089,2.0096667284953533e-17,0.0,3.7648823780985395e-06,99.77771958244631,3.3782101965517987e-16,2.878829005345693e-15,1.0251416833296047e-10,3.0205470028891064e-27,1.3547774771092937e-17,2.6142737999987515,3.829961773986423e-12,0.0003270339538071274,1000000.0,1000415.4836243192
0.0009432794813526619,0.00010041720837844714,-2.3077498784242316e-06,298.15142656846166,0.0,0.03070574822550098,299.31783136872485,2.007960590823033e-17,0.0,3.7648826590276417e-06,99.7777270276901,3.375307582175894e-16,2.871756436922548e-15,1.0226231588859377e-10,3.013138594052558e-27,1.354773645945957e-17,2.614273995071921,3.829958538132394e-12,0.00032703395412374747,1000000.0,1000415.4993211797
0.0009443326242024917,0.00010041720604956128,-2.090573186729839e-06,298.15140880518527,0.0,0.030705746501596323,299.31785219608224,2.0062586220942422e-17,0.0,3.764882920974231e-06,99.77773396985526,3.372412134015213e-16,2.8647012330113226e-15,1.0201108175175689e-10,3.0057483201851397e-27,1.3547697607725588e-17,2.6142741769639377,3.829955210145642e-12,0.00032703395441897334,1000000.0,1000415.5089872226
0.0009453857670523214,0.00010041720398694677,-1.8371019952038932e-06,298.15139041599554,0.0,0.030705744533434685,299.3178706423823,2.0045607563738444e-17,0.0,3.76488315297138e-06,99.77774011829392,3.3695238110825017e-16,2.857663343051562e-15,1.0176046411297898e-10,2.9983760453699587e-27,1.3547657551639721e-17,2.6142743380595426,3.829951702431625e-12,0.0003270339546804448,1000000.0,1000415.5085336266
0.0009471713271284347,0.00010041720104161864,-1.6155746524407515e-06,298.151358042235,0.0,0.030705740690367297,299.31789698345386,2.0016914255019693e-17,0.0,3.76488348425373e-06,99.77774889801066,3.364642971293427e-16,2.8457703403962125e-15,1.0133695692986844e-10,2.985917743359314e-27,1.3547587341742085e-17,2.6142745680975517,3.829945401446613e-12,0.0003270339550538151,1000000.0,1000415.4871391063
0.0009484273570997913,0.00010041719901220102,-1.7331671785609998e-06,298.1513357251352,0.0,0.03070573794809087,299.31791513327505,1.999680181377249e-17,0.0,3.764883712517026e-06,99.77775494749406,3.361221782219414e-16,2.8374340249718046e-15,1.0104010254932115e-10,2.97718533461505e-27,1.3547538856936162e-17,2.6142747266005246,3.829941045561007e-12,0.00032703395531107825,1000000.0,1000415.472361476
0.000949683387071148,0.00010041719670055702,-1.970236608909467e-06,298.1513149076743,0.0,0.030705735464721752,299.31793580683126,1.9976749713131305e-17,0.0,3.764883972524391e-06,99.77776183826559,3.3578106567344184e-16,2.829122157224359e-15,1.0074411874273755e-10,2.9684789339372615e-27,1.3547493298781222e-17,2.6142749071460676,3.829937039187571e-12,0.00032703395560411836,1000000.0,1000415.4711468942
0.0009509394170425046,0.00010041719409166483,-2.1150743043817487e-06,298.1512956062118,0.0,0.03070573325403952,299.3179591384518,1.9956758124635962e-17,0.0,3.764884265965448e-06,99.77776961510399,3.3544095975966924e-16,2.820834666321902e-15,1.0044900298840317e-10,2.9597984668246446e-27,1.3547450698964995e-17,2.614275110907427,3.829933389370194e-12,0.0003270339559348397,1000000.0,1000415.4840019693
0.0009521954470138612,0.00010041719142578016,-2.030663741731476e-06,298.1512769251959,0.0,0.03070573109564635,299.31798297971466,1.993682603900867e-17,0.0,3.7648845658168946e-06,99.77777756183191,3.3510185762937745e-16,2.812571460949958e-15,1.0015475201063585e-10,2.951143614535812e-27,1.3547409318813802e-17,2.6142753191200563,3.829929871212702e-12,0.0003270339562727858,1000000.0,1000415.5006735093
0.0009534514769852178,0.00010041718900634811,-1.7656247733713575e-06,298.1512577677432,0.0,0.030705728711178423,299.3180046171432,1.9916951927323806e-17,0.0,3.7648848379480477e-06,99.77778477391068,3.347637531683192e-16,2.8043324453301556e-15,9.986136236957857e-11,2.942514007658461e-27,1.354736702881262e-17,2.6142755080841575,3.829926206649549e-12,0.0003270339565794898,1000000.0,1000415.5083276929
0.0009547075069565744,0.00010041718696679803,-1.5081468559415223e-06,298.1512376722719,0.0,0.030705725978235402,299.31802285757993,1.989713479106116e-17,0.0,3.7648850673511255e-06,99.77779085360082,3.344266395037656e-16,2.7961175380898362e-15,9.956883115596034e-11,2.9339094542419375e-27,1.354732293286928e-17,2.6142756673785676,3.8299222769603655e-12,0.0003270339568380373,1000000.0,1000415.5013916392
0.000955963536927931,0.00010041718517277018,-1.4351211634848531e-06,298.15121714346054,0.0,0.03070572302007184,299.3180389025005,1.9877374780042068e-17,0.0,3.7648852691385377e-06,99.77779620141467,3.340905120947476e-16,2.787926679893877e-15,9.927715626721827e-11,2.9253299853562822e-27,1.3547278010398742e-17,2.614275807497102,3.829918208396102e-12,0.0003270339570654607,1000000.0,1000415.4856123794
0.0009572195668992876,0.00010041718333159491,-1.5763853427302513e-06,298.15119723661593,0.0,0.03070572010516674,299.3180553690256,1.985767291816152e-17,0.0,3.7648854762289797e-06,99.77780168977058,3.3375536989405723e-16,2.77975982382752e-15,9.898633606517307e-11,2.916775848491828e-27,1.3547234310507635e-17,2.6142759512979747,3.82991426847804e-12,0.0003270339572988608,1000000.0,1000415.4733590956
0.0009584755968706444,0.00010041718122062706,-1.7968569244295644e-06,298.1511787300944,0.0,0.03070571743776203,299.3180742481011,1.9838030158155006e-17,0.0,3.7648857136649894e-06,99.7778079823512,3.3342121375696996e-16,2.7716169171632854e-15,9.869636869416051e-11,2.9082471815640058e-27,1.3547193344278371e-17,2.614276116170319,3.829910656433713e-12,0.00032703395756646174,1000000.0,1000415.4739585302
0.000959731626842001,0.00010041717885583,-1.9052265247877388e-06,298.1511615320473,0.0,0.03070571500321322,299.3180953969792,1.9818446515247965e-17,0.0,3.764885979651053e-06,99.77781503157149,3.3308804345774415e-16,2.7634978880870403e-15,9.8407251593333e-11,2.8997438745263232e-27,1.3547154933243521e-17,2.6142763008673606,3.8299073515959354e-12,0.00032703395786623984,1000000.0,1000415.4866196916
0.0009609876568133576,0.00010041717647244351,-1.801959611999779e-06,298.15114477170016,0.0,0.030705712585724063,299.31811671209056,1.9798920950511647e-17,0.0,3.7648862477280345e-06,99.77782213620574,3.3275585565755547e-16,2.75540264766769e-15,9.811898157106567e-11,2.891265602781472e-27,1.3547117386676861e-17,2.6142764870162996,3.829904134832368e-12,0.00032703395816837446,1000000.0,1000415.5013240754
0.0009622436867847142,0.00010041717433797732,-1.5526460089740987e-06,298.15112748562825,0.0,0.030705709939896006,299.31813580129887,1.9779452067951887e-17,0.0,3.7648864878071398e-06,99.77782849883424,3.324246443279863e-16,2.747331105037828e-15,9.783155536492162e-11,2.88281202595654e-27,1.3547078834058887e-17,2.614276653723962,3.829900761627152e-12,0.0003270339584389542,1000000.0,1000415.5067697773
0.0009634997167560708,0.00010041717254596875,-1.3330432252434434e-06,298.1511093550595,0.0,0.03070570697992348,299.3181518281706,1.976003906204068e-17,0.0,3.76488668936753e-06,99.77783384063153,3.3209440321389997e-16,2.7392831836598634e-15,9.754497024156041e-11,2.874382991678132e-27,1.3547038656541768e-17,2.6142767936848466,3.829897149564646e-12,0.00032703395866612154,1000000.0,1000415.4990663799
0.0009647557467274274,0.00010041717094902375,-1.2915051536551675e-06,298.15109092799776,0.0,0.03070570384101792,299.31816611073816,1.9740682184562823e-17,0.0,3.7648868689876963e-06,99.77783860096429,3.3176512839466925e-16,2.7312588262378063e-15,9.725922417709945e-11,2.8659785889740163e-27,1.3546997918115212e-17,2.6142769184107904,3.829893436199048e-12,0.0003270339588685612,1000000.0,1000415.4844993268
0.0009660117766987841,0.00010041716927816253,-1.4362766990400225e-06,298.15107317169094,0.0,0.030705700769926337,299.31818105428323,1.9721382390740355e-17,0.0,3.764887056921776e-06,99.77784358163416,3.3143681899507275e-16,2.7232579849345474e-15,9.697431549543187e-11,2.8575990153211297e-27,1.3546958496655042e-17,2.61427704890978,3.829889866932308e-12,0.0003270339590803711,1000000.0,1000415.4744276393
0.0009672678066701407,0.0001004171673516862,-1.6331271341763648e-06,298.15105671749586,0.0,0.030705697933328762,299.3181982836014,1.970214045873279e-17,0.0,3.7648872736067907e-06,99.77784932426748,3.311094755619811e-16,2.7152806048708324e-15,9.669024225942435e-11,2.8492443654906053e-27,1.3546921617820779e-17,2.6142771993729554,3.8298866036748416e-12,0.00032703395932458457,1000000.0,1000415.476449724
0.0009685238366414973,0.000100417165211303,-1.7120267111073793e-06,298.151041384347,0.0,0.030705695292963894,299.3182174257281,1.9682956269737772e-17,0.0,3.7648875143515144e-06,99.77785570453635,3.3078309741116086e-16,2.7073266137172676e-15,9.640700188760219e-11,2.840914505911733e-27,1.354688692993023e-17,2.614277366542804,3.8298836028581945e-12,0.0003270339595959144,1000000.0,1000415.4886987873
0.0009697798666128539,0.00010041716308356694,-1.5982065363936552e-06,298.1510263370407,0.0,0.030705692641003444,299.31823645476254,1.9663828794799608e-17,0.0,3.764887753673739e-06,99.77786204710587,3.30457680995934e-16,2.6993959251005983e-15,9.612459128067e-11,2.8326091276595928e-27,1.35468528113495e-17,2.6142775327248913,3.829880654042669e-12,0.000327033959865641,1000000.0,1000415.5015378349
0.0009710358965842105,0.00010041716120107554,-1.3666760959271919e-06,298.15101074026785,0.0,0.030705689764075568,299.318253290761,1.9644756778665693e-17,0.0,3.764887965411496e-06,99.7778676586259,3.301332205138759e-16,2.691488452753257e-15,9.584300734401498e-11,2.824327931926079e-27,1.3546817640332729e-17,2.614277679752765,3.829877545035048e-12,0.00032703396010427853,1000000.0,1000415.5051480293
0.0009722919265555671,0.00010041715962407477,-1.18065684700487e-06,298.15099439439626,0.0,0.03070568660691436,299.3182673949888,1.9625739577652494e-17,0.0,3.764888142788468e-06,99.77787235950903,3.2980971022584667e-16,2.6836041242562463e-15,9.556224749442931e-11,2.8160708021529026e-27,1.3546781029345018e-17,2.6142778029210607,3.82987422371618e-12,0.0003270339603041899,1000000.0,1000415.4970428962
0.000973886726501411,0.00010041715784249172,-1.1923450423537073e-06,298.15097337115145,0.0,0.030705682395718404,299.3182833292632,1.9601672562339004e-17,0.0,3.7648883431763335e-06,99.77787767023199,3.2940030815355556e-16,2.673626534783774e-15,9.520694684779135e-11,2.8056214317660812e-27,1.3546734043305317e-17,2.6142779420679054,3.82986990457833e-12,0.00032703396053003557,1000000.0,1000415.4792108878
0.0009754815264472549,0.00010041715585283912,-1.4481063462321888e-06,298.1509536771619,0.0,0.030705678375404655,299.3183011241477,1.9577696033374565e-17,0.0,3.7648885669673463e-06,99.77788360119017,3.289924305716802e-16,2.6636860639947183e-15,9.485296796064938e-11,2.7952112759642753e-27,1.3546689660818662e-17,2.6142780974655158,3.829865885318423e-12,0.0003270339607822576,1000000.0,1000415.4721369545
0.0009770763263930986,0.00010041715339852255,-1.6472609055116766e-06,298.1509361857471,0.0,0.03070567478135747,299.3183230741736,1.9553811129740838e-17,0.0,3.764888843022602e-06,99.7778909172665,3.2858607818743656e-16,2.65378259304378e-15,9.450030662308282e-11,2.7848404078723068e-27,1.3546649577140358e-17,2.6142782891545737,3.82986239136836e-12,0.0003270339610933836,1000000.0,1000415.4864895191
0.0009786711263389425,0.00010041715078320889,-1.4973453969506526e-06,298.15091974634265,0.0,0.03070567133500906,299.3183464638774,1.9530016627099737e-17,0.0,3.7648891371864286e-06,99.77789871326009,3.281812472656297e-16,2.643915960460615e-15,9.414895705656303e-11,2.7745083865831755e-27,1.3546611558589047e-17,2.61427849341793,3.829859135215363e-12,0.0003270339614249187,1000000.0,1000415.5092459703
0.0009802659262847864,0.00010041714862616827,-1.0606418812279237e-06,298.1509021190968,0.0,0.030705667468275973,299.31836575559214,1.9506309496871794e-17,0.0,3.764889379804888e-06,99.77790514318728,3.277779263717602e-16,2.6340859820022143e-15,9.379891264408342e-11,2.7642145028366235e-27,1.3546571256912459e-17,2.6142786618890086,3.829855549228589e-12,0.0003270339616983599,1000000.0,1000415.5142105257
0.0009818607262306303,0.00010041714718520597,-7.667217406399982e-07,298.15088242439157,0.0,0.030705662944663217,299.3183786439579,1.9482687733548262e-17,0.0,3.764889541880675e-06,99.77790943855533,3.2737610140266743e-16,2.6242925024902e-15,9.345016783832152e-11,2.7539583972340373e-27,1.3546526964471024e-17,2.6142787744325484,3.8298514061922824e-12,0.0003270339618810261,1000000.0,1000415.4906570296
0.0009834555261764742,0.00010041714595324413,-9.83441249896038e-07,298.1508625389397,0.0,0.030705658229336165,299.31838966339006,1.9459152634431726e-17,0.0,3.7648896804486225e-06,99.77791311091357,3.2697576508979644e-16,2.614535425328884e-15,9.310271924701281e-11,2.7437404015196506e-27,1.3546482324400696e-17,2.61427887065262,3.829847178014418e-12,0.000327033962037198,1000000.0,1000415.4601801172
0.0009846167076324951,0.00010041714462858908,-1.3788708556069077e-06,298.15084994387723,0.0,0.030705655188399524,299.3184015109141,1.944207341195786e-17,0.0,3.7648898294424875e-06,99.77791705958148,3.2668521717214217e-16,2.6074541169939854e-15,9.285055453572507e-11,2.736325023055407e-27,1.3546453492562921e-17,2.6142789741120835,3.829844554906929e-12,0.0003270339622051204,1000000.0,1000415.4572228547
0.000985777889088516,0.00010041714281844502,-1.6735734092898118e-06,298.15083934045236,0.0,0.030705652592827606,299.3184176998031,1.9425042837396115e-17,0.0,3.7648900330429534e-06,99.77792245544524,3.2639546342920687e-16,2.6003920273059667e-15,9.25990742139106e-11,2.72893023465585e-27,1.354642853891288e-17,2.614279115489492,3.829842421795256e-12,0.00032703396243458663,1000000.0,1000415.4756018228
0.000986939070544537,0.00010041714080847078,-1.6439641783753645e-06,298.1508296598278,0.0,0.030705650180572627,299.31843567562487,1.940805988296603e-17,0.0,3.764890259119836e-06,99.77792844698381,3.2610650285641764e-16,2.5933490823061e-15,9.234827562146814e-11,2.7215557131013498e-27,1.3546405388521242e-17,2.6142792724741613,3.829840510664054e-12,0.0003270339626893847,1000000.0,1000415.5031124636
0.000988100252000558,0.00010041713903666342,-1.301951794552716e-06,298.1508193167939,0.0,0.030705647549841023,299.3184515216999,1.9391122562762652e-17,0.0,3.7648904584083174e-06,99.77793372857039,3.2581832975687913e-16,2.5863251972735173e-15,9.209815570246557e-11,2.7142010110759897e-27,1.3546380964069563e-17,2.614279410857394,3.829838419926455e-12,0.00032703396291399107,1000000.0,1000415.5212236138
0.0009892614334565787,0.00010041713777562447,-8.781427932617681e-07,298.15080735594876,0.0,0.03070564445056423,299.3184628003559,1.937422929149967e-17,0.0,3.76489060024684e-06,99.77793748760591,3.2553093642899793e-16,2.5793203005691184e-15,9.18487118825385e-11,2.7068658408771236e-27,1.3546353410865829e-17,2.6142795093482984,3.829835905047352e-12,0.000327033963073849,1000000.0,1000415.5185076735
0.0009904226149125997,0.00010041713695405945,-6.435402752228829e-07,298.1507940710185,0.0,0.03070564094814442,299.31847014912563,1.9357379874965028e-17,0.0,3.7648906926544264e-06,99.77793993661211,3.252443172065769e-16,2.5723343465519554e-15,9.159994254391971e-11,2.6995502241038797e-27,1.3546323299087435e-17,2.614279573515153,3.829833037534698e-12,0.0003270339631779962,1000000.0,1000415.4981021355
0.0009915837963686207,0.0001004171362317488,-7.219604152349545e-07,298.15078070651447,0.0,0.030705637354679863,299.3184766103379,1.934057544783793e-17,0.0,3.7648907738981277e-06,99.77794208975068,3.2495847069490164e-16,2.5653673094587375e-15,9.135184679992754e-11,2.692254414268968e-27,1.3546293044604523e-17,2.6142796299299844,3.8298301315156315e-12,0.0003270339632695612,1000000.0,1000415.4744460253
0.0009927449778246416,0.00010041713524755057,-1.025811009066466e-06,298.1507685516661,0.0,0.030705634001461226,299.3184854134153,1.932381751847926e-17,0.0,3.7648908845983027e-06,99.77794502355101,3.2467339885360183e-16,2.5584191647274265e-15,9.110442380694126e-11,2.684978666619838e-27,1.3546265150041905e-17,2.614279706798916,3.829827514901562e-12,0.0003270339633943249,1000000.0,1000415.4627583807
0.0009939061592806626,0.00010041713385263607,-1.334982366463652e-06,298.15075810906256,0.0,0.030705631025014783,299.31849788922216,1.9307106883602208e-17,0.0,3.76489104149484e-06,99.77794918165723,3.243891039954629e-16,2.551489871750695e-15,9.085767213316341e-11,2.677723065431995e-27,1.3546240591099778e-17,2.6142798157458587,3.829825317807296e-12,0.00032703396357115376,1000000.0,1000415.4692136529
0.0009950673407366833,0.00010041713218026394,-1.4487010167586182e-06,298.1507488647135,0.0,0.030705628303096127,299.3185128461264,1.929044312828763e-17,0.0,3.7648912295991424e-06,99.77795416683836,3.2410558596431975e-16,2.544579369282037e-15,9.061158958384791e-11,2.67048741555201e-27,1.3546218369882653e-17,2.6142799463629696,3.829823412505248e-12,0.000327033963783155,1000000.0,1000415.4880662796
0.0009962285221927043,0.00010041713053144236,-1.3069795196350687e-06,298.1507397188301,0.0,0.030705625559577475,299.3185275924367,1.9273824943114e-17,0.0,3.764891415054551e-06,99.7779590818179,3.2382284121903927e-16,2.5376875841418803e-15,9.036617352590812e-11,2.6632713911438226e-27,1.3546196351393223e-17,2.6142800751407296,3.82982152119886e-12,0.0003270339639921709,1000000.0,1000415.5065457504
0.0009973897036487252,0.00010041712917225777,-1.0118447339137738e-06,298.1507297212543,0.0,0.030705622550366664,299.31853974873997,1.9257250948613743e-17,0.0,3.7648915679323056e-06,99.77796313341749,3.235408640933098e-16,2.530814446250271e-15,9.012142144108599e-11,2.6560747093255186e-27,1.3546172691136589e-17,2.6142801812970897,3.8298194021446834e-12,0.00032703396416447033,1000000.0,1000415.5134379035
0.0009985508851047462,0.00010041712817660438,-7.481677427774395e-07,298.15071862842234,0.0,0.03070561920767785,299.3185486542548,1.9240720461545117e-17,0.0,3.7648916799209604e-06,99.77796610136537,3.232596491773899e-16,2.523959899997229e-15,8.987733134376531e-11,2.6488972632292738e-27,1.3546146916297016e-17,2.6142802590607137,3.829816991698763e-12,0.00032703396429068616,1000000.0,1000415.5056973603
0.0009997120665607671,0.00010041712740199505,-6.635622607859679e-07,298.1507069735369,0.0,0.030705615662220884,299.3185555831375,1.9224233756356823e-17,0.0,3.764891767047118e-06,99.77796841040205,3.229791932731294e-16,2.5171239056784983e-15,8.963390183355447e-11,2.6417391341172918e-27,1.354612006193391e-17,2.614280319560219,3.829814423473299e-12,0.0003270339643888809,1000000.0,1000415.4894119982
0.001000873248016788,0.00010041712659697486,-7.83515059758879e-07,298.150695666129,0.0,0.030705612144666015,299.31856278396214,1.9207791728695892e-17,0.0,3.7648918575938202e-06,99.77797081009074,3.2269949582550087e-16,2.5103064313941864e-15,8.939113179677133e-11,2.634600490621625e-27,1.3546093893621357e-17,2.6142803824348944,3.829811927838659e-12,0.0003270339644909307,1000000.0,1000415.4752187603
0.0010020344294728088,0.00010041712556227562,-1.0081834183329633e-06,298.1506854090756,0.0,0.03070560883780999,299.3185720386359,1.9191395224638002e-17,0.0,3.7648919739742693e-06,99.7779738944309,3.2242055774531944e-16,2.5035074412727367e-15,8.914901997294164e-11,2.6274814470894603e-27,1.3546069775752908e-17,2.6142804632481065,3.829809684235829e-12,0.0003270339646220962,1000000.0,1000415.4714863081
0.0010031956109288298,0.00010041712426500264,-1.1842197758398476e-06,298.1506762961887,0.0,0.030705605771828074,299.31858364131205,1.9175044465297244e-17,0.0,3.7648921198883847e-06,99.77797776147865,3.2214237948104205e-16,2.4967268873549068e-15,8.890756465627341e-11,2.6203819687544095e-27,1.354604789038059e-17,2.6142805645690204,3.829807718384468e-12,0.0003270339647865473,1000000.0,1000415.4795207456
0.0010043567923848507,0.00010041712284280708,-1.2016228712110898e-06,298.15066781110914,0.0,0.030705602820446737,299.3185963610786,1.9158738898723147e-17,0.0,3.7648922798534994e-06,99.77798200090898,3.2186495955100686e-16,2.4899647095575803e-15,8.866676369465338e-11,2.613301875054322e-27,1.3546027235090724e-17,2.6142806756467216,3.829805900890689e-12,0.0003270339649668345,1000000.0,1000415.4934365639
0.0010055179738408717,0.00010041712150578163,-1.0557522717681357e-06,298.1506591908911,0.0,0.030705599790939113,299.3186083192328,1.91424775278952e-17,0.0,3.764892430238894e-06,99.7779859864555,3.215882943644858e-16,2.4832208429492097e-15,8.842661475766263e-11,2.606240929742121e-27,1.354600632880599e-17,2.6142807800724173,3.829804038662528e-12,0.0003270339651363249,1000000.0,1000415.5043362449
0.0010066791552968927,0.00010041712040372492,-8.407472617487399e-07,298.1506499048509,0.0,0.030705596545888888,299.3186181762363,1.9126259476184468e-17,0.0,3.7648925541955727e-06,99.77798927158254,3.213123793238459e-16,2.4764952273166174e-15,8.81871156887775e-11,2.5991989560706746e-27,1.3545984141344638e-17,2.6142808661464363,3.829801996323048e-12,0.00032703396527602904,1000000.0,1000415.5059208927
0.0010078403367529134,0.00010041711954090826,-6.848209291575407e-07,298.15063995321117,0.0,0.030705593081378137,299.318625893894,1.9110084432044558e-17,0.0,3.76489265124311e-06,99.77799184355774,3.2103721044023817e-16,2.469787813115559e-15,8.794826472456123e-11,2.592175909301819e-27,1.354596067314043e-17,2.614280933535179,3.829799772635083e-12,0.0003270339653854055,1000000.0,1000415.498062996
0.0010090015182089344,0.00010041711878596826,-6.68904562844047e-07,298.15062981979344,0.0,0.030705589517912114,299.31863264689065,1.909395271456237e-17,0.0,3.764892736156938e-06,99.77799409396279,3.207627854463747e-16,2.4630985605673854e-15,8.771006046009352e-11,2.585171852622635e-27,1.354593686335788e-17,2.614280992498468,3.829797489434847e-12,0.0003270339654811068,1000000.0,1000415.4863488504
0.0010101626996649553,0.00010041711796326009,-7.819107826761585e-07,298.15062013531343,0.0,0.03070558601661707,299.3186400058882,1.9077864951811525e-17,0.0,3.7648928286931728e-06,99.77799654637847,3.204891037752513e-16,2.456427432979668e-15,8.747250160349779e-11,2.578186880767098e-27,1.354591393629277e-17,2.6142810567546313,3.829795306830349e-12,0.00032703396558539887,1000000.0,1000415.4781928911
0.0010113238811209763,0.0001004171169626984,-9.368264199708284e-07,298.1506112823964,0.0,0.03070558267847857,299.3186489552984,1.9061821601315217e-17,0.0,3.7648929412339516e-06,99.7779995289589,3.202161655205563e-16,2.449774388930607e-15,8.723558668870505e-11,2.5712210297420933e-27,1.3545892634648524e-17,2.614281134901628,3.829793322948376e-12,0.0003270339657122368,1000000.0,1000415.4781991089
0.0010124850625769972,0.00010041711580009413,-1.0289639029566044e-06,298.1506031860935,0.0,0.030705579488992253,299.3186593537357,1.9045822617673087e-17,0.0,3.7648930720008987e-06,99.77800299457311,3.1994397009402453e-16,2.4431393781165905e-15,8.699931392309005e-11,2.5642742322841454e-27,1.3545872812917643e-17,2.6142812257045813,3.829791520170865e-12,0.00032703396585961636,1000000.0,1000415.485638422
0.0010136462440330182,0.00010041711459609247,-1.0011261966397362e-06,298.15059539938835,0.0,0.030705576337485156,299.31867012235983,1.902986745388133e-17,0.0,3.7648932074241337e-06,99.77800658358929,3.196725154184642e-16,2.436522343038324e-15,8.676368124911825e-11,2.5573463344941794e-27,1.3545853603340429e-17,2.6142813197407855,3.82978978605396e-12,0.00032703396601224373,1000000.0,1000415.4953712696
0.001014807425489039,0.00010041711349397248,-8.734216606602409e-07,298.1505874047297,0.0,0.03070557309252151,299.3186799799321,1.9013955362612653e-17,0.0,3.7648933313879663e-06,99.77800986890591,3.194017980961347e-16,2.429923224959431e-15,8.652868656199231e-11,2.5504371524835083e-27,1.3545834001161613e-17,2.6142814058197628,3.82978798938086e-12,0.0003270339661519559,1000000.0,1000415.5013390935
0.0010159686069450599,0.00010041711257136407,-7.243010058627042e-07,298.1505789303817,0.0,0.030705569682888394,299.31868823226523,1.8998085793166394e-17,0.0,3.764893435160764e-06,99.7780126191154,3.191318143560633e-16,2.4233419700021075e-15,8.629432793746026e-11,2.5435465777462753e-27,1.3545813478892578e-17,2.614281477878409,3.82978606054973e-12,0.00032703396626891195,1000000.0,1000415.5002887516
0.0010179507512946117,0.00010041711135503652,-6.387106629356524e-07,298.1505635839315,0.0,0.03070556353369985,299.3186991126164,1.897109418207611e-17,0.0,3.7648935719703883e-06,99.77801624487437,3.186726366694261e-16,2.412148862531727e-15,8.5895741056791e-11,2.5318272360157005e-27,1.3545776763259462e-17,2.6142815728776356,3.829782518285958e-12,0.0003270339664231018,1000000.0,1000415.4847400486
0.0010193296798309045,0.00010041711044970636,-7.714375361052477e-07,298.1505534349115,0.0,0.030705559310140455,299.31870721084255,1.8952390584477546e-17,0.0,3.7648936737997727e-06,99.77801894357923,3.1835444954928015e-16,2.4043926123488278e-15,8.561954072104984e-11,2.523706459171164e-27,1.3545752263265722e-17,2.6142816435868936,3.829780167389813e-12,0.00032703396653786755,1000000.0,1000415.4774881888
0.0010207086083671973,0.000100417109274028,-9.363764668538376e-07,298.1505444974437,0.0,0.030705555334587853,299.3187177265936,1.8933748404447733e-17,0.0,3.7648938060372944e-06,99.77802244816704,3.1803728892548613e-16,2.3966613246688977e-15,8.534422928377377e-11,2.5156120833237984e-27,1.35457301305594e-17,2.6142817354110717,3.8297781086484794e-12,0.00032703396668690447,1000000.0,1000415.482465307
0.00102208753690349,0.00010041710791588612,-9.552192323941078e-07,298.1505364240309,0.0,0.030705551526421335,299.3187298739819,1.8915167317985213e-17,0.0,3.7648939587978932e-06,99.77802649666184,3.1772115348477683e-16,2.38895491281058e-15,8.506980365064422e-11,2.5075439423398263e-27,1.3545709690532502e-17,2.614281841486142,3.829776256316711e-12,0.00032703396685907166,1000000.0,1000415.4958532775
0.0010234664654397829,0.00010041710666197714,-7.764127882564458e-07,298.1505281669084,0.0,0.030705547622642496,299.31874108929287,1.889664600256393e-17,0.0,3.764894099834624e-06,99.77803023444821,3.174060385534052e-16,2.3812732768702984e-15,8.479626024042173e-11,2.4995017123923933e-27,1.3545688909255416e-17,2.6142819394203465,3.8297743457458015e-12,0.0003270339670180256,1000000.0,1000415.5054878677
0.0010248453939760754,0.00010041710574000277,-5.413017453476441e-07,298.1505189196794,0.0,0.030705543414371723,299.31874933635754,1.887818312122936e-17,0.0,3.7648942035361308e-06,99.77803298276847,3.1709193701814067e-16,2.373616321704646e-15,8.452359564706847e-11,2.4914851277658924e-27,1.354566622134082e-17,2.6142820114295695,3.8297721712123826e-12,0.0003270339671349013,1000000.0,1000415.5017953435
0.0010262243225123682,0.00010041710509802932,-4.5928503528434173e-07,298.15050889715707,0.0,0.030705538949250384,299.3187550795803,1.885977841089818e-17,0.0,3.7648942757437867e-06,99.77803489643193,3.1677884279457467e-16,2.3659839718503824e-15,8.425180718806748e-11,2.4834941516096747e-27,1.3545642043710932e-17,2.614282061569967,3.829769784937576e-12,0.0003270339672162822,1000000.0,1000415.4870640662
0.001027603251048661,0.00010041710442829714,-6.130793799902752e-07,298.1504992200148,0.0,0.030705534509598932,299.318761071029,1.884143285396539e-17,0.0,3.764894351073681e-06,99.77803689284163,3.164667536652024e-16,2.358376169330308e-15,8.398089282578816e-11,2.475528968224131e-27,1.3545618551779798e-17,2.614282113878395,3.829767470175073e-12,0.0003270339673011819,1000000.0,1000415.4743381544
0.0010289821795849538,0.00010041710343598382,-8.665359468007122e-07,298.1504909301352,0.0,0.030705530365869343,299.31876994708404,1.8823147667532086e-17,0.0,3.764894462686761e-06,99.77803985083607,3.1615567064079535e-16,2.3507928552088694e-15,8.371085048123917e-11,2.4675896909007146e-27,1.3545597767753408e-17,2.614282191381281,3.8297654927470235e-12,0.0003270339674269742,1000000.0,1000415.4760059091
0.0010303611081212466,0.00010041710212147085,-9.755626908075754e-07,298.1504839869075,0.0,0.030705526517710885,299.3187817043338,1.8804922988582262e-17,0.0,3.7648946105401142e-06,99.778043769278,3.1584559412998725e-16,2.343233950075283e-15,8.34416773337389e-11,2.4596763003347683e-27,1.3545579613120999e-17,2.6142822940488295,3.82976384543675e-12,0.0003270339675936107,1000000.0,1000415.4919180915
0.0010318443780931606,0.00010041710070855206,-7.877611687593721e-07,298.1504766933345,0.0,0.030705522377399187,299.3187943417464,1.878538528999044e-17,0.0,3.7648947694619338e-06,99.77804798105886,3.1551317392897326e-16,2.3351302090518623e-15,8.31531024945817e-11,2.451192543301951e-27,1.3545560441213198e-17,2.614282404402183,3.829762107288027e-12,0.00032703396777272183,1000000.0,1000415.5095963061
0.0010333276480650748,0.00010041709973776991,-4.326938814301778e-07,298.1504680048231,0.0,0.0307055178315033,299.31880302545636,1.8765913739347263e-17,0.0,3.764894878653249e-06,99.77805087487125,3.1518190439405477e-16,2.3270544676349183e-15,8.28655246419652e-11,2.4427378259777833e-27,1.3545538578902484e-17,2.614282480223472,3.8297600032724105e-12,0.00032703396789578474,1000000.0,1000415.5092645688
0.0010348109180369888,0.00010041709927159334,-2.582000999375776e-07,298.15045774178327,0.0,0.03070551282271888,299.3188071968491,1.87465073728997e-17,0.0,3.76489493108769e-06,99.7780522645008,3.148517758592811e-16,2.3190066253089905e-15,8.257894019365722e-11,2.434312010799224e-27,1.3545513677533045e-17,2.614282516633698,3.8297574841366495e-12,0.00032703396795488043,1000000.0,1000415.4884376436
0.001036294188008903,0.00010041709885395264,-4.724800159070152e-07,298.1504475787357,0.0,0.030705507769417165,299.31881093422135,1.8727167574049824e-17,0.0,3.7648949780629303e-06,99.7780535094494,3.1452278459631944e-16,2.31098661650789e-15,8.229334685189881e-11,2.4259153696915635e-27,1.3545488987522066e-17,2.61428254925314,3.829754972050195e-12,0.0003270339680078234,1000000.0,1000415.4664924339
0.001037777457980817,0.00010041709791839186,-8.961992794751765e-07,298.1504395332208,0.0,0.030705503191229843,299.318819302973,1.870789670631634e-17,0.0,3.7648950832926357e-06,99.77805629827034,3.1419493347769373e-16,2.302994382526041e-15,8.200874257094112e-11,2.4175482449909023e-27,1.3545468425108031e-17,2.614282622323544,3.829752980558283e-12,0.0003270339681264213,1000000.0,1000415.4672844992
0.0010392607279527313,0.00010041709638246059,-1.0946896572933958e-06,298.1504338355145,0.0,0.030705499163790635,299.31883304039815,1.86886954628146e-17,0.0,3.7648952560506444e-06,99.77806087674085,3.1386822572184553e-16,2.2950298321537427e-15,8.17251241058495e-11,2.4092105620738097e-27,1.3545452437118032e-17,2.614282742284515,3.829751573319512e-12,0.00032703396832112636,1000000.0,1000415.4940710788
0.0010407439979246455,0.00010041709482217794,-7.961745073522274e-07,298.15042836054795,0.0,0.030705495158693995,299.31884699558077,1.8669561577903488e-17,0.0,3.7648954315476523e-06,99.7780655278009,3.135426571510848e-16,2.2870928307682517e-15,8.144248662270418e-11,2.4009018098439095e-27,1.354543689874082e-17,2.6142828641474005,3.829750215235032e-12,0.0003270339685189183,1000000.0,1000415.5223446211
0.0010422272678965595,0.00010041709396327458,-2.2290428760424274e-07,298.1504205139968,0.0,0.030705490510199555,299.31885467884257,1.8650491498861885e-17,0.0,3.764895528155121e-06,99.7780680881135,3.132182151043097e-16,2.2791832355674796e-15,8.116082497415612e-11,2.3926212650127562e-27,1.3545416773737171e-17,2.614282931230657,3.829748246560924e-12,0.00032703396862779864,1000000.0,1000415.5215096945
0.0010437105378684737,0.00010041709391974581,6.535137817221895e-08,298.15040996226514,0.0,0.03070548511373652,299.31885507080636,1.8631483766235396e-17,0.0,3.76489553305111e-06,99.77806821786879,3.128948863393123e-16,2.271300944966311e-15,8.088013554072186e-11,2.384368809328169e-27,1.3545391414746293e-17,2.6142829346309338,3.829745576488866e-12,0.0003270339686333166,1000000.0,1000415.4870112325
0.0010451938078403877,0.00010041709395809528,-2.8601288670628036e-07,298.1503994043911,0.0,0.030705479642170352,299.3188547305931,1.861254071051103e-17,0.0,3.7648955287376217e-06,99.77806810355256,3.1257266706042874e-16,2.263445913757474e-15,8.06004167553217e-11,2.3761447790479366e-27,1.3545366060137978e-17,2.6142829316362954,3.829742885038936e-12,0.000327033968628455,1000000.0,1000415.4500331338
0.0010462647585794977,0.00010041709342566267,-7.824713340964127e-07,298.150393960626,0.0,0.030705476205414556,299.31885949371065,1.8598906286692576e-17,0.0,3.764895588624412e-06,99.77806969068565,3.123407126957281e-16,2.25779135552147e-15,8.039905715805129e-11,2.3702251673251917e-27,1.3545351994874574e-17,2.6142829732211372,3.829741483655729e-12,0.00032703396869594975,1000000.0,1000415.4475481194
0.0010473357093186075,0.00010041709233692905,-1.1544679581352944e-06,298.15039060789644,0.0,0.030705473278977314,299.3188692314213,1.8585308495066235e-17,0.0,3.7648957110826822e-06,99.7780729361015,3.1210934457536158e-16,2.252150961777814e-15,8.01982019740184e-11,2.3643207301052766e-27,1.3545341996968928e-17,2.6142830582546064,3.8297406073512875e-12,0.0003270339688339649,1000000.0,1000415.4688630626
0.0010484066600577175,0.00010041709100318358,-1.1795058029259588e-06,298.150388187784,0.0,0.030705470577300553,299.31888116009407,1.857174623751453e-17,0.0,3.764895861099335e-06,99.77807691187549,3.1187856225742953e-16,2.246524676377375e-15,7.99978491830154e-11,2.358431247105998e-27,1.3545333818100277e-17,2.614283162424173,3.829739965234472e-12,0.0003270339690030394,1000000.0,1000415.5006997933
0.001049529373689361,0.00010041708977943405,-8.455880900772346e-07,298.15038507109375,0.0,0.03070546758500459,299.3188921052492,1.85575646918464e-17,0.0,3.764895998743901e-06,99.77808055976185,3.1163724936785383e-16,2.2406415331283587e-15,7.978834961042401e-11,2.3522727799193372e-27,1.3545324128181656e-17,2.614283258002781,3.829739142868418e-12,0.00032703396915817007,1000000.0,1000415.5268698371
0.0010506520873210044,0.0001004170890609537,-3.429926269862022e-07,298.15038020780173,0.0,0.030705464129208413,299.3188985321513,1.8543418509004986e-17,0.0,3.764896079556932e-06,99.77808270148665,3.113965681384116e-16,2.234773765797632e-15,7.957939751143655e-11,2.3461300716352365e-27,1.3545311057459933e-17,2.6142833141184827,3.829737873312128e-12,0.00032703396924924945,1000000.0,1000415.5319409674
0.0010517748009526479,0.00010041708889768118,5.35891430547483e-08,298.1503734558108,0.0,0.030705460164102187,299.3188999942356,1.8529307014576125e-17,0.0,3.7648960979214375e-06,99.77808318818727,3.111565124212866e-16,2.228921331318078e-15,7.937099134976405e-11,2.340003052943059e-27,1.3545294330092458e-17,2.6142833268709316,3.829736117479768e-12,0.000327033969269947,1000000.0,1000415.5139314366
0.0010528975145842913,0.00010041708904796091,1.368162314796466e-07,298.15036571761584,0.0,0.030705455911366298,299.3188986524509,1.851523083207525e-17,0.0,3.76489608101829e-06,99.77808274021699,3.1091707917276275e-16,2.223084205455631e-15,7.916313028196715e-11,2.3338918766860174e-27,1.3545275697902697e-17,2.614283315134088,3.829734101728585e-12,0.0003270339692508965,1000000.0,1000415.4831600479
0.0010541614931178123,0.00010041708911059457,-1.83536470385848e-07,298.1503575708408,0.0,0.030705451221283354,299.3188980946799,1.849942760466115e-17,0.0,3.764896073973374e-06,99.77808255351174,3.106482650941687e-16,2.216530926196253e-15,7.892976684599456e-11,2.3270310415611675e-27,1.3545255829535776e-17,2.6142833102426946,3.829731963199829e-12,0.0003270339692429567,1000000.0,1000415.4536338368
0.0010554254716513335,0.00010041708860971158,-7.334911339174589e-07,298.15035161928574,0.0,0.030705447048139538,299.3189025760268,1.8483673088586564e-17,0.0,3.764896130311542e-06,99.77808404659858,3.1038024503470483e-16,2.2099970037922135e-15,7.869709272250456e-11,2.320190902515193e-27,1.3545240234284002e-17,2.6142833493634954,3.829730370388925e-12,0.000327033969306452,1000000.0,1000415.4484777356
0.0010566894501848544,0.00010041708743871389,-1.1478664705904239e-06,298.1503481932593,0.0,0.0307054434897202,299.31891304972055,1.84679680775692e-17,0.0,3.7648962620227093e-06,99.7780875372368,3.1011302289196805e-16,2.203482387406619e-15,7.846510610810814e-11,2.313371464916209e-27,1.3545229553258277e-17,2.614283440822093,3.829729411335311e-12,0.0003270339694548955,1000000.0,1000415.4720135193
0.0010579534287183756,0.00010041708594039354,-1.1355969200194788e-06,298.1503460093526,0.0,0.030705440231568543,299.3189264504225,1.8452311400938707e-17,0.0,3.764896430550403e-06,99.77809200359447,3.098465982115572e-16,2.1969869977990997e-15,7.82338041540974e-11,2.3065723949845676e-27,1.3545221295195838e-17,2.6142835578454933,3.829728764330686e-12,0.00032703396964483265,1000000.0,1000415.5095929342
0.0010592174072518966,0.00010041708469943412,-6.779478690337875e-07,298.1503429493363,0.0,0.030705436737332423,299.3189375497341,1.8436700519042224e-17,0.0,3.7648965701307232e-06,99.77809570278266,3.095809647163941e-16,2.1905107410800895e-15,7.800318347287312e-11,2.299793187907402e-27,1.3545211348372328e-17,2.6142836547683017,3.829727892987998e-12,0.00032703396980214496,1000000.0,1000415.5364714331
0.0010604813857854178,0.00010041708416230515,-5.612761134006608e-08,298.1503374382816,0.0,0.030705432597449504,299.3189423552032,1.8421133063514432e-17,0.0,3.764896630545769e-06,99.77809730391577,3.093161126297937e-16,2.1840535329788064e-15,7.777324103100442e-11,2.2930334579046757e-27,1.354519665567279e-17,2.614283696720014,3.829726395112128e-12,0.000327033969870235,1000000.0,1000415.5338982865
0.0010617453643189387,0.00010041708433029699,3.2412544187389947e-07,298.15032952904465,0.0,0.03070542781073723,299.31894085529063,1.8405608346419197e-17,0.0,3.764896611650398e-06,99.77809680314722,3.090520334833398e-16,2.17761531787272e-15,7.754397485010564e-11,2.2862931693847118e-27,1.3545177319697061e-17,2.6142836835998473,3.829724279498553e-12,0.00032703396984893923,1000000.0,1000415.5020140691
0.00106300934285246,0.00010041708473522258,1.97757102914582e-07,298.1503209510235,0.0,0.030705422806681662,299.3189372366522,1.8390127815731932e-17,0.0,3.7648965661052466e-06,99.7780955961005,3.087887243299318e-16,2.171196069751988e-15,7.731538403783623e-11,2.279572604860545e-27,1.3545156697274072e-17,2.6142836519745,3.829721981381276e-12,0.00032703396979760817,1000000.0,1000415.4607457567
0.0010642733213859809,0.00010041708472905569,-3.7396337193678545e-07,298.1503140357965,0.0,0.030705418179740904,299.3189372941141,1.8374694105856747e-17,0.0,3.7648965667988607e-06,99.77809561448342,3.085261884742641e-16,2.164795773264777e-15,7.708746809717768e-11,2.272872201820073e-27,1.3545139314205203e-17,2.6142836524566064,3.829720092383936e-12,0.0003270339697983899,1000000.0,1000415.4374639025
0.001065268567339591,0.00010041708415542561,-8.816969201940507e-07,298.1503107324269,0.0,0.03070541505828711,299.3189424254937,1.8362576097559137e-17,0.0,3.7648966313194745e-06,99.77809732442306,3.083200185255683e-16,2.1597695507787825e-15,7.690848325042565e-11,2.2676107257461394e-27,1.354512979227094e-17,2.614283697259055,3.829719142128781e-12,0.00032703396987110705,1000000.0,1000415.4434781242
0.0010662638132932013,0.00010041708314131988,-1.215188959527459e-06,298.15030906315843,0.0,0.030705412340899317,299.3189514957263,1.835048834059608e-17,0.0,3.7648967453838123e-06,99.7781003473811,3.0811433359033298e-16,2.154755027085121e-15,7.672991501181091e-11,2.262361796708307e-27,1.3545123449463606e-17,2.614283776463868,3.829718603710069e-12,0.0003270339699996618,1000000.0,1000415.4682638327
0.0010672590592468113,0.00010041708192536127,-1.2435792190744105e-06,298.15030814564676,0.0,0.03070540980867976,299.31896237098266,1.8338429954577314e-17,0.0,3.764896882152117e-06,99.77810397204452,3.079091327893756e-16,2.1497521599054387e-15,7.655176185845225e-11,2.2571252109560235e-27,1.3545118573081777e-17,2.614283871433949,3.829718255116199e-12,0.00032703397015380485,1000000.0,1000415.5016616638
0.0010682543052004216,0.00010041708081613191,-9.574747369520108e-07,298.1503068622169,0.0,0.030705407178554796,299.31897229183744,1.832639960816478e-17,0.0,3.764897006915759e-06,99.7781072785578,3.077044129329014e-16,2.1447609029478683e-15,7.637402211925093e-11,2.251900711122172e-27,1.3545112993613894e-17,2.6142839580681847,3.829717813307034e-12,0.0003270339702944182,1000000.0,1000415.5306129697
0.0010692495511540317,0.00010041708007709271,-4.682849682500117e-07,298.15030427588556,0.0,0.030705404208842445,299.31897890235115,1.8314395994843377e-17,0.0,3.764897090041235e-06,99.77810948156745,3.075001693442132e-16,2.1397812130742683e-15,7.619669423892644e-11,2.2466880769656885e-27,1.3545104892278963e-17,2.6142840157895466,3.82971703962863e-12,0.0003270339703881037,1000000.0,1000415.5440271206
0.001070244797107642,0.00010041707982793338,3.587338862812197e-08,298.1502999805648,0.0,0.030705400789747518,299.31898113222553,1.8302418300647435e-17,0.0,3.7648971180661068e-06,99.77811022428912,3.0729639722624524e-16,2.134813056305495e-15,7.601977699943822e-11,2.2414871998821097e-27,1.3545093480815431e-17,2.614284035249934,3.829715829058701e-12,0.0003270339704196888,1000000.0,1000415.5369321037
0.001071240043061252,0.0001004170800009608,3.6280717957732425e-07,298.15029424814225,0.0,0.030705396983367914,299.31897958679076,1.8290466482479096e-17,0.0,3.764897098604347e-06,99.77810970850989,3.0709309306345363e-16,2.12985641034302e-15,7.584326961249514e-11,2.2362981098074185e-27,1.3545079286969729e-17,2.6142840217363665,3.829714248314701e-12,0.0003270339703977547,1000000.0,1000415.5122831744
0.0010722352890148621,0.00010041708036846413,3.9098701763099154e-07,298.15028791869,0.0,0.030705392998591364,299.3189763022994,1.827854125503419e-17,0.0,3.764897057268366e-06,99.77810861301535,3.068902555469057e-16,2.124911262683814e-15,7.566717165009154e-11,2.2311209513372637e-27,1.3545063941377003e-17,2.6142839930336907,3.829712508899029e-12,0.00032703397035116754,1000000.0,1000415.4797685978
0.0010732305349684724,0.00010041708063356674,1.1541388627540259e-07,298.1502820654003,0.0,0.030705389107753493,299.3189739335032,1.8266643775767663e-17,0.0,3.7648970274501913e-06,99.7781078227682,3.0668788561136853e-16,2.119977604896127e-15,7.549148283373967e-11,2.2259559141296638e-27,1.3545049527169104e-17,2.6142839723287947,3.829710882727374e-12,0.0003270339703175614,1000000.0,1000415.4519445904
0.0010742257809220825,0.00010041708054384503,-3.5301561687268873e-07,298.1502775838728,0.0,0.030705385542411163,299.3189747376428,1.825477517370167e-17,0.0,3.7648970375418723e-06,99.7781080902206,3.0648598562323257e-16,2.1150554256100886e-15,7.531620277675388e-11,2.220803151274815e-27,1.354503778275317e-17,2.6142839793366592,3.8297095980597364e-12,0.00032703397032893516,1000000.0,1000415.4394299262
0.0010752210268756928,0.00010041707998760641,-8.307008495164737e-07,298.15027485038604,0.0,0.030705382405023428,299.31897971350395,1.824293609274976e-17,0.0,3.764897100106343e-06,99.77810974831812,3.062845580431644e-16,2.1101447047198766e-15,7.514133077069716e-11,2.2156627083580258e-27,1.3545029438489613e-17,2.6142840227807853,3.829708752410739e-12,0.00032703397039944766,1000000.0,1000415.4468553305
0.0010762162728293028,0.00010041707903519699,-1.1324297253921471e-06,298.1502735829287,0.0,0.03070537963105875,299.3189882320328,1.8231126425535347e-17,0.0,3.764897207231234e-06,99.77811258736543,3.060836040632072e-16,2.1052454110298564e-15,7.496686569897009e-11,2.2105344982324675e-27,1.3545023946953699e-17,2.614284097166949,3.82970827651471e-12,0.00032703397052018143,1000000.0,1000415.471151532
0.0010772115187829131,0.0001004170779100114,-1.1425405032246926e-06,298.15027295635815,0.0,0.030705377015588953,299.3189982955738,1.8219345338177775e-17,0.0,3.7648973337896127e-06,99.7781159414432,3.058831227439883e-16,2.1003575042093702e-15,7.479280610883929e-11,2.2054183253646515e-27,1.3545019706462327e-17,2.6142841850474143,3.829707962681162e-12,0.00032703397066281744,1000000.0,1000415.502810536
0.0010782067647365232,0.00010041707690107333,-8.585546406101792e-07,298.1502719247686,0.0,0.030705374293482322,299.31900731959786,1.8207591573719833e-17,0.0,3.7648974472727293e-06,99.77811894899757,3.0568311098066997e-16,2.095480940239025e-15,7.46191504119131e-11,2.2003139518131874e-27,1.3545014686825145e-17,2.6142842638486266,3.82970754597158e-12,0.0003270339707907172,1000000.0,1000415.5296045222
0.0010792020106901335,0.0001004170762514003,-3.9089303263991244e-07,298.15026962501076,0.0,0.030705371241810605,299.31901313097586,1.8195863914448718e-17,0.0,3.7648975203465077e-06,99.77812088561501,3.054835642998498e-16,2.0906156782079013e-15,7.44458971342617e-11,2.1952211782270583e-27,1.3545007212590657e-17,2.614284314590243,3.829706806447735e-12,0.0003270339708730741,1000000.0,1000415.541307274
0.0010801972566437436,0.00010041707606524259,8.073387024835598e-08,298.15026570567295,0.0,0.030705367764941822,299.31901479747285,1.8184161624041363e-17,0.0,3.7648975412851e-06,99.77812144053458,3.052844781727601e-16,2.0857616858382648e-15,7.427304511966952e-11,2.1901399089687154e-27,1.3544996601633913e-17,2.6142843291300237,3.829705653033225e-12,0.00032703397089667275,1000000.0,1000415.5335959226
0.0010811925025973536,0.00010041707626958567,3.770477930359353e-07,298.150260456101,0.0,0.030705363929855314,299.3190129720046,1.817248470012753e-17,0.0,3.7648975183010197e-06,99.77812083140604,3.050858493356511e-16,2.0809189416426767e-15,7.410059360892488e-11,2.1850701765133292e-27,1.3544983415583218e-17,2.614284313170606,3.829704157012121e-12,0.0003270339708707689,1000000.0,1000415.5096447569
0.001082187748550964,0.00010041707664444795,3.8864230224379e-07,298.15025468687213,0.0,0.030705359938348234,299.31900962170704,1.8160833842515635e-17,0.0,3.764897476137315e-06,99.77811971397499,3.048876766060608e-16,2.076087432894888e-15,7.392854216596476e-11,2.180012124319368e-27,1.354496922783616e-17,2.6142842838931637,3.829702522540714e-12,0.0003270339708232488,1000000.0,1000415.4788098645
0.001083182994504574,0.00010041707690882769,1.1602283409227618e-07,298.15024941307195,0.0,0.030705356048193307,299.3190072593745,1.814921014860783e-17,0.0,3.7648974464004424e-06,99.77811892588252,3.04689960902174e-16,2.0712671504552117e-15,7.375689048324323e-11,2.1749659055320722e-27,1.3544956008663075e-17,2.614284263244714,3.829701006866812e-12,0.0003270339707897342,1000000.0,1000415.4529736025
0.0010841782404581843,0.00010041707682879013,-3.3180187955114023e-07,298.15024546375884,0.0,0.030705352473986723,299.31900797691594,1.8137614668373394e-17,0.0,3.764897455402873e-06,99.77811916446737,3.0449270445247985e-16,2.0664580820784887e-15,7.358563814224432e-11,2.1699316673559436e-27,1.3544945367332739e-17,2.614284269496213,3.829699821367766e-12,0.0003270339707998803,1000000.0,1000415.441973772
0.0010851734864117943,0.0001004170763063247,-7.800579848582467e-07,298.1502431670181,0.0,0.030705349305636443,299.31901265076874,1.8126047978883554e-17,0.0,3.764897514168619e-06,99.77812072189028,3.0429590951965996e-16,2.06166020730393e-15,7.341478442113793e-11,2.1649094476503946e-27,1.3544937940664161e-17,2.6142843103025575,3.829699051246173e-12,0.0003270339708661114,1000000.0,1000415.4498667227
0.0010861687323654046,0.00010041707541531647,-1.0556699805410597e-06,298.15024222980543,0.0,0.03070534647536461,299.31902062023244,1.8114509944278112e-17,0.0,3.7648976143872535e-06,99.77812337790648,3.0409957712705213e-16,2.0568734954522323e-15,7.324432822186022e-11,2.1598991613779286e-27,1.3544933159826517e-17,2.6142843798931197,3.829698624301325e-12,0.00032703397097906154,1000000.0,1000415.4734394755
0.0010871639783190147,0.00010041707437144993,-1.0534088139504614e-06,298.15024185641664,0.0,0.0307053437853161,299.31902995659755,1.8102999751479556e-17,0.0,3.764897731799061e-06,99.77812648957988,3.039037062729211e-16,2.0520979075913477e-15,7.307426814255793e-11,2.1549006244478586e-27,1.354492948029463e-17,2.6142844614223444,3.8296983401786875e-12,0.000327033971111389,1000000.0,1000415.503515447
0.001088159224272625,0.00010041707344822321,-7.75427185789355e-07,298.15024105786637,0.0,0.030705340984601613,299.31903821416853,1.8091516204561297e-17,0.0,3.764897835641569e-06,99.77812924163678,3.037082939275663e-16,2.047333401646302e-15,7.290460266561455e-11,2.1499136149789374e-27,1.3544924982370037e-17,2.6142845335292653,3.8296979483014975e-12,0.0003270339712284234,1000000.0,1000415.5285261627
0.001089154470226235,0.00010041707287173244,-3.2932303790372607e-07,298.15023903194407,0.0,0.030705337865815682,299.31904337113144,1.8080058162237123e-17,0.0,3.7648979004839766e-06,99.77813096010466,3.035133358060547e-16,2.0425799386540248e-15,7.273533038782813e-11,2.1449379480895974e-27,1.3544918108893506e-17,2.614284578555142,3.829697244193947e-12,0.00032703397130150316,1000000.0,1000415.5389603009
0.0010901497161798451,0.00010041707273467604,1.1410272524642865e-07,298.1502354679016,0.0,0.030705334343923328,299.31904459855116,1.80686249497547e-17,0.0,3.7648979158997628e-06,99.77813136865763,3.033188276129866e-16,2.037837487759703e-15,7.256645020430034e-11,2.139973535506611e-27,1.3544908256664929e-17,2.6142845892599675,3.829696147173192e-12,0.00032703397131887734,1000000.0,1000415.5309798535
0.0010911449621334554,0.000100417072962266,3.8682277125223176e-07,298.15023066003346,0.0,0.030705330487530668,299.3190425652026,1.805721658807713e-17,0.0,3.7648978903009202e-06,99.77813069023212,3.031247662787113e-16,2.0331060280670162e-15,7.239796137656371e-11,2.1350204074933337e-27,1.354489599690956e-17,2.614284571484893,3.829694729895848e-12,0.00032703397129002655,1000000.0,1000415.5078291566
0.0010921402080870655,0.00010041707334254602,3.8781664948714586e-07,298.15022538869044,0.0,0.030705326491072757,299.3190391664576,1.8045833754690684e-17,0.0,3.7648978475278337e-06,99.7781295566511,3.0293115071493006e-16,2.028385546683619e-15,7.222986346067681e-11,2.130078689289566e-27,1.3544882844318624e-17,2.614284541784298,3.829693188954494e-12,0.00032703397124181973,1000000.0,1000415.4785207505
0.0010931354540406758,0.00010041707360885503,1.2101177526498441e-07,298.1502206166389,0.0,0.030705322599166866,299.31903678687286,1.8034477493867683e-17,0.0,3.764897817573959e-06,99.77812876280758,3.027379818063273e-16,2.0236760337640842e-15,7.206215612481492e-11,2.1251485417096356e-27,1.3544870667660593e-17,2.6142845209851573,3.8296917683808945e-12,0.0003270339712080606,1000000.0,1000415.4543288394
0.0010941306999942859,0.00010041707354235866,-3.0730477717625334e-07,298.1502171188016,0.0,0.030705319012556825,299.31903738332534,1.8023148789825117e-17,0.0,3.764897825053307e-06,99.77812896102736,3.025452616497099e-16,2.01897747648686e-15,7.189483892760902e-11,2.120230089075399e-27,1.3544860971087955e-17,2.614284526179044,3.829690665798867e-12,0.0003270339712164901,1000000.0,1000415.4444540942
0.0010951259459478961,0.00010041707305522826,-7.301949976196652e-07,298.15021518767463,0.0,0.03070531581181033,299.31904174120314,1.8011848167441415e-17,0.0,3.7648978798446534e-06,99.77813041311988,3.023529923393928e-16,2.0142898542797083e-15,7.17279111424018e-11,2.115323362143177e-27,1.3544854322338704e-17,2.6142845642256214,3.8296899572976475e-12,0.000327033971278242,1000000.0,1000415.4525263576
0.0010961211919015062,0.00010041707222287557,-9.845069868312447e-07,298.15021452622943,0.0,0.030705312927749157,299.3190491861538,1.8000575474370558e-17,0.0,3.7648979734658523e-06,99.77813289428946,3.021611747652123e-16,2.0096131370529318e-15,7.156137169360396e-11,2.110428290142948e-27,1.3544850144888056e-17,2.6142846292350232,3.829689569548287e-12,0.00032703397138375654,1000000.0,1000415.4752732884
0.0010971164378551163,0.00010041707125370485,-9.72736086709752e-07,298.15021436638153,0.0,0.03070531016919681,299.3190578545695,1.7989329917473046e-17,0.0,3.7648980824760513e-06,99.77813578330161,3.019698078898281e-16,2.004947287295634e-15,7.139521922794418e-11,2.1055446710896735e-27,1.3544846947753258e-17,2.614284704930298,3.829689309090753e-12,0.0003270339715066151,1000000.0,1000415.5038306327
0.0010981116838087266,0.00010041707040795189,-7.006296398237926e-07,298.15021376770613,0.0,0.030705307297430262,299.3190654193498,1.797811035355095e-17,0.0,3.764898177604492e-06,99.77813830441643,3.0177888876237584e-16,2.000292264652655e-15,7.122945229144156e-11,2.1006723082755315e-27,1.3544842905536455e-17,2.6142847709863033,3.829688937607277e-12,0.0003270339716138283,1000000.0,1000415.5271929348
0.0010991069297623367,0.0001004170698972412,-2.739504021300953e-07,298.15021198004274,0.0,0.030705304118319548,299.31906998808955,1.796691570747528e-17,0.0,3.7648982350481053e-06,99.77813982679987,3.0158841327182494e-16,1.995648031882719e-15,7.106406954386345e-11,2.0958110329402503e-27,1.3544836562123148e-17,2.6142848108745684,3.829688263831843e-12,0.0003270339716785694,1000000.0,1000415.5364600446
0.001100102175715947,0.0001004170698037993,1.4328247056034764e-07,298.15020872947247,0.0,0.03070530055643602,299.3190708254966,1.7955745359873993e-17,0.0,3.7648982455582303e-06,99.77814010534196,3.013983773384221e-16,1.991014559421697e-15,7.089906992737767e-11,2.0909607683966648e-27,1.3544827385812883e-17,2.6142848181729734,3.8296872164952085e-12,0.0003270339716904147,1000000.0,1000415.5282333767
0.001101097421669557,0.00010041707005022842,3.924310265476745e-07,298.1502043183344,0.0,0.030705296682779673,299.31906862368277,1.7944599356575737e-17,0.0,3.764898217840396e-06,99.77813937075848,3.012087780801943e-16,1.9863918269748584e-15,7.073445272520576e-11,2.0861215479089495e-27,1.3544815963447075e-17,2.6142847989264975,3.829685870402709e-12,0.0003270339716591757,1000000.0,1000415.5058629297
0.0011020926676231673,0.00010041707043124672,3.817002278765108e-07,298.1501995016484,0.0,0.030705292685662654,299.3190652183355,1.79334783610613e-17,0.0,3.7648981749842647e-06,99.77813823497658,3.0101961450254197e-16,1.981779821506474e-15,7.057021748875034e-11,2.0812935006682867e-27,1.3544803760572183e-17,2.6142847691682296,3.8296844158273256e-12,0.00032703397161087526,1000000.0,1000415.4780748715
0.0011030879135767774,0.00010041707069375902,1.1946217435431286e-07,298.1501951926133,0.0,0.030705288797257497,299.3190628727016,1.7922383365008742e-17,0.0,3.7648981454574313e-06,99.77813745245062,3.008308874689239e-16,1.9771785327008623e-15,7.040636386497031e-11,2.0764767453184622e-27,1.3544792549657437e-17,2.6142847486656122,3.829683084281029e-12,0.00032703397157759747,1000000.0,1000415.4555678554
0.0011040831595303877,0.00010041707063411776,-2.8997912569294363e-07,298.15019211163406,0.0,0.03070528520437648,299.3190634078539,1.7911315287055857e-17,0.0,3.764898152165732e-06,99.77813763023595,3.006425989518671e-16,1.9725879471291063e-15,7.02428913908557e-11,2.0716714069951012e-27,1.3544783729063527e-17,2.614284753324088,3.8296820595463075e-12,0.000327033971585158,1000000.0,1000415.4469015296
0.0011050784054839977,0.00010041707017538324,-6.871946831952913e-07,298.1501905130152,0.0,0.030705281977598444,299.3190675118084,1.7900274598659235e-17,0.0,3.7648982037631776e-06,99.77813899768302,3.0045475087621366e-16,1.968008044079245e-15,7.007979933408636e-11,2.0668775090808294e-27,1.3544777792396927e-17,2.614284789152865,3.829681407943835e-12,0.0003270339716433102,1000000.0,1000415.4552491707
0.0011060736514376078,0.00010041706939534903,-9.191224075518468e-07,298.1501900926539,0.0,0.030705279045560346,299.3190744889137,1.7889261124919728e-17,0.0,3.7648982914997198e-06,99.77814132289615,3.0026734399485674e-16,1.9634387940766644e-15,6.991708663961162e-11,2.0620949691997217e-27,1.3544774149370625e-17,2.614284850076048,3.829681054229479e-12,0.00032703397174219253,1000000.0,1000415.47724291
0.001107068897391218,0.00010041706849514132,-8.975192577489087e-07,298.1501901100987,0.0,0.030705276223762287,299.31908254064393,1.7878274095569006e-17,0.0,3.764898392753119e-06,99.77814400633594,3.0008037722453847e-16,1.958880160815784e-15,6.975475200086457e-11,2.057323622263497e-27,1.3544771362722285e-17,2.614284920385118,3.829680811843394e-12,0.0003270339718563088,1000000.0,1000415.5043308029
0.001107857277179016,0.00010041706788864577,-7.0458672456729e-07,298.15018974126446,0.0,0.030705273890700113,299.31908796553984,1.7869588694734452e-17,0.0,3.764898460970417e-06,99.77814581424576,2.99932582504543e-16,1.9552765649548897e-15,6.962642658111683e-11,2.0535518111598327e-27,1.354476841719342e-17,2.61428496775438,3.829680523134077e-12,0.00032703397193319225,1000000.0,1000415.5212889349
0.0011086456569668137,0.00010041706746581285,-4.212370882556293e-07,298.1501887201138,0.0,0.030705271389159024,299.31909174807356,1.786091865851759e-17,0.0,3.7648985085297363e-06,99.77814707467346,2.9978505993496585e-16,1.951679587923093e-15,6.94983368362028e-11,2.0497868166385345e-27,1.3544764209591987e-17,2.6142850007790734,3.829680068626193e-12,0.00032703397198679336,1000000.0,1000415.5305185671
0.0011094340367546116,0.00010041706726284427,-1.1794732639464666e-07,298.1501869258081,0.0,0.03070526868593024,299.31909356451956,1.785226371557237e-17,0.0,3.764898531359192e-06,99.77814767970496,2.9963780772329667e-16,1.948089216157324e-15,6.937048228129166e-11,2.0460286076523245e-27,1.354475850536726e-17,2.6142850166317464,3.829679416901003e-12,0.000327033972012523,1000000.0,1000415.5305225943
0.0011102224165424092,0.0001004170672663613,1.3694479389361378e-07,298.15018441644355,0.0,0.03070526579328669,299.31909353451385,1.7843623800365125e-17,0.0,3.764898530963589e-06,99.77814766922098,2.994908244368374e-16,1.944505438563383e-15,6.924286252233837e-11,2.0422771818702408e-27,1.354475141727578e-17,2.614285016357311,3.829678581901383e-12,0.0003270339720120771,1000000.0,1000415.521899882
0.001111010796330207,0.00010041706741903028,2.90843037989391e-07,298.1501814067279,0.0,0.03070526276382256,299.31909217075014,1.7834999048973197e-17,0.0,3.764898513791697e-06,99.77814721412823,2.9934410917942876e-16,1.9409282463898377e-15,6.911547725159751e-11,2.0385325657737075e-27,1.3544743362064914e-17,2.6142850044336905,3.829677617434268e-12,0.0003270339719927238,1000000.0,1000415.5071005989
0.0011117991761180048,0.0001004170676349137,3.169648231268139e-07,298.1501782110121,0.0,0.030705259676371163,299.3190902417052,1.7826389749714398e-17,0.0,3.7648984895095793e-06,99.77814657059874,2.9919766164113843e-16,1.9373576324183296e-15,6.898832621779463e-11,2.0347948045225086e-27,1.3544734949894053e-17,2.614284987572843,3.829676602852662e-12,0.00032703397196535695,1000000.0,1000415.4897719447
0.0011125875559058027,0.00010041706782018692,2.1838153302315344e-07,298.15017516780415,0.0,0.030705256617000846,299.31908858638525,1.78177962633956e-17,0.0,3.7648984686704313e-06,99.77814601831554,2.9905148201760266e-16,1.9337935898163204e-15,6.886140918385229e-11,2.0310639476619225e-27,1.3544726837808683e-17,2.6142849731027376,3.829675623977069e-12,0.0003270339719418705,1000000.0,1000415.4738799281
0.0011137958257128565,0.00010041706788204094,-1.1162161034018073e-07,298.15017137825004,0.0,0.03070525213195175,299.3190880354834,1.7804657281935405e-17,0.0,3.7648984617132013e-06,99.77814583393416,2.988279683359436e-16,1.9283440806298476e-15,6.866734989711828e-11,2.0253595305395467e-27,1.3544716110491958e-17,2.614284968272153,3.829674340384736e-12,0.00032703397193402947,1000000.0,1000415.4591601577
0.00111500409551991,0.00010041706754102302,-4.902453498210794e-07,298.1501691063121,0.0,0.03070524801647241,299.3190910871742,1.7791556961770757e-17,0.0,3.7648985000701396e-06,99.77814685047856,2.986050870680239e-16,1.9229099551120415e-15,6.847383842687788e-11,2.0196714523982893e-27,1.3544708338370287e-17,2.6142849949069973,3.829673437347305e-12,0.00032703397197725916,1000000.0,1000415.4616874411
0.0011160780581462905,0.00010041706691693376,-7.097326162450339e-07,298.15016827497686,0.0,0.03070524465290054,299.31909666992146,1.7779945338101864e-17,0.0,3.764898570266337e-06,99.77814871083376,2.984075121918276e-16,1.918092745229507e-15,6.83022955789624e-11,2.014629334443701e-27,1.3544703744234116e-17,2.6142850436504657,3.8296729342546e-12,0.0003270339720563729,1000000.0,1000415.4776034937
0.0011171520207726709,0.00010041706615718513,-7.193996341243758e-07,298.1501679450654,0.0,0.030705241413774575,299.3191034657725,1.7768363681336162e-17,0.0,3.764898655721209e-06,99.77815097557765,2.9821043671376584e-16,1.9132876125209068e-15,6.813118279164082e-11,2.009599941889392e-27,1.3544700130845614e-17,2.614285102989311,3.829672558022488e-12,0.00032703397215268367,1000000.0,1000415.4992945759
0.0011182259833990512,0.00010041706548535624,-5.15234548978567e-07,298.15016730721317,0.0,0.030705238093998333,299.31910947542104,1.775681100276565e-17,0.0,3.76489873128706e-06,99.77815297824056,2.980138578973562e-16,1.908494514068634e-15,6.796049852182204e-11,2.0045830943869388e-27,1.3544695927182347e-17,2.614285155461379,3.829672103655602e-12,0.00032703397223784916,1000000.0,1000415.5173006793
0.0011192999460254316,0.00010041706508703626,-1.8594918991456518e-07,298.15016570288805,0.0,0.03070523452332529,299.319113039277,1.774528634691825e-17,0.0,3.7648987760892188e-06,99.77815416559748,2.978177718845772e-16,1.903713409540943e-15,6.779024132148699e-11,1.9995786409136315e-27,1.3544689854996155e-17,2.6142851865716317,3.829671403303544e-12,0.00032703397228834284,1000000.0,1000415.5238143627
0.001120373908651812,0.00010041706502931369,1.25645872865443e-07,298.1501629098158,0.0,0.030705230640213455,299.31911355741613,1.7733789173934232e-17,0.0,3.7648987825817094e-06,99.7781543376634,2.9762217482336797e-16,1.8989442654068933e-15,6.762040999274455e-11,1.9945865110651663e-27,1.3544681482828214e-17,2.6142851910802665,3.829670399027669e-12,0.0003270339722956602,1000000.0,1000415.5160668489
0.0011214478712781924,0.00010041706523201285,2.85098171984061e-07,298.15015923687076,0.0,0.030705226518210883,299.31911174679163,1.7722319560824743e-17,0.0,3.7648987597825216e-06,99.77815373343498,2.974270640022007e-16,1.894187056313301e-15,6.745100363854058e-11,1.9896067311273915e-27,1.3544671410198762e-17,2.61428517524923,3.829669167567782e-12,0.0003270339722699647,1000000.0,1000415.4975137307
0.0011225218339045728,0.0001004170655036471,2.255878530339223e-07,298.1501553855918,0.0,0.030705222332974434,299.3191093197305,1.771087813243365e-17,0.0,3.7648987292296633e-06,99.77815292371712,2.9723243848305924e-16,1.8894417629558676e-15,6.728202158438172e-11,1.9846393989124808e-27,1.3544660998799723e-17,2.6142851540341687,3.8296678859317025e-12,0.00032703397223553054,1000000.0,1000415.4762854609
0.0011235957965309532,0.00010041706562525992,-2.45664075246402e-08,298.1501521428682,0.0,0.030705218285359624,299.31910823420276,1.769946575412444e-17,0.0,3.7648987155508952e-06,99.7781525612,2.9703829896500996e-16,1.8847083674246233e-15,6.711346320640923e-11,1.9796846221036936e-27,1.3544651775980488e-17,2.614285144536203,3.829666753860072e-12,0.00032703397222011405,1000000.0,1000415.4616269787
0.0011246697591573336,0.00010041706544555968,-3.5456288650689205e-07,298.1501500388902,0.0,0.03070521451415057,299.3191098431001,1.7688083123744223e-17,0.0,3.764898735763172e-06,99.77815309687062,2.968446469385519e-16,1.8799868479988427e-15,6.694532774086209e-11,1.9747424655256457e-27,1.3544644770838801e-17,2.6142851585716333,3.8296659070119194e-12,0.000327033972242894,1000000.0,1000415.4598803457
0.001125743721783714,0.00010041706494618543,-6.195109419564926e-07,298.1501491183201,0.0,0.03070521103618992,299.31911431061144,1.767673043849422e-17,0.0,3.7648987919316974e-06,99.77815458546146,2.9665148350291124e-16,1.8752771757121506e-15,6.677761415711505e-11,1.969812904978412e-27,1.354464007004111e-17,2.614285197574504,3.8296653584196e-12,0.000327033972306198,1000000.0,1000415.471748466
0.0011268176844100944,0.00010041706424899703,-7.03446733907649e-07,298.1501489231744,0.0,0.03070520773969154,299.3191205470321,1.766540728083854e-17,0.0,3.7648988703499365e-06,99.77815666371897,2.9645880836053997e-16,1.8705793140989144e-15,6.661032114851582e-11,1.9648958263771514e-27,1.3544636784615495e-17,2.6142852520272175,3.829664993418807e-12,0.0003270339723945782,1000000.0,1000415.4920180897
0.0011285043824422602,0.00010041706324553135,-4.2998111547577625e-07,298.1501483000416,0.0,0.030705202478490665,299.3191295233924,1.7647681310590288e-17,0.0,3.76489898321758e-06,99.77815965496228,2.961571848690099e-16,1.863224891551837e-15,6.634842673729324e-11,1.9571981751703496e-27,1.3544631024805577e-17,2.61428533040124,3.8296643400256394e-12,0.0003270339725217842,1000000.0,1000415.5200304105
0.0011301910804744262,0.00010041706289537658,9.098403045014825e-08,298.1501453670025,0.0,0.030705196617991547,299.3191326576647,1.763002276518e-17,0.0,3.7648990226022093e-06,99.77816069874301,2.9585674724796134e-16,1.8558993525685013e-15,6.608756078978106e-11,1.9495303805208114e-27,1.354462079930064e-17,2.6142853577498375,3.829663098683187e-12,0.00032703397256617214,1000000.0,1000415.5205869961
0.001131877778506592,0.00010041706327141153,3.703555526332464e-07,298.1501399299758,0.0,0.030705190091341674,299.3191292981459,1.7612430416442687e-17,0.0,3.76489898030657e-06,99.77815957781574,2.9555748294320787e-16,1.8486025802986797e-15,6.582771914241848e-11,1.941892296723318e-27,1.3544605731329962e-17,2.6142853283809666,3.829661214670355e-12,0.00032703397251850346,1000000.0,1000415.4908408369
0.0011335644765387578,0.00010041706375344783,9.191964273700475e-08,298.15013427512923,0.0,0.03070518346745941,299.3191249907334,1.7594906112438756e-17,0.0,3.7648989260881235e-06,99.7781581409077,2.952593867511677e-16,1.8413344952125793e-15,6.55688990039964e-11,1.9342842132542075e-27,1.354459025832991e-17,2.6142852907330894,3.829659263708647e-12,0.0003270339724573974,1000000.0,1000415.4571724639
0.0011352511745709238,0.00010041706352391715,-5.378448780247369e-07,298.1501313261369,0.0,0.03070517749632393,299.3191270463514,1.757745320984761e-17,0.0,3.764898951905214e-06,99.77815882511858,2.9496246270295376e-16,1.834095027776621e-15,6.531109794995098e-11,1.92670652514316e-27,1.354458005513653e-17,2.614285308660599,3.829657989093982e-12,0.00032703397248649423,1000000.0,1000415.4540525902
0.0011363499540534467,0.00010041706279326517,-8.205535166078335e-07,298.15013153077,0.0,0.030705174139585224,299.3191335820585,1.7566123237191545e-17,0.0,3.7648990340873675e-06,99.77816100312819,2.9476966946697957e-16,1.829394312515317e-15,6.514370313916828e-11,1.9217865380466753e-27,1.3544577543926321e-17,2.6142853657269147,3.8296576961068025e-12,0.0003270339725791165,1000000.0,1000415.4766833461
0.0011374487335359697,0.00010041706186654315,-7.910837987628034e-07,298.15013243253685,0.0,0.03070517096270831,299.31914187107895,1.7554823556827042e-17,0.0,3.7648991383230666e-06,99.77816376560557,2.945773766585772e-16,1.8247056567866733e-15,6.497673776467608e-11,1.9168792839769327e-27,1.3544576393320607e-17,2.6142854381068568,3.829657581242718e-12,0.0003270339726965939,1000000.0,1000415.5075672495
0.0011385475130184927,0.00010041706112691767,-4.436411878263314e-07,298.1501326449855,0.0,0.03070516761420316,299.3191484870301,1.7543552530414405e-17,0.0,3.764899221514547e-06,99.77816597036457,2.943855804980977e-16,1.820029009439793e-15,6.481019998096412e-11,1.9119844881849262e-27,1.3544573912171199e-17,2.614285495874031,3.829657293301666e-12,0.0003270339727903537,1000000.0,1000415.5304939966
0.0011396462925010156,0.00010041706086648284,4.8924381687889936e-08,298.1501311369009,0.0,0.030705163826123743,299.3191508179244,1.7532308654664088e-17,0.0,3.764899250807681e-06,99.77816674669803,2.9419427513244627e-16,1.815364324533368e-15,6.464408813434449e-11,1.90710194037453e-27,1.3544568098852882e-17,2.614285516215059,3.829656569025082e-12,0.00032703397282336815,1000000.0,1000415.5331934013
0.0011407450719835386,0.00010041706112703518,4.299349514960446e-07,298.15012779410483,0.0,0.030705159560129664,299.31914849000594,1.7521091340745585e-17,0.0,3.764899221501288e-06,99.77816597001427,2.9400345514151027e-16,1.8107115695390144e-15,6.447840106474564e-11,1.9022315910890507e-27,1.3544558731729982e-17,2.6142854958655164,3.829655376540362e-12,0.0003270339727903388,1000000.0,1000415.514022943
0.0011418438514660615,0.00010041706167734532,5.004244046457786e-07,298.1501234812293,0.0,0.030705155028334916,299.3191435709921,1.7509901195653248e-17,0.0,3.7648991596035522e-06,99.77816432958778,2.938131178029801e-16,1.80607072625372e-15,6.431313813915838e-11,1.897373560825774e-27,1.3544547489052979e-17,2.614285452885069,3.82965393263744e-12,0.00032703397272057787,1000000.0,1000415.4828598743
0.0011429426309485847,0.00010041706213444242,2.2288212625540688e-07,298.1501195876608,0.0,0.0307051505820499,299.31913948551545,1.749873966527992e-17,0.0,3.764899108190223e-06,99.77816296702125,2.9362326389077e-16,1.8014417842283106e-15,6.414829900880845e-11,1.8925280518542154e-27,1.3544537067613164e-17,2.6142854171848238,3.829652588953492e-12,0.0003270339726626332,1000000.0,1000415.455918577
0.0011440414104311077,0.00010041706216364725,-2.586762687209363e-07,298.1501173015857,0.0,0.030705146528285095,299.319139226371,1.74876082414866e-17,0.0,3.764899104905305e-06,99.7781628799642,2.9343389661239354e-16,1.7968247301591817e-15,6.39838832220949e-11,1.8876952519323783e-27,1.3544529773703099e-17,2.614285414904173,3.829651648261623e-12,0.000327033972658931,1000000.0,1000415.4472806219
0.0011451401899136306,0.00010041706165351213,-6.927199189980905e-07,298.1501169886987,0.0,0.03070514296927391,299.3191437901551,1.7476507641000603e-17,0.0,3.764899162284197e-06,99.77816440063242,2.932450192799025e-16,1.792219539103785e-15,6.381988989477273e-11,1.8828751677072225e-27,1.3544526317078461e-17,2.6142854547474954,3.82965120616539e-12,0.0003270339727235991,1000000.0,1000415.4615334731
0.0011462389693961536,0.00010041706077472919,-8.515580742723641e-07,298.1501179984132,0.0,0.03070513974843491,299.3191516504912,1.7465437395276554e-17,0.0,3.7648992611278134e-06,99.77816702020769,2.930566329232878e-16,1.7876261714374254e-15,6.365631760702304e-11,1.8780676768323425e-27,1.3544525434963815e-17,2.614285523383255,3.82965110048313e-12,0.00032703397283499947,1000000.0,1000415.4913440035
0.0011473377488786765,0.0001004170598921294,-6.501424241447045e-07,298.15011899924997,0.0,0.03070513653109799,299.31915954495895,1.745439605077722e-17,0.0,3.764899360400745e-06,99.77816965116075,2.9286873510122283e-16,1.7830445778934004e-15,6.349316458090648e-11,1.8732725084671617e-27,1.3544524542903273e-17,2.614285592317124,3.829650994846067e-12,0.00032703397294688366,1000000.0,1000415.5212390356
0.0011481809244703325,0.00010041705945034899,-3.207233176699847e-07,298.15011891055457,0.0,0.030705133846160835,299.3191634970281,1.744594168632684e-17,0.0,3.764899410091253e-06,99.77817096806966,2.9272487490527443e-16,1.7795367320593604e-15,6.336824826235175e-11,1.8696010019906056e-27,1.3544522200388745e-17,2.6142856268216743,3.829650697468951e-12,0.00032703397300288666,1000000.0,1000415.5342009672
0.0011490241000619884,0.00010041705930908891,5.4155968330684364e-08,298.1501177461138,0.0,0.030705130885548743,299.3191647617603,1.7437502801633872e-17,0.0,3.764899425979871e-06,99.77817138915366,2.9258129653285966e-16,1.776035772825295e-15,6.324357714872785e-11,1.865936537915812e-27,1.3544517774111337e-17,2.6142856378547363,3.829650126961764e-12,0.0003270339730207937,1000000.0,1000415.5344885952
0.0011498672756536446,0.00010041705946250532,3.670780690092001e-07,298.1501155424998,0.0,0.03070512765462275,299.31916339141276,1.7429079244981683e-17,0.0,3.7648994087239024e-06,99.77817093183269,2.924379978453102e-16,1.7725416870730228e-15,6.311915077385857e-11,1.8622791104578528e-27,1.354451133505361e-17,2.6142856258727294,3.829649291359976e-12,0.00032703397300134563,1000000.0,1000415.5224014887
0.0011507104512453006,0.00010041705982541647,5.305419823867887e-07,298.1501126201977,0.0,0.030705124231522756,299.31916014770457,1.742067121536714e-17,0.0,3.7648993679044093e-06,99.77816985002617,2.922949775385026e-16,1.769054465775345e-15,6.299496882130935e-11,1.8586287562714757e-27,1.3544503505267957e-17,2.614285597528589,3.829648270865782e-12,0.0003270339729553406,1000000.0,1000415.5015849653
0.0011515536268369565,0.00010041706025655431,5.005483150236967e-07,298.15010949610985,0.0,0.030705120745838026,299.3191562938942,1.7412279199344942e-17,0.0,3.7648993194109223e-06,99.7781685648418,2.92152235342354e-16,1.7655741027156541e-15,6.287103107850273e-11,1.854985549995739e-27,1.3544495288060565e-17,2.61428556385575,3.8296471959530644e-12,0.00032703397290068673,1000000.0,1000415.4780349971
0.0011523968024286125,0.00010041706059814522,2.8792370466613243e-07,298.1501067388135,0.0,0.03070511734229871,299.31915324083764,1.7403903824396935e-17,0.0,3.7648992809894866e-06,99.77816754658907,2.9200977192658354e-16,1.7621005924413546e-15,6.274733736109096e-11,1.8513495753958806e-27,1.3544487787038298e-17,2.6142855371767806,3.829646210824408e-12,0.0003270339728573844,1000000.0,1000415.4584185374
0.0011532399780202686,0.00010041706071977485,-4.5305136907128775e-08,298.15010481052,0.0,0.030705114140537323,299.3191521547364,1.7395545674518442e-17,0.0,3.7648992673088284e-06,99.77816718402175,2.9186758855141984e-16,1.7586339280388652e-15,6.262388743062492e-11,1.8477208952086795e-27,1.3544481899347348e-17,2.614285527677409,3.829645433324298e-12,0.0003270339728419658,1000000.0,1000415.4482200699
0.0011540831536119246,0.00010041706055451821,-4.038479780717676e-07,298.1501039390831,0.0,0.030705111201945738,299.3191536340525,1.7387205118319924e-17,0.0,3.7648992858965285e-06,99.7781676766374,2.9172568655432976e-16,1.7551740993188026e-15,6.250068092807287e-11,1.844099532952766e-27,1.3544478067244017e-17,2.6142855405846666,3.829644922301619e-12,0.00032703397286291486,1000000.0,1000415.4502223912
0.0011549263292035805,0.00010041706011707946,-6.862026833552794e-07,298.1501040563721,0.0,0.03070510851303512,299.3191575472973,1.7378882198685797e-17,0.0,3.7648993350986967e-06,99.77816898060422,2.915840668196549e-16,1.7517210919467363e-15,6.237771734195276e-11,1.840485463322345e-27,1.3544476158477808e-17,2.6142855747501184,3.829644661681039e-12,0.0003270339729183675,1000000.0,1000415.4637527877
0.0011557695047952365,0.00010041705949620244,-8.100505612477175e-07,298.1501048294443,0.0,0.030705105992398025,299.31916310089855,1.737057663036546e-17,0.0,3.7648994049336117e-06,99.77817083138453,2.9144272944208356e-16,1.7482748878774502e-15,6.225499602462127e-11,1.836878620202532e-27,1.3544475526804692e-17,2.6142856232426173,3.829644568065328e-12,0.000327033972997074,1000000.0,1000415.4850167093
0.0011566126803868927,0.00010041705883986002,-7.409498332533638e-07,298.1501057182251,0.0,0.030705103504294774,299.3191689716414,1.7362287820868718e-17,0.0,3.7648994787576013e-06,99.77817278788415,2.913016733996439e-16,1.7448354662242636e-15,6.213251622219797e-11,1.8332788881599792e-27,1.3544475123908914e-17,2.614285674505065,3.829644505018241e-12,0.0003270339730802763,1000000.0,1000415.5077382212
0.0011574558559785486,0.00010041705830447516,-5.013963011984741e-07,298.15010616037137,0.0,0.03070510090523436,299.3191737607481,1.7354015067905876e-17,0.0,3.764899538976544e-06,99.77817438381987,2.9116089675713133e-16,1.741402805758328e-15,6.201027716987267e-11,1.8296861641573023e-27,1.3544473858280408e-17,2.614285716320386,3.829644329804477e-12,0.00032703397314814525,1000000.0,1000415.5253120824
0.0011589252243048682,0.00010041705790778557,8.020139468652514e-08,298.150105004671,0.0,0.03070509588399128,299.31917731075015,1.733963541280154e-17,0.0,3.764899583595324e-06,99.77817556631709,2.9091623168502596e-16,1.7354369517133185e-15,6.179782954747142e-11,1.8234418328352254e-27,1.3544467923913632e-17,2.614285747303394,3.829643536014421e-12,0.0003270339731984323,1000000.0,1000415.5332970823
0.0011598010107320435,0.00010041705808774207,3.832728310973913e-07,298.1501028386463,0.0,0.030705092509214767,299.3191757031333,1.7331086420182268e-17,0.0,3.76489956335418e-06,99.77817502988239,2.9077079976749034e-16,1.7318908348245539e-15,6.167155016705777e-11,1.819729965716734e-27,1.3544461525635983e-17,2.614285733248533,3.8296426867324545e-12,0.0003270339731756198,1000000.0,1000415.5205403615
0.001160676797159219,0.00010041705847888197,5.29151691228061e-07,298.15009994808895,0.0,0.03070508894071546,299.3191722070552,1.7322553834154122e-17,0.0,3.7648995193595737e-06,99.77817386392834,2.9062566136242273e-16,1.728351954493701e-15,6.154552845979722e-11,1.8160255653368004e-27,1.3544453725524707e-17,2.614285702699649,3.829641651042728e-12,0.0003270339731260363,1000000.0,1000415.4989836838
0.0011615525835863944,0.00010041705892016913,4.7121310397668333e-07,298.1500969217555,0.0,0.030705085326216335,299.3191682625464,1.7314038214925605e-17,0.0,3.764899469724511e-06,99.77817254848969,2.90480816230388e-16,1.7248203040471036e-15,6.141976419781696e-11,1.8123287141318737e-27,1.3544445666348976e-17,2.614285668234122,3.82964057759419e-12,0.0003270339730700958,1000000.0,1000415.4754604378
0.0011624283700135698,0.00010041705923983237,2.3018655990311895e-07,298.15009437750007,0.0,0.03070508182328764,299.31916540563276,1.7305540256160925e-17,0.0,3.7648994337694503e-06,99.77817159560139,2.9033626521134913e-16,1.7212958772596036e-15,6.129425716968262e-11,1.808639499026544e-27,1.3544438547356937e-17,2.614285643267768,3.829639623181578e-12,0.00032703397302957316,1000000.0,1000415.4572251037
0.0011638614090164682,0.00010041705924798432,-3.291835371861157e-07,298.1500921330228,0.0,0.030705076563829464,299.31916533536145,1.7291674484790558e-17,0.0,3.764899432852509e-06,99.77817157130113,2.9010037604642444e-16,1.7155444534590928e-15,6.108944539705813e-11,1.802619450150713e-27,1.3544430632362498e-17,2.6142856426314864,3.829638543627125e-12,0.00032703397302853975,1000000.0,1000415.4493589915
0.0011647392814908106,0.0001004170588483353,-6.319745357875882e-07,298.150092235178,0.0,0.03070507371310282,299.31916891074366,1.7283204997284e-17,0.0,3.764899477804169e-06,99.7781727626201,2.8995626444517945e-16,1.7120306778000115e-15,6.096431767103685e-11,1.7989417826915393e-27,1.354442865662825e-17,2.6142856738454587,3.829638255756259e-12,0.0003270339730792019,1000000.0,1000415.4617030646
0.0011656171539651528,0.00010041705823703627,-7.802589259591671e-07,298.1500930950715,0.0,0.030705071056528952,299.3191743787596,1.7274753941538206e-17,0.0,3.764899546561775e-06,99.77817458484935,2.8981245186559093e-16,1.7085241104207467e-15,6.083944663560975e-11,1.7952717726899366e-27,1.354442815611692e-17,2.6142857215898965,3.829638160714685e-12,0.00032703397315669424,1000000.0,1000415.4829737633
0.0011664950264394952,0.00010041705757319641,-7.257020655413214e-07,298.15009413032976,0.0,0.03070506844815266,299.3191803166106,1.7266320696441322e-17,0.0,3.764899621229064e-06,99.77817656369831,2.8966893737393093e-16,1.7050247286300915e-15,6.071483147326705e-11,1.791609308898155e-27,1.3544428000432432e-17,2.614285773437923,3.8296381115119355e-12,0.000327033973240847,1000000.0,1000415.5064172234
0.0011673728989138375,0.00010041705702858528,-4.872464658701057e-07,298.1500947225092,0.0,0.03070506573040525,299.319185188285,1.7257904499816066e-17,0.0,3.7648996824857603e-06,99.77817818713685,2.8952571894854537e-16,1.7015325092550863e-15,6.059047134874967e-11,1.7879542743584294e-27,1.3544426989167449e-17,2.6142858159738482,3.829637951245531e-12,0.0003270339733098855,1000000.0,1000415.5247770131
0.001168743311180226,0.00010041705665940189,4.798313907032704e-08,298.1500939137204,0.0,0.030705061046615335,299.31918849213764,1.7244799035778122e-17,0.0,3.764899724010704e-06,99.7781792876405,2.893027319570088e-16,1.696095213717884e-15,6.039684578713609e-11,1.7822632244841436e-27,1.3544422055190526e-17,2.6142858448085073,3.829637261945733e-12,0.00032703397335668563,1000000.0,1000415.5331134198
0.0011701137234466142,0.00010041705694504964,4.791195107820448e-07,298.1500907879872,0.0,0.03070505576213443,299.31918594030617,1.7231732670895844e-17,0.0,3.764899691881621e-06,99.77817843614932,2.890804519056464e-16,1.6906752637487506e-15,6.0203837843327e-11,1.7765899879016847e-27,1.3544412634776098e-17,2.6142858224989918,3.829635982169908e-12,0.00032703397332047506,1000000.0,1000415.5139245566
0.0011709769478945348,0.00010041705737616229,5.53775177917396e-07,298.15008795746087,0.0,0.03070505220301843,299.31918208675734,1.722352231715636e-17,0.0,3.7648996433909623e-06,99.77817715103991,2.889407976849302e-16,1.6872701138075968e-15,6.008257820905897e-11,1.7730255821221875e-27,1.3544405033942827e-17,2.6142857888281115,3.8296349543262715e-12,0.0003270339732658244,1000000.0,1000415.4913712237
0.0011718401723424556,0.00010041705780708771,4.3284911489999334e-07,298.1500851696083,0.0,0.030705048644075708,299.31917823488277,1.7215328245974272e-17,0.0,3.764899594921363e-06,99.77817586648862,2.8880142187906364e-16,1.6838718232260995e-15,5.996156282934655e-11,1.7694683641815478e-27,1.3544397520185746e-17,2.614285755171854,3.829633934179533e-12,0.00032703397321119746,1000000.0,1000415.4689682933
0.0011727033967903761,0.00010041705807435041,1.5168647832247962e-07,298.1500830101015,0.0,0.030705045235266452,299.31917584652643,1.7207151138295014e-17,0.0,3.764899564860203e-06,99.77817506980176,2.886623255352549e-16,1.6804803861125147e-15,5.98407915038119e-11,1.7659184138636024e-27,1.3544391230284376e-17,2.6142857342981207,3.829633070543587e-12,0.0003270339731773175,1000000.0,1000415.4536119427
0.001174098589598585,0.00010041705797482314,-4.0442432753685604e-07,298.1500814838536,0.0,0.03070504021330776,299.3191767390837,1.7193971682062266e-17,0.0,3.764899576054794e-06,99.77817536648391,2.8843810427870814e-16,1.675013414829241e-15,5.964610903475269e-11,1.760196209953233e-27,1.3544384885374812e-17,2.6142857420718726,3.82963216939895e-12,0.00032703397318993425,1000000.0,1000415.451416347
0.001174955303252239,0.00010041705753549264,-6.699625780836848e-07,298.15008191973635,0.0,0.030705037476538525,299.31918066927017,1.7185901791819452e-17,0.0,3.7648996254697454e-06,99.77817667608997,2.8830078732119953e-16,1.6716652753832748e-15,5.952687957695443e-11,1.756691959334879e-27,1.3544383659884193e-17,2.6142857763850698,3.829631963773433e-12,0.0003270339732456267,1000000.0,1000415.4660843892
0.0011758120169058927,0.00010041705692360419,-7.718287957829264e-07,298.15008296826466,0.0,0.030705034898061614,299.3191861425185,1.71778489669412e-17,0.0,3.7648996942936533e-06,99.77817850007635,2.8816374854873944e-16,1.6683238376153318e-15,5.940788876793847e-11,1.753194811929253e-27,1.3544383627677156e-17,2.6142858241755342,3.8296319144736004e-12,0.0003270339733231937,1000000.0,1000415.4880128681
0.0011766687305595465,0.00010041705629718191,-6.781898101741447e-07,298.1500840534136,0.0,0.03070503233291736,299.3191917457325,1.7169812572784554e-17,0.0,3.7648997647522963e-06,99.77818036738684,2.880269868502043e-16,1.6649890804606607e-15,5.9289135848447e-11,1.7497046612856255e-27,1.3544383670682745e-17,2.614285873101132,3.829631875925358e-12,0.0003270339734026031,1000000.0,1000415.5105020405
0.0011775254442132005,0.00010041705581397972,-4.1905192816940965e-07,298.1500846090551,0.0,0.030705029636394193,299.3191960682323,1.7161791893817012e-17,0.0,3.7648998191018473e-06,99.77818180777071,2.8789050019220526e-16,1.6616609829954874e-15,5.917062006445041e-11,1.746221403355359e-27,1.354438269004176e-17,2.6142859108408345,3.829631704351837e-12,0.000327033973463857,1000000.0,1000415.5268938559
0.0011786517419705822,0.00010041705555752494,3.213707872486639e-08,298.15008397281423,0.0,0.030705025743870063,299.3191983635869,1.715127033995518e-17,0.0,3.764899847947321e-06,99.77818257224018,2.877114793005858e-16,1.6572957281604287e-15,5.901517037059753e-11,1.7416524362019264e-27,1.3544378754268546e-17,2.6142859308709934,3.829631132592886e-12,0.0003270339734963669,1000000.0,1000415.5324315322
0.001179778039727964,0.00010041705576951285,4.1370026728219604e-07,298.1500816742555,0.0,0.03070502142163349,299.31919646999506,1.7140774443083558e-17,0.0,3.7648998241033443e-06,99.77818194032258,2.875329247424244e-16,1.652941920340931e-15,5.886012826575598e-11,1.737095210902955e-27,1.3544371599041937e-17,2.6142859143144443,3.82963013751593e-12,0.00032703397346949394,1000000.0,1000415.5182621324
0.0011809043374853459,0.00010041705628865188,5.495445191954379e-07,298.1500783217631,0.0,0.030705016817641817,299.3191918297715,1.7130304553576688e-17,0.0,3.7648997657116576e-06,99.77818039281412,2.873548336828566e-16,1.6485995373892249e-15,5.870549297104126e-11,1.732549794133712e-27,1.3544362405217326e-17,2.6142858737685195,3.829628871252875e-12,0.00032703397340368444,1000000.0,1000415.4912933084
0.001183158459853792,0.00010041705711145623,6.669051118053778e-08,298.15007256440754,0.0,0.03070500780172905,299.3191844761538,1.7109433020747732e-17,0.0,3.764899673164313e-06,99.7781779401057,2.8699980449971532e-16,1.639943132351454e-15,5.839723228474777e-11,1.7234887902794462e-27,1.3544345874461955e-17,2.6142858095057777,3.8296265657024606e-12,0.00032703397329938034,1000000.0,1000415.4470413512
0.0011847184251948027,0.00010041705676872802,-5.623215928654692e-07,298.1500719668724,0.0,0.030705002399008946,299.3191875437841,1.7095056421957567e-17,0.0,3.7648997117136312e-06,99.77817896174876,2.8675520042954603e-16,1.6339791411223262e-15,5.818485035688454e-11,1.7172465307399142e-27,1.3544341024665802e-17,2.614285836274249,3.829625821949171e-12,0.0003270339733428268,1000000.0,1000415.455299181
0.0011862783905358134,0.00010041705566725336,-8.389868900774554e-07,298.150074098106,0.0,0.030704997692307584,299.31919739633895,1.7080735697235375e-17,0.0,3.764899835605156e-06,99.7781822451493,2.865114964584911e-16,1.6280368777774815e-15,5.79732421773074e-11,1.7110274013592816e-27,1.3544341484808571e-17,2.614285922302976,3.82962577133515e-12,0.00032703397348245704,1000000.0,1000415.4956000523
0.001187838355876824,0.00010041705455006273,-4.525052109012277e-07,298.1500762261094,0.0,0.030704993000024095,299.31920738943063,1.7066468042550043e-17,0.0,3.764899961264383e-06,99.77818557539784,2.8626868917633367e-16,1.622116227960773e-15,5.776240363145206e-11,1.7048308902137652e-27,1.3544341952051733e-17,2.6142860095591662,3.829625725279446e-12,0.00032703397362407954,1000000.0,1000415.5363619158
0.0011893983212178346,0.000100417054301649,3.30886362928671e-07,298.1500751914979,0.0,0.03070498751079255,299.3192096136746,1.7052249310119262e-17,0.0,3.7648999892054097e-06,99.7781863158977,2.860267655450954e-16,1.6162170718898942e-15,5.7552330405390095e-11,1.698656426256706e-27,1.3544336294010665e-17,2.614286028961406,3.829624880233167e-12,0.0003270339736555701,1000000.0,1000415.5403046126
0.0011904143730141956,0.00010041705481123682,7.012173015809597e-07,298.1500721298411,0.0,0.030704983319615405,299.31920505865844,1.7043013144040534e-17,0.0,3.764899931888022e-06,99.7781847968605,2.8586966049846864e-16,1.6123862887881448e-15,5.741591338322009e-11,1.6946465286035526e-27,1.3544327981238162e-17,2.614285989161419,3.829623722012487e-12,0.00032703397359097136,1000000.0,1000415.514609827
0.0011914304248105568,0.00010041705558164143,7.304583106158978e-07,298.1500681896798,0.0,0.030704978889187,299.31919817134496,1.703379735961819e-17,0.0,3.764899845234508e-06,99.77818250035101,2.857129210738146e-16,1.6085645748908264e-15,5.72798192921777e-11,1.6906460025447783e-27,1.3544317968921614e-17,2.6142859289908977,3.829622336327125e-12,0.0003270339734933098,1000000.0,1000415.4781022151
0.0011924464766069178,0.00010041705621501441,3.9287898316645693e-07,298.15006481279806,0.0,0.030704974584463265,299.3191925094072,1.7024603490434052e-17,0.0,3.7648997739940284e-06,99.77818061232104,2.855565485928968e-16,1.6047519272429486e-15,5.71440480492312e-11,1.6866550482065288e-27,1.354430905553366e-17,2.6142858795229382,3.829621088203554e-12,0.0003270339734130192,1000000.0,1000415.4476207016
0.001193462528403279,0.00010041705638068981,-1.5904672954498998e-07,298.150063172175,0.0,0.030704970708771408,299.3191910297528,1.7015433033913186e-17,0.0,3.7648997553591875e-06,99.778180118457,2.8540054663399566e-16,1.6009483395326593e-15,5.700859944755148e-11,1.6826738222794694e-27,1.3544303517797588e-17,2.6142858665834883,3.829620276622207e-12,0.00032703397339201707,1000000.0,1000415.4370747476
0.0011944785801996402,0.00010041705596835998,-6.722217787559381e-07,298.15006362954756,0.0,0.030704967363298523,299.319194718784,1.7006286724445833e-17,0.0,3.7648998017371624e-06,99.77818134757653,2.852449188617983e-16,1.5971537951037112e-15,5.6873472899459875e-11,1.6787023556173693e-27,1.3544302057821776e-17,2.614285898787892,3.829619996178687e-12,0.0003270339734442867,1000000.0,1000415.4510041547
0.0011954946319960012,0.00010041705513218931,-9.158832804656865e-07,298.15006559366566,0.0,0.03070496440662527,299.3192021979193,1.699716419071952e-17,0.0,3.7648998957878633e-06,99.77818384012888,2.8508966690092757e-16,1.593368265125647e-15,5.673866736911072e-11,1.6747405320331782e-27,1.3544303527982861e-17,2.61428596409547,3.829620099757854e-12,0.00032703397355028527,1000000.0,1000415.4827734325
0.0011965106837923624,0.00010041705421453058,-7.846432206315896e-07,298.1500678114506,0.0,0.030704961524703187,299.3192104057442,1.698806412778788e-17,0.0,3.7648999990041753e-06,99.77818657559018,2.84934789234293e-16,1.5895917123010603e-15,5.660418150993016e-11,1.6707881424959672e-27,1.3544305496066879e-17,2.6142860357674995,3.82962027108904e-12,0.00032703397366661376,1000000.0,1000415.517850413
0.0011975267355887234,0.00010041705358830045,-3.4306251680843977e-07,298.1500689442192,0.0,0.030704958375447303,299.3192160075326,1.6978984880060905e-17,0.0,3.7649000694412126e-06,99.77818844232814,2.847802815659313e-16,1.5858240982843802e-15,5.647001393563915e-11,1.6668449553931114e-27,1.3544305363684419e-17,2.6142860846781275,3.8296201702342555e-12,0.00032703397374599883,1000000.0,1000415.5404946605
0.0011985427873850846,0.00010041705348982052,2.0670233681634825e-07,298.15006816707876,0.0,0.03070495474207488,299.31921689002957,1.6969925165387674e-17,0.0,3.7649000805180085e-06,99.77818873588826,2.8462613841675573e-16,1.5820653912768922e-15,5.633616350139604e-11,1.6629108236225144e-27,1.354430152971566e-17,2.6142860923699573,3.8296195858472335e-12,0.0003270339737584828,1000000.0,1000415.5408108244
0.0011995588391814456,0.00010041705391605581,6.178248730175891e-07,298.15006552678767,0.0,0.030704950627370733,299.319213080375,1.696088461663759e-17,0.0,3.7649000325759365e-06,99.77818746531769,2.84472355205245e-16,1.5783155705847203e-15,5.6202629471178074e-11,1.658985734048761e-27,1.354429408490789e-17,2.614286059080033,3.829618526927923e-12,0.0003270339737044504,1000000.0,1000415.5190486832
0.0012005748909778068,0.00010041705463040041,7.097452057367525e-07,298.15006190469757,0.0,0.03070494624837944,299.31920669436573,1.6951863905212066e-17,0.0,3.7648999522279323e-06,99.77818533591818,2.8431892988243246e-16,1.5745746261514023e-15,5.606941150038392e-11,1.655069800482022e-27,1.3544284739943152e-17,2.6142860032879507,3.82961721471581e-12,0.0003270339736138954,1000000.0,1000415.4853036734
0.001202208800418847,0.00010041705559565847,1.6801757842587543e-07,298.1500568706208,0.0,0.030704939374850616,299.31919806574996,1.693740237942825e-17,0.0,3.764899843657699e-06,99.77818245856743,2.8407296031373813e-16,1.568577422770347e-15,5.585584635434568e-11,1.648792186579454e-27,1.3544271258386099e-17,2.614285927898975,3.829615295192286e-12,0.00032703397349153295,1000000.0,1000415.4392305049
0.0012031762559899964,0.00010041705554677304,-3.6994327000357013e-07,298.15005617963527,0.0,0.030704935874091538,299.3191985046699,1.6928867764739962e-17,0.0,3.764899849156211e-06,99.77818260429065,2.8392776170566186e-16,1.565037215410375e-15,5.5729776790559134e-11,1.64508676521836e-27,1.3544267726836435e-17,2.614285931717318,3.829614735309396e-12,0.00032703397349773003,1000000.0,1000415.4383498662
0.0012041437115611455,0.0001004170549761157,-7.957050610523933e-07,298.15005736982846,0.0,0.03070493285196637,299.3192036094213,1.6920354689296008e-17,0.0,3.7648999133425335e-06,99.7781843053708,2.837828959480047e-16,1.561505022820607e-15,5.56039926524931e-11,1.6413899896810693e-27,1.3544267851567776e-17,2.614285976287533,3.82961465265671e-12,0.00032703397357007033,1000000.0,1000415.4595203078
0.0012051111671322948,0.00010041705410424695,-9.225134499874871e-07,298.15005961661757,0.0,0.03070493010614949,299.31921140769026,1.6911862461870202e-17,0.0,3.7649000114084858e-06,99.77818690433617,2.8363836368880274e-16,1.5579808167362296e-15,5.54784929213633e-11,1.6377017159921275e-27,1.354427003206529e-17,2.6142860443832174,3.829614840471556e-12,0.0003270339736805942,1000000.0,1000415.4933208382
0.0012060786227034441,0.00010041705326805479,-6.997488969629699e-07,298.1500616946575,0.0,0.030704927327605856,299.3192188869294,1.6903389737354694e-17,0.0,3.764900105461613e-06,99.7781893969528,2.8349416277516665e-16,1.554464563882892e-15,5.535327639406833e-11,1.6340217416850376e-27,1.3544271889946794e-17,2.6142861096924603,3.829614988875771e-12,0.0003270339737865955,1000000.0,1000415.5254774869
0.0012070460782745932,0.00010041705277791164,-2.2770048748390264e-07,298.15006249640464,0.0,0.030704924231624197,299.31922327170054,1.6894935077270393e-17,0.0,3.7649001605918726e-06,99.77819085802722,2.833502889492805e-16,1.5509562324527115e-15,5.5228341921607284e-11,1.6303498835833794e-27,1.3544271275475165e-17,2.6142861479742887,3.829614816093982e-12,0.00032703397384872926,1000000.0,1000415.5429122072
0.0012080135338457425,0.0001004170527936589,2.9390516983468476e-07,298.15006147303626,0.0,0.030704920671579043,299.31922313265676,1.6886497522993654e-17,0.0,3.7649001588206353e-06,99.77819081108599,2.832067374157043e-16,1.5474557975933213e-15,5.510368861159051e-11,1.6266860482494538e-27,1.3544267123390326e-17,2.614286146744632,3.829614180761428e-12,0.00032703397384673303,1000000.0,1000415.5389629726
0.0012089809894168919,0.00010041705326556927,6.522511298937854e-07,298.1500588352082,0.0,0.030704916693086958,299.3192189144736,1.6878076949313197e-17,0.0,3.764900105741124e-06,99.7781894043619,2.830635045397614e-16,1.543963243984381e-15,5.497931592031351e-11,1.6230302366896907e-27,1.3544259842546644e-17,2.6142861098873342,3.829613133794421e-12,0.00032703397378691055,1000000.0,1000415.5158377861
0.001209948444988041,0.00010041705396127143,7.07505294733611e-07,298.1500554431265,0.0,0.0307049125093077,299.3192126950811,1.686967407121368e-17,0.0,3.764900027489982e-06,99.77818733053383,2.8292058897891685e-16,1.5404785643568307e-15,5.485522360239657e-11,1.6193825660544382e-27,1.3544251102589817e-17,2.6142860555512595,3.829611891540873e-12,0.0003270339736987187,1000000.0,1000415.4834331787
0.0012109159005591903,0.0001004170545650848,4.463407148915088e-07,298.15005243969114,0.0,0.030704908409822006,299.3192072973842,1.68612901112052e-17,0.0,3.7648999595743e-06,99.77818553061836,2.827779918460424e-16,1.537001755018267e-15,5.4731411543467506e-11,1.6157431883725345e-27,1.3544243121859139e-17,2.614286008391962,3.829610743443045e-12,0.00032703397362217535,1000000.0,1000415.4551065529
0.0012118833561303396,0.00010041705480773315,-1.6633152004923723e-08,298.15005078143645,0.0,0.030704904641642453,299.31920512932686,1.6852926273187884e-17,0.0,3.7648999322817036e-06,99.7781848073046,2.8263571588821456e-16,1.5335328100496746e-15,5.4607879546876306e-11,1.612112226560207e-27,1.3544237756958658e-17,2.6142859894406816,3.82960993320288e-12,0.00032703397359141567,1000000.0,1000415.4421895046
0.0012128508117014887,0.0001004170545735562,-4.886415796080661e-07,298.1500508582527,0.0,0.03070490131086615,299.319207225176,1.684458324053863e-17,0.0,3.764899958621419e-06,99.77818550536587,2.824937640398914e-16,1.5300717166146775e-15,5.44846271612544e-11,1.6084897184035196e-27,1.3544235764644902e-17,2.614286007730816,3.829609561849796e-12,0.0003270339736211015,1000000.0,1000415.4494780913
0.001213818267272638,0.0001004170539428504,-7.785531601338086e-07,298.1500523519541,0.0,0.030704898343834854,299.3192128668979,1.6836260898432022e-17,0.0,3.7649000295618684e-06,99.77818738544535,2.8235213794410217e-16,1.5266184532229057e-15,5.4361653616592246e-11,1.6048755965913869e-27,1.3544236527311082e-17,2.6142860569909825,3.8296095509812975e-12,0.00032703397370105393,1000000.0,1000415.4734815015
0.0012147857228437873,0.00010041705315410542,-7.739059859629524e-07,298.1500543839899,0.0,0.03070489552177656,299.3192199218508,1.682795838511704e-17,0.0,3.7649001182782354e-06,99.77818973662599,2.822108370343746e-16,1.5231729915417142e-15,5.423895789101448e-11,1.601269711643804e-27,1.354423833969776e-17,2.614286118594459,3.829609679298837e-12,0.00032703397380104047,1000000.0,1000415.5040572336
0.0012157531784149364,0.00010041705250348677,-4.841718178040706e-07,298.15005588507813,0.0,0.030704892573012378,299.31922574163934,1.6819674442681888e-17,0.0,3.7649001914584453e-06,99.77819167606407,2.820698585316562e-16,1.5197353009195982e-15,5.411653887735269e-11,1.5976718872080093e-27,1.3544239126335895e-17,2.6142861694098776,3.829609675764768e-12,0.0003270339738835172,1000000.0,1000415.5286836885
0.0012167206339860858,0.00010041705222374659,-3.366586946279964e-08,298.15005603187143,0.0,0.03070488928403415,299.31922824492784,1.681140791821259e-17,0.0,3.7649002229230193e-06,99.77819250994543,2.8192919833356725e-16,1.5163053537180938e-15,5.3994395579428383e-11,1.5940819845008408e-27,1.3544237289114579e-17,2.614286191258629,3.82960933032787e-12,0.00032703397391897895,1000000.0,1000415.5375779492
0.0012176880895572349,0.00010041705239196288,3.917168763028518e-07,298.15005457269785,0.0,0.03070488558413716,299.31922674246294,1.680315820922174e-17,0.0,3.764900204002385e-06,99.77819200850719,2.8178885241396643e-16,1.5128831292803832e-15,5.387252725809949e-11,1.5904999496691698e-27,1.3544232339529444e-17,2.6142861781207007,3.829608577075202e-12,0.00032703397389765475,1000000.0,1000415.527571516
0.0012186555451283842,0.00010041705290258807,6.21207572815936e-07,298.1500519138172,0.0,0.030704881570142884,299.31922217808074,1.679492547496223e-17,0.0,3.7649001465683105e-06,99.77819048637753,2.8164881815472513e-16,1.509468614979462e-15,5.375093346978529e-11,1.5869258254964339e-27,1.3544225066117959e-17,2.6142861382396583,3.829607516976098e-12,0.0003270339738329245,1000000.0,1000415.5032123
0.0012196230006995335,0.00010041705351495486,5.677110265845292e-07,298.1500489377256,0.0,0.030704877462820784,299.3192167038966,1.678671053454187e-17,0.0,3.764900077690555e-06,99.77818866096497,2.815090950742247e-16,1.5060618040145269e-15,5.36296139852731e-11,1.5833597238203206e-27,1.3544217181775673e-17,2.6142860904123078,3.829606372637325e-12,0.0003270339737552969,1000000.0,1000415.4747215841
0.0012205904562706826,0.00010041705395407108,2.607310288500086e-07,298.150046634023,0.0,0.0307048735144268,299.31921277896805,1.677851450140378e-17,0.0,3.764900028299663e-06,99.77818735199746,2.8136968467490606e-16,1.5026626909443012e-15,5.3508568625240246e-11,1.5798017709760657e-27,1.3544210607289569e-17,2.6142860561163213,3.829605395152355e-12,0.0003270339736996316,1000000.0,1000415.453714797
0.001221557911841832,0.00010041705402257595,-1.686691234159458e-07,298.1500456969166,0.0,0.030704869906003657,299.31921216815095,1.677033830888382e-17,0.0,3.7649000205943616e-06,99.77818714779038,2.8123058949521094e-16,1.499271266827592e-15,5.3387797081363395e-11,1.5762520490836021e-27,1.3544206690085957e-17,2.6142860507661374,3.829604761943842e-12,0.0003270339736909475,1000000.0,1000415.4484739173
0.0012225253674129812,0.00010041705367856144,-5.430537328997162e-07,298.15004625202954,0.0,0.0307048666759939,299.3192152461984,1.6762182321304592e-17,0.0,3.7649000592883745e-06,99.77818817326788,2.810918117671783e-16,1.4958875159193018e-15,5.3267298795228614e-11,1.5727105613288586e-27,1.3544205673989767e-17,2.6142860776348917,3.829604506898032e-12,0.00032703397373455703,1000000.0,1000415.4606836427
0.0012234928229841303,0.0001004170530483662,-7.122922301660272e-07,298.1500478207451,0.0,0.03070486370850411,299.31922088335494,1.6754046183108287e-17,0.0,3.7649001301714005e-06,99.77819005182552,2.809533522385286e-16,1.492511415308154e-15,5.3147072942653574e-11,1.5691772059524424e-27,1.3544206629990025e-17,2.6142861268551787,3.829604510484901e-12,0.00032703397381444473,1000000.0,1000415.4849262228
0.0012249748263238542,0.00010041705202468818,-4.7675980602256117e-07,298.15005037963255,0.0,0.030704859216223755,299.31923004008866,1.6741619296403776e-17,0.0,3.7649002453125396e-06,99.77819310332139,2.807418658108044e-16,1.4873544874304556e-15,5.296343027157888e-11,1.5637800931680228e-27,1.3544208406067354e-17,2.614286206807721,3.829604560116273e-12,0.0003270339739442129,1000000.0,1000415.5243421256
0.0012259839126828418,0.00010041705170846516,-5.579307381648582e-08,298.1500507191141,0.0,0.030704855808151466,299.3192328696934,1.673318131009033e-17,0.0,3.764900280880628e-06,99.77819404595499,2.8059828602173755e-16,1.483853354400958e-15,5.2838751851724016e-11,1.5601157112208264e-27,1.3544206898802494e-17,2.6142862315058926,3.8296042407464216e-12,0.00032703397398429937,1000000.0,1000415.534985513
0.0012269929990418296,0.00010041705185538148,3.6778851284667994e-07,298.1500493932625,0.0,0.030704851975233278,299.319231557775,1.6724761322745563e-17,0.0,3.7649002643557677e-06,99.7781936080101,2.804550413794921e-16,1.4803604442253488e-15,5.271436621645863e-11,1.5564597197504651e-27,1.3544202164264907e-17,2.614286220031557,3.829603498868602e-12,0.0003270339739656753,1000000.0,1000415.5260708525
0.0012280020854008172,0.0001004170523649637,5.986926871521947e-07,298.1500467936007,0.0,0.030704847809636084,299.3192270027957,1.671635943516786e-17,0.0,3.7649002070390035e-06,99.77819208898944,2.803121287722484e-16,1.4768757420531943e-15,5.259027284262731e-11,1.5528121557702057e-27,1.3544194962380855e-17,2.6142861802319786,3.8296024314320784e-12,0.0003270339739010773,1000000.0,1000415.5019436827
0.001229011171759805,0.00010041705297836941,5.345869720935681e-07,298.150043870627,0.0,0.03070484354880149,299.31922151939733,1.6707976513736812e-17,0.0,3.76490013804439e-06,99.7781902604799,2.801695475053745e-16,1.473399239729737e-15,5.246647145334213e-11,1.549173134636979e-27,1.3544187138036164e-17,2.614286132323489,3.829601278091332e-12,0.00032703397382331795,1000000.0,1000415.4736017943
0.0012300202581187927,0.0001004170533969895,2.0984251904794144e-07,298.1500416986963,0.0,0.030704839466649432,299.3192177778271,1.6699613767953094e-17,0.0,3.764900090958857e-06,99.77818901260952,2.800272992072644e-16,1.4699309306466587e-15,5.234296182841705e-11,1.5455427878607374e-27,1.3544180776513329e-17,2.6142860996283117,3.829600311465311e-12,0.0003270339737702509,1000000.0,1000415.4536573817
0.0012310293444777805,0.00010041705341496178,-2.2573451906689951e-07,298.1500410000497,0.0,0.030704835752020904,299.3192176189629,1.6691272184968535e-17,0.0,3.7649000889373542e-06,99.77818895903572,2.7988538666717833e-16,1.4664708041297237e-15,5.2219743597795896e-11,1.5419211952914133e-27,1.3544177279647784e-17,2.6142860982248726,3.82959971629387e-12,0.0003270339737679726,1000000.0,1000415.4507428312
0.0012320384308367681,0.0001004170530077363,-5.774328586841879e-07,298.15004183491203,0.0,0.030704832427435366,299.3192212623372,1.6682952076986706e-17,0.0,3.7649001347412068e-06,99.77819017293974,2.7974381220547665e-16,1.4630188417764058e-15,5.209681610713703e-11,1.5383083452813216e-27,1.3544176764323985e-17,2.61428613003059,3.829599510101358e-12,0.00032703397381959523,1000000.0,1000415.4657997009
0.001233047517195756,0.00010041705233881823,-6.919614625800192e-07,298.1500435897895,0.0,0.030704829342905905,299.3192272458406,1.6674652938641446e-17,0.0,3.7649002099796965e-06,99.77819216692681,2.796025763146696e-16,1.4595750172827771e-15,5.197417841104728e-11,1.5347041297740075e-27,1.3544178039753766e-17,2.6142861822752463,3.829599539225285e-12,0.0003270339739043917,1000000.0,1000415.4918365326
0.0012348649358301055,0.00010041705121080553,-2.4316389631851733e-07,298.1500463991113,0.0,0.030704823717104812,299.3192373361794,1.6659755580740084e-17,0.0,3.7649003368561806e-06,99.7781955294355,2.7934905055640516e-16,1.4533929393284388e-15,5.175402899747888e-11,1.5282340829157092e-27,1.354417966763824e-17,2.6142862703767014,3.829599508895465e-12,0.00032703397404738605,1000000.0,1000415.5352337452
0.0012358975652425317,0.00010041705115216284,2.330969445375878e-07,298.15004587041307,0.0,0.030704819986478362,299.319237862471,1.665131721155478e-17,0.0,3.7649003434521693e-06,99.77819570424431,2.792054795414522e-16,1.4498920270661263e-15,5.162935828003919e-11,1.5245698232124367e-27,1.3544176475401156e-17,2.614286274957113,3.829598955055744e-12,0.00032703397405482,1000000.0,1000415.5351964177
0.0012369301946549582,0.00010041705158473624,5.950513695817606e-07,298.15004359125146,0.0,0.030704815805251577,299.3192339961693,1.6642897035423164e-17,0.0,3.764900294797195e-06,99.77819441478026,2.7906224958433113e-16,1.4463995285525348e-15,5.150498714454158e-11,1.5209141487094844e-27,1.3544169890780285e-17,2.6142862411721426,3.829597955826875e-12,0.00032703397399998414,1000000.0,1000415.5144690772
0.0012379628240673846,0.00010041705227416332,6.582961989876563e-07,298.1500404355288,0.0,0.03070481138841003,299.31922783300934,1.6634495707122367e-17,0.0,3.764900217251853e-06,99.77819235965751,2.789193585504315e-16,1.4429154335362122e-15,5.1380915238099254e-11,1.5172671609556583e-27,1.3544161609988049e-17,2.6142861873261656,3.829596730508973e-12,0.00032703397391258785,1000000.0,1000415.4830545149
0.0012389954534798109,0.00010041705286963904,3.897374614957368e-07,298.150037676107,0.0,0.030704807057753903,299.31922250998906,1.662611455398554e-17,0.0,3.764900150273966e-06,99.77819058459572,2.787768073283405e-16,1.439439736453715e-15,5.125714238019724e-11,1.5136290153612682e-27,1.3544154103601187e-17,2.614286140818059,3.829595601236486e-12,0.0003270339738371014,1000000.0,1000415.4558058426
0.0012400280828922374,0.00010041705307071977,-8.10303277541366e-08,298.15003638012735,0.0,0.030704803088885374,299.31922071376044,1.6617754915950812e-17,0.0,3.7649001276568066e-06,99.77818998519143,2.786345989491231e-16,1.4359724294495683e-15,5.113366830574521e-11,1.5099998372569131e-27,1.354414944289583e-17,2.6142861251133276,3.8295948399010206e-12,0.00032703397381161106,1000000.0,1000415.4453658697
0.0012410607123046636,0.000100417052765446,-5.313133761398516e-07,298.15003691970605,0.0,0.030704799584506212,299.3192234454969,1.660941749381481e-17,0.0,3.7649001619933437e-06,99.77819089518621,2.784927366734294e-16,1.4325134967812456e-15,5.101049245904239e-11,1.506379652951319e-27,1.3544148350119271e-17,2.614286148956327,3.829594543376636e-12,0.0003270339738503096,1000000.0,1000415.4563592172
0.00124209334171709,0.0001004170520785831,-7.523394175351776e-07,298.1500388132753,0.0,0.030704796430166176,299.3192295895113,1.6601102011537903e-17,0.0,3.764900239250231e-06,99.7781929426653,2.783512220506981e-16,1.4290629128922495e-15,5.0887613923879535e-11,1.5027683791703908e-27,1.3544149890558913e-17,2.6142862026025266,3.8295945920730966e-12,0.00032703397393738084,1000000.0,1000415.4834053663
0.0012431259711295165,0.00010041705130977746,-6.451245787867744e-07,298.15004096317983,0.0,0.03070479335099393,299.319236466281,1.6592807338812244e-17,0.0,3.764900325723869e-06,99.7781952344087,2.782100538531555e-16,1.4256206451459298e-15,5.0765031522777757e-11,1.4991658403000314e-27,1.3544151933681465e-17,2.6142862626486894,3.829594709019968e-12,0.0003270339740348397,1000000.0,1000415.5137819252
0.0012441586005419428,0.00010041705079232098,-2.6366983380375836e-07,298.15004217247395,0.0,0.030704790041255012,299.3192410954155,1.658453200605907e-17,0.0,3.7649003839262783e-06,99.77819677690195,2.780692283218267e-16,1.422186659747189e-15,5.064274403596894e-11,1.4955718508835419e-27,1.3544152156237168e-17,2.6142863030637646,3.829594590315033e-12,0.00032703397410043596,1000000.0,1000415.533419261
0.0012451912299543692,0.00010041705073895736,2.1252575686101036e-07,298.1500416982311,0.0,0.030704786305796376,299.3192415745002,1.6576274865523022e-17,0.0,3.7649003899284876e-06,99.7781969359743,2.779287405663176e-16,1.4187609281182564e-15,5.052075043581474e-11,1.4919862890728097e-27,1.3544149116214033e-17,2.6142863072318603,3.829594045641821e-12,0.0003270339741072007,1000000.0,1000415.5334081552
0.0012462238593667957,0.00010041705114571597,5.629489046982601e-07,298.15003958682314,0.0,0.030704782148261046,299.31923793904156,1.6568035592471998e-17,0.0,3.7649003441771054e-06,99.77819572346189,2.777885864552863e-16,1.4153434307533969e-15,5.039905002851049e-11,1.4884091418026105e-27,1.3544142903606004e-17,2.614286275463093,3.829593084202645e-12,0.00032703397405563727,1000000.0,1000415.5140251712
0.001247256488779222,0.0001004170517969292,6.281315076804235e-07,298.150036640921,0.0,0.03070477776648518,299.3192321176005,1.6559814800019814e-17,0.0,3.7649002709299775e-06,99.77819378225132,2.7764876412766076e-16,1.4119341568457869e-15,5.0277642440278373e-11,1.4848404991519893e-27,1.3544135076366484e-17,2.614286224601721,3.829591907539312e-12,0.0003270339739730852,1000000.0,1000415.484470029
0.0012489575790473344,0.00010041705266907639,1.1135902026946065e-07,298.15003262022924,0.0,0.030704770732254513,299.3192243217306,1.654631550875577e-17,0.0,3.764900172832648e-06,99.77819118245573,2.7741915534887964e-16,1.4063358375557711e-15,5.007828077785845e-11,1.4789805922604696e-27,1.3544123808624944e-17,2.614286156484934,3.829590171798573e-12,0.00032703397386252606,1000000.0,1000415.4446307957
0.0012499601704546142,0.00010041705258576971,-3.71790936649519e-07,298.1500324449768,0.0,0.030704767134354893,299.31922506851953,1.6538386534440292e-17,0.0,3.764900182202791e-06,99.77819143078575,2.772842558914277e-16,1.4030467192747907e-15,4.996115204758331e-11,1.4755380571819206e-27,1.3544121433456898e-17,2.614286162991658,3.829589702164689e-12,0.00032703397387308657,1000000.0,1000415.4465334018
0.0012509627618618939,0.00010041705202777672,-7.228487583932014e-07,298.15003397323477,0.0,0.030704763971893943,299.3192300600876,1.6530478202673754e-17,0.0,3.764900244964658e-06,99.77819309411471,2.771496769510453e-16,1.3997653139205907e-15,4.9844297990923184e-11,1.472103803505515e-27,1.3544122369508553e-17,2.614286206572736,3.829589665258975e-12,0.00032703397394382144,1000000.0,1000415.4684703334
0.0012519653532691735,0.00010041705123424896,-7.745490229220435e-07,298.1500363160993,0.0,0.03070476102549342,299.31923715787445,1.6522589725368714e-17,0.0,3.7649003342189897e-06,99.77819545955263,2.770154188122269e-16,1.3964915935694655e-15,4.972771760165637e-11,1.4686776915824037e-27,1.3544124891433014e-17,2.6142862685497557,3.829589837794221e-12,0.00032703397404441426,1000000.0,1000415.5002440885
0.0012529679446764534,0.00010041705054219967,-5.032028984787035e-07,298.1500382517438,0.0,0.030704757986005176,299.3192433482124,1.6514719728298774e-17,0.0,3.7649004120592368e-06,99.77819752249205,2.7688147898035015e-16,1.3932255265987292e-15,4.961140973744072e-11,1.4652595385022803e-27,1.3544126627694766e-17,2.6142863226010173,3.829589910470792e-12,0.000327033974132143,1000000.0,1000415.5275888711
0.001253970536083733,0.00010041705023475263,-3.4155150283724305e-08,298.150038774827,0.0,0.0307047545937152,299.319246099328,1.6506866857059728e-17,0.0,3.7649004466402217e-06,99.77819843896522,2.7674785304754816e-16,1.3899670838196816e-15,4.9495373345613516e-11,1.4618491918903867e-27,1.3544125626947584e-17,2.614286346613743,3.829589627117114e-12,0.000327033974171117,1000000.0,1000415.538591653
0.0012549731274910127,0.00010041705041992221,4.226101533994115e-07,298.15003752544516,0.0,0.030704750749540766,299.31924444532626,1.6499030352899748e-17,0.0,3.7649004258127145e-06,99.77819788699065,2.7661453641421603e-16,1.3867162432136843e-15,4.9379607637779996e-11,1.4584465901278693e-27,1.3544121190620314e-17,2.614286332151701,3.829588894113422e-12,0.0003270339741476437,1000000.0,1000415.5287877189
0.0012559757188982926,0.000100417050988621,6.680941633137427e-07,298.15003492687305,0.0,0.03070474655355024,299.3192393616975,1.6491210348957242e-17,0.0,3.7649003618466375e-06,99.77819619174846,2.764815260158734e-16,1.383472991582598e-15,4.926411214879946e-11,1.4550517629457638e-27,1.3544114140259741e-17,2.6142862877349295,3.829587816404878e-12,0.0003270339740755517,1000000.0,1000415.5028890069
0.0012569783103055722,0.00010041705166752835,6.002908791155068e-07,298.1500319818655,0.0,0.03070474225646554,299.3192332925527,1.6483407771789488e-17,0.0,3.7649002854845323e-06,99.77819416798408,2.763488212977395e-16,1.3802373222363891e-15,4.9148886654314556e-11,1.4516648312691478e-27,1.3544106422175677e-17,2.614286234710555,3.82958664689229e-12,0.0003270339739894889,1000000.0,1000415.4725053818
0.0012579809017128519,0.00010041705214163813,2.556251258302866e-07,298.1500298236669,0.0,0.030704738147246828,299.31922905476597,1.647562390061251e-17,0.0,3.7649002321576334e-06,99.7781927547037,2.762164240674882e-16,1.3770092300359387e-15,4.903393098646792e-11,1.4482859279353912e-27,1.354410023594599e-17,2.6142861976814564,3.829585673143861e-12,0.0003270339739293876,1000000.0,1000415.4509412353
0.0012589834931201317,0.00010041705219188928,-2.1016762197516575e-07,298.1500292213406,0.0,0.030704734426841886,299.3192286072431,1.6467859784930974e-17,0.0,3.7649002265054706e-06,99.77819260490936,2.760843373360095e-16,1.3737887058730511e-15,4.8919244831058216e-11,1.444915136086062e-27,1.3544097074285764e-17,2.614286193756928,3.829585091832905e-12,0.00032703397392301744,1000000.0,1000415.4473841685
0.0012599860845274114,0.00010041705178809384,-5.921286522003906e-07,298.15003025408583,0.0,0.03070473112294199,299.3192322199331,1.646011577598656e-17,0.0,3.76490027192352e-06,99.77819380858874,2.759525636711572e-16,1.3705757330488625e-15,4.880482759443131e-11,1.4415524464063918e-27,1.354409709090552e-17,2.614286225294733,3.829584925404262e-12,0.0003270339739742052,1000000.0,1000415.4630094237
0.001260988675934691,0.00010041705109800863,-7.259437345255891e-07,298.15003229152904,0.0,0.030704728081660655,299.3192383927075,1.645239137125777e-17,0.0,3.764900349542849e-06,99.77819586567334,2.7582110378187325e-16,1.367370287055943e-15,4.8690678395500777e-11,1.4381977554861639e-27,1.354409906226036e-17,2.614286279192589,3.829585016040973e-12,0.000327033974061685,1000000.0,1000415.490640598
0.0012626675831562404,0.00010041704998830807,-3.2235328654727114e-07,298.1500354594164,0.0,0.030704722946730628,299.31924831904075,1.6439497435619345e-17,0.0,3.7649004743596324e-06,99.7781991735953,2.756016627373434e-16,1.3620193303323178e-15,4.85001253383435e-11,1.4325976232358191e-27,1.3544101900308078e-17,2.6142863658637596,3.829585112432669e-12,0.00032703397420235796,1000000.0,1000415.5347050317
0.0012636759115993228,0.00010041704985639722,1.6220579896009305e-07,298.150035402336,0.0,0.030704719372403173,299.31924950047255,1.6431775958170236e-17,0.0,3.7649004891966723e-06,99.7781995668102,2.7547028283815264e-16,1.3588156701175072e-15,4.838603966859542e-11,1.4292445452394311e-27,1.3544099807380163e-17,2.6142863761666026,3.829584676094575e-12,0.0003270339742190799,1000000.0,1000415.5384681169
0.001264684240042405,0.00010041705022580648,5.700952885340292e-07,298.1500335499872,0.0,0.030704715338208052,299.3192461989577,1.642407052342052e-17,0.0,3.764900447646266e-06,99.77819846563294,2.75339207724822e-16,1.3556195269348425e-15,4.827222165132725e-11,1.425899121911738e-27,1.3544094234561592e-17,2.6142863473149096,3.829583783628465e-12,0.0003270339741722511,1000000.0,1000415.5210857545
0.0012656925684854873,0.00010041705090576772,7.074423854617214e-07,298.1500306200901,0.0,0.03070471101914044,299.3192401203991,1.6416381601311148e-17,0.0,3.7649003711656203e-06,99.77819643872698,2.752084349278549e-16,1.3524308907943334e-15,4.815867094017067e-11,1.4225614296007026e-27,1.3544086574913294e-17,2.614286294208219,3.8295826146498745e-12,0.0003270339740860547,1000000.0,1000415.4907217205
0.001267357405212311,0.00010041705196957662,2.647778668267189e-07,298.15002610513255,0.0,0.030704703941991752,299.31923061056915,1.6403725435899764e-17,0.0,3.7649002515105774e-06,99.77819326760422,2.749931809665783e-16,1.3471825908491286e-15,4.797177339321375e-11,1.4170678334002221e-27,1.3544074564402807e-17,2.6142862111220766,3.829580757770073e-12,0.00032703397395119927,1000000.0,1000415.4434501567
0.0012683377991757438,0.00010041705202851976,-2.5089329526107396e-07,298.15002554211617,0.0,0.030704700294972676,299.31923008527934,1.639629737248562e-17,0.0,3.764900244880759e-06,99.77819309189982,2.7486681225577325e-16,1.3441015135752833e-15,4.786205296177871e-11,1.4138430003639837e-27,1.3544071565321547e-17,2.6142862065186696,3.8295801918984045e-12,0.0003270339739437273,1000000.0,1000415.4397655369
0.0012693181931391767,0.00010041705156683957,-6.881426987088592e-07,298.1500268549059,0.0,0.03070469712553018,299.3192342155506,1.638888850400335e-17,0.0,3.7649002968095657e-06,99.77819446812867,2.747407369905647e-16,1.3410275041841073e-15,4.775258423630159e-11,1.4106257854448262e-27,1.3544072211468781e-17,2.6142862425774296,3.829580101887413e-12,0.00032703397400225294,1000000.0,1000415.4580792785
0.0012702985871026096,0.00010041705077768183,-8.470952952708241e-07,298.15002931611923,0.0,0.030704694256488127,299.3192412742189,1.638149827725959e-17,0.0,3.764900385572368e-06,99.77819682053996,2.746149563382761e-16,1.337960538824778e-15,4.764336635811737e-11,1.4074160766355096e-27,1.3544075091013801e-17,2.6142863042131235,3.829580305755369e-12,0.0003270339741022918,1000000.0,1000415.4901234255
0.0012712789810660425,0.00010041704998822478,-6.599787737255659e-07,298.1500317330782,0.0,0.030704691387720702,299.31924833556405,1.6374125422903184e-17,0.0,3.76490047436884e-06,99.77819917384357,2.74489468634566e-16,1.3349005886527642e-15,4.7534398284853824e-11,1.4042137032039627e-27,1.3544077889004588e-17,2.6142863658721973,3.8295805020984205e-12,0.0003270339742023686,1000000.0,1000415.5220264199
0.0012722593750294753,0.00010041704951622944,-2.1389200728976462e-07,298.15003296969553,0.0,0.03070468822774109,299.31925255807664,1.6366768504373006e-17,0.0,3.7649005274578785e-06,99.77820058082114,2.7436426992915754e-16,1.331847625426768e-15,4.742567899644665e-11,1.4010185031667697e-27,1.3544078400325014e-17,2.6142864027366017,3.829580402058538e-12,0.00032703397426220185,1000000.0,1000415.5403914952
0.0012732397689929082,0.00010041704953749234,2.9681921633193e-07,298.15003241876394,0.0,0.03070468461528912,299.31925236973416,1.635942651631979e-17,0.0,3.7649005250662535e-06,99.77820051743825,2.7423935552193346e-16,1.3288016265226038e-15,4.731720768028902e-11,1.3978303896940777e-27,1.354407544640618e-17,2.6142864010761255,3.829579849537081e-12,0.0003270339742595064,1000000.0,1000415.5378794108
0.001274220162956341,0.00010041705001713193,6.574205922297808e-07,298.15003023762915,0.0,0.03070468058236284,299.31924808245725,1.6352099274952085e-17,0.0,3.7649004711173707e-06,99.77819908767385,2.741147217163674e-16,1.3257625775784037e-15,4.7208983825503386e-11,1.3946493520637603e-27,1.354406933262567e-17,2.614286363615117,3.829578881914807e-12,0.00032703397419870414,1000000.0,1000415.5160714865
0.001275200556919774,0.0001004170507305726,7.222190653637395e-07,298.15002725924097,0.0,0.030704676334969212,299.3192417044648,1.6344787454290652e-17,0.0,3.764900390871026e-06,99.77819696096854,2.7399036704807783e-16,1.322730471449774e-15,4.710100718913351e-11,1.391475488976703e-27,1.3544061675708662e-17,2.6142863078935745,3.8295777085595525e-12,0.0003270339741082637,1000000.0,1000415.4845376764
0.0012761809508832068,0.00010041705136231701,4.722591386788664e-07,298.15002462672106,0.0,0.03070467216251859,299.31923605702366,1.6337492264305244e-17,0.0,3.76490031981371e-06,99.7781950777928,2.7386629254164917e-16,1.3197053043902478e-15,4.699327765255181e-11,1.3883089312467505e-27,1.3544054694403306e-17,2.614286258552745,3.82957661889809e-12,0.0003270339740281796,1000000.0,1000415.4566306336
0.0012771613448466397,0.0001004170516392511,1.946846638425779e-08,298.15002331092785,0.0,0.030704668315542073,299.31923358239703,1.633021491739837e-17,0.0,3.764900288664722e-06,99.77819425227614,2.7374250094116656e-16,1.3166870708926703e-15,4.6885795031977486e-11,1.3851497863319173e-27,1.3544050273097615e-17,2.6142862369236157,3.829575860224934e-12,0.0003270339739930736,1000000.0,1000415.4438458015
0.0012781417388100726,0.00010041705144263037,-4.4307416110402667e-07,298.15002371291746,0.0,0.03070466490296508,299.3192353424315,1.6322956110342805e-17,0.0,3.764900310780194e-06,99.77819483838559,2.736189952597105e-16,1.3136757594542067e-15,4.6778558922848826e-11,1.381998087763233e-27,1.3544049190214445e-17,2.6142862522804706,3.829575536397114e-12,0.00032703397401799854,1000000.0,1000415.4511097386
0.0012791221327735055,0.00010041705085325464,-7.231112389241069e-07,298.15002551258544,0.0,0.030704661850668252,299.3192406145927,1.631571573384861e-17,0.0,3.7649003770719323e-06,99.77819659526394,2.7349577725806137e-16,1.310671350973661e-15,4.6671568640826436e-11,1.3788537766584067e-27,1.3544050824434255e-17,2.614286298312615,3.829575568535937e-12,0.0003270339740927117,1000000.0,1000415.4749100095
0.0012801025267369383,0.0001004170501129321,-7.088386715148573e-07,298.15002781955025,0.0,0.03070465893683722,299.31924723656306,1.6308492922798076e-17,0.0,3.764900460341856e-06,99.77819880210177,2.7337284647987833e-16,1.3076738203471951e-15,4.656482328063231e-11,1.3757167219308502e-27,1.354405344754937e-17,2.6142863561341376,3.829575732334862e-12,0.00032703397418655994,1000000.0,1000415.5049643178
0.0012810829207003712,0.0001004170495202343,-4.1327332199751457e-07,298.1500295564193,0.0,0.03070465588758817,299.3192525384313,1.6301286417895002e-17,0.0,3.7649005270072566e-06,99.778200568883,2.7325020022854263e-16,1.3046831405122979e-15,4.6458321864957486e-11,1.3725867697603242e-27,1.354405496837204e-17,2.614286402425746,3.829575754658524e-12,0.0003270339742616942,1000000.0,1000415.5286512924
0.001282063314663804,0.00010041704930529368,3.420962872989246e-08,298.1500299101218,0.0,0.030704652491817808,299.3192544622877,1.6294095081739938e-17,0.0,3.764900551183314e-06,99.77820120960253,2.731278344727831e-16,1.3016992871979692e-15,4.6352063519345104e-11,1.3694638010829085e-27,1.3544053808752779e-17,2.6142864192134367,3.8295754279979135e-12,0.00032703397428894153,1000000.0,1000415.5363015515
0.001283043708627237,0.00010041704953603795,4.443909206773707e-07,298.1500286626118,0.0,0.03070464868721566,299.31925240070336,1.6286918351813706e-17,0.0,3.7649005252296593e-06,99.77820052177368,2.7300574528357706e-16,1.2987222423984021e-15,4.624604760000024e-11,1.3663477730953708e-27,1.3544049545463953e-17,2.614286401191861,3.8295746949182e-12,0.0003270339742596909,1000000.0,1000415.5251354619
0.0012840241025906698,0.00010041705009398802,6.481661628552425e-07,298.15002626671253,0.0,0.0307046445824647,299.3192474131518,1.6279756443976413e-17,0.0,3.7649004624725736e-06,99.77819885857242,2.7288393019390284e-16,1.295751995167833e-15,4.6140273722982627e-11,1.3632387280347968e-27,1.3544043057408652e-17,2.614286357614573,3.82957366820142e-12,0.00032703397418896144,1000000.0,1000415.5002472431
0.0012850044965541027,0.00010041705072797218,5.662052133476749e-07,298.15002364181737,0.0,0.030704640407968404,299.31924174568206,1.6272610228106966e-17,0.0,3.7649003911633338e-06,99.77819696872017,2.7276238891957707e-16,1.2927885394849881e-15,4.603474168552262e-11,1.3601367665108121e-27,1.3544036129087182e-17,2.6142863080988072,3.8295725798874735e-12,0.00032703397410859344,1000000.0,1000415.472298809
0.0012859848905175354,0.00010041705116157549,2.396625967326187e-07,298.1500217810278,0.0,0.030704636417285765,299.3192378700748,1.6265480835535337e-17,0.0,3.764900342392517e-06,99.778195676186,2.7264112315806044e-16,1.2898318701557213e-15,4.592945131513488e-11,1.3570419974348638e-27,1.3544030688061296e-17,2.6142862742333595,3.8295716820864825e-12,0.000327033974053627,1000000.0,1000415.4529601923
0.0012869652844809682,0.00010041705120843159,-1.8984971592178963e-07,298.15002133732895,0.0,0.030704632781372688,299.31923745287065,1.625836916774325e-17,0.0,3.7649003371222226e-06,99.778195536512,2.7252013557141664e-16,1.2868819785062372e-15,4.582440231108207e-11,1.3539544859457198e-27,1.3544028001736287e-17,2.6142862705739742,3.829571141893172e-12,0.0003270339740476872,1000000.0,1000415.4500433556
0.0012879456784444011,0.00010041705084757123,-5.409652044832386e-07,298.1500223601494,0.0,0.030704629519464087,299.3192406815825,1.625127551244043e-17,0.0,3.764900377711027e-06,99.77819661220569,2.7239942839217206e-16,1.2839388495963597e-15,4.571959414231468e-11,1.3508742253138224e-27,1.3544028166046495e-17,2.61428629875841,3.829570973929076e-12,0.00032703397409343223,1000000.0,1000415.4643457013
0.001288926072407834,0.00010041705022809908,-6.696879701030916e-07,298.15002428953005,0.0,0.0307046264947839,299.31924622287454,1.624419942154443e-17,0.0,3.7649004473879506e-06,99.77819845879893,2.7227900224648914e-16,1.2810024622928487e-15,4.561502604794658e-11,1.3478011146569149e-27,1.354403009410961e-17,2.6142863471411673,3.829571037980311e-12,0.0003270339741719606,1000000.0,1000415.4894898442
0.001290236928751343,0.00010041704940803053,-4.347423215066877e-07,298.15002678657606,0.0,0.03070462244304125,299.31925355856197,1.6234763982023356e-17,0.0,3.764900539627534e-06,99.7782009033528,2.7211842030160574e-16,1.2770867949807348e-15,4.54755846576149e-11,1.3437031164109536e-27,1.3544032518092727e-17,2.6142864111911477,3.829571106991401e-12,0.0003270339742759179,1000000.0,1000415.5225823269
0.0012915477850948519,0.00010041704909290769,1.03769512762732e-07,298.1500274210978,0.0,0.03070461792810615,299.31925637888173,1.6225355768049878e-17,0.0,3.764900575071873e-06,99.77820184270693,2.719583307776516e-16,1.273183080005149e-15,4.533656885930899e-11,1.3396174178800591e-27,1.3544031334401367e-17,2.614286435803422,3.829570707160405e-12,0.0003270339743158649,1000000.0,1000415.5341923063
0.0012928586414383608,0.00010041704950019436,5.808062280103264e-07,298.15002545997214,0.0,0.030704612750497257,299.3192527392105,1.6215973332132415e-17,0.0,3.7649005292610876e-06,99.77820062862033,2.717987253075784e-16,1.2692912731569852e-15,4.5197977070088395e-11,1.3355438936599717e-27,1.3544025120049495e-17,2.614286403993444,3.829569648517935e-12,0.00032703397426423457,1000000.0,1000415.5153020783
0.0012941694977818697,0.00010041705035116245,6.528949097876728e-07,298.15002196068235,0.0,0.030704607165896496,299.31924513201443,1.6206617253214192e-17,0.0,3.7649004335459385e-06,99.77819809195759,2.716395988961789e-16,1.2654113485807169e-15,4.5059808382318255e-11,1.3314826372055089e-27,1.3544015927551328e-17,2.614286337530676,3.829568195032988e-12,0.0003270339741563602,1000000.0,1000415.477869572
0.0012954803541253787,0.0001004170510363081,2.413480087244209e-07,298.1500191379304,0.0,0.03070460173340978,299.3192390076497,1.6197289792893957e-17,0.0,3.764900356482154e-06,99.77819604959733,2.7148095259024e-16,1.2615432923324982e-15,4.4922062326330894e-11,1.3274338806186237e-27,1.3544008055527123e-17,2.6142862840191166,3.829566906945758e-12,0.00032703397406950665,1000000.0,1000415.4477120045
0.0012967912104688876,0.00010041705102708211,-3.9085614300941163e-07,298.15001886403445,0.0,0.03070459693788114,299.31923909255295,1.6187993339817094e-17,0.0,3.7649003575198496e-06,99.7781960770992,2.713227921226123e-16,1.2576870871786515e-15,4.4784738310929917e-11,1.3233978112861587e-27,1.3544005138038217e-17,2.6142862847399666,3.829566261699059e-12,0.0003270339740706762,1000000.0,1000415.4470539169
0.0012981020668123965,0.00010041705025921692,-8.029383701982677e-07,298.15002130705255,0.0,0.030704592838262715,299.3192459614229,1.6178728649642197e-17,0.0,3.7649004438877047e-06,99.77819836603928,2.711651230852676e-16,1.253842698826799e-15,4.464783511684808e-11,1.3193744085521731e-27,1.3544007501251896e-17,2.6142863447127085,3.829566306982065e-12,0.00032703397416801585,1000000.0,1000415.4783954326
0.0012994129231559055,0.0001004170492089864,-6.8468211808685e-07,298.15002469943215,0.0,0.030704588997661705,299.31925535528416,1.6169494131420557e-17,0.0,3.764900562015432e-06,99.77820149668628,2.7100794584972435e-16,1.2500100735765377e-15,4.4511350810505544e-11,1.315363418572539e-27,1.3544011714407044e-17,2.6142864267389934,3.829566598578651e-12,0.00032703397430115,1000000.0,1000415.5214372777
0.0013007237794994144,0.00010041704859050312,-8.018609789455602e-08,298.15002646658496,0.0,0.030704584761014064,299.3192608883392,1.6160286762339333e-17,0.0,3.764900631581127e-06,99.77820334033186,2.708512538437398e-16,1.2461891496879345e-15,4.437528316302069e-11,1.3113644963651111e-27,1.354401278031847e-17,2.6142864750445827,3.829566483618318e-12,0.000327033974379553,1000000.0,1000415.545999848
0.0013020346358429233,0.00010041704885941189,6.10188481553856e-07,298.1500250198211,0.0,0.030704579710352464,299.31925848608245,1.6151104094138006e-17,0.0,3.7649006013347996e-06,99.77820253873787,2.7069503671549365e-16,1.242379875330142e-15,4.423963030982678e-11,1.307377414844188e-27,1.3544007615383665e-17,2.614286454042308,3.829565554926048e-12,0.00032703397434546435,1000000.0,1000415.533010183
0.0013033454921864323,0.0001004170498664103,8.963903699629621e-07,298.15002097046516,0.0,0.030704573982635264,299.31924948361865,1.6141945993277168e-17,0.0,3.764900488069679e-06,99.77819953696205,2.7053928644679904e-16,1.238582220681079e-15,4.4104391197146094e-11,1.3034022185177724e-27,1.3543997406146148e-17,2.614286375393117,3.829563961707011e-12,0.00032703397421781055,1000000.0,1000415.4890258769
0.0013046563485299412,0.0001004170509204687,5.430139822465918e-07,298.1500168506641,0.0,0.030704568211752846,299.31924006033137,1.6132814841229036e-17,0.0,3.7649003695113548e-06,99.77819639490461,2.703840022403752e-16,1.2347961752333346e-15,4.3969565479270636e-11,1.2994391582053761e-27,1.3543987067357089e-17,2.6142862930684094,3.829562342822317e-12,0.0003270339740841912,1000000.0,1000415.4433893635
0.0013059672048734501,0.00010041705124443172,-2.453875790807119e-07,298.1500154389516,0.0,0.03070456311059817,299.3192371657641,1.6123713951824686e-17,0.0,3.7649003330726424e-06,99.77819542919872,2.7022919058569496e-16,1.2310217309933014e-15,4.3835152906098264e-11,1.2954885432333196e-27,1.3543981992014605e-17,2.6142862677662397,3.829561404712601e-12,0.0003270339740431235,1000000.0,1000415.4288653429
0.001307278061216959,0.00010041705052918298,-9.313634342000599e-07,298.1500177742512,0.0,0.03070455896272562,299.31924356412287,1.611464519114639e-17,0.0,3.7649004135223096e-06,99.77819756129368,2.700748600772364e-16,1.2272588630410274e-15,4.370115260151475e-11,1.2915504474683491e-27,1.3543984196584541e-17,2.61428632362948,3.829561416849245e-12,0.0003270339741337931,1000000.0,1000415.4582613318
0.001308588917560468,0.00010041704919086523,-1.0144690659019286e-06,298.150022278924,0.0,0.030704555386401284,299.31925553414175,1.610560746338375e-17,0.0,3.764900564053489e-06,99.7782015507039,2.699210143496928e-16,1.2235075207710252e-15,4.3567562744318925e-11,1.287624640898795e-27,1.3543990618924793e-17,2.6142864281561957,3.8295619853222936e-12,0.00032703397430344707,1000000.0,1000415.513728112
0.001309899773903977,0.00010041704812509021,-3.8989716129427284e-07,298.150025700357,0.0,0.030704551560070212,299.31926506700665,1.609659722210332e-17,0.0,3.764900683929634e-06,99.77820472768782,2.6976764805235816e-16,1.2197676370966346e-15,4.343438090972864e-11,1.283710721750162e-27,1.3543994945850148e-17,2.614286511396547,3.82956228720917e-12,0.0003270339744385517,1000000.0,1000415.5573353287
0.001310801471483769,0.00010041704802624106,2.574094970860811e-07,298.1500257329254,0.0,0.030704548346237773,299.31926595259614,1.609041309560169e-17,0.0,3.764900695047966e-06,99.77820502234869,2.6966242378145833e-16,1.2172017037871688e-15,4.3343004844146137e-11,1.2810251219348765e-27,1.3543993421491924e-17,2.6142865191171327,3.829561909100145e-12,0.0003270339744510825,1000000.0,1000415.5604102055
0.001311703169063561,0.00010041704850876535,8.048487804387032e-07,298.15002368139176,0.0,0.030704544599106164,299.3192616393789,1.6084239513064086e-17,0.0,3.764900640774615e-06,99.77820358398515,2.6955741579815636e-16,1.2146411487955937e-15,4.3251820273617527e-11,1.278344934544608e-27,1.3543987855328077e-17,2.6142864814307845,3.829561001593097e-12,0.0003270339743899145,1000000.0,1000415.5389557063
0.001312604866643353,0.00010041704937894368,1.046396750590533e-06,298.15002027572797,0.0,0.030704540496376925,299.3192538596493,1.6078076954919574e-17,0.0,3.7649005428987407e-06,99.7782009900582,2.6945262172222786e-16,1.2120859677908085e-15,4.3160827052180474e-11,1.2756702291198953e-27,1.3543979664195656e-17,2.6142864134675445,3.8295597472771774e-12,0.000327033974279605,1000000.0,1000415.5012658016
0.0013140399146525338,0.00010041705083461787,6.735951388194955e-07,298.15001471526494,0.0,0.03070453390196841,299.3192408452272,1.606829469355701e-17,0.0,3.7649003791675016e-06,99.77819665081853,2.6928628487611044e-16,1.2080304875553391e-15,4.301640625932262e-11,1.271425032392809e-27,1.354396636247007e-17,2.614286299775512,3.82955770637712e-12,0.0003270339740950741,1000000.0,1000415.4386804765
0.0013149333518063522,0.00010041705122494525,7.682506895544484e-08,298.150013174699,0.0,0.030704530269688304,299.3192373564463,1.6062222538233037e-17,0.0,3.764900335264274e-06,99.77819548728621,2.691830051252732e-16,1.2055124886118772e-15,4.292673713416264e-11,1.2687894456152072e-27,1.3543961814406299e-17,2.614286269290007,3.8295569181338475e-12,0.0003270339740455936,1000000.0,1000415.4217282521
0.0013158267889601708,0.00010041705102330502,-5.491771938869156e-07,298.1500137806828,0.0,0.03070452718042707,299.31923916120746,1.6056165375106266e-17,0.0,3.7649003579443304e-06,99.7781960883584,2.6907994378014394e-16,1.2029997596752227e-15,4.2837255695717524e-11,1.2661596019832432e-27,1.3543961435937506e-17,2.614286285038865,3.82955667327972e-12,0.0003270339740711548,1000000.0,1000415.4298354102
0.0013167202261139893,0.00010041705031963238,-9.728605040165452e-07,298.1500161744265,0.0,0.030704524551685528,299.3192454552846,1.605012312338666e-17,0.0,3.764900437091949e-06,99.778198185946,2.689771033520579e-16,1.2004922864340652e-15,4.274796143011127e-11,1.2635354469886876e-27,1.3543964530665654e-17,2.6142863399978893,3.8295568835852865e-12,0.00032703397416035694,1000000.0,1000415.4590839295
0.001317613663267808,0.00010041704937387489,-1.0494836770590033e-06,298.1500193951431,0.0,0.030704522145010748,299.3192539141535,1.604409490413044e-17,0.0,3.7649005434687744e-06,99.77820100516784,2.6887448401407893e-16,1.1979900487754153e-15,4.2658853610083586e-11,1.2609168571723421e-27,1.3543969233742663e-17,2.614286413864437,3.829557307290556e-12,0.00032703397428024736,1000000.0,1000415.4984079272
0.0013185071004216265,0.0001004170485168001,-7.664473523051411e-07,298.1500222452413,0.0,0.030704519656986208,299.3192615799967,1.6038079378981946e-17,0.0,3.7649006398707546e-06,99.77820356003423,2.6877208351152522e-16,1.1954930243020891e-15,4.2569931424392814e-11,1.2583036828644342e-27,1.3543973220695821e-17,2.6142864808046116,3.829557641108072e-12,0.0003270339743888958,1000000.0,1000415.533811388
0.001319400537575445,0.00010041704803403225,-2.369413187582271e-07,298.1500237086415,0.0,0.030704516825606223,299.3192658986811,1.6032075224905558e-17,0.0,3.764900694171468e-06,99.77820499912382,2.686698979548308e-16,1.193001192346396e-15,4.248119412589958e-11,1.2556957997210613e-27,1.3543974519358005e-17,2.6142865185103434,3.8295576262843444e-12,0.0003270339744500947,1000000.0,1000415.5532697628
0.0013202939747292636,0.00010041704807092308,3.470894943161809e-07,298.15002328786284,0.0,0.030704513517538723,299.3192655704298,1.6026081577234777e-17,0.0,3.764900690022047e-06,99.77820488915542,2.6856792310437456e-16,1.1905145372497947e-15,4.239264115071512e-11,1.253093133404287e-27,1.3543972164128472e-17,2.6142865156292405,3.829557134547997e-12,0.0003270339744454182,1000000.0,1000415.5507303347
0.001321187411883082,0.00010041704858905767,7.83502058922682e-07,298.15002115119677,0.0,0.030704509768022702,299.31926093876,1.6020098296325557e-17,0.0,3.7649006317433222e-06,99.77820334464062,2.6846615567991833e-16,1.1880330497106886e-15,4.2304272169902526e-11,1.2504956961737062e-27,1.3543966481650827e-17,2.6142864751616193,3.829556206200467e-12,0.00032703397437973603,1000000.0,1000415.5279176673
0.0013220808490369007,0.00010041704938686009,9.286093001882617e-07,298.1500180481981,0.0,0.030704505761966202,299.31925380622124,1.6014125975723547e-17,0.0,3.7649005420081415e-06,99.77820096646006,2.683645942789073e-16,1.1855567260075808e-15,4.221608705963977e-11,1.2479035639639702e-27,1.3543958926771228e-17,2.6142864128511403,3.8295550294982426e-12,0.00032703397427860133,1000000.0,1000415.493428101
0.001322974286190719,0.00010041705017478385,7.437303511187598e-07,298.15001503111887,0.0,0.030704501764973153,299.3192467620204,1.6008165701135987e-17,0.0,3.7649004533840934e-06,99.77819861772701,2.682632396254516e-16,1.183085565341434e-15,4.212808580347812e-11,1.2453168465708816e-27,1.3543951541854078e-17,2.614286351312214,3.82955387060997e-12,0.00032703397417871893,1000000.0,1000415.4595266915
0.0013238677233445378,0.00010041705067760051,3.045539444796464e-07,298.1500130838087,0.0,0.03070449802951302,299.3192422673282,1.6002218651828648e-17,0.0,3.7649003968283024e-06,99.77819711887376,2.6816209409120726e-16,1.1806195663055176e-15,4.204026836249336e-11,1.2427356449232501e-27,1.3543946236495413e-17,2.614286312040969,3.8295529796959545e-12,0.0003270339741149786,1000000.0,1000415.437816453
0.0013247611604983564,0.00010041705072805252,-2.2888025087528115e-07,298.15001278755466,0.0,0.03070449470901228,299.3192418178092,1.599628568508635e-17,0.0,3.7649003911535497e-06,99.77819696848069,2.6806116067311593e-16,1.1781587237164825e-15,4.195263455864083e-11,1.2401600131188331e-27,1.3543944138935815e-17,2.6142863081006986,3.829552505892783e-12,0.0003270339741085829,1000000.0,1000415.4352922608
0.0013256545976521748,0.0001004170503201938,-6.700731371137475e-07,298.15001413669086,0.0,0.030704491808924733,299.3192454666345,1.5990367045674763e-17,0.0,3.7649004370286343e-06,99.77819818427245,2.6796044179404136e-16,1.175703026868718e-15,4.186518401055393e-11,1.2375899379618268e-27,1.3543945238170862e-17,2.6142863399558065,3.829552449924133e-12,0.0003270339741602858,1000000.0,1000415.4521134514
0.0013265480348059935,0.00010041704960554158,-8.709928532020613e-07,298.1500165619545,0.0,0.030704489190261794,299.3192518588944,1.598446229545139e-17,0.0,3.7649005174112165e-06,99.77820031458931,2.678599383431277e-16,1.1732524597545105e-15,4.1777916141715066e-11,1.2350253423347382e-27,1.3543948429282745e-17,2.614286395772365,3.829552669267193e-12,0.00032703397425087985,1000000.0,1000415.4817986261
0.0013281206063214264,0.00010041704827869887,-5.311690160484898e-07,298.1500209841935,0.0,0.03070448464431201,299.3192637267802,1.5974100218075857e-17,0.0,3.7649006666517082e-06,99.7782042697936,2.676835580716526e-16,1.168951531762598e-15,4.162475450422391e-11,1.2305242957195852e-27,1.3543954351575997e-17,2.6142864994028905,3.829553101923054e-12,0.0003270339744190792,1000000.0,1000415.5366399626
0.0013290814040684562,0.00010041704796921582,3.077833258712501e-09,298.1500218299671,0.0,0.0307044814071245,299.319266496026,1.5967786410869386e-17,0.0,3.7649007014617033e-06,99.77820519233603,2.6757611491661017e-16,1.166331530715847e-15,4.1531452825876345e-11,1.2277821969772929e-27,1.3543954372153536e-17,2.6142865235745907,3.8295528995612276e-12,0.0003270339744583113,1000000.0,1000415.5487988706
0.0013300422018154858,0.00010041704821769928,5.317484494404091e-07,298.1500206618586,0.0,0.03070447765811019,299.3192642757768,1.5961484514572574e-17,0.0,3.7649006735127793e-06,99.77820445162813,2.674689091654321e-16,1.1637173842081647e-15,4.1438359602368494e-11,1.225046019679262e-27,1.3543950487518852e-17,2.6142865041675054,3.82955218672722e-12,0.00032703397442681193,1000000.0,1000415.5373695482
0.0013310029995625154,0.00010041704889977084,8.308062014379005e-07,298.1500179620453,0.0,0.03070447351136316,299.3192581782595,1.595519469970509e-17,0.0,3.7649005967947623e-06,99.77820241843129,2.6736193762988113e-16,1.161109083486873e-15,4.134547452747826e-11,1.2223158054814212e-27,1.3543943633549375e-17,2.6142864508959467,3.82955108300213e-12,0.00032703397434034805,1000000.0,1000415.5077229624
0.0013319637973095452,0.0001004170497211514,7.810871946583512e-07,298.15001481166144,0.0,0.030704469236828607,299.31925083500175,1.594891795721566e-17,0.0,3.764900504407561e-06,99.77819996996637,2.6725519972970263e-16,1.1585066254332962e-15,4.1252797502226785e-11,1.219591662320752e-27,1.3543935908665384e-17,2.614286386743957,3.829549860936926e-12,0.0003270339742362245,1000000.0,1000415.4723642793
0.0013329245950565748,0.00010041705034231679,4.1275267043932495e-07,298.1500124336762,0.0,0.030704465145954877,299.31924528212517,1.5942655657450954e-17,0.0,3.764900434540149e-06,99.77819811832572,2.671486974208064e-16,1.1559100083096571e-15,4.1160328478271396e-11,1.2168737127936904e-27,1.3543929686579068e-17,2.6142863382293466,3.829548830746594e-12,0.00032703397415748147,1000000.0,1000415.4456385754
0.0013338853928036045,0.00010041705051498333,-1.1608475500270813e-07,298.15001170256625,0.0,0.030704461466494228,299.3192437398524,1.5936408973637675e-17,0.0,3.7649004151189565e-06,99.77819760362159,2.6704243405812927e-16,1.1533192272160248e-15,4.106806729013507e-11,1.2141620340786157e-27,1.3543926664591442e-17,2.61428632474378,3.829548215830661e-12,0.0003270339741355931,1000000.0,1000415.4379686427
0.0013348461905506343,0.00010041705017767095,-5.891919811420881e-07,298.1500128090145,0.0,0.030704458254842196,299.3192467579558,1.5930178408024572e-17,0.0,3.7649004530591348e-06,99.77819860912082,2.669364127616338e-16,1.15073427090296e-15,4.097601354058545e-11,1.2114566449961379e-27,1.3543927212807064e-17,2.614286351089027,3.829548067011954e-12,0.000327033974178353,1000000.0,1000415.4518476574
0.001335806988297664,0.00010041704947401352,-8.198119575059411e-07,298.15001520656887,0.0,0.030704455379241696,299.3192530520207,1.592396360048563e-17,0.0,3.764900532205045e-06,99.77820070666317,2.6683063496950463e-16,1.1481551213863479e-15,4.088416658262837e-11,1.2087574644487227e-27,1.354393027057869e-17,2.6142864060468716,3.829548247998434e-12,0.00032703397426755325,1000000.0,1000415.4811083471
0.0013367677860446937,0.00010041704868920073,-7.232930243779022e-07,298.150017851992,0.0,0.03070445257808564,299.3192600718,1.591776348730729e-17,0.0,3.7649006204791444e-06,99.77820304612275,2.667250997174301e-16,1.1455817561075614e-15,4.0792525601282905e-11,1.2060643615709866e-27,1.3543933813028567e-17,2.6142864673431827,3.829548495440734e-12,0.00032703397436704127,1000000.0,1000415.5136470766
0.0013377285837917233,0.00010041704813236966,-3.474276165951831e-07,298.1500196347827,0.0,0.030704449567800194,299.31926505290215,1.591157673385099e-17,0.0,3.764900683110334e-06,99.77820470598843,2.6661980388832806e-16,1.143014151893909e-15,4.0701089759158753e-11,1.2033771991108878e-27,1.3543935684722301e-17,2.6142865108334696,3.829548527412718e-12,0.00032703397443762885,1000000.0,1000415.5364128631
0.001338689381538753,0.00010041704801307867,1.5033048444259132e-07,298.1500198203495,0.0,0.030704446156156244,299.3192661213965,1.5905402260394545e-17,0.0,3.764900696527919e-06,99.77820506158464,2.6651474330298354e-16,1.1404522890320257e-15,4.0609858346238506e-11,1.2006958826971267e-27,1.3543934459845154e-17,2.6142865201506202,3.8295481559651925e-12,0.0003270339744527509,1000000.0,1000415.5406204206
0.0013402078936117837,0.00010041704872290727,7.343196543421776e-07,298.1500168998654,0.0,0.030704439940080624,299.31925977668976,1.5895668034549283e-17,0.0,3.7649006166878376e-06,99.77820294564644,2.6634916974687463e-16,1.1364150179798441e-15,4.046608558884532e-11,1.1964700369237025e-27,1.3543926293447814e-17,2.6142864647112583,3.829546752011185e-12,0.0003270339743627684,1000000.0,1000415.5093891126
0.0013417264056848144,0.00010041704987256808,6.277371305118673e-07,298.15001249490774,0.0,0.03070443332054753,299.31924949887866,1.5885965586155352e-17,0.0,3.764900487376343e-06,99.77819951860624,2.661841692486502e-16,1.1323920276123116e-15,4.032282134484953e-11,1.1922589985319876e-27,1.3543915254616138e-17,2.6142863749197414,3.829544963629436e-12,0.0003270339742170298,1000000.0,1000415.4599132743
0.0013432449177578451,0.00010041705037656369,-1.115317260434269e-07,298.1500105209974,0.0,0.030704427293291793,299.3192449947893,1.5876299220204345e-17,0.0,3.7649004306879337e-06,99.77819801623865,2.6601974709086447e-16,1.1283833028852077e-15,4.018006512042601e-11,1.1880631362699738e-27,1.354390894313605e-17,2.614286335556527,3.829543783574955e-12,0.00032703397415314,1000000.0,1000415.4380745756
0.0013447634298308759,0.00010041704965242175,-8.063236747205558e-07,298.1500129852043,0.0,0.030704422392617566,299.31925147305435,1.5866672044419568e-17,0.0,3.7649005121378875e-06,99.77820017484355,2.658559149438834e-16,1.1243888117656152e-15,4.003781579616857e-11,1.1838826109197901e-27,1.3543911254582392e-17,2.6142863921143698,3.829543728216335e-12,0.00032703397424493696,1000000.0,1000415.4681740394
0.0013462819419039064,0.00010041704826956201,-7.27465852417021e-07,298.1500177228917,0.0,0.03070441809618993,299.3192638417612,1.5857082620748253e-17,0.0,3.764900667679059e-06,99.77820429702977,2.656926784159063e-16,1.1204084847655116e-15,3.9896070874267797e-11,1.17971713140441e-27,1.354391798748646e-17,2.6142865001199627,3.829544257540247e-12,0.0003270339744202374,1000000.0,1000415.5257680329
0.0013473495933237643,0.00010041704772074764,-1.630637711083752e-07,298.1500194518238,0.0,0.030704414686968433,299.3192687513716,1.585035970978211e-17,0.0,3.764900729408546e-06,99.7782059329984,2.6557825968951996e-16,1.1176183812829155e-15,3.979671141731369e-11,1.1767970822336704e-27,1.3543919616976963e-17,2.614286542984139,3.829544229494164e-12,0.00032703397448980874,1000000.0,1000415.5481098715
0.001348417244743622,0.00010041704790105137,4.7470752399624533e-07,298.1500185365807,0.0,0.030704410608922643,299.31926714100064,1.5843650725077623e-17,0.0,3.764900709128335e-06,99.77820539552843,2.6546412270608417e-16,1.1148352035948887e-15,3.969759855676334e-11,1.1738840216583466e-27,1.3543916118561576e-17,2.6142865289020984,3.829543532198714e-12,0.00032703397446695224,1000000.0,1000415.5395854024
0.0013494848961634798,0.00010041704867112129,8.160582889275051e-07,298.15001553473166,0.0,0.03070440598988212,299.3192602567727,1.5836955693764027e-17,0.0,3.7649006225124415e-06,99.778203100016,2.653502619683818e-16,1.1120589392248021e-15,3.959873185446676e-11,1.1709779937526125e-27,1.3543908574444786e-17,2.6142864687576264,3.829542302647002e-12,0.0003270339743693331,1000000.0,1000415.5062710294
0.0013505525475833375,0.00010041704956526763,6.955300305043513e-07,298.1500121538168,0.0,0.030704401257027756,299.31925226301837,1.583027622071696e-17,0.0,3.764900521940692e-06,99.77820043464249,2.652366770230945e-16,1.1092895860703194e-15,3.9500111253806346e-11,1.1680791645157609e-27,1.3543900298864341e-17,2.614286398922432,3.829540971565279e-12,0.00032703397425598525,1000000.0,1000415.4679445873
0.0013516201990031952,0.0001004170500950023,2.2451879255689853e-07,298.15001014347524,0.0,0.030704396858452613,299.31924752793697,1.5823614368282772e-17,0.0,3.7649004623572166e-06,99.77819885554898,2.6512337175830794e-16,1.1065271425219262e-15,3.9401736715996625e-11,1.1651877025348972e-27,1.354389468776171e-17,2.6142863575488344,3.8295399835511095e-12,0.0003270339741888326,1000000.0,1000415.4452113722
0.001352687850423053,0.0001004170500215528,-3.1630239417216553e-07,298.15001032572775,0.0,0.03070439301318338,299.3192481866993,1.581697142339728e-17,0.0,3.764900470618643e-06,99.7781990744956,2.6501035117360343e-16,1.103771598802276e-15,3.930360790149044e-11,1.162303676120406e-27,1.3543893336621214e-17,2.6142863632856463,3.8295395501462094e-12,0.00032703397419814355,1000000.0,1000415.4480305872
0.0013537555018429106,0.00010041704944461783,-6.491593856186871e-07,298.1500122998027,0.0,0.03070438962976502,299.3192533477718,1.5810347311036065e-17,0.0,3.764900535511072e-06,99.77820079428919,2.648976181795338e-16,1.1010229343220484e-15,3.9205724072837634e-11,1.1594270234407209e-27,1.354389546755527e-17,2.614286408346115,3.8295395730171604e-12,0.0003270339742712796,1000000.0,1000415.4720485838
0.0013548231532627686,0.0001004170486997857,-6.354712836583369e-07,298.1500148327029,0.0,0.03070438640035986,299.31926001022845,1.58037408286847e-17,0.0,3.7649006192882275e-06,99.77820301456985,2.647851721507833e-16,1.098281121143512e-15,3.910808422204604e-11,1.156557593502545e-27,1.3543898687372804e-17,2.614286466519834,3.829539741342317e-12,0.0003270339743656994,1000000.0,1000415.5030044573
0.0013558908046826263,0.00010041704816034306,-3.2082819509417033e-07,298.15001658174776,0.0,0.030704382982549874,299.31926483603405,1.5797150382259088e-17,0.0,3.7649006799636e-06,99.77820462260209,2.6467300946949446e-16,1.0955461303658466e-15,3.901068730590866e-11,1.1536952263543409e-27,1.3543900389995428e-17,2.614286508652046,3.829539714391508e-12,0.0003270339744340827,1000000.0,1000415.5251330995
0.001356958456102484,0.0001004170480567625,1.1180491606868794e-07,298.1500167401946,0.0,0.030704379164921667,299.31926576423706,1.5790574767428568e-17,0.0,3.764900691614107e-06,99.77820493136687,2.6456112531766344e-16,1.0928179378244357e-15,3.891353245565529e-11,1.1508398204160315e-27,1.3543899009568861e-17,2.6142865167421796,3.8295392856566085e-12,0.00032703397444721325,1000000.0,1000415.5287763833
0.0013580261075223417,0.00010041704838847463,4.4374274603860727e-07,298.15001534164446,0.0,0.030704374947998176,299.31926279992905,1.5784013655570853e-17,0.0,3.764900654303792e-06,99.77820394256143,2.6444951571160364e-16,1.0900965267715167e-15,3.8816619075433135e-11,1.147991363239103e-27,1.3543894611301608e-17,2.6142864908347048,3.829538461138458e-12,0.00032703397440516323,1000000.0,1000415.5140654058
0.0013590937589421995,0.00010041704894971198,5.257147760263917e-07,298.15001315154143,0.0,0.030704370520531567,299.31925778314144,1.577746763119115e-17,0.0,3.764900591176956e-06,99.77820226956104,2.64338178917642e-16,1.0873818869243755e-15,3.871994680717843e-11,1.1451499187655559e-27,1.3543888680868274e-17,2.6142864470006524,3.8295374330589186e-12,0.00032703397433401707,1000000.0,1000415.4897762861
0.0013601614103620572,0.00010041704944474485,3.408515203897325e-07,298.15001124142054,0.0,0.03070436615379645,299.31925335837326,1.57709378150171e-17,0.0,3.7649005354966655e-06,99.77820079391057,2.642271157284336e-16,1.0846740107402071e-15,3.862351539347532e-11,1.1423155819296534e-27,1.3543883298050291e-17,2.6142864083373607,3.82953647271651e-12,0.00032703397427126345,1000000.0,1000415.4684251834
0.001361229061781915,0.00010041704963472062,1.327077944057969e-09,298.15001045846117,0.0,0.030704362066893316,299.31925166151217,1.5764425270817903e-17,0.0,3.7649005141285636e-06,99.77820022760909,2.641163285584643e-16,1.081972888786498e-15,3.85273245071912e-11,1.1394884230624468e-27,1.3543880107164225e-17,2.6142863934999006,3.829535796055792e-12,0.0003270339742471809,1000000.0,1000415.4600590649
0.0013622967132017726,0.00010041704944729485,-3.1535395318709726e-07,298.1500110383919,0.0,0.030704358326183605,299.3192533394829,1.5757930481890083e-17,0.0,3.7649005352098063e-06,99.77820078630926,2.640058198349941e-16,1.07927850637022e-15,3.843137362747409e-11,1.1366684479352948e-27,1.354387956573292e-17,2.6142864081385824,3.8295354648547595e-12,0.0003270339742709402,1000000.0,1000415.4676501896
0.0013633643646216306,0.00010041704899914435,-4.569494075124279e-07,298.1500125373043,0.0,0.030704354824638586,299.31925734892803,1.5751453141995195e-17,0.0,3.764900585616825e-06,99.7782021222074,2.6389559048748297e-16,1.0765908429431438e-15,3.833566201795351e-11,1.1338555915007528e-27,1.3543880812144454e-17,2.6142864431406116,3.829535368399783e-12,0.0003270339743277507,1000000.0,1000415.4861887053
0.0013644320160414883,0.00010041704852496932,-3.687042373786502e-07,298.15001409882075,0.0,0.03070435134696639,299.3192615910921,1.574499234448295e-17,0.0,3.7649006389510314e-06,99.77820353568248,2.6378563927066983e-16,1.0739098744135913e-15,3.8240188811886897e-11,1.131049746580655e-27,1.3543882184207944e-17,2.6142864801752315,3.829535290342012e-12,0.0003270339743878603,1000000.0,1000415.5057211344
0.001365499667461346,0.00010041704825340261,-1.1275831759279715e-07,298.1500149054698,0.0,0.030704347683441095,299.31926402147496,1.5738547052745872e-17,0.0,3.7649006694962727e-06,99.77820434519955,2.6367596320730675e-16,1.07123557704504e-15,3.814495315567823e-11,1.1282508112202567e-27,1.3543882095248161e-17,2.614286501385561,3.829535022840257e-12,0.00032703397442228587,1000000.0,1000415.5166081976
0.0013665673188812037,0.00010041704829502084,1.715519932937597e-07,298.15001457772075,0.0,0.03070434373263062,299.3192636512692,1.5732116600331858e-17,0.0,3.76490066481512e-06,99.77820422113919,2.6356655885403013e-16,1.0685679308961345e-15,3.8049954335457914e-11,1.1254587298272217e-27,1.3543879808604498e-17,2.614286498135248,3.82953446812525e-12,0.0003270339744170101,1000000.0,1000415.514241646
0.0013676349703010615,0.00010041704859747744,3.425488061073008e-07,298.1500133253072,0.0,0.030704339542553152,299.31926094857255,1.5725700969355876e-17,0.0,3.7649006307954072e-06,99.778203319542,2.6345742369810717e-16,1.0659069211243573e-15,3.795519182498274e-11,1.1226735080091771e-27,1.3543875731352496e-17,2.6142864745127103,3.8295336777054205e-12,0.0003270339743786687,1000000.0,1000415.5009050103
0.0013687026217209192,0.0001004170489849068,3.262253870152366e-07,298.1500117946558,0.0,0.030704335274531275,299.31925748602526,1.5719300725539126e-17,0.0,3.7649005872181346e-06,99.7782021646483,2.6334855697973316e-16,1.0632525366758672e-15,3.786066523748351e-11,1.1198951972975992e-27,1.354387111816015e-17,2.6142864442535556,3.829532814515758e-12,0.0003270339743295556,1000000.0,1000415.4840726658
0.001369770273140777,0.00010041704925511764,1.4710952975111301e-07,298.15001071312287,0.0,0.030704331114035928,299.3192550716795,1.571291666953011e-17,0.0,3.764900556825359e-06,99.778201359173,2.6323995958074145e-16,1.0606047672626198e-15,3.7766374213691665e-11,1.1171238518316362e-27,1.3543867380769694e-17,2.6142864231495033,3.8295320631295544e-12,0.00032703397429530184,1000000.0,1000415.4722841181
0.0013708379245606348,0.00010041704928106074,-9.315907215722672e-08,298.1500105251712,0.0,0.03070432717760963,299.3192548416451,1.570654940397588e-17,0.0,3.7649005539073124e-06,99.77820128183883,2.6313163311616106e-16,1.057963600230368e-15,3.767231830756917e-11,1.1143595003603312e-27,1.3543865381850657e-17,2.614286421123461,3.829531537338265e-12,0.0003270339742920131,1000000.0,1000415.4708625822
0.0013727993290317067,0.00010041704868683816,-3.1743426723983857e-07,298.15001247328337,0.0,0.030704320534723797,299.3192601589461,1.5694896111950194e-17,0.0,3.7649006207442017e-06,99.77820305316538,2.629333338698648e-16,1.0531286090571979e-15,3.750013703631389e-11,1.1092992168604414e-27,1.3543866171553414e-17,2.614286467534293,3.829531154698042e-12,0.0003270339743673407,1000000.0,1000415.4953076234
0.0013740719509040948,0.00010041704830361124,-1.465248929291445e-07,298.1500136859063,0.0,0.030704316222476692,299.3192635882018,1.5687364001543364e-17,0.0,3.764900663848748e-06,99.77820419553194,2.628051607829379e-16,1.0500033402323603e-15,3.738884151450441e-11,1.1060283167773226e-27,1.3543866591541445e-17,2.6142864974656357,3.829530896880166e-12,0.00032703397441592106,1000000.0,1000415.510924268
0.0013753445727764828,0.0001004170482932426,1.5127878618853302e-07,298.1500135344302,0.0,0.030704311568206275,299.319263683253,1.5679852926733834e-17,0.0,3.7649006650149683e-06,99.77820422644,2.6267736781971097e-16,1.046887336400127e-15,3.727787590249997e-11,1.1027669873188487e-27,1.3543864369631507e-17,2.614286498275679,3.829530294767761e-12,0.00032703397441723544,1000000.0,1000415.5107160021
0.001376617194648871,0.00010041704865074478,3.2533933864251404e-07,298.15001207333984,0.0,0.03070430657648825,299.3192604886986,1.5672362509157837e-17,0.0,3.764900624803838e-06,99.77820316075663,2.6254995007064423e-16,1.0437805703855128e-15,3.7167239233356907e-11,1.0995152064679176e-27,1.3543859611559302e-17,2.6142864703539543,3.829529359267031e-12,0.0003270339743719161,1000000.0,1000415.495017448
0.0013778898165212588,0.00010041704907656077,2.2716868725103652e-07,298.1500104071804,0.0,0.030704301522107853,299.31925668326284,1.5664893683700196e-17,0.0,3.7649005769089143e-06,99.77820189143571,2.624229059024421e-16,1.0406830239184303e-15,3.7056930867579614e-11,1.0962730574676655e-27,1.354385446116577e-17,2.6142864370967263,3.829528368515483e-12,0.0003270339743179369,1000000.0,1000415.476571694
0.0013791624383936469,0.00010041704921990242,-6.20490774010128e-08,298.15000979222697,0.0,0.030704296726844087,299.3192554037929,1.5657447893736294e-17,0.0,3.764900560786118e-06,99.77820146414658,2.6229623747928306e-16,1.037594680138677e-15,3.694695021728696e-11,1.0930406374370972e-27,1.3543851356789845e-17,2.614286425901553,3.8295276417549036e-12,0.000327033974299766,1000000.0,1000415.4701750705
0.001380435060266035,0.00010041704895913861,-3.064487300605198e-07,298.15001063345875,0.0,0.030704292302268902,299.31925773794865,1.565002587201444e-17,0.0,3.7649005901162667e-06,99.7782022414611,2.6216994801241213e-16,1.0345155152175234e-15,3.683729643783513e-11,1.089817956472877e-27,1.3543851084455373e-17,2.6142864462681725,3.8295272843481795e-12,0.00032703397433282217,1000000.0,1000415.4808541306
0.001381707682138423,0.00010041704849726794,-3.0999462542788635e-07,298.1500121685142,0.0,0.030704288062170446,299.3192618704592,1.5642626999459425e-17,0.0,3.7649006420664994e-06,99.77820361825793,2.620440381672828e-16,1.0314454956699498e-15,3.6727968330054624e-11,1.0866049161800071e-27,1.3543852164450149e-17,2.6142864823418144,3.82952710540517e-12,0.00032703397439137196,1000000.0,1000415.4999263643
0.0013829803040108111,0.00010041704819666068,-7.260140990890206e-08,298.1500130879124,0.0,0.03070428367414531,299.31926456090656,1.5635249761587433e-17,0.0,3.764900675878159e-06,99.77820451434242,2.619185046564473e-16,1.0283845835629446e-15,3.661896452923422e-11,1.0834013474482232e-27,1.3543852055125168e-17,2.614286505820321,3.829526773111605e-12,0.00032703397442947896,1000000.0,1000415.5120671177
0.0013842529258831992,0.0001004170482874741,2.136319328290277e-07,298.15001258792677,0.0,0.030704278927070054,299.31926375115887,1.562789292110323e-17,0.0,3.764900665663628e-06,99.77820424363539,2.6179334207491417e-16,1.0253327451599575e-15,3.651028382594225e-11,1.0802071410866632e-27,1.3543849196477334e-17,2.6142864987277497,3.829526081583673e-12,0.00032703397441796684,1000000.0,1000415.5076379664
0.0013855255477555873,0.00010041704868512712,3.203539754663637e-07,298.1500110072658,0.0,0.03070427389853181,299.31926019756423,1.5620556451240457e-17,0.0,3.7649006209364147e-06,99.77820305826582,2.6166854637767145e-16,1.0222899561905409e-15,3.6401925359732685e-11,1.0770223063588496e-27,1.3543844245905728e-17,2.6142864676701256,3.8295251140157864e-12,0.00032703397436755773,1000000.0,1000415.4903280161
0.0013867981696279754,0.00010041704906150926,1.6480617347902876e-07,298.1500095434434,0.0,0.0307042688895075,299.31925683418007,1.5613241488784993e-17,0.0,3.7649005786017076e-06,99.77820193630296,2.6154411718746894e-16,1.0192561995408772e-15,3.629388853355405e-11,1.0738469393291773e-27,1.354383952770184e-17,2.6142864382738185,3.829524172905149e-12,0.0003270339743198451,1000000.0,1000415.4740532297
0.0013880707915003634,0.00010041704910929168,-1.264340423923919e-07,298.1500092886123,0.0,0.0307042641819103,299.3192564092279,1.5605949362651792e-17,0.0,3.764900573227216e-06,99.77820179386768,2.61420057152867e-16,1.016231457360604e-15,3.618617272280462e-11,1.0706811225088811e-27,1.3543837161654095e-17,2.61428643454209,3.829523536461235e-12,0.00032703397431378786,1000000.0,1000415.4717480364
0.0013893434133727513,0.00010041704878603502,-3.2050268885499813e-07,298.1500103624302,0.0,0.030704259814669253,299.31925930221246,1.559868048427531e-17,0.0,3.7649006095864315e-06,99.77820275746802,2.6129636893381917e-16,1.013215703976539e-15,3.6078777014254226e-11,1.0675248371638833e-27,1.3543837379991217e-17,2.614286459789576,3.829523237687741e-12,0.000327033974354766,1000000.0,1000415.4850928518
0.0013906160352451394,0.00010041704834459085,-2.6429773035979056e-07,298.1500118290552,0.0,0.030704255555842604,299.3192632520635,1.5591433981231434e-17,0.0,3.764900659239135e-06,99.77820407337525,2.6117305223035384e-16,1.0102089052024814e-15,3.597170018087376e-11,1.064377957641006e-27,1.3543838366280263e-17,2.6142864942678457,3.829523041210767e-12,0.0003270339744107263,1000000.0,1000415.5033195141
0.0013918886571175275,0.00010041704812882257,-5.038463484982908e-09,298.1500124527117,0.0,0.0307042510900038,299.31926518385654,1.5584208354121528e-17,0.0,3.7649006835082814e-06,99.778204716562,2.610501031931455e-16,1.007211024458309e-15,3.586494090761863e-11,1.061240330595845e-27,1.3543837721936276e-17,2.614286511120181,3.829522633349495e-12,0.0003270339744380785,1000000.0,1000415.5119091904
0.0013929751265996657,0.00010041704823863582,2.2203049837162664e-07,298.1500119232257,0.0,0.030704247007700084,299.3192642038659,1.557805545964525e-17,0.0,3.7649006711566928e-06,99.77820438921809,2.609454255914814e-16,1.0046586913713419e-15,3.577404826733109e-11,1.058568920960195e-27,1.354383511507935e-17,2.614286502543633,3.829522016043398e-12,0.00032703397442415786,1000000.0,1000415.5068102257
0.0013940615960818042,0.00010041704855176352,3.2446926277812424e-07,298.15001067828297,0.0,0.03070424273889697,299.31926140577974,1.5571917181226716e-17,0.0,3.764900635936718e-06,99.7782034558113,2.608410101714313e-16,1.0021128214876778e-15,3.5683385773605716e-11,1.055904215061854e-27,1.3543831123568727e-17,2.6142864780876436,3.8295212159337446e-12,0.0003270339743844637,1000000.0,1000415.4931783996
0.0013957295478690122,0.00010041704907188078,1.5999004239717093e-07,298.1500086738064,0.0,0.03070423614927417,299.31925675779956,1.556252334406923e-17,0.0,3.7649005774349735e-06,99.77820190538635,2.606812208160446e-16,9.982169434430515e-16,3.554464730941152e-11,1.0518264825286894e-27,1.3543824822592414e-17,2.6142864374652723,3.829519960107516e-12,0.00032703397431853016,1000000.0,1000415.4707511932
0.0013968890916880616,0.00010041704914013876,-1.1388289500507609e-07,298.1500083654917,0.0,0.030704231837299638,299.3192561495419,1.5556015321595397e-17,0.0,3.7649005697574355e-06,99.77820170191517,2.6057050227492494e-16,9.95517505381991e-16,3.544851598564243e-11,1.049001134032576e-27,1.3543822554004044e-17,2.6142864321343207,3.829519360073391e-12,0.0003270339743098773,1000000.0,1000415.4676501737
0.0013980486355071107,0.00010041704888130651,-3.4310096997027054e-07,298.15000923450253,0.0,0.030704227825366467,299.319258466218,1.5549526259856374e-17,0.0,3.7649005988703293e-06,99.77820247347191,2.6046008570576317e-16,9.92825378136715e-16,3.535264500962023e-11,1.0461835403397893e-27,1.3543822575048328e-17,2.614286452350053,3.8295190587658655e-12,0.0003270339743426886,1000000.0,1000415.478365984
0.0013992081793261601,0.00010041704843407767,-3.849838854544075e-07,298.15001075873994,0.0,0.03070422398625036,299.31926246758997,1.5543055746730452e-17,0.0,3.764900649173682e-06,99.7782038066227,2.6034997165391033e-16,9.90140537848308e-16,3.52570335267809e-11,1.0433736299447987e-27,1.3543823872351779e-17,2.6142864872800984,3.829518925549816e-12,0.00032703397439938226,1000000.0,1000415.4969623303
0.0014003677231452095,0.00010041704805006387,-2.0724203907984964e-07,298.1500120239148,0.0,0.03070422008914755,299.31926590367505,1.5536602773960558e-17,0.0,3.764900692366739e-06,99.77820495133493,2.6024015834195927e-16,9.874629575758428e-16,3.516168056913493e-11,1.0405712946479159e-27,1.3543824671323394e-17,2.614286517272869,3.8295187291473104e-12,0.00032703397444806235,1000000.0,1000415.5127814077
0.001401527266964259,0.00010041704794928309,9.165384011866256e-08,298.150012248961,0.0,0.03070421593223557,299.3192668070101,1.5530166286531647e-17,0.0,3.764900703702331e-06,99.77820525175379,2.601306421940958e-16,9.847926114638141e-16,3.5066585208689643e-11,1.0377764399376687e-27,1.3543823455951465e-17,2.614286525144327,3.829518270523193e-12,0.000327033974460838,1000000.0,1000415.5165661537
0.0014026868107833083,0.00010041704819209694,3.40493899448973e-07,298.1500112406577,0.0,0.03070421146014514,299.3192646378241,1.5523745770664794e-17,0.0,3.7649006763911095e-06,99.7782045279465,2.600214194465297e-16,9.821294783262144e-16,3.4971746689884874e-11,1.0349890331454741e-27,1.3543819851196696e-17,2.6142865061800578,3.829517498736485e-12,0.0003270339744300573,1000000.0,1000415.5058483693
0.0014038463546023577,0.00010041704864111876,3.940284178671852e-07,298.1500095168388,0.0,0.030704206798901627,299.31926062466806,1.5517341534450052e-17,0.0,3.764900625886043e-06,99.77820318945098,2.5991248788327834e-16,9.79473542703214e-16,3.487716446562163e-11,1.0322090893266776e-27,1.3543814862122334e-17,2.6142864711103564,3.829516543305e-12,0.00032703397437313633,1000000.0,1000415.4865106321
0.0014050058984214071,0.00010041704903668491,2.170806311394183e-07,298.1500080212066,0.0,0.030704202186694785,299.31925708952775,1.5510954520171788e-17,0.0,3.764900581393559e-06,99.77820201030222,2.598038476846124e-16,9.768247924906117e-16,3.47828381145397e-11,1.0294366856455784e-27,1.3543810320388332e-17,2.614286440215695,3.829515642933788e-12,0.00032703397432299176,1000000.0,1000415.4695523373
0.0014061654422404565,0.00010041704914441228,-9.313973027606441e-08,298.1500075867137,0.0,0.030704197838524117,299.3192561283236,1.5504585744881262e-17,0.0,3.7649005692765867e-06,99.77820168917617,2.596955009042598e-16,9.741832147991252e-16,3.468876718580933e-11,1.0266718826646501e-27,1.3543807842693454e-17,2.614286431802067,3.829515009804286e-12,0.00032703397430933553,1000000.0,1000415.4648379677
0.001407324986059506,0.00010041704889114622,-3.6034906773779976e-07,298.1500084520043,0.0,0.030704193821493888,299.3192583952253,1.5498235686555337e-17,0.0,3.7649005977634063e-06,99.77820244414058,2.5958744985989116e-16,9.7154879216025e-16,3.459495105973051e-11,1.0239146835443444e-27,1.3543807892219147e-17,2.6142864515830593,3.829514706431211e-12,0.0003270339743414412,1000000.0,1000415.4753740042
0.001408484529878555,0.0001004170484107251,-4.2916669173294374e-07,298.15001011062435,0.0,0.03070419001283364,299.31926269341193,1.5491903969611446e-17,0.0,3.764900651800157e-06,99.7782038762347,2.594796953419618e-16,9.689215013467572e-16,3.4501388904449444e-11,1.0211650195446177e-27,1.3543809485957772e-17,2.6142864891055124,3.829514606293879e-12,0.00032703397440234257,1000000.0,1000415.4954230345
0.0014096440736976045,0.00010041704797129123,-2.5525858987046536e-07,298.1500115869148,0.0,0.030704186166576244,299.3192666250792,1.548558953648642e-17,0.0,3.7649007012267482e-06,99.7782051861494,2.5937223566705e-16,9.66301315523865e-16,3.440807975512878e-11,1.0184227766740218e-27,1.3543810730203446e-17,2.614286523426745,3.8295144626955685e-12,0.00032703397445804806,1000000.0,1000415.5136226284
0.0014108036175166539,0.00010041704782348222,6.655470580264299e-08,298.150011988805,0.0,0.03070418205281204,299.319267948954,1.5479291216210295e-17,0.0,3.764900717851979e-06,99.77820562675541,2.59265067138492e-16,9.63688208540526e-16,3.4315022672029886e-11,1.015687848876797e-27,1.3543809893490025e-17,2.6142865349712388,3.829514048504664e-12,0.0003270339744767853,1000000.0,1000415.519419611
0.0014123474445066027,0.00010041704812545363,4.243675865868796e-07,298.15001073318854,0.0,0.03070417611819385,299.3192652514685,1.5470929923831505e-17,0.0,3.76490068388683e-06,99.77820472660453,2.5912282769515077e-16,9.602200471241244e-16,3.4191515641681013e-11,1.0120578408750501e-27,1.3543805310630533e-17,2.614286511386653,3.829513042392535e-12,0.00032703397443850543,1000000.0,1000415.5060845381
0.0014132935151040928,0.00010041704852961277,4.6657996919643047e-07,298.15000919856504,0.0,0.030704172280421556,299.319261639096,1.5465819819747828e-17,0.0,3.764900638427828e-06,99.77820352184078,2.5903591124105487e-16,9.581008937173668e-16,3.4116049025756176e-11,1.0098397345165751e-27,1.3543801020888346e-17,2.614286479820816,3.829512229848407e-12,0.00032703397438727156,1000000.0,1000415.4887368694
0.0014142395857015828,0.00010041704891740692,3.445999859147443e-07,298.15000774780475,0.0,0.030704168457662065,299.31925817306404,1.5460720838575304e-17,0.0,3.764900594809527e-06,99.77820236585967,2.589491841896861e-16,9.55986418644187e-16,3.404074900548187e-11,1.0076265324921667e-27,1.3543796896815433e-17,2.614286449533131,3.829511436602035e-12,0.00032703397433811226,1000000.0,1000415.4721651652
0.0014151856562990728,0.00010041704914318133,1.0169742936320964e-07,298.15000690112544,0.0,0.03070416478352429,299.3192561558585,1.545563359248952e-17,0.0,3.7649005694148712e-06,99.77820169284553,2.5886264761671305e-16,9.538766155793507e-16,3.3965615360314856e-11,1.0054182718160205e-27,1.3543793948112275e-17,2.6142864318996524,3.829510794962329e-12,0.0003270339743094916,1000000.0,1000415.4625083783
0.0014161317268965629,0.00010041704912567676,-1.7570621823074596e-07,298.150006939686,0.0,0.03070416133254703,299.31925631412275,1.5450558494197438e-17,0.0,3.764900571383731e-06,99.77820174502513,2.5877630288174134e-16,9.517714763924115e-16,3.389064780328035e-11,1.003214967128448e-27,1.3543792720483854e-17,2.614286433266959,3.829510377167058e-12,0.00032703397431171064,1000000.0,1000415.4631606113
0.001417077797494053,0.00010041704887244629,-3.895858237959959e-07,298.1500078219039,0.0,0.030704158097801554,299.31925858031497,1.5445495618132735e-17,0.0,3.7649005998665527e-06,99.77820249988343,2.586901510094271e-16,9.496709905115334e-16,3.3815845957509385e-11,1.0010166032831837e-27,1.3543793133213592e-17,2.6142864530451346,3.829510173815451e-12,0.00032703397434381175,1000000.0,1000415.4737539683
0.001417813347916834,0.0001004170485774194,-4.5424751947044536e-07,298.15000884832835,0.0,0.030704155672882455,299.319261219877,1.544156758117906e-17,0.0,3.7649006330505524e-06,99.77820337933329,2.5862330315368515e-16,9.480411117492473e-16,3.375780322239132e-11,9.993108040328798e-28,1.354379411700927e-17,2.6142864760876963,3.829510103134095e-12,0.0003270339743812113,1000000.0,1000415.4860926672
0.0014185488983396149,0.00010041704827071917,-4.249020659011615e-07,298.15000990371556,0.0,0.030704153258671495,299.3192639638254,1.543764645725765e-17,0.0,3.764900667547547e-06,99.7782042935804,2.58556571506577e-16,9.46414030832065e-16,3.369986011842463e-11,9.976079351203131e-28,1.3543795158750039e-17,2.6142865000419806,3.829510040850715e-12,0.00032703397442009063,1000000.0,1000415.498880179
0.0014192844487623958,0.00010041704801454004,-3.1393983231148556e-07,298.1500107650331,0.0,0.03070415079811778,299.3192662559997,1.543373197119791e-17,0.0,3.764900696362031e-06,99.77820505722842,2.5848995533331715e-16,9.44789741465444e-16,3.3642016419457815e-11,9.95907971385289e-28,1.3543795825541761e-17,2.6142865200504204,3.829509930313071e-12,0.00032703397445256563,1000000.0,1000415.5094921215
0.0014205371633152618,0.0001004170478140322,-2.2076316322696832e-08,298.1500113655982,0.0,0.030704146391263787,299.319268051293,1.5427079874915978e-17,0.0,3.7649007189147147e-06,99.7782056549251,2.58376764704579e-16,9.420298258450636e-16,3.354373112423883e-11,9.930194011259742e-28,1.3543795283607522e-17,2.6142865357108547,3.8295095236794135e-12,0.00032703397447798334,1000000.0,1000415.5175452749
0.001421789877868128,0.00010041704795469929,2.635487713270851e-07,298.1500107349886,0.0,0.03070414167145169,299.31926679570324,1.5420445849605142e-17,0.0,3.7649007030927483e-06,99.77820523560857,2.582639027249793e-16,9.392779661506226e-16,3.3445732688591066e-11,9.901391602540032e-28,1.3543792357032144e-17,2.6142865247245477,3.829508804953764e-12,0.00032703397446015147,1000000.0,1000415.5111759404
0.001423042592420994,0.00010041704834987006,3.9397020037759343e-07,298.1500092081844,0.0,0.030704136718185386,299.3192632642692,1.5413829987071024e-17,0.0,3.764900658644733e-06,99.77820405763838,2.5815136666073405e-16,9.365341412778928e-16,3.33480203641196e-11,9.872672553949752e-28,1.3543787695977827e-17,2.614286493860772,3.829507857286646e-12,0.00032703397441005705,1000000.0,1000415.4941233426
0.00142429530697386,0.00010041704878110998,3.00517792408859e-07,298.1500075847999,0.0,0.030704131731834793,299.3192594102945,1.5407233008233107e-17,0.0,3.764900610139735e-06,99.77820277214914,2.5803915573048387e-16,9.337983330321062e-16,3.3250593510143094e-11,9.844037340544607e-28,1.3543782852429676e-17,2.6142864601798927,3.829506882481572e-12,0.0003270339743553902,1000000.0,1000415.4756599204
0.0014255480215267262,0.00010041704900896268,3.699189726989268e-08,298.1500067228586,0.0,0.030704126932052742,299.3192573750662,1.5400655879285535e-17,0.0,3.764900584511311e-06,99.7782020929398,2.5792727112323353e-16,9.310705239960481e-16,3.3153451514121416e-11,9.815486485812557e-28,1.3543779491738399e-17,2.614286442384138,3.8295060985430664e-12,0.0003270339743265061,1000000.0,1000415.4658875647
0.001426800736079592,0.00010041704890310543,-2.523744681890221e-07,298.1500070721296,0.0,0.030704122438383642,299.3192583239672,1.5394099254411527e-17,0.0,3.7649005964178932e-06,99.7782024084912,2.5781571485095035e-16,9.283506940532238e-16,3.3056593663615855e-11,9.787020136221194e-28,1.3543778486861068e-17,2.614286450652087,3.829505621119472e-12,0.0003270339743399252,1000000.0,1000415.4702457975
0.001428053450632458,0.00010041704851658079,-4.0645927667819056e-07,298.15000841738106,0.0,0.030704118202171126,299.3192617826755,1.538756307764528e-17,0.0,3.764900639893361e-06,99.77820356068798,2.5770448810402375e-16,9.256388183345859e-16,3.2960019071150134e-11,9.758637849408754e-28,1.354377942003149e-17,2.614286480840962,3.829505397544537e-12,0.0003270339743889236,1000000.0,1000415.4864115324
0.0014293061651853242,0.00010041704805826097,-3.3893863056385427e-07,298.1500099908644,0.0,0.03070411403181686,299.31926588339695,1.538104657522829e-17,0.0,3.764900691444203e-06,99.77820492690007,2.5759359005475257e-16,9.229348679650683e-16,3.286372670148478e-11,9.730338671219701e-28,1.3543780801087176e-17,2.6142865166372475,3.829505234300987e-12,0.00032703397444702325,1000000.0,1000415.5055075991
0.0014305588797381902,0.00010041704777829012,-8.574576022523173e-08,298.1500108935218,0.0,0.030704109697864204,299.31926838927114,1.5374548648667678e-17,0.0,3.764900722934722e-06,99.77820576146918,2.5748301777244593e-16,9.20238813128417e-16,3.276771548552371e-11,9.702121607500117e-28,1.3543780885003569e-17,2.614286538503966,3.829504903182401e-12,0.00032703397448251417,1000000.0,1000415.5169719353
0.0014318115942910563,0.00010041704782989799,2.1431361904172915e-07,298.1500105917661,0.0,0.030704105059756237,299.3192679300742,1.5368068449126864e-17,0.0,3.7649007171299523e-06,99.77820560763057,2.5737276730555104e-16,9.17550626783296e-16,3.267198445548629e-11,9.673985923364578e-28,1.3543778636108454e-17,2.614286534473435,3.8295042673797854e-12,0.00032703397447597204,1000000.0,1000415.5143927517
0.0014330643088439224,0.00010041704818392595,3.955557701185042e-07,298.1500092153122,0.0,0.0307041001442406,299.31926476655076,1.5361605818436474e-17,0.0,3.764900677309595e-06,99.77820455230354,2.5726283533667824e-16,9.148702868339892e-16,3.2576532825682867e-11,9.645931492312247e-28,1.3543774306154314e-17,2.614286506823026,3.829503357829289e-12,0.00032703397443109317,1000000.0,1000415.4990857649
0.0014338746921523876,0.00010041704847151204,3.891321452885033e-07,298.1500081318562,0.0,0.030704096910664353,299.3192621963591,1.5357434787237892e-17,0.0,3.7649006449624915e-06,99.77820369503407,2.5719188894852035e-16,9.13140539708155e-16,3.251493347234368e-11,9.627826502972442e-28,1.3543771133029596e-17,2.6142864843618514,3.82950271905851e-12,0.0003270339743946368,1000000.0,1000415.4867700717
0.0014346850754608526,0.00010041704872034595,2.9451079256798e-07,298.15000720182053,0.0,0.03070409371263615,299.3192599727003,1.5353271676291215e-17,0.0,3.764900616974152e-06,99.77820295328151,2.571210755392868e-16,9.114140642120702e-16,3.245345062293644e-11,9.609755884590134e-28,1.354376825970815e-17,2.614286464927332,3.8295021181079245e-12,0.000327033974363093,1000000.0,1000415.4761386146
0.0014354954587693178,0.00010041704887558079,1.4060585320007194e-07,298.1500066192701,0.0,0.030704090600466825,299.319258586031,1.534911672772328e-17,0.0,3.764900599513643e-06,99.77820249053977,2.570503956207954e-16,9.096908558935083e-16,3.239208412068249e-11,9.591719751891773e-28,1.3543766062852784e-17,2.614286452803169,3.829501604481843e-12,0.0003270339743434144,1000000.0,1000415.4694968511
0.0014363058420777829,0.00010041704890813276,-3.4881932835258275e-08,298.15000648382573,0.0,0.03070408760083475,299.3192582964269,1.5344970092385157e-17,0.0,3.7649005958522493e-06,99.77820239350514,2.5697984968839394e-16,9.079709094687322e-16,3.2330833778179295e-11,9.57371811725291e-28,1.3543764735815341e-17,2.6142864502608893,3.829501203858905e-12,0.00032703397433928787,1000000.0,1000415.4680561501
0.001437116225386248,0.00010041704881814032,-1.9197711768116688e-07,298.1500067891477,0.0,0.0307040847136128,299.31925910264965,1.5340831807693877e-17,0.0,3.764900605974397e-06,99.77820266176487,2.5690943810062885e-16,9.062542187954673e-16,3.226969937661027e-11,9.555750906787215e-28,1.3543764266287819e-17,2.614286457289679,3.829500915096677e-12,0.0003270339743506959,1000000.0,1000415.4717908449
0.0014381364932592672,0.0001004170485747825,-3.120517215196452e-07,298.1500076329176,0.0,0.030704081197919394,299.31926128069387,1.5335633475139522e-17,0.0,3.764900633346763e-06,99.77820338719368,2.5682098150576426e-16,9.04097534045179e-16,3.2192896000723995e-11,9.533179007763078e-28,1.3543764569620982e-17,2.6142864762967766,3.829500668803217e-12,0.0003270339743815455,1000000.0,1000415.4819569505
0.0014391567611322866,0.00010041704827743977,-3.1789218632129996e-07,298.1500086558565,0.0,0.030704077731746684,299.3192639414864,1.5330447880010415e-17,0.0,3.7649006667912383e-06,99.77820427354685,2.567327374536062e-16,9.019459841731495e-16,3.211627547917155e-11,9.510660990380122e-28,1.354376522388386e-17,2.6142864995202495,3.829500469186988e-12,0.00032703397441923867,1000000.0,1000415.4943520884
0.0014401770290053057,0.00010041704802999663,-2.1807345564337322e-07,298.1500094836811,0.0,0.030704074219801793,299.3192661560627,1.5325274568400265e-17,0.0,3.764900694623113e-06,99.77820501115366,2.566447047184123e-16,8.99799554262929e-16,3.2039837277578197e-11,9.488196400332775e-28,1.3543765502613103e-17,2.6142865188464217,3.82950022131707e-12,0.00032703397445060615,1000000.0,1000415.5045867782
0.0014417583906610966,0.0001004170479025608,3.8960891398689715e-08,298.1500098273486,0.0,0.030704068541564117,299.3192672985277,1.5317279647114838e-17,0.0,3.7649007089568027e-06,99.77820539102896,2.5650867253226633e-16,8.964827863667514e-16,3.1921721224299726e-11,9.453482279503643e-28,1.3543764117527002e-17,2.6142865287997625,3.8294996002204186e-12,0.0003270339744667607,1000000.0,1000415.5095725263
0.0014433397523168873,0.00010041704811097947,2.462328814497121e-07,298.15000896570496,0.0,0.030704062555250357,299.319265437686,1.5309312803141916e-17,0.0,3.764900685514271e-06,99.77820476975073,2.563731392071545e-16,8.931782412466562e-16,3.1804040413473365e-11,9.418895128187764e-28,1.354376040058046e-17,2.614286512521901,3.829498673063366e-12,0.00032703397444034017,1000000.0,1000415.5003833052
0.0014449211139726781,0.0001004170484852578,2.5352223188183865e-07,298.15000753513254,0.0,0.03070405641679668,299.31926209368027,1.5301374404212665e-17,0.0,3.764900643416189e-06,99.77820365405913,2.5623810154742373e-16,8.898858776417884e-16,3.168679338149061e-11,9.38443503654653e-28,1.3543755586922643e-17,2.6142864832899244,3.829497599346889e-12,0.0003270339743928942,1000000.0,1000415.4842831157
0.001446502475628469,0.00010041704873279651,5.730559160095639e-08,298.15000659389807,0.0,0.030704050394603322,299.31925988301623,1.5293465497549462e-17,0.0,3.764900615573517e-06,99.77820291616746,2.5610355926492916e-16,8.866056568886234e-16,3.156997876053999e-11,9.3501024247194e-28,1.3543751730547077e-17,2.6142864639566756,3.829496647160305e-12,0.00032703397436151455,1000000.0,1000415.4736490936
0.00144808383728426,0.00010041704865824952,-1.8986975337633647e-07,298.15000682585134,0.0,0.03070404466786004,299.319260552534,1.5285586951329236e-17,0.0,3.764900623958379e-06,99.77820313838563,2.5596951393507415e-16,8.833375384201658e-16,3.145359511196938e-11,9.315897409388408e-28,1.3543750158731866e-17,2.6142864697792416,3.829495991541888e-12,0.0003270339743709646,1000000.0,1000415.4766675775
0.0014496651989400506,0.00010041704830969763,-2.970035161476692e-07,298.15000802933275,0.0,0.03070403919246193,299.3192636722815,1.527773871797431e-17,0.0,3.7649006631627452e-06,99.77820417738894,2.558359663534255e-16,8.800814760581397e-16,3.1337640789508087e-11,9.281819324838672e-28,1.3543750480039912e-17,2.614286497002376,3.829495583610578e-12,0.00032703397441514933,1000000.0,1000415.4912105312
0.0014512465605958415,0.00010041704794925749,-1.7732716775106e-07,298.15000924410003,0.0,0.030704033727970186,299.3192668983371,1.5269919762969637e-17,0.0,3.764900703704277e-06,99.77820525183009,2.5570291453218735e-16,8.768374186084059e-16,3.122211396218983e-11,9.24786689239792e-28,1.3543750830680391e-17,2.6142865251540157,3.82949518108062e-12,0.0003270339744608411,1000000.0,1000415.5061487776
0.0014528279222516323,0.0001004170478511158,7.865718844033748e-08,298.15000949220234,0.0,0.03070402802287484,299.3192677788456,1.5262128770709774e-17,0.0,3.7649007147430224e-06,99.77820554438209,2.5557035371687713e-16,8.736053149566875e-16,3.1107012801619947e-11,9.214038808994301e-28,1.3543749312490838e-17,2.6142865328193943,3.829494535119857e-12,0.0003270339744732822,1000000.0,1000415.509930599
0.001454227552746853,0.00010041704806210505,2.622441847695897e-07,298.1500086424599,0.0,0.030704022700196027,299.3192658946842,1.5255255846114644e-17,0.0,3.764900691011361e-06,99.77820491544121,2.5545343220651905e-16,8.707545817389686e-16,3.100549291732667e-11,9.184201434797078e-28,1.3543745899424075e-17,2.614286516340731,3.829493691890182e-12,0.0003270339744465358,1000000.0,1000415.5007053781
0.0014556271832420736,0.0001004170484197988,2.7582799224823536e-07,298.1500072881708,0.0,0.030704017242947888,299.3192626986495,1.5248404538873055e-17,0.0,3.7649006507786814e-06,99.77820384918681,2.553368887919293e-16,8.679131494111613e-16,3.090430423389617e-11,9.154461026769796e-28,1.3543741512824686e-17,2.6142864884040256,3.829492718792031e-12,0.0003270339744011921,1000000.0,1000415.4853628473
0.0014570268137372943,0.00010041704869052965,1.067140863367879e-07,298.15000627586136,0.0,0.03070401186547244,299.3192602802617,1.5241575687304698e-17,0.0,3.7649006203274094e-06,99.77820304216135,2.552207233588337e-16,8.650809934938415e-16,3.080344588668608e-11,9.12481797869207e-28,1.354373779572257e-17,2.614286467259372,3.829491830162483e-12,0.0003270339743668725,1000000.0,1000415.4737920463
0.001458426444232515,0.00010041704869294189,-1.3732122207844573e-07,298.1500062454224,0.0,0.03070400673412603,299.3192602612552,1.52347700808057e-17,0.0,3.764900620056059e-06,99.77820303497067,2.5510493733152647e-16,8.622580881787493e-16,3.070291696194973e-11,9.09527250390876e-28,1.3543735990081254e-17,2.61428646707117,3.829491189377065e-12,0.0003270339743665667,1000000.0,1000415.4736100441
0.0014598260747277355,0.00010041704841824864,-2.973462902038704e-07,298.1500072054671,0.0,0.030704001856968328,299.31926272020473,1.5227987890928926e-17,0.0,3.7649006509529614e-06,99.77820385380768,2.54989531939499e-16,8.594444033881141e-16,3.060271638866104e-11,9.065824285206568e-28,1.3543736112599002e-17,2.6142864885257007,3.829490800458572e-12,0.00032703397440138863,1000000.0,1000415.4851099324
0.001460778525585808,0.00010041704816349688,-2.8692571833049317e-07,298.1500080871384,0.0,0.030703998600268286,299.31926500001254,1.5223385680265002e-17,0.0,3.764900679606894e-06,99.77820461320083,2.549112158695141e-16,8.575349384398808e-16,3.0534716765966435e-11,9.045839864076156e-28,1.3543736642450319e-17,2.61428650842268,3.829490595004149e-12,0.0003270339744336826,1000000.0,1000415.4957470907
0.0014617309764438802,0.00010041704795705723,-1.913837252689274e-07,298.15000878221093,0.0,0.03070399529925229,299.3192668477998,1.5218793615205703e-17,0.0,3.764900702826782e-06,99.77820522857976,2.548330747894995e-16,8.556297150157174e-16,3.0466868182637706e-11,9.025899691391224e-28,1.3543736812751799e-17,2.614286524546345,3.8294903432291126e-12,0.0003270339744598523,1000000.0,1000415.5043003631
0.0014626834273019527,0.00010041704785826784,-4.720898800696273e-08,298.15000908148454,0.0,0.030703991899489882,299.31926773294765,1.521421139018047e-17,0.0,3.76490071393839e-06,99.77820552306245,2.5475510743738374e-16,8.537287226023634e-16,3.039917026262391e-11,9.006003500594404e-28,1.354373621745511e-17,2.6142865322622146,3.8294899917073335e-12,0.00032703397447237547,1000000.0,1000415.5082780711
0.0014636358781600252,0.0001004170478874979,9.789457765298649e-08,298.1500089182642,0.0,0.030703988382296637,299.31926747330925,1.520963883907391e-17,0.0,3.7649007106506348e-06,99.77820543593015,2.546773125916296e-16,8.518319514440303e-16,3.0331622658019424e-11,8.986151141874321e-28,1.3543734727102916e-17,2.614286529979398,3.829489522988563e-12,0.00032703397446867005,1000000.0,1000415.5068422521
0.0014645883290180974,0.00010041704802428293,2.0007594874772034e-07,298.15000837290694,0.0,0.030703984766444675,299.3192662518838,1.520507596284736e-17,0.0,3.7649006952653198e-06,99.77820502818571,2.545996893173584e-16,8.499393927325245e-16,3.026422505585762e-11,8.966342586137897e-28,1.3543732497659032e-17,2.61428651929623,3.8294889569255005e-12,0.0003270339744513303,1000000.0,1000415.5008800823
0.00146554077987617,0.00010041704821730902,2.3218693788895366e-07,298.150007634859,0.0,0.030703981099004008,299.3192645275347,1.5200522906928882e-17,0.0,3.7649006735541255e-06,99.77820445279147,2.5452223710750944e-16,8.480510383999794e-16,3.019697717041126e-11,8.946577893049417e-28,1.3543729896818506e-17,2.614286504220473,3.829488341203573e-12,0.00032703397442686104,1000000.0,1000415.4925752518
0.0014664932307342422,0.00010041704840263956,1.9054289447035022e-07,298.1500069357821,0.0,0.030703977438623346,299.31926287200145,1.519597989778348e-17,0.0,3.764900652708512e-06,99.77820390033703,2.5444495588349113e-16,8.461668806797535e-16,3.0129878727006124e-11,8.92685715548578e-28,1.3543727374214168e-17,2.614286489745761,3.829487734476227e-12,0.0003270339744033673,1000000.0,1000415.4846337368
0.0014674456815923147,0.00010041704852424931,9.422993346368488e-08,298.15000647545816,0.0,0.030703973836694216,299.3192617862776,1.519144716063759e-17,0.0,3.76490063903008e-06,99.77820353782877,2.543678458651509e-16,8.442869116014399e-16,3.0062929443656947e-11,8.907180458588363e-28,1.3543725317605013e-17,2.614286480247824,3.829487187580545e-12,0.00032703397438795125,1000000.0,1000415.4794157732
0.001468398132450387,0.00010041704855019015,-2.2986612354565965e-08,298.1500063644626,0.0,0.03070397032252236,299.31926155605237,1.5186924843966794e-17,0.0,3.76490063611229e-06,99.77820346050136,2.5429090736516727e-16,8.424111226322764e-16,2.9996129016877504e-11,8.887547745139236e-28,1.3543723941599156e-17,2.6142864782219037,3.829486728923116e-12,0.00032703397438466286,1000000.0,1000415.4782559137
0.0014693505833084594,0.00010041704848007111,-1.240473298892102e-07,298.1500065987891,0.0,0.030703966896466286,299.31926218482187,1.5182412975897377e-17,0.0,3.764900643999116e-06,99.77820366952021,2.5421414057121836e-16,8.405395044613402e-16,2.9929477115336625e-11,8.867958938482146e-28,1.35437232384188e-17,2.6142864836985353,3.829486357919541e-12,0.0003270339743935516,1000000.0,1000415.4811523056
0.0014706258427156114,0.0001004170482990753,-1.8462871430358603e-07,298.15000721709487,0.0,0.030703962389145172,299.3192638056745,1.5176388057584447e-17,0.0,3.7649006643571273e-06,99.77820420905321,2.54111624171098e-16,8.380400604491105e-16,2.984046712596562e-11,8.841799395650881e-28,1.3543722892070408e-17,2.6142864978350056,3.829485939171169e-12,0.0003270339744164958,1000000.0,1000415.4886796019
0.0014719011021227632,0.00010041704810955087,-1.5196024861556295e-07,298.15000785332785,0.0,0.03070395788964829,299.31926550279235,1.517038121081849e-17,0.0,3.764900685674419e-06,99.77820477400928,2.5400941403738195e-16,8.355480500681257e-16,2.9751721849068185e-11,8.815717664859625e-28,1.3543722585116443e-17,2.6142865126375843,3.8294855260021914e-12,0.0003270339744405212,1000000.0,1000415.4965238337
0.0014731763615299152,0.0001004170479999956,-5.4554160193970517e-08,298.1500081917281,0.0,0.030703953316797292,299.3192664848033,1.5164391994554185e-17,0.0,3.764900697996944e-06,99.77820510058413,2.539075083464907e-16,8.330634495016483e-16,2.9663240434056855e-11,8.78971326497702e-28,1.3543721704676571e-17,2.614286521194342,3.829485038078938e-12,0.0003270339744544091,1000000.0,1000415.5009561349
0.0014744516209370673,0.00010041704800893911,5.347374691233131e-08,298.15000810088446,0.0,0.0307039486352494,299.31926640716455,1.515842013189352e-17,0.0,3.764900696990973e-06,99.77820507392431,2.5380590515936773e-16,8.305862359536243e-16,2.9575022068184535e-11,8.76378586342269e-28,1.3543719995676985e-17,2.614286520496005,3.829484441480321e-12,0.00032703397445327535,1000000.0,1000415.5003736229
0.001475726880344219,0.00010041704811446823,1.2062012295046996e-07,298.15000766750086,0.0,0.030703943865105554,299.3192654658297,1.515246558912374e-17,0.0,3.7649006851212515e-06,99.77820475935104,2.5370460291596884e-16,8.281163880580952e-16,2.948706599136459e-11,8.737935303346543e-28,1.3543717626390676e-17,2.6142865122540537,3.829483757578742e-12,0.00032703397443989776,1000000.0,1000415.4957285094
0.0014770021397513711,0.00010041704825286213,1.214076727407125e-07,298.15000712562585,0.0,0.030703939064816513,299.31926423060867,1.5146528532730324e-17,0.0,3.764900669554967e-06,99.7782043468107,2.536036006885652e-16,8.256538854664686e-16,2.9399371480887435e-11,8.712161545071718e-28,1.3543715051076554e-17,2.6142865014452683,3.829483045379986e-12,0.00032703397442235407,1000000.0,1000415.4897283885
0.0014782773991585231,0.0001004170483539129,6.459800252040758e-08,298.15000672777404,0.0,0.03070393429878347,299.31926332932056,1.514060920012274e-17,0.0,3.7649006581889614e-06,99.778204045587,2.5350289810884925e-16,8.231987080092481e-16,2.9311937820545015e-11,8.68646456187402e-28,1.3543712759832245e-17,2.614286493553088,3.829482368965035e-12,0.00032703397440954417,1000000.0,1000415.4853383093
0.0014803484959320487,0.00010041704835191156,-5.9566337919386234e-08,298.1500066881302,0.0,0.03070392671084132,299.31926335101184,1.5131033945728773e-17,0.0,3.7649006584140286e-06,99.77820405155283,2.533399891914837e-16,8.192269082191512e-16,2.9170494255878185e-11,8.644894373925616e-28,1.3543710225490474e-17,2.6142864937096815,3.829481423638042e-12,0.00032703397440979787,1000000.0,1000415.4852545988
0.0014824195927055745,0.00010041704818955781,-1.1123724032412673e-07,298.1500072192365,0.0,0.030703919269992292,299.31926480662,1.5121505630722483e-17,0.0,3.7649006766752048e-06,99.77820453551546,2.5317786843691224e-16,8.152742854209602e-16,2.9029733591087194e-11,8.603525309944218e-28,1.3543708810796924e-17,2.6142865063902567,3.8294806236568585e-12,0.0003270339744303789,1000000.0,1000415.4919226544
0.0014844906894791,0.00010041704803944486,-4.1746711878626416e-08,298.1500076900495,0.0,0.030703911817917803,299.31926615276745,1.511202340979497e-17,0.0,3.76490069355956e-06,99.7782049829893,2.5301653179249023e-16,8.113407421952809e-16,2.888965235226864e-11,8.562355890935559e-28,1.3543707290883762e-17,2.614286518114789,3.8294798097017904e-12,0.00032703397444940817,1000000.0,1000415.4980185614
0.001486561786252626,0.00010041704805332412,7.071575573605568e-08,298.1500075629186,0.0,0.030703904215417684,299.3192660324499,1.5102586350405314e-17,0.0,3.76490069199841e-06,99.7782049416164,2.528559733696446e-16,8.074261801758644e-16,2.8750247032638962e-11,8.521384707330873e-28,1.3543704622149997e-17,2.614286517031058,3.829478844673946e-12,0.0003270339744476487,1000000.0,1000415.497161139
0.0014886328830261515,0.00010041704821143651,1.07982679190628e-07,298.1500069269999,0.0,0.03070389648061718,299.31926462235873,1.50931941482669e-17,0.0,3.7649006742142166e-06,99.77820447029693,2.5269618759526185e-16,8.035305066724071e-16,2.8611514332321362e-11,8.480610852807915e-28,1.3543700977586888e-17,2.6142865046823043,3.829477749761519e-12,0.00032703397442760535,1000000.0,1000415.4902462319
0.0014907039797996773,0.00010041704834211121,2.884088155375696e-08,298.15000640885523,0.0,0.030703888770988636,299.31926345762315,1.508384721052002e-17,0.0,3.764900659516158e-06,99.77820408076687,2.525371710418043e-16,7.99653634011409e-16,2.8473451134322837e-11,8.4400338654654e-28,1.3543697573245517e-17,2.614286494476512,3.829476683239143e-12,0.00032703397441104015,1000000.0,1000415.4845548512
0.0014927750765732029,0.00010041704830340241,-8.242774031985687e-08,298.1500065096257,0.0,0.03070388121673744,299.31926380756295,1.5074545991422984e-17,0.0,3.7649006638700033e-06,99.77820419615445,2.5237892203639554e-16,7.957954746517155e-16,2.8336054325164792e-11,8.399653172981876e-28,1.3543695381749035e-17,2.614286497500055,3.829475773036828e-12,0.00032703397441594714,1000000.0,1000415.486049849
0.0014948461733467287,0.00010041704813026648,-1.1042331248353067e-07,298.15000708548706,0.0,0.03070387378579804,299.31926535958837,1.5065290288780202e-17,0.0,3.7649006833439367e-06,99.77820471225782,2.5222143851032796e-16,7.919559374669459e-16,2.8199320658963643e-11,8.35946772647707e-28,1.3543694123888454e-17,2.6142865110227405,3.829474984091502e-12,0.00032703397443789497,1000000.0,1000415.4931935339
0.0014969172701202542,0.0001004170479985362,-2.5308586981829147e-08,298.1500074961124,0.0,0.030703866316880497,299.31926654135276,1.5056079226712265e-17,0.0,3.7649006981606474e-06,99.7782051049345,2.520647162842922e-16,7.881349285972384e-16,2.8063246788297635e-11,8.319476059453787e-28,1.3543692556779234e-17,2.614286521311526,3.829474154532925e-12,0.00032703397445459396,1000000.0,1000415.498533211
0.00149898836689378,0.00010041704804124909,8.414880238701653e-08,298.15000727354806,0.0,0.030703858687950992,299.3192661631967,1.5046911945594966e-17,0.0,3.764900693356351e-06,99.77820497761103,2.5190874958006805e-16,7.843323556383397e-16,2.7927829420078657e-11,8.27967695299565e-28,1.3543689772108548e-17,2.6142865179757973,3.829473164767912e-12,0.0003270339744491794,1000000.0,1000415.4964861379
0.0015010594636673058,0.00010041704821009288,1.041984862887953e-07,298.15000660957213,0.0,0.030703850943326314,299.31926465714224,1.503778827146993e-17,0.0,3.764900674365111e-06,99.77820447430217,2.517535332196214e-16,7.805481308116651e-16,2.7793065429289917e-11,8.24006954707986e-28,1.3543686142043666e-17,2.6142865047888826,3.829472062032748e-12,0.0003270339744277757,1000000.0,1000415.4891537774
0.0015024611407022917,0.00010041704829275212,4.924600081785418e-08,298.1500062853992,0.0,0.030703845730917,299.3192639205481,1.5031638551245948e-17,0.0,3.7649006650677456e-06,99.7782042279021,2.5164890973414722e-16,7.779974026096916e-16,2.7702228760009303e-11,8.213372576606422e-28,1.3543683934686896e-17,2.6142864983331413,3.829471346591218e-12,0.00032703397441729724,1000000.0,1000415.485565398
0.0015038628177372778,0.00010041704829911235,-2.296426506314719e-08,298.15000624020513,0.0,0.03070384058849751,299.31926386624133,1.502550919823912e-17,0.0,3.7649006643523335e-06,99.77820420894278,2.5154462816190656e-16,7.754550111393269e-16,2.7611688965681725e-11,8.186763045613765e-28,1.354368227396443e-17,2.61428649783657,3.829470701593101e-12,0.000327033974416491,1000000.0,1000415.4852147694
0.0015052644947722636,0.00010041704823612837,-7.429780884732127e-08,298.15000644325045,0.0,0.030703835509688162,299.3192644320302,1.5019400172532858e-17,0.0,3.7649006714366147e-06,99.77820439669262,2.5144068799095446e-16,7.729209303871555e-16,2.7521445119751683e-11,8.16024065508915e-28,1.354368110019669e-17,2.6142865027559794,3.8294701196941605e-12,0.00032703397442447526,1000000.0,1000415.4877887482
0.0015076812118940755,0.00010041704810140335,-7.010979290464243e-08,298.150006875398,0.0,0.03070382677697468,299.3192656412076,1.500891425450712e-17,0.0,3.7649006865901616e-06,99.77820479829636,2.5126227621556617e-16,7.685711866929776e-16,2.736654173444831e-11,8.114715108659842e-28,1.3543679247727857e-17,2.6142865132787003,3.829469138203731e-12,0.0003270339744415539,1000000.0,1000415.493289822
0.0015100979290158874,0.0001004170480493326,-4.445541479531058e-09,298.1500070013305,0.0,0.030703817968447445,299.31926611126704,1.499848708517571e-17,0.0,3.764900692446926e-06,99.77820495351479,2.5108486864939483e-16,7.642459204666152e-16,2.7212509995791334e-11,8.069445539043222e-28,1.3543676816065076e-17,2.614286517345883,3.829468079744837e-12,0.00032703397444815467,1000000.0,1000415.4952698927
0.001512514646137699,0.00010041704809681868,4.024653580679757e-08,298.15000677193063,0.0,0.0307038090686022,299.31926569106105,1.4988118166156933e-17,0.0,3.7649006871057447e-06,99.77820481196287,2.509084584407041e-16,7.599449973136683e-16,2.7059345117940205e-11,8.024430512719474e-28,1.35436737097915e-17,2.6142865136373903,3.8294669309199334e-12,0.00032703397444213507,1000000.0,1000415.4930547365
0.001514931363259511,0.0001004170481616683,3.0426140147077433e-08,298.1500064891789,0.0,0.03070380015283403,299.3192651155853,1.497780745146767e-17,0.0,3.764900679811548e-06,99.77820461865171,2.5073303996304786e-16,7.556682832744602e-16,2.690704233302488e-11,7.979668833193901e-28,1.3543670514944936e-17,2.614286508572754,3.829465767853913e-12,0.00032703397443391427,1000000.0,1000415.4901371462
0.0015173480803813227,0.0001004170481744276,-5.497469101487392e-09,298.15000639996913,0.0,0.030703791284852077,299.31926500591584,1.4967554925955506e-17,0.0,3.7649006783763603e-06,99.77820458061728,2.5055860846165544e-16,7.514156439878336e-16,2.675559685843731e-11,7.935159259854631e-28,1.3543667710644036e-17,2.6142865075765176,3.829464653432981e-12,0.0003270339744322968,1000000.0,1000415.4894404573
0.0015197647975031345,0.00010041704813909083,-2.457251921108549e-08,298.1500064837675,0.0,0.03070378246099239,299.31926532633537,1.4957360303739346e-17,0.0,3.7649006823509227e-06,99.7782046859532,2.5038515899821084e-16,7.471869439557053e-16,2.6605003869125503e-11,7.890900355738481e-28,1.3543665256948373e-17,2.614286510336723,3.829463582941714e-12,0.00032703397443677634,1000000.0,1000415.490775059
0.001524598940911361,0.00010041704809487662,-1.1385258604476288e-08,298.1500065518704,0.0,0.03070376478641601,299.31926573056876,1.4937139421508043e-17,0.0,3.7649006873239556e-06,99.77820481775198,2.5004112581181963e-16,7.387994187248166e-16,2.6306306151588118e-11,7.803113818534306e-28,1.354366019968047e-17,2.6142865137905775,3.829461416797676e-12,0.00032703397444238123,1000000.0,1000415.492312132
0.0015294330843195877,0.00010041704809834003,5.6477872635325155e-09,298.1500064521197,0.0,0.030703747068122556,299.31926570845513,1.4917145178965133e-17,0.0,3.7649006869343065e-06,99.77820480742783,2.4970095151698763e-16,7.305060103557509e-16,2.6010959965232068e-11,7.7163122278544795e-28,1.3543654874855058e-17,2.6142865135206654,3.829459207854185e-12,0.0003270339744419422,1000000.0,1000415.4918479689
0.0015342672277278142,0.00010041704810722759,2.3995194111690168e-09,298.15000634051,0.0,0.030703729344870645,299.3192656378373,1.4897375261610358e-17,0.0,3.764900685934562e-06,99.77820478093479,2.4936459428983057e-16,7.223057031801191e-16,2.5718929144961087e-11,7.630485060584057e-28,1.3543649584614972e-17,2.6142865128271056,3.8294569953722714e-12,0.00032703397444081554,1000000.0,1000415.491180685
0.0015391013711360407,0.00010041704809871235,-3.561467198208847e-09,298.1500062967326,0.0,0.03070371163759899,299.31926572284027,1.487782729563534e-17,0.0,3.764900686892249e-06,99.77820480631802,2.490320122070652e-16,7.141974657071501e-16,2.543017696149899e-11,7.545621570259152e-28,1.3543644482996305e-17,2.6142865134927487,3.829454799763206e-12,0.00032703397444189497,1000000.0,1000415.491266142
0.0015439355145442674,0.00010041704808693897,-2.7724522889220053e-09,298.15000626802015,0.0,0.030703693933332773,299.3192658369784,1.48584987566616e-17,0.0,3.764900688216403e-06,99.77820484141343,2.487031631272113e-16,7.061802682983665e-16,2.514466675054486e-11,7.461710945016665e-28,1.354363946694675e-17,2.614286514412854,3.829452607783417e-12,0.0003270339744433875,1000000.0,1000415.4915005516
0.0015487696579524939,0.0001004170480810786,-6.007003944787912e-10,298.15000622170527,0.0,0.030703676223659382,299.3192658982407,1.4839387141081856e-17,0.0,3.7649006888754743e-06,99.77820485888267,2.483780050660196e-16,6.982530899859203e-16,2.4862362156959614e-11,7.378742475277348e-28,1.354363447242725e-17,2.6142865148711296,3.829450411112367e-12,0.0003270339744441304,1000000.0,1000415.4914976739
0.0015576754106892488,0.000100417048073162,-8.889306997187145e-10,298.1500061419244,0.0,0.03070364359525296,299.3192659853506,1.480509147258771e-17,0.0,3.76490068976575e-06,99.77820488248142,2.47794511560131e-16,6.840279709006739e-16,2.435577362502849e-11,7.229857691536489e-28,1.3543625516365876e-17,2.6142865154904533,3.8294463646736856e-12,0.00032703397444513397,1000000.0,1000415.4914247013
0.0015747094754139052,0.00010041704805745221,-9.222575522741482e-10,298.1500060260812,0.0,0.030703581187507687,299.31926615704214,1.4742003065897546e-17,0.0,3.7649006915324345e-06,99.77820492931093,2.467211493867083e-16,6.578606408843711e-16,2.34238950744673e-11,6.9559818157751535e-28,1.3543609101577297e-17,2.6142865167192966,3.829438632199937e-12,0.0003270339744471255,1000000.0,1000415.4914268694
0.0016004980618926326,0.00010041704803854748,-7.330658674779582e-10,298.1500058933156,0.0,0.030703486701777628,299.31926637334385,1.4651914925434598e-17,0.0,3.7649006936583166e-06,99.77820498566433,2.451884244808402e-16,6.204955003884255e-16,2.2093234144531382e-11,6.5649060152327475e-28,1.3543585725807297e-17,2.614286518198473,3.829426932765794e-12,0.000327033974449522,1000000.0,1000415.491428215
0.0016262866483713603,0.00010041704802332868,-5.901371780143463e-10,298.1500057928265,0.0,0.030703392213110924,299.3192665566847,1.4566942746159156e-17,0.0,3.7649006953696107e-06,99.77820503103024,2.437427408352417e-16,5.852532035669353e-16,2.0838168832986133e-11,6.196048624739639e-28,1.3543563726126852e-17,2.6142865193896148,3.829415238714733e-12,0.00032703397445145124,1000000.0,1000415.4914283775
0.0016826119222564256,0.0001004170479980093,-3.79211990586579e-10,298.15000564342193,0.0,0.030703185832976165,299.31926688629693,1.4396311749746433e-17,0.0,3.764900698216425e-06,99.77820510650514,2.4083969274799947e-16,5.144867388001098e-16,1.83179866855691e-11,5.455383765234791e-28,1.3543519652518265e-17,2.6142865213721724,3.8293897093206674e-12,0.0003270339744546609,1000000.0,1000415.4914286354
0.0017389371961414907,0.00010041704797987842,-2.580840455611766e-10,298.1500055576107,0.0,0.03070297944803158,299.31926715162695,1.424401664028095e-17,0.0,3.7649007002546915e-06,99.77820516055175,2.3824860674421153e-16,4.513286789092925e-16,1.606874309051257e-11,4.794351025355714e-28,1.3543480409783454e-17,2.6142865227927463,3.8293641906990634e-12,0.0003270339744569593,1000000.0,1000415.4914287796
0.0019094779616991948,0.00010041704794216362,-1.0607579433851565e-10,298.1500054498151,0.0,0.030702354554599152,299.31926780134205,1.3879399207112382e-17,0.0,3.764900704493572e-06,99.77820527297634,2.3204517373896273e-16,3.0014177138749674e-16,1.0684457004579233e-11,3.2119801099670687e-28,1.3543386661388647e-17,2.614286525749153,3.8292869526925585e-12,0.0003270339744617403,1000000.0,1000415.4914290354
0.0020800187272568987,0.00010041704791699432,-1.1080373359940902e-10,298.1500054530137,0.0,0.0307017296657512,299.3192683388655,1.3631475471230929e-17,0.0,3.764900707321362e-06,99.77820534800388,2.2782714150113196e-16,1.9737655785775285e-16,7.0245548117946184e-12,2.1364066281840136e-28,1.3543323088867742e-17,2.614286527722272,3.829209735469342e-12,0.00032703397446493096,1000000.0,1000415.4914291427
0.002250559492814603,0.00010041704789333219,-1.3432877935812791e-10,298.15000546953837,0.0,0.030701104790711472,299.31926886290495,1.346625224377935e-17,0.0,3.7649007099796267e-06,99.77820541853865,2.250161562133031e-16,1.2892769227880368e-16,4.586750916249942e-12,1.4199993378263534e-28,1.3543280775653605e-17,2.614286529575232,3.829132522679517e-12,0.0003270339744679305,1000000.0,1000415.4914292191
0.002668284277013031,0.00010041704783180625,-1.4728820345027537e-10,298.1500054784206,0.0,0.030699574316686067,299.31927017835034,1.3312345378333691e-17,0.0,3.7649007168920957e-06,99.77820560194222,2.2239782761141203e-16,6.533405101256919e-17,2.321848870446775e-12,7.544099546520407e-29,1.3543241466967155e-17,2.614286534385125,3.828943404859013e-12,0.00032703397447572994,1000000.0,1000415.4914294779
0.003086009061211459,0.00010041704776941395,-1.4936219163243016e-10,298.15000547960824,0.0,0.03069804392246923,299.31927150150466,1.3234121518139483e-17,0.0,3.7649007239020095e-06,99.77820578792831,2.210671467568899e-16,3.314486602501526e-17,1.1753668254063384e-12,4.175099447333635e-29,1.3543221575421207e-17,2.614286539260446,3.828754295719479e-12,0.0003270339744836392,1000000.0,1000415.4914297448
0.004086009061211459,0.00010041704761970395,-1.4971000387403122e-10,298.15000547920187,0.0,0.03069438072421958,299.31927467192094,1.3176888491118434e-17,0.0,3.7649007407223064e-06,99.77820623420097,2.2009388153708804e-16,1.004148905150622e-17,3.5245370244416446e-13,1.7570860670338873e-29,1.3543207338599633e-17,2.6142865509548967,3.8283016376489e-12,0.0003270339745026174,1000000.0,1000415.4914303476
0.005086009061211459,0.00010041704746998394,-1.497200127755926e-10,298.1500054785605,0.0,0.030690717967022073,299.3192778422068,1.3158645096214463e-17,0.0,3.7649007575437306e-06,99.7782066805035,2.1978396889963249e-16,3.1166887924979213e-18,1.0552382429197693e-13,1.0323764772266708e-29,1.354320310878619e-17,2.614286562648978,3.827849033222044e-12,0.00032703397452159684,1000000.0,1000415.4914309953
0.006086009061211459,0.00010041704732028235,-1.4970158410474766e-10,298.1500054779027,0.0,0.03068705564999107,299.31928101210815,1.3152078162869581e-17,0.0,3.7649007743630834e-06,99.77820712675114,2.1967273122310727e-16,1.0369115827431635e-18,3.15814039788638e-14,8.147617591985577e-30,1.3543201884510073e-17,2.614286574341275,3.827396482239334e-12,0.000327033974540574,1000000.0,1000415.491431574
0.007086009061211459,0.00010041704717059731,-1.4968503400859062e-10,298.15000547724503,0.0,0.030683393772832412,299.3192841816415,1.3149022365816896e-17,0.0,3.764900791180572e-06,99.77820757294937,2.1962122506077183e-16,4.140024763529658e-19,9.447990706528623e-15,7.496280011995002e-30,1.3543201560388714e-17,2.614286586032174,3.826943984629203e-12,0.00032703397455954907,1000000.0,1000415.4914321951
0.00808600906121146,0.00010041704702092975,-1.4966756473066459e-10,298.1500054765874,0.0,0.03067973233541921,299.3192873507988,1.3147018444518427e-17,0.0,3.7649008079960974e-06,99.77820801909557,2.19587614874507e-16,2.274906299687661e-19,2.8252163999726372e-15,7.301691279916248e-30,1.354320150575077e-17,2.6142865977216787,3.826491540364504e-12,0.0003270339745785219,1000000.0,1000415.4914328319
0.00908600906121146,0.00010041704687128058,-1.4964916443654646e-10,298.1500054759297,0.0,0.03067607133767542,299.3192905195717,1.3145329613882891e-17,0.0,3.7649008248095536e-06,99.77820846518694,2.195593654296179e-16,1.7164885271262637e-19,8.442915011109986e-16,7.243866526533125e-30,1.3543201531757004e-17,2.6142866094097372,3.826039149432553e-12,0.0003270339745974924,1000000.0,1000415.4914334549
0.01008600906121146,0.00010041704672164983,-1.4963075554341106e-10,298.150005475272,0.0,0.03067241077954107,299.3192936879601,1.3143735223556043e-17,0.0,3.764900841620937e-06,99.77820891122336,2.1953272268813568e-16,1.549188315012976e-19,2.5200448741742656e-16,7.226977590766378e-30,1.3543201581881847e-17,2.6142866210963542,3.825586811825346e-12,0.00032703397461646057,1000000.0,1000415.4914340641
0.01108600906121146,0.00010041704657203658,-1.49613259972393e-10,298.1500054746146,0.0,0.03066875066096164,299.31929685597237,1.3142169218557338e-17,0.0,3.7649008584303547e-06,99.77820935720769,2.195065628234891e-16,1.4989122213633657e-19,7.498046525766624e-17,7.222336885843415e-30,1.3543201639215814e-17,2.6142866327816043,3.8251345275363e-12,0.0003270339746354265,1000000.0,1000415.4914346886
0.01208600906121146,0.0001004170464224417,-1.4959487409911124e-10,298.15000547395715,0.0,0.030665090981882276,299.31930002360053,1.3140611831756678e-17,0.0,3.764900875237704e-06,99.77820980313722,2.194805495275932e-16,1.483637117290512e-19,2.2091188529555733e-17,7.221359581693844e-30,1.3543201698698174e-17,2.614286644465419,3.824682296558663e-12,0.00032703397465439014,1000000.0,1000415.4914353002
0.01308600906121146,0.00010041704627286431,-1.4957738326696612e-10,298.1500054733,0.0,0.030661431742250216,299.3193031908525,1.313905715000645e-17,0.0,3.7649008920430873e-06,99.77821024901462,2.1945458219709884e-16,1.4788266213004582e-19,6.295514964410935e-18,7.22147761406115e-30,1.3543201758818155e-17,2.614286656147868,3.824230118886726e-12,0.00032703397467335153,1000000.0,1000415.4914359262
0.01408600906121146,0.0001004170461233053,-1.4955900316901156e-10,298.15000547264265,0.0,0.03065777294201116,299.3193063577205,1.3137503405098731e-17,0.0,3.7649009088464024e-06,99.77821069483723,2.1942863074861406e-16,1.4771436953304684e-19,1.5798463195034991e-18,7.221923062640637e-30,1.3543201819122851e-17,2.6142866678288814,3.823777994513437e-12,0.0003270339746923106,1000000.0,1000415.4914365395
0.01508600906121146,0.00010041704597376379,-1.4954151316271976e-10,298.1500054719856,0.0,0.030654114581112498,299.31930952421226,1.3135950068477661e-17,0.0,3.7649009256477494e-06,99.77821114060767,2.194026861895656e-16,1.4763951961041789e-19,1.725585534888286e-19,7.222466385349863e-30,1.3543201879479387e-17,2.6142866795085276,3.823325923433214e-12,0.00032703397471126744,1000000.0,1000415.4914371666
0.01608600906121146,0.00010041704582424065,-1.4952313526762428e-10,298.1500054713285,0.0,0.030650456659500024,299.31931269032015,1.3134396982195479e-17,0.0,3.76490094244703e-06,99.77821158632335,2.1937674583270333e-16,1.4759258117819232e-19,0.0,7.223038994918853e-30,1.3543201939844356e-17,2.614286691186739,3.822873905639432e-12,0.00032703397473022195,1000000.0,1000415.4914377809
0.01708600906121146,0.00010041704567473499,-1.4950565469136373e-10,298.1500054706716,0.0,0.03064679917712115,299.31931585605224,1.3132844104051185e-17,0.0,3.7649009592443465e-06,99.77821203198697,2.1935080895787144e-16,1.475560544174036e-19,0.0,7.223622575448866e-30,1.3543202000209367e-17,2.6142867028635868,3.822421941126087e-12,0.0003270339747491743,1000000.0,1000415.4914384105
0.01808600906121146,0.00010041704552524771,-1.4948728697401237e-10,298.1500054700146,0.0,0.030643142133921657,299.3193190214002,1.3131291412494442e-17,0.0,3.764900976039594e-06,99.77821247759577,2.1932487520232075e-16,1.4752100142157212e-19,0.0,7.224207772204907e-30,1.3543202060567389e-17,2.6142867145389976,3.8219700298867085e-12,0.0003270339747681243,1000000.0,1000415.4914390257
0.01908600906121146,0.00010041704537577882,-1.4946889923888513e-10,298.15000546935767,0.0,0.030639485529848163,299.3193221863643,1.3129738903974529e-17,0.0,3.764900992832774e-06,99.77821292314977,2.19298944504412e-16,1.4748595945961427e-19,0.0,7.224793054286036e-30,1.3543202120918298e-17,2.614286726212973,3.82151817191513e-12,0.000327033974787072,1000000.0,1000415.4914396281
0.02008600906121146,0.0001004170452263274,-1.4945141470244225e-10,298.150005468701,0.0,0.030635829364848113,299.3193253509524,1.3128186578462728e-17,0.0,3.764901009623988e-06,99.77821336865166,2.192730168631911e-16,1.4745092581162803e-19,0.0,7.225378418809607e-30,1.3543202181261751e-17,2.6142867378855827,3.8210663672051074e-12,0.00032703397480601744,1000000.0,1000415.491440245
0.021086009061211462,0.00010041704507689344,-1.494339605565479e-10,298.1500054680444,0.0,0.03063217363886816,299.319328515165,1.3126634435938657e-17,0.0,3.764901026413239e-06,99.77821381410152,2.1924709227831393e-16,1.4741590051264629e-19,0.0,7.22596386582132e-30,1.3543202241598847e-17,2.61428674955683,3.82061461575068e-12,0.0003270339748249607,1000000.0,1000415.4914408765
0.02208600906121146,0.00010041704492747785,-1.4941559642913844e-10,298.1500054673878,0.0,0.030628518351854116,299.31933167899405,1.3125082476379461e-17,0.0,3.7649010432004247e-06,99.77821425949666,2.1922117074940275e-16,1.4738088355629461e-19,0.0,7.226549395370392e-30,1.3543202301927783e-17,2.614286761226643,3.820162917545206e-12,0.0003270339748439016,1000000.0,1000415.4914414958
0.02308600906121146,0.00010041704477808063,-1.4939722087499278e-10,298.15000546673116,0.0,0.030624863503752597,299.3193348424391,1.3123530699763077e-17,0.0,3.7649010599855426e-06,99.778214704837,2.1919525227608847e-16,1.4734587490644446e-19,0.0,7.227135007398338e-30,1.3543202362249292e-17,2.6142867728950203,3.819711272582539e-12,0.00032703397486284015,1000000.0,1000415.4914421006
0.02408600906121146,0.00010041704462870097,-1.493796559961075e-10,298.15000546607484,0.0,0.030621209094511014,299.31933800550775,1.312197909750754e-17,0.0,3.764901076768686e-06,99.778215150125,2.1916933672493796e-16,1.4730730163679198e-19,1.1291017571547334e-32,7.227716962357693e-30,1.3543202422569705e-17,2.6142867845620263,3.8192596808593285e-12,0.0003270339748817765,1000000.0,1000415.4914427177
0.025086009061211462,0.00010041704447933886,-1.4936211342050084e-10,298.1500054654186,0.0,0.03061755512407603,299.3193411682001,1.3120427686712677e-17,0.0,3.7649010935498567e-06,99.77821559536073,2.1914342436071604e-16,1.472723100224011e-19,1.4724571622956892e-32,7.228302739802606e-30,1.3543202482877189e-17,2.6142867962276624,3.818808142363906e-12,0.0003270339749007106,1000000.0,1000415.4914433467
0.02608600906121146,0.0001004170443299952,-1.4934365932742525e-10,298.1500054647622,0.0,0.030613901592393473,299.3193443305081,1.3118876458800555e-17,0.0,3.7649011103289513e-06,99.77821604054144,2.1911751505210407e-16,1.4723732677062434e-19,1.5732748484429736e-32,7.22888859981176e-30,1.354320254317721e-17,2.6142868078918573,3.818356657092418e-12,0.0003270339749196424,1000000.0,1000415.4914439599
0.02708600906121146,0.00010041704418067,-1.4932519833773673e-10,298.1500054641059,0.0,0.030610248499410003,299.3193474924316,1.3117325413745903e-17,0.0,3.764901127105969e-06,99.77821648566709,2.190916087976732e-16,1.472023518358026e-19,1.6033935832615246e-32,7.229474542345377e-30,1.354320260347017e-17,2.61428681955461,3.817905225038863e-12,0.0003270339749385719,1000000.0,1000415.491444556
0.02808600906121146,0.00010041704403136144,-1.4930855289541577e-10,298.15000546345004,0.0,0.030606595845073973,299.31935065398704,1.3115774551529735e-17,0.0,3.7649011438811156e-06,99.77821693074317,2.1906570559709615e-16,1.4716738521597547e-19,1.612286782222206e-32,7.230060567410687e-30,1.3543202663756862e-17,2.614286831216063,3.817453846197335e-12,0.00032703397495749924,1000000.0,1000415.4914451931
0.029086009061211462,0.00010041704388207131,-1.4929012505557555e-10,298.1500054627939,0.0,0.0306029436293304,299.3193538151583,1.3114223872127356e-17,0.0,3.764901160654189e-06,99.7782173757643,2.1903980544995748e-16,1.4713242690913969e-19,1.6148095724191096e-32,7.230646675014643e-30,1.3543202724034744e-17,2.614286842876077,3.817002520561056e-12,0.00032703397497642426,1000000.0,1000415.4914458133
0.03008600906121146,0.00010041704373279966,-1.492716578717404e-10,298.15000546213787,0.0,0.030599291852125968,299.31935697594514,1.311267337551897e-17,0.0,3.7649011774251856e-06,99.77821782073039,2.1901390835592857e-16,1.470974769133201e-19,1.6154211396049709e-32,7.231232865163136e-30,1.3543202784306384e-17,2.614286854534648,3.816551248123913e-12,0.00032703397499534695,1000000.0,1000415.4914464174
0.03108600906121146,0.00010041704358354554,-1.4925411168675034e-10,298.150005461482,0.0,0.030595640513408205,299.31936013635595,1.311112306168291e-17,0.0,3.7649011941942086e-06,99.77821826564418,2.1898801431464814e-16,1.4706253522654283e-19,1.6154595378880552e-32,7.231819137862913e-30,1.3543202844570217e-17,2.614286866191849,3.81610002887989e-12,0.00032703397501426736,1000000.0,1000415.491447033
0.03208600906121146,0.00010041704343430896,-1.4923657670379851e-10,298.1500054608263,0.0,0.030591989613123816,299.31936329639063,1.3109572930598658e-17,0.0,3.7649012109612597e-06,99.7782187105057,2.1896212332577669e-16,1.4702760184683673e-19,1.6153261237540377e-32,7.232405493121406e-30,1.3543202904826965e-17,2.6142868778476798,3.8156488628227405e-12,0.00032703397503318555,1000000.0,1000415.4914476608
0.03308600906121146,0.00010041704328509083,-1.4921814371989712e-10,298.1500054601705,0.0,0.030588339151218696,299.3193664560413,1.3108022982242891e-17,0.0,3.7649012277262368e-06,99.77821915531227,2.1893623538891693e-16,1.4699267677220573e-19,1.6151412413477702e-32,7.232991930945323e-30,1.3543202965076791e-17,2.614286889502071,3.815197749945889e-12,0.0003270339750521014,1000000.0,1000415.4914482719
0.03408600906121146,0.00010041704313589023,-1.4920059871090462e-10,298.150005459515,0.0,0.03058468912764037,299.31936961531585,1.310647321659621e-17,0.0,3.76490124448924e-06,99.77821960006652,2.189103505037526e-16,1.469577600006883e-19,1.614940961639557e-32,7.23357845133975e-30,1.3543203025319359e-17,2.6142869011550918,3.8147466902435745e-12,0.00032703397507101504,1000000.0,1000415.4914488948
0.03508600906121146,0.00010041704298670805,-1.4918216982157104e-10,298.1500054588593,0.0,0.03058103954233478,299.31937277420667,1.3104923633635484e-17,0.0,3.7649012612501737e-06,99.7782200447659,2.1888446866989192e-16,1.4692285153030059e-19,1.614736092165106e-32,7.234165054313424e-30,1.3543203085554419e-17,2.6142869128066755,3.814295683709179e-12,0.00032703397508992635,1000000.0,1000415.4914495023
0.03608600906121146,0.00010041704283754342,-1.4916463008955512e-10,298.1500054582039,0.0,0.03057739039524941,299.31937593272136,1.3103374233340781e-17,0.0,3.7649012780091318e-06,99.77822048941294,2.1885858988700583e-16,1.4688795135906998e-19,1.6145298698656684e-32,7.234751739872469e-30,1.354320314578236e-17,2.6142869244568874,3.813844730336782e-12,0.00032703397510883543,1000000.0,1000415.4914501209
0.03708600906121146,0.00010041704268839723,-1.4914619567999386e-10,298.15000545754845,0.0,0.030573741686330213,299.31937909085207,1.3101825015688712e-17,0.0,3.7649012947660163e-06,99.77822093400503,2.1883271415469782e-16,1.4685305948501203e-19,1.6143232638546365e-32,7.235338508022122e-30,1.3543203206002493e-17,2.6142869361056595,3.813393830119686e-12,0.0003270339751277422,1000000.0,1000415.4914507231
0.038086009061211464,0.00010041704253926856,-1.4912867016764997e-10,298.15000545689327,0.0,0.03057009341552476,299.31938224860716,1.3100275980660182e-17,0.0,3.764901311520931e-06,99.77822137854493,2.1880684147265303e-16,1.46818175906175e-19,1.614116564184076e-32,7.235925358771343e-30,1.3543203266215645e-17,2.614286947753064,3.812942983052298e-12,0.0003270339751466467,1000000.0,1000415.491451338
0.039086009061211464,0.0001004170423901574,-1.49111156553484e-10,298.15000545623803,0.0,0.03056644558277981,299.31938540598657,1.3098727128233326e-17,0.0,3.764901328273876e-06,99.77822182303261,2.1878097184051085e-16,1.4678330062056707e-19,1.6139098575879012e-32,7.236512292125115e-30,1.3543203326422339e-17,2.6142869593991,3.812492189128049e-12,0.000327033975165549,1000000.0,1000415.4914519641
0.040086009061211465,0.00010041704224106466,-1.4909273369600822e-10,298.15000545558286,0.0,0.030562798188041272,299.31938856298217,1.3097178458385429e-17,0.0,3.764901345024748e-06,99.77822226746535,2.1875510525788602e-16,1.467484336262062e-19,1.6137031700300321e-32,7.237099308090626e-30,1.3543203386621396e-17,2.614286971043697,3.812041448340716e-12,0.000327033975184449,1000000.0,1000415.4914525744
0.04108600906121146,0.00010041704209198945,-1.4907520625222937e-10,298.15000545492785,0.0,0.030559151231256753,299.31939171960227,1.3095629971095883e-17,0.0,3.7649013617736506e-06,99.77822271184588,2.1872924172443273e-16,1.4671357492113024e-19,1.6134965092676234e-32,7.237686406675227e-30,1.3543203446813167e-17,2.6142869826869264,3.811590760683986e-12,0.00032703397520334674,1000000.0,1000415.4914531966
0.04208600906121146,0.00010041704194293266,-1.4905678992881534e-10,298.1500054542727,0.0,0.03055550471237218,299.3193948758385,1.3094081666343325e-17,0.0,3.76490137852048e-06,99.7782231561715,2.187033812397966e-16,1.466787245033712e-19,1.613289877608834e-32,7.238273587885014e-30,1.3543203506997883e-17,2.6142869943287166,3.811140126151764e-12,0.00032703397522224216,1000000.0,1000415.4914538019
0.04308600906121146,0.0001004170417938934,-1.4903925814096678e-10,298.1500054536179,0.0,0.030551858631335138,299.31939803169905,1.309253354410641e-17,0.0,3.764901395265337e-06,99.77822360044483,2.1867752380362337e-16,1.466438823709489e-19,1.6130832757258726e-32,7.238860851726082e-30,1.3543203567175478e-17,2.6142870059691368,3.8106895447379406e-12,0.00032703397524113536,1000000.0,1000415.491454419
0.04408600906121146,0.00010041704164487164,-1.4902175732881974e-10,298.1500054529631,0.0,0.030548212988092457,299.3194011871843,1.3090985604364457e-17,0.0,3.764901412008227e-06,99.77822404466603,2.1865166941556587e-16,1.4660904852189613e-19,1.6128767038376313e-32,7.239448198207732e-30,1.3543203627346199e-17,2.614287017608191,3.810239016436202e-12,0.00032703397526002634,1000000.0,1000415.4914550484
0.04508600906121146,0.0001004170414958683,-1.4900334710144238e-10,298.1500054523083,0.0,0.030544567782590074,299.31940434228596,1.3089437847094396e-17,0.0,3.7649014287490455e-06,99.77822448883234,2.186258180752392e-16,1.4657422295422654e-19,1.6126701619864402e-32,7.24003562733279e-30,1.3543203687509126e-17,2.6142870292458067,3.809788541240208e-12,0.000327033975278915,1000000.0,1000415.4914556609
0.046086009061211464,0.00010041704134688247,-1.4898583213367732e-10,298.1500054516537,0.0,0.03054092301477562,299.31940749701215,1.3087890272276118e-17,0.0,3.7649014454878933e-06,99.77822493294643,2.185999697823085e-16,1.4653940566598201e-19,1.612463650202346e-32,7.240623139110451e-30,1.3543203747664693e-17,2.6142870408820547,3.809338119143865e-12,0.0003270339752978014,1000000.0,1000415.4914562857
0.047086009061211465,0.00010041704119791504,-1.489674281486767e-10,298.15000545099895,0.0,0.030537278684595076,299.31941065135504,1.3086342879887285e-17,0.0,3.764901462224673e-06,99.77822537700568,2.18574124536396e-16,1.4650459665518741e-19,1.6122571684725286e-32,7.241210733546826e-30,1.3543203807812486e-17,2.614287052516866,3.808887750140735e-12,0.0003270339753166855,1000000.0,1000415.4914568942
0.048086009061211465,0.00010041704104896514,-1.489499085769313e-10,298.15000545034457,0.0,0.030533634791996046,299.3194138053224,1.3084795669908182e-17,0.0,3.764901478959481e-06,99.7782258210127,2.185482823371762e-16,1.464697959198826e-19,1.6120507167995358e-32,7.241798410648195e-30,1.3543203867953944e-17,2.614287064150308,3.808437434225014e-12,0.00032703397533556737,1000000.0,1000415.4914575143
0.04908600906121146,0.00010041704090003364,-1.4893150778828732e-10,298.15000544969,0.0,0.030529991336924554,299.3194169589064,1.3083248642315193e-17,0.0,3.764901495692219e-06,99.77822626496484,2.1852244318425206e-16,1.4643500345808086e-19,1.6118442951639888e-32,7.242386170423212e-30,1.3543203928087398e-17,2.6142870757823133,3.807987171389965e-12,0.0003270339753544469,1000000.0,1000415.4914581183
0.05008600906121146,0.00010041704075111964,-1.4891399863734145e-10,298.15000544903575,0.0,0.030526348319328246,299.31942011211515,1.3081701797088821e-17,0.0,3.7649015124229885e-06,99.77822670886484,2.1849660707730448e-16,1.4640021926782513e-19,1.6116379035809862e-32,7.242974012876588e-30,1.3543203988214977e-17,2.614287087412952,3.8075369616298105e-12,0.0003270339753733242,1000000.0,1000415.4914587341
0.05108600906121146,0.00010041704060222312,-1.4889651515109246e-10,298.15000544838153,0.0,0.03052270573915396,299.3194232649489,1.308015513420752e-17,0.0,3.7649015291517926e-06,99.77822715271272,2.1847077401596055e-16,1.4636544334715439e-19,1.611431542038081e-32,7.243561938015377e-30,1.354320404833425e-17,2.6142870990422247,3.807086804938223e-12,0.0003270339753921993,1000000.0,1000415.4914593616
0.05208600906121146,0.000100417040453345,-1.4887811733920624e-10,298.15000544772727,0.0,0.03051906359634769,299.3194264173994,1.3078608653648399e-17,0.0,3.764901545878526e-06,99.77822759650574,2.1844494399985333e-16,1.463306756940712e-19,1.6112252105079103e-32,7.244149945846638e-30,1.3543204108446507e-17,2.6142871106700607,3.806636701308711e-12,0.0003270339754110721,1000000.0,1000415.491459973
0.05308600906121146,0.0001004170403044853,-1.4885970411005822e-10,298.150005447073,0.0,0.03051542189085626,299.3194295694666,1.3077062355390979e-17,0.0,3.7649015626031888e-06,99.77822804024389,2.1841911702863662e-16,1.4629591630661835e-19,1.6110189090196753e-32,7.244738036376688e-30,1.3543204168551401e-17,2.6142871222964583,3.8061866507352675e-12,0.0003270339754299425,1000000.0,1000415.4914605684
0.054086009061211464,0.0001004170401556422,-1.488431164064921e-10,298.1500054464192,0.0,0.030511780622628194,299.31943272116666,1.307551623941567e-17,0.0,3.764901579325985e-06,99.77822848393255,2.1839329310197397e-16,1.4626116518286015e-19,1.6108126375651222e-32,7.245326209613488e-30,1.354320422864993e-17,2.61428713392156,3.805736653211985e-12,0.0003270339754488108,1000000.0,1000415.4914612027
0.055086009061211465,0.00010041704000681746,-1.4882473772956347e-10,298.1500054457652,0.0,0.03050813979160871,299.3194358724839,1.307397030569793e-17,0.0,3.7649015960467143e-06,99.77822892756645,2.183674722194622e-16,1.4622642232078491e-19,1.6106063960928299e-32,7.245914465562486e-30,1.3543204288740522e-17,2.614287145545226,3.805286708732136e-12,0.0003270339754676768,1000000.0,1000415.4914618212
0.056086009061211466,0.00010041703985801112,-1.4880633558277075e-10,298.15000544511116,0.0,0.030504499397744654,299.3194390234181,1.3072424554218448e-17,0.0,3.7649016127653757e-06,99.77822937114553,2.1834165438078266e-16,1.461916877184543e-19,1.6104001846593062e-32,7.246502804230345e-30,1.3543204348823207e-17,2.614287157167457,3.80483681728969e-12,0.00032703397548654046,1000000.0,1000415.491462424
0.05708600906121146,0.00010041703970922228,-1.4878884537121367e-10,298.1500054444574,0.0,0.030500859440983717,299.31944217397734,1.3070878984955524e-17,0.0,3.764901629482069e-06,99.77822981467246,2.1831583958556855e-16,1.4615696137388703e-19,1.6101940032105073e-32,7.247091225624376e-30,1.3543204408900676e-17,2.6142871687883202,3.804386978878561e-12,0.0003270339755054019,1000000.0,1000415.4914630383
0.05808600906121146,0.00010041703956045091,-1.487713639430241e-10,298.1500054438038,0.0,0.030497219921272783,299.3194453241616,1.3069333597887611e-17,0.0,3.764901646196796e-06,99.7782302581473,2.1829002783345265e-16,1.4612224328513577e-19,1.6099878517765814e-32,7.247679729750975e-30,1.3543204468969026e-17,2.614287180407819,3.803937193492448e-12,0.0003270339755242611,1000000.0,1000415.4914636641
0.05908600906121146,0.00010041703941169793,-1.487529882478183e-10,298.1500054431501,0.0,0.03049358083855791,299.3194484739632,1.3067788392993179e-17,0.0,3.764901662909456e-06,99.77823070156734,2.1826421912408963e-16,1.4608753345020915e-19,1.609781730316256e-32,7.24826831661747e-30,1.3543204529030786e-17,2.6142871920258823,3.803487461124939e-12,0.000327033975543118,1000000.0,1000415.4914642741
0.06008600906121146,0.00010041703926296243,-1.4873550401129969e-10,298.1500054424966,0.0,0.030489942192786796,299.3194516233898,1.3066243370251551e-17,0.0,3.7649016796201497e-06,99.77823114493526,2.1823841345712357e-16,1.4605283186716978e-19,1.609575638864973e-32,7.248856986229424e-30,1.3543204589085753e-17,2.61428720364258,3.803037781770225e-12,0.0003270339755619727,1000000.0,1000415.4914648957
0.06108600906121146,0.0001004170391142453,-1.4871712130538652e-10,298.150005441843,0.0,0.03048630398390554,299.3194547724338,1.3064698529640396e-17,0.0,3.7649016963287766e-06,99.77823158824843,2.182126108321885e-16,1.4601813853402719e-19,1.6093695773745754e-32,7.249445738595153e-30,1.3543204649133773e-17,2.6142872152578427,3.8025881554217444e-12,0.00032703397558082507,1000000.0,1000415.4914655013
0.062086009061211464,0.00010041703896554564,-1.4869964401022635e-10,298.15000544118965,0.0,0.03048266621186186,299.31945792110304,1.3063153871139087e-17,0.0,3.7649017130354385e-06,99.7782320315095,2.1818681124893182e-16,1.4598345344883826e-19,1.6091635458776373e-32,7.250034573720317e-30,1.3543204709173662e-17,2.614287226871741,3.802138582073432e-12,0.0003270339755996752,1000000.0,1000415.4914661186
0.06308600906121146,0.00010041703881686439,-1.4868126332499116e-10,298.1500054405363,0.0,0.030479028876601803,299.3194610693894,1.3061609394726072e-17,0.0,3.7649017297400306e-06,99.77823247471572,2.1816101470700125e-16,1.4594877660962864e-19,1.6089575443424375e-32,7.250623491610989e-30,1.3543204769206339e-17,2.6142872384842017,3.801689061719011e-12,0.00032703397561852305,1000000.0,1000415.4914667195
0.06408600906121147,0.0001004170386682006,-1.486637894434557e-10,298.1500054398831,0.0,0.030475391978073155,299.3194642173012,1.3060065100379857e-17,0.0,3.7649017464426593e-06,99.77823291786991,2.1813522120603915e-16,1.45914108014437e-19,1.6087515727723812e-32,7.251212492275961e-30,1.3543204829232418e-17,2.614287250095299,3.801239594352374e-12,0.00032703397563736865,1000000.0,1000415.4914673322
0.06508600906121147,0.00010041703851955427,-1.4864633149507376e-10,298.15000543923003,0.0,0.030471755516222825,299.3194673648385,1.3058520988080251e-17,0.0,3.7649017631433234e-06,99.77823336097204,2.1810943074569913e-16,1.4587944766131186e-19,1.6085456311702247e-32,7.251801575720185e-30,1.3543204889251188e-17,2.614287261705033,3.800790179967353e-12,0.00032703397565621203,1000000.0,1000415.4914679565
0.06608600906121147,0.00010041703837092631,-1.4862796211874724e-10,298.15000543857684,0.0,0.030468119490996915,299.31947051199325,1.3056977057804259e-17,0.0,3.7649017798419215e-06,99.7782338040194,2.180836433256027e-16,1.4584479554827628e-19,1.6083397195113547e-32,7.252390741951448e-30,1.3543204949262107e-17,2.6142872733133315,3.800340818557581e-12,0.0003270339756750531,1000000.0,1000415.4914685647
0.06708600906121147,0.00010041703822231581,-1.486104980538471e-10,298.1500054379239,0.0,0.03046448390234319,299.3194736587735,1.3055433309531743e-17,0.0,3.7649017965385553e-06,99.77823424701471,2.180578589454118e-16,1.4581015167338148e-19,1.608133837809838e-32,7.252979990975686e-30,1.354320500926711e-17,2.614287284920267,3.79989151011704e-12,0.0003270339756938919,1000000.0,1000415.4914691846
0.06808600906121147,0.00010041703807372368,-1.4859213051196e-10,298.15000543727086,0.0,0.030460848750207756,299.3194768051713,1.3053889743240341e-17,0.0,3.7649018132331232e-06,99.77823468995527,2.1803207760475586e-16,1.4577551603465037e-19,1.607927986041404e-32,7.253569322799898e-30,1.3543205069263355e-17,2.614287296525767,3.799442254639224e-12,0.0003270339757127284,1000000.0,1000415.4914697884
0.06908600906121147,0.00010041703792514902,-1.4857466375136343e-10,298.15000543661813,0.0,0.030457214034538393,299.31947995119464,1.3052346358909666e-17,0.0,3.7649018299257273e-06,99.77823513284378,2.1800629930329032e-16,1.4574088863014058e-19,1.6077221642234242e-32,7.254158737431195e-30,1.3543205129253428e-17,2.6142873081299034,3.798993052118236e-12,0.00032703397573156267,1000000.0,1000415.4914704039
0.07008600906121147,0.00010041703777659182,-1.4855721329979141e-10,298.1500054359654,0.0,0.03045357975528205,299.3194830968437,1.3050803156518157e-17,0.0,3.764901846616367e-06,99.77823557568024,2.1798052404065945e-16,1.4570626945788567e-19,1.6075163723290777e-32,7.25474823487646e-30,1.3543205189236177e-17,2.6142873197326764,3.798543902547848e-12,0.0003270339757503948,1000000.0,1000415.4914710307
0.07108600906121147,0.00010041703762805296,-1.4853885772037572e-10,298.1500054353126,0.0,0.030449945912384882,299.31948624211043,1.3049260136044852e-17,0.0,3.764901863304943e-06,99.77823601846201,2.1795475181650572e-16,1.4567165851592509e-19,1.6073106103641896e-32,7.255337815141096e-30,1.3543205249210982e-17,2.614287331334016,3.798094805921583e-12,0.00032703397576922455,1000000.0,1000415.4914716416
0.07208600906121147,0.00010041703747953247,-1.4852048336528298e-10,298.15000543465993,0.0,0.030446312505793844,299.3194893869949,1.3047717297466525e-17,0.0,3.764901879991455e-06,99.77823646118905,2.1792898263045551e-16,1.4563705580228557e-19,1.6071048783108544e-32,7.255927478233194e-30,1.3543205309179286e-17,2.614287342933922,3.797645762233265e-12,0.000327033975788052,1000000.0,1000415.4914722369
0.07308600906121147,0.00010041703733102854,-1.4850393739251433e-10,298.1500054340076,0.0,0.03044267953545755,299.3194925315131,1.304617464076482e-17,0.0,3.764901896676103e-06,99.77823690386673,2.1790321648218751e-16,1.4560246131503832e-19,1.6068991761921276e-32,7.256517224159693e-30,1.3543205369140801e-17,2.6142873545325345,3.7971967714773615e-12,0.0003270339758068773,1000000.0,1000415.4914728709
0.07408600906121147,0.00010041703718254293,-1.4848560311062039e-10,298.15000543335503,0.0,0.03043904700132136,299.3194956756493,1.3044632165916671e-17,0.0,3.764901913358689e-06,99.77823734648976,2.1787745337132151e-16,1.4556787505220508e-19,1.6066935039682387e-32,7.25710705292593e-30,1.354320542909454e-17,2.6142873661297155,3.7967478336468605e-12,0.0003270339758257003,1000000.0,1000415.4914734891
0.07508600906121148,0.0001004170370340757,-1.4846724189800682e-10,298.1500054327026,0.0,0.03043541490333224,299.3194988194032,1.3043089872900076e-17,0.0,3.76490193003921e-06,99.77823778905805,2.1785169329749232e-16,1.4553329701182395e-19,1.6064878616490921e-32,7.257696964539884e-30,1.3543205489041078e-17,2.614287377725462,3.796298948735702e-12,0.000327033975844521,1000000.0,1000415.4914740908
0.07608600906121148,0.00010041703688562591,-1.4844978348845506e-10,298.1500054320504,0.0,0.030431783241438016,299.31950196278297,1.3041547761695316e-17,0.0,3.764901946717769e-06,99.77823823157433,2.1782593626036795e-16,1.4549872719194942e-19,1.6062822492362352e-32,7.258286959007945e-30,1.3543205548980935e-17,2.6142873893198453,3.7958501167379515e-12,0.0003270339758633394,1000000.0,1000415.4914747049
0.07708600906121148,0.00010041703673719446,-1.4843143712953596e-10,298.1500054313981,0.0,0.030428152015584867,299.31950510578076,1.3040005832280129e-17,0.0,3.7649019633942652e-06,99.77823867403595,2.1780018225957847e-16,1.4546416559061955e-19,1.6060766667133955e-32,7.258877036336692e-30,1.3543205608912325e-17,2.614287400912797,3.795401337647202e-12,0.00032703397588215553,1000000.0,1000415.4914753027
0.07808600906121148,0.00010041703658878046,-1.4841399404418408e-10,298.15000543074603,0.0,0.03042452122572061,299.3195082484045,1.3038464084633772e-17,0.0,3.7649019800687983e-06,99.77823911644553,2.1777443129477047e-16,1.4542961220588641e-19,1.6058711140810283e-32,7.259467196532856e-30,1.3543205668837151e-17,2.6142874125043853,3.7949526114574854e-12,0.0003270339759009695,1000000.0,1000415.4914759119
0.07908600906121147,0.00010041703644038391,-1.4839656363755937e-10,298.15000543009404,0.0,0.03042089087179227,299.3195113906543,1.3036922518734874e-17,0.0,3.76490199674137e-06,99.77823955880316,2.1774868336560046e-16,1.453950670357821e-19,1.605665591321662e-32,7.260057439604477e-30,1.3543205728755614e-17,2.6142874240946123,3.7945039381625215e-12,0.0003270339759197812,1000000.0,1000415.4914765324
0.08008600906121147,0.00010041703629200477,-1.4837914278234646e-10,298.15000542944216,0.0,0.030417260953746885,299.3195145325304,1.3035381134562175e-17,0.0,3.7649020134119817e-06,99.77824000110883,2.1772293847170339e-16,1.4536053007836237e-19,1.605460098450239e-32,7.26064776555636e-30,1.354320578866676e-17,2.6142874356834778,3.794055317756125e-12,0.0003270339759385907,1000000.0,1000415.4914771654
0.08108600906121147,0.00010041703614364397,-1.4836079865842866e-10,298.15000542879017,0.0,0.030413631471530648,299.31951767402467,1.303383993209389e-17,0.0,3.764902030080532e-06,99.77824044335986,2.1769719661271923e-16,1.453260013316597e-19,1.6052546354416158e-32,7.261238174396369e-30,1.3543205848570146e-17,2.6142874472709123,3.7936067502318975e-12,0.00032703397595739786,1000000.0,1000415.4914777814
0.08208600906121147,0.00010041703599530152,-1.4834245465427578e-10,298.15000542813823,0.0,0.030410002425090583,299.31952081513697,1.303229891130843e-17,0.0,3.7649020467470193e-06,99.77824088555622,2.1767145778828173e-16,1.4529148079372605e-19,1.6050492023051172e-32,7.261828666130903e-30,1.3543205908465894e-17,2.6142874588569134,3.793158235583692e-12,0.0003270339759762027,1000000.0,1000415.4914783818
0.08308600906121147,0.00010041703584697651,-1.48325008771491e-10,298.1500054274866,0.0,0.03040637381437454,299.3195239558753,1.3030758072185887e-17,0.0,3.764902063411543e-06,99.77824132770054,2.1764572199806603e-16,1.4525696846261285e-19,1.6048437990281335e-32,7.262419240766109e-30,1.3543205968354887e-17,2.6142874704415515,3.792709773805427e-12,0.0003270339759950053,1000000.0,1000415.4914789934
0.08408600906121147,0.00010041703569867002,-1.4830647295480844e-10,298.15000542683475,0.0,0.030402745639328606,299.31952709623016,1.3029217414727225e-17,0.0,3.764902080073984e-06,99.77824176978966,2.1761998924207958e-16,1.4522246430725757e-19,1.6046383563295888e-32,7.263009898276927e-30,1.3543206028237016e-17,2.6142874820247433,3.7922613648978175e-12,0.00032703397601380565,1000000.0,1000415.4914795829
0.08508600906121147,0.0001004170355503812,-1.4828881583578976e-10,298.1500054261832,0.0,0.0303991178999006,299.3195302362094,1.3027676938864663e-17,0.0,3.7649020967344395e-06,99.77824221182618,2.175942595192013e-16,1.4518796838391703e-19,1.6044330267904254e-32,7.263600638736826e-30,1.3543206088111248e-17,2.614287493606557,3.791813008840701e-12,0.0003270339760326037,1000000.0,1000415.4914801774
0.08608600906121147,0.00010041703540211003,-1.4827117839072995e-10,298.15000542553173,0.0,0.030395490596037564,299.3195333758128,1.3026136644599448e-17,0.0,3.764902113392907e-06,99.77824265381,2.1756853282944894e-16,1.4515348066151805e-19,1.6042276998262947e-32,7.264191462117076e-30,1.3543206147979398e-17,2.6142875051869896,3.791364705634921e-12,0.00032703397605139955,1000000.0,1000415.4914807761
0.08708600906121147,0.00010041703525385649,-1.4825355104257888e-10,298.1500054248804,0.0,0.03039186372768665,299.3195365150411,1.3024596531912425e-17,0.0,3.7649021300493948e-06,99.77824309574136,2.1754280917249346e-16,1.4511900113813836e-19,1.6040224119532466e-32,7.26478236842654e-30,1.3543206207839217e-17,2.6142875167660478,3.790916455274393e-12,0.00032703397607019316,1000000.0,1000415.4914813807
0.08808600906121147,0.00010041703510562056,-1.4823593087189847e-10,298.15000542422905,0.0,0.03038823729479488,299.3195396538939,1.302305660078034e-17,0.0,3.7649021467039e-06,99.77824353762017,2.1751708854795654e-16,1.4508452981180533e-19,1.6038171566843122e-32,7.26537335767206e-30,1.354320626769296e-17,2.614287528343729,3.790468257752806e-12,0.00032703397608898455,1000000.0,1000415.49148199
0.08908600906121147,0.00010041703495740226,-1.4821829733546273e-10,298.1500054235778,0.0,0.030384611297309346,299.31954279237146,1.3021516851183657e-17,0.0,3.7649021633564226e-06,99.77824397944642,2.174913709555052e-16,1.4505006668058526e-19,1.6036119321016378e-32,7.26596442985798e-30,1.3543206327538153e-17,2.6142875399200336,3.790020113064061e-12,0.00032703397610777367,1000000.0,1000415.4914826045
0.09008600906121148,0.0001004170348092016,-1.4820066709531477e-10,298.1500054229267,0.0,0.030380985735177127,299.3195459304737,1.3019977283099803e-17,0.0,3.7649021800069614e-06,99.77824442122012,2.1746565639476638e-16,1.4501561174250917e-19,1.6034067375781965e-32,7.266555584993978e-30,1.3543206387378174e-17,2.614287551494961,3.789572021201827e-12,0.00032703397612656056,1000000.0,1000415.4914832242
0.09108600906121148,0.00010041703466101856,-1.4818304963297437e-10,298.1500054222756,0.0,0.030377360608345314,299.31954906820056,1.3018437896508108e-17,0.0,3.764902196655518e-06,99.77824486294128,2.174399448653919e-16,1.4498116499564538e-19,1.6032015729646893e-32,7.26714682308532e-30,1.3543206447209258e-17,2.6142875630685114,3.7891239821601156e-12,0.00032703397614534523,1000000.0,1000415.4914838483
0.09208600906121148,0.0001004170345128531,-1.4816543588737527e-10,298.15000542162466,0.0,0.03037373591676106,299.3195522055526,1.301689869138766e-17,0.0,3.764902213302097e-06,99.77824530461002,2.1741423636703572e-16,1.4494672643803222e-19,1.6029964381717598e-32,7.267738144139056e-30,1.3543206507032869e-17,2.614287574640689,3.7886759959326944e-12,0.0003270339761641277,1000000.0,1000415.4914844793
0.09308600906121148,0.0001004170343647062,-1.4814690538496605e-10,298.15000542097357,0.0,0.03037011166037057,299.31955534252114,1.3015359667715622e-17,0.0,3.7649022299465895e-06,99.77824574622348,2.1738853089931833e-16,1.4491229606770979e-19,1.6027913331902194e-32,7.268329548161572e-30,1.3543206566850821e-17,2.614287586211417,3.788228062512954e-12,0.0003270339761829078,1000000.0,1000415.4914850862
0.09408600906121148,0.00010041703421657692,-1.4812927529648775e-10,298.15000542032266,0.0,0.03036648783912182,299.3195584791146,1.301382082547194e-17,0.0,3.7649022465891004e-06,99.7782461877844,2.1736282846189807e-16,1.4487787388274463e-19,1.6025862580210315e-32,7.268921035160316e-30,1.3543206626660579e-17,2.61428759778077,3.787780181895157e-12,0.00032703397620168563,1000000.0,1000415.4914856988
0.09508600906121148,0.00010041703406846617,-1.4811074912553937e-10,298.15000541967174,0.0,0.030362864452961078,299.3195616153247,1.301228216463396e-17,0.0,3.7649022632295256e-06,99.77824662929007,2.1733712905440143e-16,1.448434598811692e-19,1.602381212633754e-32,7.269512605141199e-30,1.354320668646381e-17,2.6142876093486738,3.78733235407276e-12,0.00032703397622046114,1000000.0,1000415.4914862881
0.09608600906121147,0.00010041703392037305,-1.4809311277794516e-10,298.1500054190211,0.0,0.030359241501836314,299.3195647511597,1.3010743685182407e-17,0.0,3.76490227986797e-06,99.77824707074322,2.1731143267650488e-16,1.448090540610606e-19,1.6021761970532687e-32,7.270104258111686e-30,1.3543206746258695e-17,2.614287620915202,3.786884579039923e-12,0.00032703397623923443,1000000.0,1000415.4914868831
0.09708600906121147,0.00010041703377229664,-1.480764244488191e-10,298.1500054183707,0.0,0.03035561898569548,299.31956788662774,1.3009205387095894e-17,0.0,3.7649022965045335e-06,99.77824751214654,2.1728573932784873e-16,1.4477465642047416e-19,1.601971211248314e-32,7.270695994079944e-30,1.3543206806047575e-17,2.6142876324804245,3.786436856790593e-12,0.00032703397625800555,1000000.0,1000415.4914875105
0.09808600906121147,0.0001004170336242378,-1.4805883653651498e-10,298.1500054177202,0.0,0.030351996904484927,299.31957102172123,1.3007667270352197e-17,0.0,3.764902313139121e-06,99.77824795349748,2.172600490080668e-16,1.447402669574415e-19,1.6017662552086587e-32,7.271287813050148e-30,1.3543206865829254e-17,2.6142876440442753,3.7859891873183055e-12,0.00032703397627677444,1000000.0,1000415.4914881436
0.09908600906121147,0.00010041703347619748,-1.4804032292869039e-10,298.15000541706956,0.0,0.030348375258150952,299.3195741564317,1.3006129334930436e-17,0.0,3.7649023297716263e-06,99.77824839479325,2.1723436171680658e-16,1.4470588567003285e-19,1.601561328960582e-32,7.271879715029752e-30,1.354320692560295e-17,2.61428765560668,3.785541570616733e-12,0.000327033976295541,1000000.0,1000415.4914887536
0.10008600906121147,0.00010041703332817479,-1.4802269551739564e-10,298.1500054164192,0.0,0.03034475404664151,299.3195772907671,1.3004591580808376e-17,0.0,3.7649023464021488e-06,99.77824883603648,2.1720867745370008e-16,1.446715125562748e-19,1.6013564324538078e-32,7.27247170002661e-30,1.3543206985370054e-17,2.614287667167708,3.785094006679933e-12,0.00032703397631430535,1000000.0,1000415.4914893688
0.10108600906121147,0.00010041703318017059,-1.480041945478278e-10,298.1500054157687,0.0,0.03034113326990296,299.3195804247197,1.3003054007966471e-17,0.0,3.7649023630305905e-06,99.77824927722455,2.1718299621841846e-16,1.4463714761425274e-19,1.6011515657402187e-32,7.27306376804685e-30,1.3543207045129542e-17,2.614287678727291,3.784646495501619e-12,0.00032703397633306736,1000000.0,1000415.4914899609
0.10208600906121147,0.00010041703303218403,-1.4798657452787916e-10,298.15000541511847,0.0,0.03033751292788326,299.3195835582972,1.3001516616381842e-17,0.0,3.7649023796570485e-06,99.77824971836004,2.171573180105792e-16,1.4460279084200417e-19,1.6009467287584382e-32,7.273655919097453e-30,1.354320710488217e-17,2.614287690285497,3.784199037075557e-12,0.0003270339763518271,1000000.0,1000415.491490558
0.10308600906121147,0.00010041703288421413,-1.4796988242210593e-10,298.1500054144686,0.0,0.030333893020530453,299.3195866915084,1.299997940603517e-17,0.0,3.764902396281633e-06,99.77825015944588,2.1713164282985979e-16,1.4456844223759734e-19,1.6007419215376393e-32,7.274248153185749e-30,1.354320716462804e-17,2.614287701842401,3.7837516313958805e-12,0.0003270339763705847,1000000.0,1000415.4914911889
0.10408600906121147,0.00010041703273626271,-1.4795140761583752e-10,298.1500054138184,0.0,0.030330273547790082,299.319589824337,1.2998442376903752e-17,0.0,3.764902412904139e-06,99.77825060047664,2.17105970675882e-16,1.4453410179907968e-19,1.6005371440592657e-32,7.274840470316836e-30,1.3543207224366323e-17,2.6142877133978626,3.783304278456112e-12,0.00032703397638934,1000000.0,1000415.4914917975
0.10508600906121147,0.00010041703258832892,-1.4793379940803615e-10,298.1500054131684,0.0,0.030326654509610085,299.3195929567907,1.2996905528966219e-17,0.0,3.764902429524662e-06,99.77825104145485,2.1708030154829174e-16,1.4449976952450118e-19,1.600332396313867e-32,7.275432870498996e-30,1.354320728409693e-17,2.614287724951947,3.782856978250068e-12,0.00032703397640809306,1000000.0,1000415.4914924102
0.10608600906121148,0.00010041703244041271,-1.4791621158580575e-10,298.1500054125185,0.0,0.03032303590593771,299.31959608887007,1.2995368862202642e-17,0.0,3.764902446143208e-06,99.77825148238067,2.1705463544674554e-16,1.444654454119405e-19,1.6001276783192586e-32,7.276025353738914e-30,1.3543207343821867e-17,2.614287736504659,3.782409730771871e-12,0.0003270339764268439,1000000.0,1000415.4914930286
0.10708600906121148,0.00010041703229251501,-1.478977105606117e-10,298.15000541186856,0.0,0.030319417736719298,299.3195992205666,1.2993832376589652e-17,0.0,3.7649024627596716e-06,99.77825192325129,2.1702897237087292e-16,1.444311294594182e-19,1.5999229900255527e-32,7.27661792004332e-30,1.3543207403538188e-17,2.614287748055924,3.78196253601478e-12,0.0003270339764455924,1000000.0,1000415.4914936237
0.10808600906121148,0.0001004170321446349,-1.4788010730700018e-10,298.15000541121884,0.0,0.03031580000190289,299.3196023518886,1.299229607210862e-17,0.0,3.764902479374157e-06,99.77825236406947,2.1700331232033969e-16,1.4439682166502892e-19,1.5997183314856081e-32,7.277210569417592e-30,1.3543207463247483e-17,2.614287759605816,3.781515393973114e-12,0.00032703397646433865,1000000.0,1000415.4914942242
0.10908600906121148,0.00010041703199677236,-1.4786252951732408e-10,298.1500054105692,0.0,0.03031218270143573,299.3196054828363,1.2990759948736367e-17,0.0,3.764902495986667e-06,99.77825280483532,2.169776552947743e-16,1.4436252202680785e-19,1.5995137026389815e-32,7.27780330187081e-30,1.3543207522950573e-17,2.6142877711543364,3.781068304640541e-12,0.00032703397648308266,1000000.0,1000415.4914948302
0.11008600906121148,0.00010041703184892741,-1.478449493676294e-10,298.1500054099196,0.0,0.030308565835265,299.3196086134096,1.2989224006453166e-17,0.0,3.764902512597198e-06,99.77825324554871,2.1695200129383803e-16,1.4432823054283743e-19,1.5993091035250602e-32,7.278396117408095e-30,1.35432075826459e-17,2.6142877827014828,3.780621268010947e-12,0.00032703397650182445,1000000.0,1000415.4914954411
0.11108600906121148,0.00010041703170110005,-1.478273708316265e-10,298.15000540927014,0.0,0.03030494940333793,299.31961174360856,1.2987688245236584e-17,0.0,3.764902529205752e-06,99.77825368620972,2.1692635031716488e-16,1.4429394721114797e-19,1.5991045340922754e-32,7.278989016037275e-30,1.3543207642333579e-17,2.6142877942472555,3.7801742840781676e-12,0.000327033976520564,1000000.0,1000415.4914960574
0.11208600906121148,0.00010041703155329024,-1.4780980353664803e-10,298.1500054086207,0.0,0.030301333405601774,299.31961487343335,1.2986152665066846e-17,0.0,3.76490254581233e-06,99.77825412681837,2.1690070236441454e-16,1.4425967202983065e-19,1.5988999943889112e-32,7.279581997764921e-30,1.3543207702015067e-17,2.614287805791657,3.779727352836028e-12,0.00032703397653930137,1000000.0,1000415.4914966784
0.11308600906121147,0.00010041703140549802,-1.477922266625801e-10,298.1500054079714,0.0,0.030297717842003732,299.3196180028838,1.298461726592084e-17,0.0,3.7649025624169303e-06,99.77825456737457,2.168750574352129e-16,1.4422540499691142e-19,1.5986954843504117e-32,7.280175062597333e-30,1.3543207761689482e-17,2.614287817334685,3.7792804742782085e-12,0.0003270339765580365,1000000.0,1000415.4914973044
0.11408600906121147,0.00010041703125772427,-1.4777374453021364e-10,298.150005407322,0.0,0.03029410271249027,299.3196211319521,1.2983082047777949e-17,0.0,3.7649025790194533e-06,99.77825500787574,2.1684941552920433e-16,1.441911461104674e-19,1.5984910040250638e-32,7.280768210541845e-30,1.3543207821355431e-17,2.6142878288762708,3.778833648398512e-12,0.0003270339765767693,1000000.0,1000415.4914979088
0.11508600906121147,0.0001004170311099681,-1.4775616753252945e-10,298.15000540667285,0.0,0.030290488017009426,299.31962426064615,1.2981547010617661e-17,0.0,3.764902595619999e-06,99.7782554483245,2.1682377664605467e-16,1.441568953685602e-19,1.5982865533772678e-32,7.281361441604793e-30,1.3543207881014737e-17,2.614287840416483,3.778386875190901e-12,0.00032703397659549985,1000000.0,1000415.4914985179
0.11608600906121147,0.00010041703096222948,-1.4773859903524885e-10,298.1500054060237,0.0,0.03028687375550849,299.31962738896624,1.2980012154418333e-17,0.0,3.764902612218571e-06,99.77825588872095,2.1679814078539643e-16,1.441226527692498e-19,1.598082132407322e-32,7.281954755793261e-30,1.3543207940667236e-17,2.614287851955325,3.777940154649194e-12,0.00032703397661422814,1000000.0,1000415.4914991326
0.11708600906121147,0.00010041703081450845,-1.477210362664263e-10,298.15000540537466,0.0,0.03028325992793469,299.31963051691207,1.2978477479158908e-17,0.0,3.7649026288151637e-06,99.77825632906496,2.1677250794688052e-16,1.4408841831059807e-19,1.5978777411116022e-32,7.282548153114073e-30,1.3543208000312128e-17,2.6142878634927924,3.777493486767239e-12,0.0003270339766329542,1000000.0,1000415.4914997518
0.11808600906121147,0.0001004170306668059,-1.477025586285942e-10,298.15000540472556,0.0,0.030279646534234487,299.3196336444758,1.2976942984817288e-17,0.0,3.7649026454096792e-06,99.77825676935392,2.1674687813013836e-16,1.4405419199065878e-19,1.5976733794811395e-32,7.283141633574472e-30,1.3543208059949983e-17,2.6142878750288174,3.7770468715387235e-12,0.00032703397665167794,1000000.0,1000415.4915003484
0.11908600906121147,0.00010041703051912092,-1.4768497723083e-10,298.1500054040767,0.0,0.03027603357435598,299.3196367716655,1.2975408671373383e-17,0.0,3.7649026620022182e-06,99.77825720959048,2.1672125133483516e-16,1.440199738075092e-19,1.5974690475217013e-32,7.283735197180517e-30,1.354320811958042e-17,2.61428788656347,3.77660030895754e-12,0.00032703397667039946,1000000.0,1000415.4915009501
0.12008600906121147,0.00010041703037145349,-1.476674258370349e-10,298.15000540342794,0.0,0.03027242104824647,299.31963989848134,1.2973874538805728e-17,0.0,3.7649026785927836e-06,99.77825764977474,2.1669562756061139e-16,1.4398576375920255e-19,1.597264745209641e-32,7.28432884394e-30,1.3543208179204934e-17,2.6142878980967525,3.776153799017628e-12,0.00032703397668911875,1000000.0,1000415.4915015574
0.12108600906121147,0.00010041703022380361,-1.4764987629794382e-10,298.15000540277924,0.0,0.03026880895585323,299.31964302492327,1.297234058709302e-17,0.0,3.7649026951813733e-06,99.77825808990664,2.166700068071107e-16,1.4395156184380333e-19,1.5970604725527007e-32,7.2849225738587e-30,1.3543208238820918e-17,2.614287909628663,3.775707341712809e-12,0.0003270339767078358,1000000.0,1000415.4915021695
0.12208600906121148,0.00010041703007617129,-1.4763232633902119e-10,298.1500054021306,0.0,0.030265197297123573,299.31964615099156,1.2970806816214889e-17,0.0,3.7649027117679907e-06,99.77825852998627,2.1664438907398838e-16,1.4391736805939544e-19,1.5968562295546016e-32,7.285516386944061e-30,1.3543208298430872e-17,2.614287921159204,3.775260937036961e-12,0.00032703397672655067,1000000.0,1000415.4915027872
0.12308600906121148,0.00010041702992855652,-1.4761477385525975e-10,298.1500054014821,0.0,0.03026158607200478,299.31964927668594,1.2969273226148883e-17,0.0,3.7649027283526324e-06,99.77825897001354,2.1661877436087715e-16,1.4388318240401709e-19,1.596652016173406e-32,7.286110283202546e-30,1.3543208358032828e-17,2.614287932688373,3.774814584983759e-12,0.0003270339767452633,1000000.0,1000415.4915034099
0.12408600906121148,0.00010041702978096021,-1.475963167078025e-10,298.15000540083344,0.0,0.03025797528044337,299.31965240199855,1.2967739816873427e-17,0.0,3.764902744935199e-06,99.77825940998582,2.165931626674124e-16,1.438490048757361e-19,1.5964478324398606e-32,7.28670426264134e-30,1.3543208417627468e-17,2.614287944216101,3.7743682855468945e-12,0.0003270339767639736,1000000.0,1000415.4915040097
0.12508600906121148,0.00010041702963338147,-1.475787533615886e-10,298.150005400185,0.0,0.030254364922387433,299.31965552693725,1.2966206588369827e-17,0.0,3.7649027615157883e-06,99.77825984990571,2.1656755399328587e-16,1.4381483547263506e-19,1.5962436783441678e-32,7.287298325267254e-30,1.3543208477215657e-17,2.6142879557424563,3.773922038720573e-12,0.00032703397678268166,1000000.0,1000415.4915046142
0.12608600906121148,0.00010041702948582025,-1.4756121182019857e-10,298.1500053995367,0.0,0.030250754997784346,299.31965865150255,1.2964673540614354e-17,0.0,3.764902778094407e-06,99.77826028977336,2.1654194833809505e-16,1.4378067419276935e-19,1.5960395538608103e-32,7.287892471086674e-30,1.3543208536796035e-17,2.614287967267443,3.773475844498417e-12,0.0003270339768013875,1000000.0,1000415.4915052251
0.12708600906121148,0.00010041702933827657,-1.475436645478732e-10,298.15000539888854,0.0,0.03024714550658143,299.31966177569427,1.2963140673587335e-17,0.0,3.764902794671054e-06,99.77826072958875,2.1651634570151777e-16,1.4374652103420485e-19,1.5958354589988651e-32,7.288486700106667e-30,1.3543208596370257e-17,2.6142879787910607,3.773029702874418e-12,0.00032703397682009113,1000000.0,1000415.4915058413
0.12808600906121148,0.00010041702919075044,-1.4752613362625344e-10,298.15000539824035,0.0,0.030243536448726,299.3196648995124,1.2961607987266409e-17,0.0,3.7649028112457267e-06,99.77826116935182,2.1649074608317703e-16,1.4371237599500366e-19,1.5956313937486496e-32,7.28908101233456e-30,1.3543208655937023e-17,2.614287990313307,3.772583613842222e-12,0.00032703397683879254,1000000.0,1000415.4915064621
0.12908600906121148,0.00010041702904324277,-1.4750767984080746e-10,298.15000539759205,0.0,0.030239927824164573,299.3196680229488,1.2960075481630916e-17,0.0,3.7649028278183227e-06,99.77826160905985,2.164651494827262e-16,1.4367823907324114e-19,1.5954273581158514e-32,7.289675407776065e-30,1.3543208715495673e-17,2.6142880018341113,3.7721375773956475e-12,0.0003270339768574916,1000000.0,1000415.4915070594
0.13008600906121148,0.00010041702889575264,-1.4749012085106123e-10,298.15000539694415,0.0,0.03023631963284533,299.3196711460118,1.2958543156659591e-17,0.0,3.764902844388946e-06,99.77826204871562,2.1643955589981395e-16,1.436441102669806e-19,1.5952233520763997e-32,7.29026988643905e-30,1.3543208775047293e-17,2.6142880133535464,3.7716915935286625e-12,0.0003270339768761884,1000000.0,1000415.491507663
0.13108600906121148,0.00010041702874828004,-1.4747260243301812e-10,298.15000539629614,0.0,0.030232711874715636,299.3196742687014,1.2957011012331727e-17,0.0,3.764902860957598e-06,99.77826248831911,2.164139653340928e-16,1.436099895742911e-19,1.595019375636702e-32,7.290864448329859e-30,1.3543208834592529e-17,2.6142880248716125,3.771245662235135e-12,0.000327033976894883,1000000.0,1000415.4915082715
0.13208600906121148,0.00010041702860082498,-1.474550659303357e-10,298.15000539564835,0.0,0.03022910454972284,299.3196773910176,1.2955479048625984e-17,0.0,3.7649028775242773e-06,99.77826292787034,2.1638837778520514e-16,1.43575876993248e-19,1.594815428793119e-32,7.29145909345607e-30,1.3543208894130656e-17,2.614288036388309,3.7707997835088474e-12,0.00032703397691357533,1000000.0,1000415.4915088855
0.13308600906121149,0.00010041702845338743,-1.4743754029199322e-10,298.1500053950006,0.0,0.030225497657814338,299.3196805129607,1.2953947265521723e-17,0.0,3.7649028940889874e-06,99.77826336736939,2.163627932528062e-16,1.435417725219222e-19,1.5946115115341633e-32,7.292053821823831e-30,1.3543208953661354e-17,2.6142880479036377,3.7703539573437146e-12,0.00032703397693226546,1000000.0,1000415.491509505
0.1340860090612115,0.00010041702830596833,-1.4741910455605251e-10,298.1500053943528,0.0,0.03022189119893666,299.3196836345222,1.2952415662995981e-17,0.0,3.7649029106516224e-06,99.77826380681343,2.1633721173651556e-16,1.4350767615836204e-19,1.5944076238440203e-32,7.292648633439804e-30,1.3543209013185292e-17,2.6142880594175253,3.769908183733314e-12,0.00032703397695095325,1000000.0,1000415.4915101009
0.1350860090612115,0.00010041702815856677,-1.4740156354714958e-10,298.1500053937052,0.0,0.03021828517303799,299.31968675571045,1.2950884241029154e-17,0.0,3.764902927212284e-06,99.77826424620518,2.1631163323600287e-16,1.4347358790065832e-19,1.5942037657460593e-32,7.293243528311169e-30,1.3543209072700759e-17,2.614288070930043,3.769462462671759e-12,0.0003270339769696388,1000000.0,1000415.4915107029
0.1360860090612115,0.00010041702801118273,-1.4738404521028944e-10,298.15000539305765,0.0,0.03021467958006575,299.3196898765255,1.2949352999599513e-17,0.0,3.764902943770975e-06,99.7782646855447,2.1628605775090412e-16,1.434395077468729e-19,1.5939999372079578e-32,7.293838506445319e-30,1.3543209132211167e-17,2.6142880824411923,3.769016794152833e-12,0.0003270339769883222,1000000.0,1000415.4915113093
0.1370860090612115,0.00010041702786381619,-1.4736652790252598e-10,298.1500053924102,0.0,0.03021107441996736,299.31969299696766,1.2947821938686826e-17,0.0,3.7649029603276983e-06,99.77826512483206,2.1626048528088625e-16,1.4340543569508508e-19,1.5937961382412731e-32,7.294433567848198e-30,1.3543209191713061e-17,2.614288093950975,3.768571178170406e-12,0.0003270339770070033,1000000.0,1000415.4915119219
0.13808600906121146,0.0001004170277164672,-1.4734900942655412e-10,298.1500053917629,0.0,0.03020746969269015,299.31969611703653,1.2946291058268573e-17,0.0,3.7649029768824478e-06,99.77826556406714,2.1623491582556943e-16,1.4337137174335633e-19,1.5935923688251026e-32,7.295028712526187e-30,1.3543209251207644e-17,2.6142881054593876,3.7681256147182855e-12,0.0003270339770256822,1000000.0,1000415.4915125389
0.13908600906121146,0.0001004170275691366,-1.4733058755803117e-10,298.1500053911154,0.0,0.030203865398180783,299.31969923672443,1.2944760358324132e-17,0.0,3.764902993435128e-06,99.77826600324737,2.1620934938460996e-16,1.4333731588976311e-19,1.5933886289705365e-32,7.295623940488215e-30,1.3543209310695802e-17,2.614288116966363,3.767680103790119e-12,0.0003270339770443588,1000000.0,1000415.491513134
0.14008600906121146,0.00010041702742182356,-1.4731305473577635e-10,298.1500053904682,0.0,0.030200261536387423,299.31970235603916,1.2943229838831993e-17,0.0,3.764903009985834e-06,99.77826644237527,2.161837859576482e-16,1.433032681323735e-19,1.5931849186569964e-32,7.296219251739416e-30,1.3543209370175643e-17,2.614288128471968,3.767234645379973e-12,0.00032703397706303314,1000000.0,1000415.4915137338
0.14108600906121146,0.00010041702727452801,-1.472955452777237e-10,298.1500053898211,0.0,0.030196658107257537,299.31970547498094,1.2941699499772487e-17,0.0,3.7649030265345726e-06,99.77826688145102,2.1615822554435529e-16,1.4326922846927484e-19,1.5929812378973842e-32,7.296814646286977e-30,1.3543209429650278e-17,2.614288139976206,3.766789239481774e-12,0.00032703397708170527,1000000.0,1000415.491514339
0.14208600906121147,0.00010041702712724997,-1.4727803749465662e-10,298.150005389174,0.0,0.030193055110738543,299.3197085935498,1.2940169341123254e-17,0.0,3.7649030430813413e-06,99.77826732047457,2.161326681443577e-16,1.43235196898527e-19,1.5927775866618922e-32,7.297410124137673e-30,1.3543209489116426e-17,2.6142881514790766,3.766343886089262e-12,0.0003270339771003752,1000000.0,1000415.4915149489
0.14308600906121147,0.00010041702697998943,-1.4726053509345615e-10,298.15000538852706,0.0,0.030189452546777885,299.3197117117461,1.2938639362863038e-17,0.0,3.7649030596261423e-06,99.77826775944598,2.1610711375730456e-16,1.4320117341820367e-19,1.5925739649620505e-32,7.298005685298723e-30,1.3543209548576034e-17,2.6142881629805808,3.765898585196284e-12,0.00032703397711904286,1000000.0,1000415.4915155651
0.14408600906121147,0.00010041702683274578,-1.4724365016383398e-10,298.1500053878803,0.0,0.030185850415323564,299.31971482957505,1.293710956499634e-17,0.0,3.7649030761690444e-06,99.77826819836706,2.1608156238325967e-16,1.431671579977185e-19,1.5923703205484692e-32,7.298601329744158e-30,1.3543209608028026e-17,2.6142881744807664,3.7654533368038546e-12,0.00032703397713770843,1000000.0,1000415.4915162054
0.14508600906121147,0.00010041702668552083,-1.4722495904739916e-10,298.1500053872333,0.0,0.03018224871632138,299.31971794702054,1.2935579947451212e-17,0.0,3.7649030927098428e-06,99.77826863723239,2.1605601402103772e-16,1.4313315069247745e-19,1.5921667764004291e-32,7.299197057545791e-30,1.354320966747292e-17,2.6142881859794915,3.765008140891423e-12,0.0003270339771563716,1000000.0,1000415.4915168138
0.14608600906121147,0.00010041702653831367,-1.4720715444911205e-10,298.15000538658643,0.0,0.03017864744971959,299.3197210640907,1.2934050510232219e-17,0.0,3.7649031092486392e-06,99.77826907604467,2.1603046867070653e-16,1.4309915147189052e-19,1.5919632317174902e-32,7.299792868678304e-30,1.354320972691013e-17,2.614288197476826,3.764562997460126e-12,0.0003270339771750325,1000000.0,1000415.4915174183
0.14708600906121147,0.00010041702639112432,-1.4718934709030636e-10,298.1500053859398,0.0,0.030175046615465655,299.31972418078544,1.2932521253317869e-17,0.0,3.7649031257854333e-06,99.77826951480387,2.1600492633190394e-16,1.4306516033403394e-19,1.5917597245862682e-32,7.300388763149567e-30,1.3543209786341264e-17,2.6142882089727704,3.764117906503589e-12,0.0003270339771936912,1000000.0,1000415.4915180196
0.14808600906121147,0.00010041702624395185,-1.47172470934315e-10,298.1500053852933,0.0,0.030171446213507876,299.31972729711316,1.2930992176687855e-17,0.0,3.764903142320329e-06,99.77826995351276,2.15979387004295e-16,1.4303117727698363e-19,1.5915562494051363e-32,7.300984740964708e-30,1.3543209845765004e-17,2.614288220467397,3.7636728680161374e-12,0.0003270339772123478,1000000.0,1000415.4915186451
0.14908600906121147,0.00010041702609679806,-1.4715379137934312e-10,298.15000538464665,0.0,0.030167846243792096,299.31973041305764,1.292946328031957e-17,0.0,3.764903158853124e-06,99.77827039216598,2.159538506874978e-16,1.4299720229881057e-19,1.591352804468294e-32,7.301580802130782e-30,1.3543209905181808e-17,2.6142882319605643,3.7632278819909984e-12,0.00032703397723100197,1000000.0,1000415.4915192391
0.15008600906121147,0.00010041702594966116,-1.4713690111813296e-10,298.1500053840003,0.0,0.03016424670626741,299.319733528635,1.2927934564193513e-17,0.0,3.7649031753840184e-06,99.77827083076883,2.1592831738119417e-16,1.4296323539759684e-19,1.5911493892482905e-32,7.302176946655544e-30,1.354320996459095e-17,2.614288243452412,3.762782948422687e-12,0.00032703397724965404,1000000.0,1000415.4915198568
0.15108600906121147,0.00010041702580254203,-1.4711913420629415e-10,298.15000538335386,0.0,0.030160647600880525,299.3197366438375,1.2926406028287213e-17,0.0,3.7649031919129156e-06,99.77827126931875,2.1590278708500602e-16,1.4292927657141512e-19,1.590946003585191e-32,7.302773174545181e-30,1.3543210023993534e-17,2.614288254942873,3.762338067304514e-12,0.0003270339772683038,1000000.0,1000415.4915204712
0.15208600906121147,0.00010041702565544067,-1.4710135117930642e-10,298.15000538270755,0.0,0.030157048927578898,299.31973975866487,1.2924877672580295e-17,0.0,3.764903208439812e-06,99.77827170781566,2.1587725979858603e-16,1.4289532581835535e-19,1.590742647433707e-32,7.303369485807019e-30,1.3543210083387969e-17,2.6142882664319442,3.7618932386305585e-12,0.0003270339772869513,1000000.0,1000415.4915210822
0.15308600906121148,0.0001004170255083571,-1.4708356896374735e-10,298.1500053820613,0.0,0.03015345068631003,299.3197428731171,1.2923349497051347e-17,0.0,3.7649032249647083e-06,99.77827214625954,2.15851735521585e-16,1.4286138313647923e-19,1.5905393207512724e-32,7.303965880448023e-30,1.3543210142776231e-17,2.6142882779196266,3.761448462394668e-12,0.00032703397730559654,1000000.0,1000415.4915216891
0.15408600906121148,0.00010041702536129131,-1.4706579133903755e-10,298.15000538141516,0.0,0.030149852877021457,299.31974598719455,1.2921821501679532e-17,0.0,3.7649032414876063e-06,99.77827258465047,2.1582621425365134e-16,1.428274485238784e-19,1.5903360235560122e-32,7.30456235847393e-30,1.3543210202156864e-17,2.6142882894059216,3.761003738590558e-12,0.00032703397732423956,1000000.0,1000415.4915222927
0.15508600906121148,0.0001004170252142433,-1.4704801585855213e-10,298.1500053807691,0.0,0.030146255499660653,299.31974910089696,1.2920293686442668e-17,0.0,3.7649032580085033e-06,99.77827302298836,2.1580069599441476e-16,1.4279352197861954e-19,1.590132755816893e-32,7.305158919892921e-30,1.3543210261531035e-17,2.614288300890827,3.7605590672122195e-12,0.0003270339773428803,1000000.0,1000415.4915228925
0.15608600906121148,0.00010041702506721306,-1.470302402579388e-10,298.15000538012305,0.0,0.030142658554175163,299.31975221422454,1.2918766051321277e-17,0.0,3.764903274527403e-06,99.77827346127332,2.1577518074355034e-16,1.4275960349879442e-19,1.5899295175505857e-32,7.305755564710878e-30,1.35432103208969e-17,2.6142883123743452,3.76011444825349e-12,0.00032703397736151877,1000000.0,1000415.4915234885
0.15708600906121148,0.00010041702492019968,-1.4701338047284374e-10,298.1500053794773,0.0,0.03013906204051332,299.3197553271855,1.2917238596293399e-17,0.0,3.7649032910444048e-06,99.778273899508,2.1574966850069357e-16,1.4272569308248106e-19,1.589726308732984e-32,7.306352292936055e-30,1.3543210380257014e-17,2.614288323856546,3.759669881708406e-12,0.0003270339773801552,1000000.0,1000415.4915241092
0.15808600906121148,0.00010041702477320406,-1.4699562702876456e-10,298.1500053788315,0.0,0.030135465958621842,299.3197584397715,1.2915711321338426e-17,0.0,3.764903307559409e-06,99.77827433768971,2.157241592654939e-16,1.4269179072776132e-19,1.5895231293703128e-32,7.306949104573811e-30,1.3543210439608478e-17,2.6142883353373594,3.759225367570685e-12,0.00032703397739878925,1000000.0,1000415.4915247249
0.15908600906121148,0.00010041702462622711,-1.469769534322663e-10,298.1500053781856,0.0,0.030131870308447467,299.319761551975,1.291418422643359e-17,0.0,3.764903324072314e-06,99.77827477581582,2.1569865303757785e-16,1.4265789643270286e-19,1.5893199794451872e-32,7.307545999632003e-30,1.3543210498953979e-17,2.6142883468167155,3.7587809058338e-12,0.000327033977417421,1000000.0,1000415.4915253107
0.16008600906121148,0.00010041702447926703,-1.4696008330545146e-10,298.15000537754,0.0,0.03012827508993933,299.3197646638116,1.2912657311560089e-17,0.0,3.764903340583322e-06,99.77827521389162,2.156731498166314e-16,1.4262401019540067e-19,1.5891168589667638e-32,7.308142978117532e-30,1.3543210558292477e-17,2.6142883582947536,3.75833649649223e-12,0.0003270339774360506,1000000.0,1000415.49152592
0.16108600906121148,0.00010041702433232469,-1.4694233776953836e-10,298.15000537689446,0.0,0.030124680303044226,299.3197677752738,1.291113057669561e-17,0.0,3.7649033570923337e-06,99.77827565191453,2.156476496022734e-16,1.4259013201394029e-19,1.588913767925632e-32,7.308740040036018e-30,1.3543210617623336e-17,2.614288369771406,3.757892139539544e-12,0.000327033977454678,1000000.0,1000415.491526526
0.16208600906121148,0.0001004170241853992,-1.469254893622542e-10,298.1500053762491,0.0,0.030121085947710492,299.31977088636955,1.2909604021819767e-17,0.0,3.7649033735994503e-06,99.77827608988721,2.15622152394169e-16,1.425562618863991e-19,1.588710706304757e-32,7.309337185396713e-30,1.3543210676947226e-17,2.614288381246743,3.757447834969784e-12,0.00032703397747330326,1000000.0,1000415.4915271561
0.16308600906121148,0.00010041702403849236,-1.4690684170251048e-10,298.1500053756034,0.0,0.030117492023884095,299.3197739970828,1.2908077646910179e-17,0.0,3.76490339010447e-06,99.77827652780434,2.1559665819194996e-16,1.4252239981085117e-19,1.5885076741090956e-32,7.30993441420344e-30,1.3543210736263802e-17,2.6142883927206233,3.757003582776428e-12,0.0003270339774919261,1000000.0,1000415.4915277542
0.16408600906121149,0.0001004170238916033,-1.4688905726462641e-10,298.1500053749581,0.0,0.030113898531513358,299.3197771074213,1.2906551451946107e-17,0.0,3.7649034066074895e-06,99.77827696566844,2.1557116699526447e-16,1.4248854578538207e-19,1.5883046713318853e-32,7.310531726466114e-30,1.354321079557422e-17,2.6142884041931147,3.756559382953507e-12,0.0003270339775105467,1000000.0,1000415.4915283495
0.16508600906121149,0.00010041702374473109,-1.4687222006845832e-10,298.1500053743129,0.0,0.03011030547054672,299.31978021739354,1.2905025436908007e-17,0.0,3.764903423108615e-06,99.77827740348235,2.1554567880377942e-16,1.4245469980809568e-19,1.5881016979781707e-32,7.31112912218954e-30,1.3543210854876396e-17,2.6142884156642907,3.756115235495253e-12,0.0003270339775291652,1000000.0,1000415.4915289683
0.1660860090612115,0.0001004170235978766,-1.468544826369271e-10,298.15000537366774,0.0,0.030106712840930975,299.31978332699157,1.2903499601773422e-17,0.0,3.764903439607747e-06,99.77827784124342,2.1552019361713202e-16,1.4242086187705584e-19,1.5878987540152483e-32,7.311726601381355e-30,1.354321091417188e-17,2.614288427134083,3.755671140395148e-12,0.00032703397754778145,1000000.0,1000415.4915295844
0.1670860090612115,0.00010041702345104078,-1.4683581897185063e-10,298.15000537302245,0.0,0.030103120642612835,299.3197864362069,1.2901973946520817e-17,0.0,3.7649034561047784e-06,99.77827827894882,2.154947114349546e-16,1.423870319903497e-19,1.58769583946294e-32,7.312324164047541e-30,1.3543210973459063e-17,2.6142884386024163,3.7552270976467595e-12,0.0003270339775663953,1000000.0,1000415.4915301681
0.1680860090612115,0.0001004170233042218,-1.4681897099500109e-10,298.1500053723775,0.0,0.03009952887554156,299.3197895450561,1.2900448471130629e-17,0.0,3.7649034725999154e-06,99.77827871660402,2.1546923225692468e-16,1.4235321014606958e-19,1.5874929543056442e-32,7.312921810197405e-30,1.3543211032740638e-17,2.6142884500694343,3.754783107244779e-12,0.00032703397758500704,1000000.0,1000415.4915307766
0.1690860090612115,0.00010041702315742057,-1.4680124108920045e-10,298.15000537173256,0.0,0.03009593753966393,299.31979265353095,1.2898923175580247e-17,0.0,3.764903489093056e-06,99.77827915420632,2.1544375608265804e-16,1.4231939634229873e-19,1.5872900985401914e-32,7.313519539835652e-30,1.3543211092014332e-17,2.6142884615350663,3.754339169182353e-12,0.00032703397760361656,1000000.0,1000415.4915313809
0.1700860090612115,0.00010041702301063707,-1.467835020930951e-10,298.1500053710877,0.0,0.030092346634927592,299.3197957616317,1.2897398059849673e-17,0.0,3.7649035055842038e-06,99.77827959175579,2.1541828291182806e-16,1.4228559057712208e-19,1.5870872721589502e-32,7.31411735296958e-30,1.3543211151280953e-17,2.614288472999314,3.753895283453717e-12,0.0003270339776222238,1000000.0,1000415.4915319821
0.17108600906121146,0.0001004170228638704,-1.4676667062095666e-10,298.150005370443,0.0,0.030088756161280945,299.3197988693665,1.2895873123918043e-17,0.0,3.7649035220734585e-06,99.7782800292551,2.153928127440856e-16,1.4225179284863215e-19,1.5868844751597243e-32,7.314715249606657e-30,1.3543211210541097e-17,2.614288484462248,3.753451450052801e-12,0.0003270339776408289,1000000.0,1000415.4915326072
0.17208600906121146,0.00010041702271712237,-1.4674803168937286e-10,298.1500053697981,0.0,0.03008516611866998,299.31980197671896,1.289434836776276e-17,0.0,3.764903538560615e-06,99.7782804666988,2.1536734557905025e-16,1.4221800315489514e-19,1.586681707526634e-32,7.31531322975354e-30,1.3543211269794543e-17,2.6142884959237245,3.753007668973042e-12,0.00032703397765943167,1000000.0,1000415.491533201
0.17308600906121147,0.00010041702257039118,-1.4673119615614772e-10,298.1500053691536,0.0,0.030081576507043968,299.3198050837054,1.289282379136463e-17,0.0,3.7649035550458796e-06,99.77828090409236,2.1534188141639768e-16,1.4218422149403535e-19,1.5864789692856848e-32,7.315911293417535e-30,1.3543211329039877e-17,2.6142885073838866,3.752563940208802e-12,0.0003270339776780323,1000000.0,1000415.4915338185
0.17408600906121147,0.0001004170224236777,-1.4671347326667125e-10,298.150005368509,0.0,0.03007798732634974,299.31980819031793,1.2891299394701125e-17,0.0,3.764903571529151e-06,99.77828134143309,2.1531642025576154e-16,1.4215044786410516e-19,1.5862762603793223e-32,7.316509440604297e-30,1.3543211388278798e-17,2.6142885188426654,3.752120263753701e-12,0.0003270339776966307,1000000.0,1000415.491534433
0.17508600906121147,0.00010041702227698287,-1.4669483607653063e-10,298.15000536786425,0.0,0.03007439857653411,299.3198112965484,1.2889775177751235e-17,0.0,3.764903588010326e-06,99.77828177871827,2.1529096209678274e-16,1.4211668226320551e-19,1.5860735808513457e-32,7.317107671321375e-30,1.3543211447509473e-17,2.6142885302999885,3.751676639601376e-12,0.00032703397771522666,1000000.0,1000415.4915350156
0.17608600906121147,0.00010041702213030488,-1.4667798994924466e-10,298.15000536722005,0.0,0.03007081025754633,299.31981440241265,1.2888251140494622e-17,0.0,3.7649036044896046e-06,99.77828221595318,2.15265506939127e-16,1.4208292468942665e-19,1.5858709306692913e-32,7.31770598557635e-30,1.3543211506733697e-17,2.614288541755995,3.751233067746159e-12,0.00032703397773382057,1000000.0,1000415.4915356225
0.17708600906121147,0.00010041702198364458,-1.4666028667631994e-10,298.15000536657567,0.0,0.030067222369333315,299.3198175079034,1.288672728291009e-17,0.0,3.764903620966895e-06,99.7782826531354,2.152400547824335e-16,1.4204917514086447e-19,1.585668309842594e-32,7.318304383375883e-30,1.3543211565950393e-17,2.6142885532106206,3.75078954818167e-12,0.0003270339777524122,1000000.0,1000415.491536226
0.17808600906121147,0.00010041702183700112,-1.4664347367025882e-10,298.15000536593163,0.0,0.03006363491184348,299.3198206130283,1.2885203604977784e-17,0.0,3.764903637442292e-06,99.77828309026746,2.1521460562637825e-16,1.420154336156115e-19,1.5854657183542655e-32,7.318902864726356e-30,1.3543211625161513e-17,2.6142885646639313,3.750346080902083e-12,0.0003270339777710017,1000000.0,1000415.4915368541
0.17908600906121147,0.00010041702169037627,-1.466248550742814e-10,298.1500053652872,0.0,0.030060047885022898,299.31982371777144,1.2883680106673436e-17,0.0,3.764903653915595e-06,99.77828352734402,2.1518915947055103e-16,1.419817001117293e-19,1.5852631561894875e-32,7.319501429634494e-30,1.3543211684363898e-17,2.614288576115788,3.7499026659007244e-12,0.0003270339777895888,1000000.0,1000415.4915374499
0.18008600906121147,0.00010041702154376917,-1.466071057423659e-10,298.1500053646431,0.0,0.03005646128882003,299.31982682214056,1.288215678797865e-17,0.0,3.7649036703869028e-06,99.77828396436769,2.1516371631464604e-16,1.4194797462733886e-19,1.5850606233809226e-32,7.320100078107234e-30,1.3543211743559487e-17,2.61428858756626,3.749459303171774e-12,0.00032703397780817363,1000000.0,1000415.4915380423
0.18108600906121147,0.00010041702139717887,-1.4659030331564487e-10,298.15000536399924,0.0,0.030052875123183387,299.3198299261441,1.2880633648872071e-17,0.0,3.76490368685632e-06,99.77828440134125,2.1513827615830515e-16,1.419142571605271e-19,1.5848581198855474e-32,7.320698810153127e-30,1.3543211802748898e-17,2.6142885990154183,3.749015992709309e-12,0.00032703397782675637,1000000.0,1000415.491538659
0.18208600906121147,0.00010041702125060627,-1.4657260035791251e-10,298.15000536335526,0.0,0.03004928938805985,299.3198330297741,1.2879110689331946e-17,0.0,3.7649037033237463e-06,99.77828483826205,2.1511283900116953e-16,1.418805477093693e-19,1.584655645704355e-32,7.321297625776919e-30,1.3543211861930105e-17,2.6142886104631944,3.748572734506929e-12,0.0003270339778453369,1000000.0,1000415.4915392715
0.18308600906121147,0.00010041702110405137,-1.4655489488716232e-10,298.1500053627114,0.0,0.030045704083397132,299.3198361330306,1.2877587909337228e-17,0.0,3.7649037197891825e-06,99.77828527513012,2.1508740484288204e-16,1.4184684627197396e-19,1.5844532008540114e-32,7.321896524986792e-30,1.3543211921104735e-17,2.614288621909589,3.7481295285585345e-12,0.0003270339778639152,1000000.0,1000415.4915398817
0.18408600906121148,0.00010041702095751419,-1.4653717311802847e-10,298.1500053620676,0.0,0.030042119209142886,299.3198392359134,1.2876065308867496e-17,0.0,3.7649037362526235e-06,99.77828571194533,2.1506197368310908e-16,1.418131528464214e-19,1.5842507853016778e-32,7.322495507789337e-30,1.3543211980272323e-17,2.6142886333545983,3.747686374858032e-12,0.0003270339778824912,1000000.0,1000415.4915404874
0.18508600906121148,0.00010041702081099472,-1.4651946986372232e-10,298.15000536142384,0.0,0.030038534765244866,299.3198423384228,1.2874542887901232e-17,0.0,3.7649037527140757e-06,99.7782861487078,2.150365455214829e-16,1.417794674308185e-19,1.584048399065747e-32,7.323094574191727e-30,1.3543212039432088e-17,2.614288644798226,3.747243273399301e-12,0.000327033977901065,1000000.0,1000415.4915410902
0.18608600906121148,0.00010041702066449297,-1.4650175194182386e-10,298.1500053607802,0.0,0.030034950751650746,299.3198454405584,1.2873020646417588e-17,0.0,3.7649037691735335e-06,99.77828658541742,2.1501112035765643e-16,1.417457900232489e-19,1.5838460421189886e-32,7.323693724200329e-30,1.35432120985853e-17,2.614288656240469,3.746800224176173e-12,0.0003270339779196365,1000000.0,1000415.4915416882
0.18708600906121148,0.00010041702051800892,-1.4648404809968532e-10,298.1500053601366,0.0,0.030031367168308277,299.3198485423207,1.2871498584394877e-17,0.0,3.7649037856310004e-06,99.77828702207428,2.14985698191274e-16,1.4171212062179861e-19,1.5836437144639074e-32,7.324292957822601e-30,1.3543212157731878e-17,2.6142886676813295,3.7463572271825676e-12,0.0003270339779382058,1000000.0,1000415.4915422831
0.18808600906121148,0.00010041702037154165,-1.464672613578287e-10,298.15000535949326,0.0,0.030027784015166006,299.3198516437178,1.286997670181405e-17,0.0,3.7649038020865805e-06,99.77828745868113,2.1496027902200727e-16,1.4167845922459345e-19,1.5834414161183992e-32,7.324892275065557e-30,1.354321221687092e-17,2.6142886791208797,3.7459142824126645e-12,0.000327033977956773,1000000.0,1000415.4915429025
0.18908600906121148,0.000100417020225093,-1.464486581991417e-10,298.15000535884974,0.0,0.030024201292170007,299.3198547447334,1.286845499865099e-17,0.0,3.764903818540066e-06,99.77828789523248,2.1493486284946576e-16,1.41644805829682e-19,1.583239147022951e-32,7.325491675934762e-30,1.3543212276001906e-17,2.6142886905589755,3.745471389859687e-12,0.0003270339779753377,1000000.0,1000415.4915434902
0.19008600906121148,0.00010041702007866114,-1.464318561091705e-10,298.15000535820656,0.0,0.030020618999269666,299.3198578453837,1.2866933474887968e-17,0.0,3.7649038349916624e-06,99.77828833173376,2.1490944967333933e-16,1.416111604352065e-19,1.5830369072417646e-32,7.326091160438655e-30,1.354321233512738e-17,2.61428870199576,3.745028549518157e-12,0.0003270339779939004,1000000.0,1000415.4915441024
0.19108600906121148,0.00010041701993224697,-1.464141704698245e-10,298.15000535756326,0.0,0.030017037136411934,299.3198609456609,1.2865412130501023e-17,0.0,3.7649038514412705e-06,99.77828876818234,2.1488403949324252e-16,1.4157752303922314e-19,1.5828346966995693e-32,7.326690728584455e-30,1.3543212394244914e-17,2.614288713431163,3.74458576138164e-12,0.00032703397801246085,1000000.0,1000415.4915447104
0.19208600906121148,0.00010041701978585051,-1.4639647426179274e-10,298.15000535692013,0.0,0.030013455703544516,299.3198640455646,1.286389096547169e-17,0.0,3.7649038678888856e-06,99.77828920457812,2.148586323088537e-16,1.415438936398608e-19,1.58263251545522e-32,7.32729038037759e-30,1.3543212453355405e-17,2.6142887248651827,3.7441430254440445e-12,0.00032703397803101903,1000000.0,1000415.4915453144
0.19308600906121148,0.00010041701963947173,-1.4637878404066312e-10,298.150005356277,0.0,0.030009874700615235,299.31986714509543,1.2862369979777031e-17,0.0,3.764903884334514e-06,99.77828964092122,2.1483322811980142e-16,1.4151027223519433e-19,1.582430363449431e-32,7.327890115826666e-30,1.3543212512459013e-17,2.614288736297823,3.743700341699272e-12,0.000327033978049575,1000000.0,1000415.491545916
0.19408600906121148,0.00010041701949311063,-1.463610972953284e-10,298.15000535563394,0.0,0.030006294127571827,299.3198702442531,1.2860849173396515e-17,0.0,3.7649039007781526e-06,99.7782900772116,2.1480782692573266e-16,1.4147665882332264e-19,1.5822282407072132e-32,7.328489934937016e-30,1.3543212571555764e-17,2.614288747729081,3.743257710141072e-12,0.00032703397806812867,1000000.0,1000415.4915465134
0.19508600906121148,0.00010041701934676632,-1.4634430594489566e-10,298.1500053549912,0.0,0.03000271398436286,299.31987334304563,1.2859328546310622e-17,0.0,3.7649039172199023e-06,99.77829051345192,2.147824287263287e-16,1.4144305340236124e-19,1.5820261472257486e-32,7.32908983771639e-30,1.3543212630645202e-17,2.6142887591590283,3.74281513076379e-12,0.00032703397808668024,1000000.0,1000415.4915471348
0.19608600906121149,0.00010041701920044058,-1.463257375576312e-10,298.15000535434814,0.0,0.029999134270934535,299.31987644145727,1.285780809849594e-17,0.0,3.764903933659564e-06,99.7782909496369,2.147570335211939e-16,1.414094559703873e-19,1.5818240829765402e-32,7.329689824171427e-30,1.3543212689726693e-17,2.6142887705875246,3.74237260356075e-12,0.00032703397810522947,1000000.0,1000415.4915477252
0.1970860090612115,0.00010041701905413164,-1.4630894129111147e-10,298.1500053537055,0.0,0.02999555498723621,299.31987953950386,1.2856287829932907e-17,0.0,3.7649039500973362e-06,99.7782913857718,2.1473164131000534e-16,1.4137586652550547e-19,1.58162204797073e-32,7.33028989430972e-30,1.3543212748801859e-17,2.6142887820147096,3.7419301285262185e-12,0.00032703397812377654,1000000.0,1000415.4915483397
0.1980860090612115,0.00010041701890784037,-1.4629127630814627e-10,298.1500053530628,0.0,0.02999197613321491,299.31988263717767,1.2854767740600191e-17,0.0,3.7649039665331216e-06,99.77829182185405,2.147062520924043e-16,1.413422850658163e-19,1.5814200422048794e-32,7.330890048137636e-30,1.3543212807870187e-17,2.614288793440515,3.741487705653919e-12,0.0003270339781423214,1000000.0,1000415.4915489504
0.1990860090612115,0.00010041701876156676,-1.462735966563469e-10,298.1500053524202,0.0,0.029988397708818417,299.31988573447865,1.2853247830477579e-17,0.0,3.7649039829669194e-06,99.77829225788363,2.1468086586805114e-16,1.413087115894294e-19,1.5812180656733397e-32,7.331490285662144e-30,1.3543212866930954e-17,2.6142888048649398,3.741045334937841e-12,0.000327033978160864,1000000.0,1000415.4915495579
0.2000860090612115,0.00010041701861531084,-1.462559192020579e-10,298.1500053517776,0.0,0.029984819713994533,299.3198888314066,1.2851728099542055e-17,0.0,3.7649039993987284e-06,99.7782926938605,2.1465548263656479e-16,1.4127514609442146e-19,1.5810161183474465e-32,7.332090606890128e-30,1.354321292598509e-17,2.614288816287984,3.740603016371606e-12,0.00032703397817940435,1000000.0,1000415.4915501617
0.2010860090612115,0.00010041701846907261,-1.4623824172189767e-10,298.1500053511351,0.0,0.029981242148691047,299.31989192796163,1.2850208547774659e-17,0.0,3.764904015828547e-06,99.77829312978461,2.1463010239762948e-16,1.4124158857891246e-19,1.5808142002603997e-32,7.332691011828397e-30,1.3543212985031705e-17,2.614288827709646,3.740160749949353e-12,0.00032703397819794247,1000000.0,1000415.4915507609
0.2020860090612115,0.00010041701832285204,-1.462205621582123e-10,298.1500053504928,0.0,0.029977665012855825,299.31989502414416,1.2848689175152288e-17,0.0,3.764904032256381e-06,99.77829356565613,2.146047251508549e-16,1.4120803904098554e-19,1.5806123113706884e-32,7.333291500485067e-30,1.3543213044071593e-17,2.6142888391299297,3.7397185356648515e-12,0.00032703397821647837,1000000.0,1000415.4915513581
0.2030860090612115,0.00010041701817664915,-1.4620289644787295e-10,298.1500053498504,0.0,0.029974088306436646,299.3198981199537,1.2847169981656435e-17,0.0,3.7649040486822245e-06,99.7782940014749,2.145793508959363e-16,1.411744974787593e-19,1.5804104517053937e-32,7.333892072865385e-30,1.3543213103103794e-17,2.6142888505488315,3.7392763735120504e-12,0.000327033978235012,1000000.0,1000415.4915519503
0.2040860090612115,0.00010041701803046327,-1.4618587954082885e-10,298.1500053492083,0.0,0.029970512029381963,299.31990121539644,1.2845650967288471e-17,0.0,3.7649040651061552e-06,99.77829443724298,2.145539796328948e-16,1.4114096386204767e-19,1.580208569801264e-32,7.334492728945029e-30,1.3543213162130017e-17,2.614288861966405,3.738834263491879e-12,0.00032703397825354345,1000000.0,1000415.4915525598
0.20508600906121147,0.00010041701788429528,-1.4616797649015765e-10,298.1500053485661,0.0,0.029966936181638818,299.3199043104646,1.2844132131979464e-17,0.0,3.7649040815280747e-06,99.77829487295777,2.1452861136057703e-16,1.4110743824552206e-19,1.5800067866639517e-32,7.335093468796016e-30,1.3543213221148311e-17,2.6142888733825824,3.738392205584229e-12,0.0003270339782720726,1000000.0,1000415.491553158
0.20608600906121147,0.00010041701773814431,-1.4615096662259213e-10,298.1500053479241,0.0,0.029963360763155828,299.31990740516596,1.2842613475733908e-17,0.0,3.7649040979480794e-06,99.7782953086218,2.1450324607905968e-16,1.410739205990006e-19,1.5798050032172962e-32,7.33569429239206e-30,1.3543213280159965e-17,2.6142888847974293,3.737950199790098e-12,0.0003270339782905997,1000000.0,1000415.4915537725
0.20708600906121147,0.00010041701759201125,-1.461330659805091e-10,298.15000534728205,0.0,0.02995978577388006,299.3199104994926,1.2841094998529723e-17,0.0,3.7649041143660707e-06,99.77829574423245,2.1447788378797704e-16,1.410404109205799e-19,1.5796032568532762e-32,7.336295199740524e-30,1.3543213339163963e-17,2.6142888962108786,3.737508246103134e-12,0.0003270339783091245,1000000.0,1000415.4915543759
0.20808600906121147,0.0001004170174458961,-1.4611515404580649e-10,298.15000534664006,0.0,0.02995621121375934,299.3199135934444,1.2839576700344999e-17,0.0,3.764904130782046e-06,99.7782961797897,2.1445252448695943e-16,1.4100690920835696e-19,1.5794015420841526e-32,7.336896190847334e-30,1.354321339816049e-17,2.6142889076229285,3.737066344517197e-12,0.000327033978327647,1000000.0,1000415.4915549678
0.20908600906121147,0.00010041701729979797,-1.4609814168968515e-10,298.15000534599835,0.0,0.02995263708274235,299.31991668702943,1.2838058581160379e-17,0.0,3.7649041471961077e-06,99.77829661529621,2.144271681756826e-16,1.4097341546045443e-19,1.5791998572394054e-32,7.337497265720865e-30,1.3543213457151375e-17,2.614288919033649,3.7366244950264825e-12,0.00032703397834616733,1000000.0,1000415.4915555756
0.21008600906121147,0.00010041701715371771,-1.460802504306677e-10,298.15000534535653,0.0,0.029949063380776186,299.31991978024024,1.2836540640954094e-17,0.0,3.76490416360816e-06,99.77829705074949,2.1440181485378925e-16,1.409399296749608e-19,1.578998201776971e-32,7.33809842436786e-30,1.3543213516134121e-17,2.614288930442974,3.7361826976247055e-12,0.0003270339783646854,1000000.0,1000415.4915561733
0.21108600906121147,0.00010041701700765446,-1.460632531171559e-10,298.150005344715,0.0,0.029945490107809496,299.31992287308435,1.2835022879705475e-17,0.0,3.764904180018298e-06,99.77829748615203,2.143764645209254e-16,1.4090645184999368e-19,1.5787965755573993e-32,7.338699666794931e-30,1.354321357511e-17,2.61428894185097,3.735740952305785e-12,0.0003270339783832013,1000000.0,1000415.4915567875
0.21208600906121147,0.0001004170168616091,-1.460453657399935e-10,298.1500053440733,0.0,0.029941917263789378,299.3199259655541,1.2833505297393111e-17,0.0,3.764904196426425e-06,99.77829792150126,2.1435111717674267e-16,1.408729819836458e-19,1.5785949785106322e-32,7.339300993009111e-30,1.3543213634078956e-17,2.6142889532575695,3.7352992590636325e-12,0.00032703397840171496,1000000.0,1000415.4915573898
0.21308600906121147,0.00010041701671558163,-1.4602746178637e-10,298.15000534343176,0.0,0.029938344848663725,299.3199290576494,1.2831987893996106e-17,0.0,3.764904212832539e-06,99.77829835679717,2.1432577282088502e-16,1.4083952007402752e-19,1.5783934106305835e-32,7.339902403017627e-30,1.3543213693040868e-17,2.6142889646627716,3.734857617891995e-12,0.00032703397842022636,1000000.0,1000415.4915579818
0.21408600906121147,0.00010041701656957117,-1.4601047036499388e-10,298.15000534279034,0.0,0.02993477286238121,299.31993214937825,1.2830470669493746e-17,0.0,3.764904229236741e-06,99.77829879204238,2.1430043145300618e-16,1.4080606611925014e-19,1.5781918719017553e-32,7.340503896827009e-30,1.354321375199546e-17,2.614288976066646,3.73441602878504e-12,0.0003270339784387356,1000000.0,1000415.49155859
0.21508600906121148,0.00010041701642357859,-1.459925823045094e-10,298.1500053421489,0.0,0.029931201304888952,299.31993524073266,1.282895362386483e-17,0.0,3.764904245638931e-06,99.77829922723429,2.1427509307275958e-16,1.4077262011741048e-19,1.5779903623130428e-32,7.341105474444046e-30,1.3543213810943016e-17,2.614288987469123,3.733974491736478e-12,0.00032703397845724254,1000000.0,1000415.4915591864
0.21608600906121148,0.000100417016277603,-1.4597559556045614e-10,298.1500053415078,0.0,0.029927630176135655,299.3199383317208,1.2827436757088999e-17,0.0,3.76490426203921e-06,99.77829966237553,2.14249757679795e-16,1.4073918206663032e-19,1.5777888818721408e-32,7.34170713587627e-30,1.354321386988415e-17,2.6142889988702724,3.733533006740433e-12,0.0003270339784757473,1000000.0,1000415.4915597998
0.21708600906121148,0.00010041701613164528,-1.4595771963549465e-10,298.15000534086647,0.0,0.029924059476068462,299.3199414223349,1.2825920069144102e-17,0.0,3.7649042784374805e-06,99.77830009746356,2.1422442527374925e-16,1.4070575196499583e-19,1.577587430550254e-32,7.342308881130532e-30,1.3543213928817338e-17,2.614289010270028,3.733091573790426e-12,0.0003270339784942499,1000000.0,1000415.4915604027
0.21808600906121148,0.00010041701598570546,-1.4593982200936873e-10,298.1500053402252,0.0,0.02992048920463525,299.3199445125745,1.2824403560010063e-17,0.0,3.764904294833736e-06,99.77830053249819,2.1419909585428775e-16,1.4067232981063073e-19,1.5773860083721836e-32,7.342910710212995e-30,1.3543213987743912e-17,2.614289021668384,3.7326501928805174e-12,0.00032703397851275017,1000000.0,1000415.4915609928
0.21908600906121148,0.00010041701583978262,-1.4592283812246732e-10,298.1500053395843,0.0,0.02991691936178478,299.31994760244805,1.2822887229667021e-17,0.0,3.7649043112280825e-06,99.77830096748221,2.141737694210703e-16,1.4063891560166145e-19,1.5771846153207954e-32,7.343512623131707e-30,1.354321404666308e-17,2.6142890330654143,3.732208864004892e-12,0.0003270339785312483,1000000.0,1000415.4915616005
0.22008600906121148,0.00010041701569387766,-1.459049706129912e-10,298.1500053389433,0.0,0.029913349947464175,299.3199506919474,1.2821371078091623e-17,0.0,3.7649043276204185e-06,99.77830140241295,2.1414844597371946e-16,1.4060550933615284e-19,1.5769832513553855e-32,7.344114619893681e-30,1.3543214105575127e-17,2.6142890444610485,3.731767587157014e-12,0.0003270339785497441,1000000.0,1000415.4915621966
0.22108600906121148,0.00010041701554798966,-1.458879926889879e-10,298.1500053383025,0.0,0.02990978096162219,299.31995378108087,1.2819855105264415e-17,0.0,3.7649043440108457e-06,99.77830183729311,2.1412312551190108e-16,1.4057211101224777e-19,1.5767819165343128e-32,7.344716700505342e-30,1.3543214164480994e-17,2.6142890558553575,3.7313263623311145e-12,0.0003270339785682378,1000000.0,1000415.4915628101
0.22208600906121148,0.00010041701540211953,-1.458701266212557e-10,298.1500053376616,0.0,0.029906212404205965,299.3199568698402,1.281833931116408e-17,0.0,3.7649043603992633e-06,99.77830227212002,2.1409780803526275e-16,1.4053872062803627e-19,1.5765806108026777e-32,7.345318864974122e-30,1.3543214223378758e-17,2.614289067248271,3.7308851895209215e-12,0.00032703397858672924,1000000.0,1000415.4915634114
0.22308600906121148,0.00010041701525626638,-1.4585315190182333e-10,298.15000533702096,0.0,0.02990264427516425,299.31995995823365,1.2816823695770259e-17,0.0,3.7649043767857712e-06,99.77830270689631,2.1407249354345865e-16,1.4050533818165734e-19,1.576379334191701e-32,7.345921113306004e-30,1.3543214282269519e-17,2.6142890786398585,3.730444068720557e-12,0.0003270339786052185,1000000.0,1000415.49156403
0.22408600906121148,0.00010041701511043201,-1.4583437264167654e-10,298.15000533638005,0.0,0.029899076574443396,299.31996304624505,1.2815308259059467e-17,0.0,3.764904393170167e-06,99.77830314161662,2.1404718203610853e-16,1.4047196367116722e-19,1.5761780866395562e-32,7.346523445508842e-30,1.3543214341153868e-17,2.614289090029979,3.730002999923365e-12,0.0003270339786237054,1000000.0,1000415.4915646091
0.22508600906121148,0.00010041701496461461,-1.458173876429323e-10,298.15000533573954,0.0,0.02989550930199298,299.31996613389043,1.2813793001014291e-17,0.0,3.7649044095526546e-06,99.77830357628636,2.1402187351291013e-16,1.4043859709473533e-19,1.5759768682252616e-32,7.347125861589548e-30,1.3543214400031e-17,2.6142891014187746,3.7295619831239125e-12,0.00032703397864219014,1000000.0,1000415.4915652049
0.22608600906121148,0.00010041701481881418,-1.4580044275499058e-10,298.15000533509914,0.0,0.02989194245776098,299.3199692211701,1.2812277921612555e-17,0.0,3.7649044259332334e-06,99.7783040109055,2.1399656797349867e-16,1.4040523845044932e-19,1.5757756788664135e-32,7.347728361555323e-30,1.3543214458900785e-17,2.6142891128062447,3.729121018315953e-12,0.00032703397866067275,1000000.0,1000415.4915658175
0.22708600906121149,0.0001004170146730316,-1.4578258520305555e-10,298.1500053344587,0.0,0.02988837604169459,299.3199723080759,1.2810763020832407e-17,0.0,3.7649044423118042e-06,99.77830444547145,2.1397126541750993e-16,1.4037188773641298e-19,1.5755745185898696e-32,7.34833094541223e-30,1.3543214517763407e-17,2.614289124192321,3.728680105493048e-12,0.0003270339786791531,1000000.0,1000415.4915664186
0.2280860090612115,0.00010041701452726598,-1.4576562603593265e-10,298.1500053338184,0.0,0.02988481005374258,299.31997539461605,1.2809248298653983e-17,0.0,3.7649044586884676e-06,99.77830487998683,2.1394596584460492e-16,1.4033854495075818e-19,1.5753733874010644e-32,7.34893361316866e-30,1.354321457661914e-17,2.6142891355770725,3.728239244649521e-12,0.00032703397869763125,1000000.0,1000415.4915670363
0.2290860090612115,0.00010041701438151822,-1.4574776903834524e-10,298.15000533317806,0.0,0.029881244493852148,299.3199784807825,1.280773375505568e-17,0.0,3.7649044750631226e-06,99.77830531444899,2.1392066925443053e-16,1.4030521009158598e-19,1.5751722852715557e-32,7.349536364830642e-30,1.35432146354685e-17,2.6142891469604295,3.727798435779119e-12,0.0003270339787161072,1000000.0,1000415.4915676425
0.2300860090612115,0.00010041701423578831,-1.457299061308719e-10,298.1500053325378,0.0,0.029877679361971294,299.3199815665753,1.2806219390016345e-17,0.0,3.7649044914357693e-06,99.77830574885793,2.138953756466298e-16,1.402718831569996e-19,1.5749712122016946e-32,7.350139200404639e-30,1.3543214694310351e-17,2.6142891583423915,3.727357678875558e-12,0.00032703397873458086,1000000.0,1000415.4915682381
0.2310860090612115,0.00010041701409007628,-1.457120297765786e-10,298.1500053318976,0.0,0.029874114658048016,299.3199846519943,1.2804705203515311e-17,0.0,3.7649045078064064e-06,99.7783061832136,2.1387008502085854e-16,1.402385641451259e-19,1.5747701682033474e-32,7.350742119898784e-30,1.3543214753143961e-17,2.614289169722958,3.726916973932852e-12,0.00032703397875305225,1000000.0,1000415.4915688226
0.2320860090612115,0.0001004170139443812,-1.4569507481719412e-10,298.15000533125766,0.0,0.029870550382031114,299.31998773704765,1.2803191195532065e-17,0.0,3.764904524175136e-06,99.77830661751874,2.1384479737677563e-16,1.402052530540805e-19,1.5745691532531464e-32,7.351345123320074e-30,1.3543214811972069e-17,2.6142891811022007,3.7264763209450536e-12,0.00032703397877152147,1000000.0,1000415.4915694233
0.2330860090612115,0.00010041701379870305,-1.4567814947371992e-10,298.1500053306178,0.0,0.029866986533868663,299.3199908217357,1.2801677366046036e-17,0.0,3.7649045405419614e-06,99.7783070517734,2.1381951271403486e-16,1.4017194988197948e-19,1.5743681673518335e-32,7.351948210674211e-30,1.3543214870792681e-17,2.614289192480121,3.7260357199062086e-12,0.0003270339787899886,1000000.0,1000415.4915700407
0.2340860090612115,0.00010041701365304275,-1.456603017558618e-10,298.15000532997783,0.0,0.029863423113507842,299.3199939060503,1.2800163715035456e-17,0.0,3.7649045569067794e-06,99.77830748597485,2.1379423103227552e-16,1.40138654626931e-19,1.5741672104909405e-32,7.352551381970009e-30,1.3543214929606596e-17,2.6142892038566474,3.725595170809918e-12,0.0003270339788084534,1000000.0,1000415.4915706466
0.2350860090612115,0.0001004170135074003,-1.456424491957016e-10,298.15000532933794,0.0,0.029859860120896684,299.31999698999124,1.2798650242479944e-17,0.0,3.7649045732695887e-06,99.77830792012308,2.1376895233115567e-16,1.401053672870547e-19,1.5739662826712507e-32,7.353154637211956e-30,1.3543214988411536e-17,2.614289215231779,3.7251546736501455e-12,0.00032703397882691596,1000000.0,1000415.4915712418
0.2360860090612115,0.00010041701336177482,-1.4562550221335686e-10,298.15000532869834,0.0,0.029856297555984027,299.3200000735667,1.2797136948358007e-17,0.0,3.7649045896304904e-06,99.77830835422074,2.137436766103117e-16,1.4007208786046519e-19,1.57376538387951e-32,7.35375797640998e-30,1.354321504721161e-17,2.6142892266055857,3.724714228420998e-12,0.0003270339788453764,1000000.0,1000415.4915718526
0.2370860090612115,0.00010041701321616714,-1.4560767001553428e-10,298.1500053280586,0.0,0.029852735418717167,299.3200031567692,1.2795623832648432e-17,0.0,3.76490460598939e-06,99.77830878826536,2.1371840386939833e-16,1.4003881634526984e-19,1.573564514113021e-32,7.354361399569116e-30,1.3543215106003395e-17,2.6142892379780025,3.72427383511603e-12,0.00032703397886383456,1000000.0,1000415.4915724535
0.2380860090612115,0.00010041701307057732,-1.4558981980803571e-10,298.15000532741897,0.0,0.02984917370904409,299.3200062395982,1.2794110895331622e-17,0.0,3.7649046223462812e-06,99.77830922225672,2.136931341080818e-16,1.400055527396043e-19,1.5733636733824646e-32,7.354964906697036e-30,1.3543215164788557e-17,2.6142892493490244,3.723833493729415e-12,0.00032703397888229045,1000000.0,1000415.4915730428
0.23908600906121147,0.00010041701292500445,-1.4557288083057924e-10,298.1500053267796,0.0,0.02984561242691367,299.32000932206176,1.2792598136385552e-17,0.0,3.7649046387012656e-06,99.77830965619758,2.136678673259975e-16,1.3997229704157019e-19,1.5731628616497276e-32,7.355568497800781e-30,1.3543215223567226e-17,2.6142892607187225,3.723393204255184e-12,0.00032703397890074417,1000000.0,1000415.4915736484
0.24008600906121147,0.00010041701277944938,-1.4555505592704107e-10,298.15000532614005,0.0,0.02984205157227321,299.32001240415246,1.2791085555789613e-17,0.0,3.764904655054247e-06,99.77831009008534,2.1364260352279986e-16,1.3993904924928598e-19,1.5729620789363833e-32,7.356172172887074e-30,1.354321528233757e-17,2.6142892720870297,3.722952966686964e-12,0.00032703397891919566,1000000.0,1000415.4915742432
0.24108600906121147,0.00010041701263391128,-1.4553811849601692e-10,298.15000532550084,0.0,0.029838491145071533,299.3200154858777,1.2789573153523893e-17,0.0,3.764904671405322e-06,99.77831052392257,2.1361734269815433e-16,1.399058093608921e-19,1.572761325240233e-32,7.356775931963338e-30,1.3543215341102124e-17,2.6142892834540126,3.722512781018985e-12,0.000327033978937645,1000000.0,1000415.491574854
0.24208600906121147,0.00010041701248839099,-1.4552029098461516e-10,298.1500053248615,0.0,0.029834931145255948,299.32001856723,1.2788060929566096e-17,0.0,3.7649046877543924e-06,99.7783109577067,2.1359208485169132e-16,1.398725773744814e-19,1.572560600523558e-32,7.357379775036131e-30,1.3543215399859402e-17,2.614289294819604,3.722072647244901e-12,0.0003270339789560921,1000000.0,1000415.4915754547
0.24308600906121147,0.00010041701234288852,-1.4550245285806726e-10,298.15000532422226,0.0,0.029831371572774518,299.32002164820926,1.2786548883894994e-17,0.0,3.7649047041014583e-06,99.77831139143768,2.1356682998305605e-16,1.3983935328817272e-19,1.5723599048085067e-32,7.357983702112543e-30,1.3543215458608887e-17,2.6142893061838035,3.721632565358529e-12,0.0003270339789745369,1000000.0,1000415.4915760437
0.24408600906121147,0.000100417012197403,-1.4548552686616775e-10,298.1500053235833,0.0,0.029827812427576143,299.3200247288234,1.2785037016492004e-17,0.0,3.764904720446619e-06,99.77831182511818,2.1354157809193268e-16,1.3980613710011935e-19,1.572159238103779e-32,7.358587713199762e-30,1.3543215517351817e-17,2.6142893175466804,3.721192535354272e-12,0.0003270339789929796,1000000.0,1000415.4915766495
0.24508600906121147,0.0001004170120519353,-1.4546770389666985e-10,298.15000532294414,0.0,0.029824253709608107,299.32002780906447,1.2783525327333711e-17,0.0,3.7649047367897748e-06,99.77831225874554,2.135163291779396e-16,1.397729288083974e-19,1.571958600347785e-32,7.359191808304962e-30,1.3543215576087819e-17,2.6142893289081646,3.7207525572254914e-12,0.00032703397901142,1000000.0,1000415.4915772434
0.24608600906121147,0.00010041701190648452,-1.45450787907024e-10,298.1500053223053,0.0,0.029820695418819324,299.32003088894055,1.2782013816401009e-17,0.0,3.7649047531310266e-06,99.77831269232244,2.134910832407514e-16,1.3973972841115753e-19,1.5717579915997824e-32,7.359795987434815e-30,1.3543215634816905e-17,2.6142893402683267,3.720312630966661e-12,0.0003270339790298583,1000000.0,1000415.491577854
0.24708600906121148,0.00010041701176105155,-1.4543297016888242e-10,298.15000532166636,0.0,0.029817137555157126,299.3200339684439,1.2780502483671948e-17,0.0,3.764904769470276e-06,99.77831312584627,2.1346584028000352e-16,1.3970653590650782e-19,1.5715574118135266e-32,7.360400250596234e-30,1.3543215693537504e-17,2.6142893516270984,3.7198727565712564e-12,0.00032703397904829427,1000000.0,1000415.4915784539
0.24808600906121148,0.0001004170116156364,-1.4541514291095946e-10,298.1500053210275,0.0,0.029813580118569598,299.32003704757426,1.2778991329125603e-17,0.0,3.7649047858075206e-06,99.77831355931697,2.1344060029534557e-16,1.396733512925715e-19,1.5713568609986277e-32,7.361004597797206e-30,1.3543215752252834e-17,2.6142893629844783,3.719432934033305e-12,0.00032703397906672804,1000000.0,1000415.4915790422
0.24908600906121148,0.00010041701147023817,-1.4539822285982905e-10,298.15000532038886,0.0,0.029810023109005674,299.32004012633996,1.2777480352741914e-17,0.0,3.764904802142863e-06,99.77831399273727,2.1341536328644257e-16,1.396401745674692e-19,1.571156339143975e-32,7.361609029043393e-30,1.3543215810960585e-17,2.614289374340537,3.7189931633468386e-12,0.00032703397908515964,1000000.0,1000415.4915796476
0.2500860090612115,0.00010041701132485774,-1.4538041911433123e-10,298.1500053197501,0.0,0.029806466526412684,299.320043204733,1.2775969554499449e-17,0.0,3.764904818476203e-06,99.77831442610449,2.133901292529397e-16,1.396070057293249e-19,1.570955846252544e-32,7.362213544342618e-30,1.3543215869660784e-17,2.614289385695206,3.718553444505668e-12,0.00032703397910358896,1000000.0,1000415.491580242
0.2510860090612115,0.00010041701117949424,-1.453635049176319e-10,298.1500053191117,0.0,0.02980291037073955,299.3200462827611,1.2774458934377548e-17,0.0,3.7649048348076384e-06,99.77831485942123,2.1336489819448865e-16,1.3957384477626894e-19,1.5707553823147774e-32,7.36281814370204e-30,1.3543215928354841e-17,2.6142893970485517,3.718113777503966e-12,0.00032703397912201617,1000000.0,1000415.4915808527
0.2520860090612115,0.00010041701103414854,-1.4534570257286883e-10,298.1500053184732,0.0,0.029799354641933635,299.32004936041665,1.2772948492355131e-17,0.0,3.764904851137073e-06,99.77831529268495,2.1333967011073274e-16,1.3954069170641387e-19,1.570554947318109e-32,7.36342282712705e-30,1.3543215987040774e-17,2.6142894084005084,3.717674162335404e-12,0.0003270339791404411,1000000.0,1000415.4915814522
0.2530860090612115,0.00010041701088881974,-1.453288034962124e-10,298.1500053178348,0.0,0.02979579933994389,299.32005243770766,1.2771438228411718e-17,0.0,3.7649048674646066e-06,99.7783157258983,2.133144450013367e-16,1.3950754651789323e-19,1.5703545412697666e-32,7.364027594627777e-30,1.3543216045720468e-17,2.614289419751145,3.717234598994041e-12,0.0003270339791588639,1000000.0,1000415.4915820681
0.2540860090612115,0.00010041701074350965,-1.4531008121000565e-10,298.15000531719625,0.0,0.029792244464716837,299.3200555146179,1.276992814252493e-17,0.0,3.7649048837900346e-06,99.77831615905582,2.132892228659307e-16,1.3947440920880642e-19,1.5701541641460378e-32,7.364632446207988e-30,1.3543216104392024e-17,2.6142894311003193,3.71679508747336e-12,0.00032703397917728435,1000000.0,1000415.4915826453
0.2550860090612115,0.00010041701059821649,-1.4529316566448862e-10,298.15000531655807,0.0,0.029788690016202244,299.32005859116344,1.2768418234675988e-17,0.0,3.7649049001135597e-06,99.77831659216292,2.132640037041895e-16,1.3944127977731497e-19,1.569953815978231e-32,7.365237381877095e-30,1.354321616305771e-17,2.614289442448172,3.716355627767863e-12,0.0003270339791957026,1000000.0,1000415.4915832388
0.2560860090612115,0.00010041701045294023,-1.452762720789899e-10,298.15000531592005,0.0,0.0297851359943483,299.3200616673446,1.2766908504843812e-17,0.0,3.764904916435184e-06,99.77831702521965,2.1323878751576855e-16,1.3940815822152802e-19,1.5697534967172723e-32,7.365842401641143e-30,1.3543216221716715e-17,2.6142894537947057,3.715916219871502e-12,0.00032703397921411876,1000000.0,1000415.4915838492
0.2570860090612115,0.00010041701030768173,-1.4525849068227668e-10,298.1500053152819,0.0,0.029781582399102384,299.32006474315347,1.2765398953005647e-17,0.0,3.764904932754809e-06,99.7783174582234,2.132135743002853e-16,1.393750445395575e-19,1.5695532063747316e-32,7.366447505506734e-30,1.3543216280367468e-17,2.614289465139851,3.7154768637777756e-12,0.00032703397923253264,1000000.0,1000415.4915844481
0.2580860090612115,0.00010041701016244014,-1.4524158908245976e-10,298.1500053146439,0.0,0.02977802923041346,299.320067818598,1.2763889579142971e-17,0.0,3.7649049490725338e-06,99.7783178911768,2.1318836405743028e-16,1.3934193872955315e-19,1.5693529449652998e-32,7.367052693481867e-30,1.3543216339011352e-17,2.614289476483676,3.715037559480937e-12,0.0003270339792509444,1000000.0,1000415.491585064
0.2590860090612115,0.00010041701001721634,-1.4522380815313764e-10,298.1500053140059,0.0,0.029774476488228927,299.3200708936701,1.2762380383233203e-17,0.0,3.7649049653882573e-06,99.77831832407713,2.131631567868294e-16,1.3930884078962067e-19,1.5691527124496198e-32,7.367657965572838e-30,1.3543216397648975e-17,2.614289487826112,3.714598306974795e-12,0.0003270339792693539,1000000.0,1000415.4915856685
0.2600860090612115,0.00010041700987201034,-1.4520600279177616e-10,298.15000531336796,0.0,0.029770924172496965,299.32007396836985,1.2760871365255874e-17,0.0,3.7649049817019797e-06,99.77831875692445,2.1313795248813693e-16,1.392757507178925e-19,1.5689525088472255e-32,7.36826332178734e-30,1.3543216456279347e-17,2.614289499167158,3.7141591062531295e-12,0.00032703397928776114,1000000.0,1000415.4915862619
0.2610860090612115,0.00010041700972682214,-1.4518819659851055e-10,298.1500053127301,0.0,0.02976737228316576,299.32007704269716,1.2759362525189907e-17,0.0,3.764904998013698e-06,99.77831918971864,2.1311275116100594e-16,1.3924266851249415e-19,1.5687523341431186e-32,7.368868762131864e-30,1.3543216514902395e-17,2.6142895105068127,3.713719957309943e-12,0.0003270339793061661,1000000.0,1000415.4915868439
0.2620860090612115,0.00010041700958165083,-1.4517131161609535e-10,298.1500053120925,0.0,0.02976382082018434,299.3200801166604,1.275785386301603e-17,0.0,3.7649050143235186e-06,99.77831962246255,2.1308755280510884e-16,1.392095941715673e-19,1.568552188340169e-32,7.369474286613509e-30,1.3543216573518606e-17,2.6142895218451496,3.713280860139424e-12,0.000327033979324569,1000000.0,1000415.4915874432
0.2630860090612115,0.0001004170094364964,-1.4515444421476004e-10,298.15000531145495,0.0,0.029760269783500933,299.3200831902595,1.2756345378712247e-17,0.0,3.7649050306314406e-06,99.77832005515613,2.13062357420078e-16,1.3917652769323533e-19,1.5683520714199187e-32,7.370079895239724e-30,1.3543216632127097e-17,2.614289533182168,3.712841814735485e-12,0.00032703397934296974,1000000.0,1000415.4915880585
0.2640860090612115,0.00010041700929135998,-1.451364109918868e-10,298.15000531081733,0.0,0.029756719173062725,299.3200862634843,1.2754837072280112e-17,0.0,3.7649050469373356e-06,99.778320487796,2.130371650059393e-16,1.3914346904773773e-19,1.568151932876208e-32,7.370685587984588e-30,1.3543216690729333e-17,2.614289544517779,3.712402821098407e-12,0.00032703397936136816,1000000.0,1000415.4915886555
0.2650860090612115,0.00010041700914624161,-1.4511837837304857e-10,298.15000531017967,0.0,0.029753168988817923,299.32008933633466,1.2753328943652415e-17,0.0,3.7649050632412007e-06,99.77832092038207,2.1301197556158596e-16,1.391104182889501e-19,1.567951891492714e-32,7.371291364920551e-30,1.3543216749324292e-17,2.6142895558519808,3.711963879208692e-12,0.0003270339793797643,1000000.0,1000415.491589233
0.2660860090612115,0.00010041700900114038,-1.4510123856606435e-10,298.1500053095423,0.0,0.029749619230715563,299.3200924088187,1.275182099283346e-17,0.0,3.7649050795431388e-06,99.77832135291708,2.1298678908706594e-16,1.3907737538715888e-19,1.5677518500606605e-32,7.371897226021712e-30,1.354321680791219e-17,2.6142895671848443,3.71152498906745e-12,0.0003270339793981583,1000000.0,1000415.49158982
0.2670860090612115,0.00010041700885605627,-1.4508411384050305e-10,298.15000530890507,0.0,0.0297460698987039,299.32009548093663,1.2750313219800772e-17,0.0,3.7649050958431515e-06,99.77832178540105,2.1296160558201856e-16,1.3904434034047043e-19,1.5675518452125952e-32,7.37250317129546e-30,1.3543216866493724e-17,2.614289578516371,3.711086150668308e-12,0.0003270339794165501,1000000.0,1000415.4915904158
0.2680860090612115,0.00010041700871098926,-1.4506701297985482e-10,298.1500053082679,0.0,0.029742520992731194,299.32009855268865,1.2748805624535056e-17,0.0,3.7649051121412407e-06,99.77832221783405,2.129364250461129e-16,1.3901131314703488e-19,1.5673518716258524e-32,7.373109200749012e-30,1.3543216925066916e-17,2.6142895898465617,3.7106473640054916e-12,0.00032703397943493974,1000000.0,1000415.4915910213
0.2690860090612115,0.00010041700856593935,-1.4504990248863494e-10,298.15000530763075,0.0,0.029738972512745678,299.3201016240746,1.2747298207013923e-17,0.0,3.7649051284374054e-06,99.77832265021603,2.1291124747898387e-16,1.3897829380495562e-19,1.567151927603142e-32,7.373715314389254e-30,1.3543216983634786e-17,2.6142896011754164,3.7102086290726345e-12,0.0003270339794533272,1000000.0,1000415.4915916353
0.2700860090612115,0.00010041700842090747,-1.450318808992077e-10,298.15000530699353,0.0,0.029735424458694804,299.32010469508646,1.2745790967216334e-17,0.0,3.764905144731543e-06,99.7783230825443,2.1288607288027556e-16,1.3894528231237224e-19,1.5669520126724893e-32,7.374321512222482e-30,1.3543217042193644e-17,2.6142896125028634,3.709769945863611e-12,0.0003270339794717124,1000000.0,1000415.4915922309
0.2710860090612115,0.0001004170082758927,-1.4501475918957125e-10,298.15000530635655,0.0,0.02973187683052764,299.3201077657324,1.2744283905122652e-17,0.0,3.7649051610237564e-06,99.77832351482158,2.1286090124965712e-16,1.3891227866742538e-19,1.5667521266584749e-32,7.374927794256426e-30,1.3543217100746332e-17,2.614289623828974,3.7093313143725946e-12,0.00032703397949009543,1000000.0,1000415.4915928355
0.2720860090612115,0.00010041700813089506,-1.4499764721649592e-10,298.1500053057197,0.0,0.029728329628192458,299.3201108360123,1.2742777020712073e-17,0.0,3.764905177314044e-06,99.77832394704784,2.128357325867883e-16,1.388792828682456e-19,1.5665522695036087e-32,7.375534160498614e-30,1.3543217159292743e-17,2.6142896351537477,3.708892734593517e-12,0.0003270339795084763,1000000.0,1000415.4915934488
0.2730860090612115,0.00010041700798591542,-1.4497963613334756e-10,298.15000530508274,0.0,0.029724782851636725,299.3201139059182,1.274127031396226e-17,0.0,3.7649051936023055e-06,99.77832437922036,2.1281056689128904e-16,1.3884629491295573e-19,1.5663524411879617e-32,7.376140610955319e-30,1.3543217217831283e-17,2.614289646477114,3.708454206520103e-12,0.0003270339795268549,1000000.0,1000415.4915940434
0.2740860090612115,0.0001004170078409529,-1.4496252413882476e-10,298.15000530444604,0.0,0.02972123650080953,299.32011697545823,1.273976378485387e-17,0.0,3.7649052098886425e-06,99.7783248113419,2.1278540416284078e-16,1.3881331479969525e-19,1.566152641709769e-32,7.376747145633623e-30,1.3543217276363465e-17,2.6142896577991444,3.708015730146456e-12,0.0003270339795452313,1000000.0,1000415.491594647
0.2750860090612115,0.00010041700769600838,-1.4494451501426154e-10,298.1500053038092,0.0,0.029717690575658366,299.32012004462445,1.2738257433364663e-17,0.0,3.7649052261729547e-06,99.77832524340978,2.127602444010681e-16,1.3878034252659506e-19,1.565952871058634e-32,7.377353764541429e-30,1.35432173348878e-17,2.614289669119769,3.707577305466347e-12,0.0003270339795636054,1000000.0,1000415.4915952319
0.2760860090612115,0.00010041700755108097,-1.4492740681362767e-10,298.15000530317263,0.0,0.02971414507613232,299.32012311342476,1.2736751259475562e-17,0.0,3.7649052424553415e-06,99.77832567542663,2.1273508760565708e-16,1.3874737809179574e-19,1.565753129229888e-32,7.377960467684685e-30,1.3543217393405787e-17,2.614289680439056,3.707138932473954e-12,0.00032703397958197734,1000000.0,1000415.4915958259
0.2770860090612115,0.00010041700740617066,-1.449103093212524e-10,298.15000530253616,0.0,0.029710600002179715,299.32012618185956,1.2735245263165188e-17,0.0,3.764905258735807e-06,99.77832610739256,2.1270993377624444e-16,1.3871442149343427e-19,1.5655534162170295e-32,7.378567255071563e-30,1.3543217451917028e-17,2.6142896917570093,3.706700611163173e-12,0.0003270339796003471,1000000.0,1000415.4915964294
0.2780860090612115,0.00010041700726127743,-1.448932257074627e-10,298.1500053018997,0.0,0.029707055353748856,299.3201292499287,1.2733739444412217e-17,0.0,3.7649052750143495e-06,99.77832653930753,2.1268478291248564e-16,1.386814727296304e-19,1.565353732004129e-32,7.379174126708733e-30,1.3543217510420389e-17,2.614289703073627,3.706262341527993e-12,0.00032703397961871466,1000000.0,1000415.4915970409
0.2790860090612115,0.00010041700711640222,-1.4487521708950838e-10,298.1500053012632,0.0,0.029703511130787244,299.32013231762403,1.2732233803195836e-17,0.0,3.764905291290867e-06,99.77832697116882,2.1265963501401708e-16,1.3864853179853044e-19,1.5651540766110137e-32,7.379781082601325e-30,1.3543217568916171e-17,2.6142897143888386,3.7058241235620556e-12,0.00032703397963708,1000000.0,1000415.4915976343
0.2800860090612115,0.00010041700697154411,-1.4485811927268465e-10,298.1500053006269,0.0,0.029699967333244003,299.3201353849538,1.2730728339495798e-17,0.0,3.7649053075654606e-06,99.77832740297914,2.1263449008051412e-16,1.3861559869826653e-19,1.564954450009073e-32,7.380388122759387e-30,1.3543217627406012e-17,2.6142897257027142,3.705385957259644e-12,0.00032703397965544315,1000000.0,1000415.4915982364
0.2810860090612115,0.00010041700682670398,-1.448401232823773e-10,298.1500052999906,0.0,0.02969642396106667,299.32013845191,1.2729223053290295e-17,0.0,3.7649053238380316e-06,99.77832783473585,2.1260934811160648e-16,1.385826734269677e-19,1.5647548522013653e-32,7.380995247188592e-30,1.3543217685887725e-17,2.6142897370151856,3.704947842614356e-12,0.000327033979673804,1000000.0,1000415.49159882
0.2820860090612115,0.00010041700668188096,-1.4482302725578942e-10,298.15000529935446,0.0,0.02969288101420436,299.3201415185005,1.2727717944559237e-17,0.0,3.7649053401086778e-06,99.77832826644155,2.125842091069562e-16,1.3854975598278633e-19,1.5645552831922714e-32,7.38160245589652e-30,1.3543217744363845e-17,2.6142897483263203,3.704509779620427e-12,0.0003270339796921627,1000000.0,1000415.4915994124
0.2830860090612115,0.00010041700653707502,-1.448059410542886e-10,298.15000529871844,0.0,0.029689338492605438,299.3201445847257,1.2726213013282408e-17,0.0,3.7649053563774033e-06,99.77832869809633,2.1255907306623165e-16,1.385168463638515e-19,1.5643557429582244e-32,7.382209748890429e-30,1.354321780283331e-17,2.614289759636121,3.704071768271884e-12,0.0003270339797105192,1000000.0,1000415.491600014
0.2840860090612115,0.00010041700639228615,-1.4478886791954347e-10,298.1500052980825,0.0,0.02968579639621826,299.3201476505857,1.272470825943861e-17,0.0,3.764905372644209e-06,99.77832912970024,2.125339399890726e-16,1.3848394456830615e-19,1.5641562315083027e-32,7.382817126175653e-30,1.3543217861294839e-17,2.6142897709445885,3.7036338085625365e-12,0.00032703397972887356,1000000.0,1000415.4916006248
0.2850860090612115,0.00010041700624751527,-1.4477088687593062e-10,298.1500052974464,0.0,0.029682254724990368,299.3201507160723,1.2723203683006556e-17,0.0,3.7649053889089924e-06,99.77832956125059,2.125088098751291e-16,1.3845105059427937e-19,1.5639567488272725e-32,7.383424587760927e-30,1.3543217919749022e-17,2.6142897822516518,3.703195900486139e-12,0.00032703397974722563,1000000.0,1000415.4916012171
0.2860860090612115,0.00010041700610276147,-1.4475379083887642e-10,298.1500052968106,0.0,0.029678713478870907,299.3201537811934,1.2721699283965341e-17,0.0,3.764905405171853e-06,99.77832999274995,2.124836827240509e-16,1.3841816443990973e-19,1.5637572949142505e-32,7.384032133652606e-30,1.3543217978196144e-17,2.61428979355738,3.702758044036847e-12,0.00032703397976557554,1000000.0,1000415.4916018179
0.2870860090612115,0.00010041700595802566,-1.4473581437997532e-10,298.15000529617475,0.0,0.029675172657807468,299.3201568459413,1.2720195062293855e-17,0.0,3.7649054214326918e-06,99.77833042419572,2.1245855853548221e-16,1.383852861033313e-19,1.563557869765564e-32,7.384639763858547e-30,1.354321803663704e-17,2.6142898048617043,3.702320239208496e-12,0.00032703397978392317,1000000.0,1000415.4916024004
0.2880860090612115,0.00010041700581330692,-1.4471872459198766e-10,298.1500052955391,0.0,0.02967163226174921,299.320159910324,1.2718691017973273e-17,0.0,3.7649054376916095e-06,99.77833085559058,2.1243343730911132e-16,1.383524155827031e-19,1.5633584733854872e-32,7.385247478385161e-30,1.3543218095070742e-17,2.6142898161646952,3.701882485995192e-12,0.00032703397980226863,1000000.0,1000415.4916029924
0.28908600906121146,0.00010041700566860527,-1.4470166206218161e-10,298.1500052949035,0.0,0.029668092290644498,299.3201629743413,1.2717187150981735e-17,0.0,3.764905453948605e-06,99.7783312869345,2.1240831904457079e-16,1.3831955287616047e-19,1.5631591057493424e-32,7.385855277239902e-30,1.3543218153497419e-17,2.614289827466351,3.701444784390942e-12,0.0003270339798206119,1000000.0,1000415.4916035924
0.29008600906121146,0.00010041700552392069,-1.446845930643364e-10,298.150005294268,0.0,0.029664552744441748,299.32016603799354,1.2715683461298071e-17,0.0,3.7649054702036812e-06,99.77833171822756,2.12383203741507e-16,1.3828669798183524e-19,1.562959766855418e-32,7.386463160428728e-30,1.35432182119162e-17,2.6142898387666738,3.701007134389625e-12,0.0003270339798389531,1000000.0,1000415.4916042014
0.29108600906121146,0.00010041700537925406,-1.446666218641737e-10,298.15000529363243,0.0,0.02966101362308855,299.32016910127294,1.2714179948901198e-17,0.0,3.7649054864567383e-06,99.77833214946712,2.123580913995732e-16,1.3825385089786314e-19,1.5627604567063425e-32,7.38707112796019e-30,1.3543218270328546e-17,2.6142898500655947,3.700569535984888e-12,0.000327033979857292,1000000.0,1000415.4916047927
0.29208600906121146,0.00010041700523460451,-1.4464954690725989e-10,298.1500052929971,0.0,0.029657474926534085,299.32017216418717,1.2712676613770703e-17,0.0,3.7649055027078747e-06,99.77833258065576,2.1233298201842687e-16,1.3822101162237924e-19,1.5625611752900155e-32,7.387679179841506e-30,1.3543218328734572e-17,2.614289861363182,3.700131989171043e-12,0.00032703397987562873,1000000.0,1000415.4916053931
0.29308600906121146,0.00010041700508997203,-1.4463248428746331e-10,298.15000529236187,0.0,0.02965393665472676,299.32017522673624,1.2711173455887016e-17,0.0,3.764905518957089e-06,99.77833301179348,2.123078755977335e-16,1.3818818015356019e-19,1.5623619226309765e-32,7.388287316078169e-30,1.3543218387132641e-17,2.614289872659435,3.699694493941992e-12,0.0003270339798939633,1000000.0,1000415.4916060014
0.29408600906121146,0.0001004170049453575,-1.4461452498610804e-10,298.15000529172653,0.0,0.02965039880761422,299.3201782889126,1.2709670475227571e-17,0.0,3.764905535204287e-06,99.77833344287774,2.1228277213712466e-16,1.3815535648951448e-19,1.562162698667375e-32,7.388895536678419e-30,1.3543218445523651e-17,2.6142898839542874,3.699257050291572e-12,0.0003270339799122956,1000000.0,1000415.4916065923
0.29508600906121146,0.00010041700480076005,-1.4459745514862785e-10,298.1500052910914,0.0,0.029646861385145638,299.3201813507239,1.2708167671771889e-17,0.0,3.7649055514495632e-06,99.77833387391108,2.1225767163625152e-16,1.381225406283917e-19,1.5619635034354725e-32,7.389503841648975e-30,1.3543218503908462e-17,2.6142898952478055,3.6988196582137875e-12,0.0003270339799306257,1000000.0,1000415.4916071916
0.29608600906121146,0.00010041700465617964,-1.445804092152004e-10,298.15000529045636,0.0,0.02964332438726946,299.3201844121704,1.2706665045500669e-17,0.0,3.764905567692922e-06,99.7783343048936,2.1223257409479634e-16,1.3808973256834939e-19,1.5617643369293964e-32,7.390112230997371e-30,1.3543218562285972e-17,2.6142899065399927,3.698382317702694e-12,0.00032703397994895365,1000000.0,1000415.4916078
0.29708600906121146,0.0001004170045116172,-1.445624416309345e-10,298.15000528982125,0.0,0.02963978781393332,299.32018747324395,1.2705162596391448e-17,0.0,3.76490558393426e-06,99.77833473582257,2.1220747951238827e-16,1.3805693230750617e-19,1.5615651991159916e-32,7.390720704730087e-30,1.354321862065597e-17,2.6142899178307757,3.697945028752017e-12,0.0003270339799672793,1000000.0,1000415.4916083894
0.29808600906121147,0.00010041700436707182,-1.445453820233941e-10,298.1500052891863,0.0,0.02963625166508645,299.3201905339528,1.270366032442397e-17,0.0,3.7649056001736813e-06,99.77833516670074,2.1218238788867906e-16,1.3802413984402409e-19,1.5613660900235375e-32,7.391329262854702e-30,1.3543218679019339e-17,2.6142899291202277,3.697507791355951e-12,0.0003270339799856028,1000000.0,1000415.4916089886
0.29908600906121147,0.00010041700422254348,-1.4452833372893831e-10,298.15000528855154,0.0,0.029632715940677304,299.3201935942971,1.2702158229578384e-17,0.0,3.7649056164111847e-06,99.77833559752808,2.1215729922333895e-16,1.379913551760531e-19,1.5611670096312181e-32,7.391937905378382e-30,1.3543218737375697e-17,2.6142899404083484,3.697070605508432e-12,0.00032703398000392416,1000000.0,1000415.4916095972
0.30008600906121147,0.0001004170040780331,-1.4451038186362188e-10,298.1500052879166,0.0,0.029629180640653507,299.3201966542685,1.2700656311832106e-17,0.0,3.7649056326466676e-06,99.77833602830188,2.1213221351600069e-16,1.379585783017045e-19,1.560967957912571e-32,7.392546632308397e-30,1.3543218795725437e-17,2.614289951695066,3.696633471203128e-12,0.0003270339800222432,1000000.0,1000415.4916101859
0.30108600906121147,0.00010041700393353978,-1.4449331903624914e-10,298.150005287282,0.0,0.02962564576496432,299.3201997138752,1.2699154571165781e-17,0.0,3.7649056488802314e-06,99.7783364590248,2.1210713076632705e-16,1.3792580921916191e-19,1.5607689349156865e-32,7.39315544365038e-30,1.3543218854068112e-17,2.6142899629804512,3.696196388434329e-12,0.0003270339800405601,1000000.0,1000415.4916107844
0.30208600906121147,0.00010041700378906441,-1.4447537358739456e-10,298.15000528664723,0.0,0.029622111313557433,299.32020277310926,1.2697653007558181e-17,0.0,3.7649056651117773e-06,99.77833688969426,2.1208205097397692e-16,1.3789304792654516e-19,1.5605699405794363e-32,7.393764339413432e-30,1.3543218912403507e-17,2.614289974264435,3.695759357195754e-12,0.0003270339800588747,1000000.0,1000415.491611364
0.30308600906121147,0.0001004170036446061,-1.44458318734597e-10,298.15000528601274,0.0,0.029618577286382078,299.3202058319787,1.2696151620988783e-17,0.0,3.7649056813414046e-06,99.77833732031286,2.1205697413859435e-16,1.3786029442201762e-19,1.5603709749364165e-32,7.39437331960274e-30,1.3543218970731642e-17,2.6142899855470874,3.695322377481596e-12,0.00032703398007718717,1000000.0,1000415.4916119523
0.30408600906121147,0.00010041700350016481,-1.4444128289496742e-10,298.1500052853784,0.0,0.02961504368338677,299.32020889048374,1.269465041143692e-17,0.0,3.764905697569117e-06,99.77833775088071,2.1203190025984533e-16,1.378275487037137e-19,1.5601720379566087e-32,7.394982384227168e-30,1.3543219029052874e-17,2.614289996828409,3.694885449285709e-12,0.00032703398009549745,1000000.0,1000415.4916125506
0.30508600906121147,0.00010041700335574056,-1.444242627030287e-10,298.15000528474405,0.0,0.029611510504519975,299.3202119486244,1.2693149378881929e-17,0.0,3.7649057137949133e-06,99.7783381813978,2.1200682933737737e-16,1.3779481076978845e-19,1.5599731296543936e-32,7.395591533292962e-30,1.3543219087367094e-17,2.6142900081084006,3.694448572602062e-12,0.0003270339801138056,1000000.0,1000415.4916131574
0.3060860090612115,0.00010041700321133331,-1.4440723125553546e-10,298.15000528410985,0.0,0.02960797774973021,299.320215006401,1.269164852330328e-17,0.0,3.764905730018797e-06,99.77833861186417,2.11981761370854e-16,1.3776208061839006e-19,1.5597742500143144e-32,7.396200766806765e-30,1.3543219145674873e-17,2.614290019387064,3.694011747424872e-12,0.0003270339801321116,1000000.0,1000415.4916137742
0.3070860090612115,0.00010041700306694401,-1.4438929318860825e-10,298.1500052834755,0.0,0.029604445418965133,299.320218063805,1.2690147844678192e-17,0.0,3.7649057462406624e-06,99.77833904227707,2.1195669635988818e-16,1.377293582476446e-19,1.5595753990209536e-32,7.396810084776624e-30,1.3543219203975094e-17,2.6142900306643257,3.6935749737475294e-12,0.0003270339801504153,1000000.0,1000415.4916143719
0.3080860090612115,0.00010041700292257268,-1.443713411537853e-10,298.15000528284116,0.0,0.02960091351217322,299.32022112083644,1.2688647342988011e-17,0.0,3.7649057624605065e-06,99.7783394726364,2.1193163430416872e-16,1.376966436557317e-19,1.5593765767067802e-32,7.397419487208962e-30,1.3543219262267802e-17,2.614290041940184,3.6931382515642676e-12,0.00032703398016871676,1000000.0,1000415.4916149505
0.3090860090612115,0.00010041700277821837,-1.4435429821618082e-10,298.1500052822071,0.0,0.02959738202930382,299.3202241775036,1.268714701821196e-17,0.0,3.7649057786784354e-06,99.77833990294498,2.119065752033527e-16,1.3766393684078168e-19,1.559177783016776e-32,7.398028974111664e-30,1.3543219320554819e-17,2.6142900532147126,3.692701580869188e-12,0.00032703398018701604,1000000.0,1000415.491615538
0.3100860090612115,0.00010041700263388111,-1.4433726763991384e-10,298.1500052815732,0.0,0.02959385097030543,299.3202272338064,1.2685646870327996e-17,0.0,3.764905794894448e-06,99.77834033320275,2.1188151905707402e-16,1.3763123780093794e-19,1.5589790179719067e-32,7.398638545491362e-30,1.3543219378834459e-17,2.61429006448791,3.692264961656222e-12,0.00032703398020531314,1000000.0,1000415.4916161351
0.3110860090612115,0.00010041700248956084,-1.4432025845228207e-10,298.1500052809393,0.0,0.029590320335126603,299.3202302897453,1.2684146899317552e-17,0.0,3.7649058111085483e-06,99.77834076340986,2.118564658650104e-16,1.3759854653438008e-19,1.5587802815868612e-32,7.399248201354625e-30,1.3543219437106937e-17,2.6142900757597802,3.69182839391935e-12,0.0003270339802236081,1000000.0,1000415.4916167409
0.3120860090612115,0.0001004170023452585,-1.4430233124649462e-10,298.1500052803054,0.0,0.029586790123715043,299.32023334531203,1.2682647105157509e-17,0.0,3.7649058273206323e-06,99.77834119356353,2.118314156267924e-16,1.3756586303921762e-19,1.5585815738013412e-32,7.39985794170906e-30,1.3543219495371867e-17,2.61429008703025,3.691391877652295e-12,0.0003270339802419008,1000000.0,1000415.4916173286
0.3130860090612115,0.0001004170022009732,-1.442853035016717e-10,298.15000527967163,0.0,0.02958326033602007,299.32023640051455,1.268114748782808e-17,0.0,3.7649058435308e-06,99.77834162366642,2.1180636834208047e-16,1.3753318731361993e-19,1.5583828946636447e-32,7.400467766562672e-30,1.3543219553631076e-17,2.6142900982993895,3.690955412849205e-12,0.00032703398026019134,1000000.0,1000415.4916179251
0.3140860090612115,0.00010041700205670493,-1.442682851468312e-10,298.150005279038,0.0,0.029579730971990244,299.3202394553531,1.2679648047309208e-17,0.0,3.7649058597390535e-06,99.77834205371857,2.1178132401053612e-16,1.3750051935575118e-19,1.5581842441534373e-32,7.401077675921223e-30,1.3543219611882108e-17,2.6142901095671998,3.690518999504221e-12,0.0003270339802784797,1000000.0,1000415.4916185308
0.3150860090612115,0.00010041700191245457,-1.4425036740223178e-10,298.15000527840425,0.0,0.029576202031573292,299.32024250981954,1.2678148783578984e-17,0.0,3.7649058759452913e-06,99.77834248371731,2.1175628263180435e-16,1.3746785916373423e-19,1.5579856222388905e-32,7.401687669792144e-30,1.354321967012604e-17,2.61429012083361,3.6900826376109224e-12,0.0003270339802967658,1000000.0,1000415.4916191177
0.3160860090612115,0.00010041700176822123,-1.44233336634626e-10,298.15000527777073,0.0,0.029572673514718584,299.32024556392196,1.2676649696617782e-17,0.0,3.7649058921496156e-06,99.77834291366533,2.1173124420554426e-16,1.3743520673574426e-19,1.557787028955916e-32,7.402297748183258e-30,1.3543219728364146e-17,2.6142901320986915,3.689646327163617e-12,0.00032703398031504974,1000000.0,1000415.4916197135
0.3170860090612115,0.00010041700162400487,-1.4421633938306492e-10,298.1500052771373,0.0,0.029569145421374697,299.32024861766087,1.2675150786404582e-17,0.0,3.764905908352029e-06,99.7783433435627,2.117062087314157e-16,1.3740256206992856e-19,1.5575884642709618e-32,7.402907911100905e-30,1.3543219786594487e-17,2.614290143362446,3.689210068156155e-12,0.0003270339803333315,1000000.0,1000415.4916203193
0.3180860090612115,0.00010041700147980647,-1.4419841750702518e-10,298.15000527650386,0.0,0.029565617751489342,299.32025167102734,1.2673652052917946e-17,0.0,3.764905924552423e-06,99.77834377340656,2.116811762090501e-16,1.3736992516443426e-19,1.5573899281865236e-32,7.40351815855293e-30,1.3543219844817799e-17,2.614290154624799,3.6887738605824144e-12,0.00032703398035161105,1000000.0,1000415.491620905
0.3190860090612115,0.00010041700133562505,-1.4418141276908824e-10,298.15000527587057,0.0,0.029562090505011948,299.32025472403035,1.2672153496137578e-17,0.0,3.7649059407509075e-06,99.77834420319981,2.1165614663812178e-16,1.3733729601740643e-19,1.5571914206916318e-32,7.404128490545919e-30,1.3543219903034467e-17,2.6142901658858255,3.688337704436521e-12,0.0003270339803698884,1000000.0,1000415.4916215014
0.3200860090612115,0.00010041700119146065,-1.44164410006332e-10,298.15000527523745,0.0,0.02955856368189105,299.32025777666945,1.2670655116043529e-17,0.0,3.7649059569474772e-06,99.77834463294232,2.1163112001828325e-16,1.3730467462702313e-19,1.556992941807479e-32,7.404738907086476e-30,1.3543219961243492e-17,2.6142901771455227,3.687901599712379e-12,0.0003270339803881636,1000000.0,1000415.4916221063
0.3210860090612115,0.00010041700104731416,-1.4414650099425193e-10,298.15000527460415,0.0,0.02955503728207446,299.32026082893674,1.2669156912613381e-17,0.0,3.764905973142033e-06,99.77834506263144,2.1160609634917233e-16,1.3727206099140915e-19,1.5567944914851662e-32,7.405349408182787e-30,1.3543220019446589e-17,2.614290188403821,3.687465546403958e-12,0.00032703398040643655,1000000.0,1000415.4916226917
0.3220860090612115,0.00010041700090318466,-1.4412949045479804e-10,298.1500052739711,0.0,0.029551511305511563,299.3202638808405,1.2667658885828167e-17,0.0,3.7649059893346773e-06,99.77834549226992,2.115810756304658e-16,1.372394551087376e-19,1.5565960697598985e-32,7.405959993842229e-30,1.354322007764262e-17,2.6142901996607923,3.687029544505152e-12,0.0003270339804247073,1000000.0,1000415.4916232874
0.3230860090612115,0.00010041700075907215,-1.4411250029306725e-10,298.15000527333814,0.0,0.02954798575215095,299.32026693238066,1.266616103566686e-17,0.0,3.764906005525411e-06,99.77834592185776,2.115560578618148e-16,1.372068569771629e-19,1.5563976766059285e-32,7.406570664071237e-30,1.3543220135830728e-17,2.6142902109164368,3.6865935940101845e-12,0.00032703398044297595,1000000.0,1000415.4916238927
0.3240860090612115,0.00010041700061497693,-1.440952237206612e-10,298.15000527270524,0.0,0.029544460621940983,299.3202699835547,1.2664663362130741e-17,0.0,3.7649060217142e-06,99.77834635139406,2.115310430432317e-16,1.3717426656735e-19,1.5561992622790385e-32,7.40718141884431e-30,1.3543220194012194e-17,2.6142902221707307,3.6861576949195286e-12,0.0003270339804612424,1000000.0,1000415.4916244975
0.3250860090612115,0.00010041700047089898,-1.4407794416905885e-10,298.15000527207235,0.0,0.02954093591483028,299.32027303436274,1.266316586515435e-17,0.0,3.764906037901047e-06,99.77834678087889,2.1150603117363965e-16,1.3714168393243572e-19,1.556000943660442e-32,7.407792258233841e-30,1.3543220252187433e-17,2.6142902334236764,3.685721847213818e-12,0.0003270339804795067,1000000.0,1000415.4916251029
0.3260860090612115,0.00010041700032683831,-1.440606658671203e-10,298.15000527143957,0.0,0.029537411630767434,299.3202760848047,1.2661668544739384e-17,0.0,3.7649060540859496e-06,99.7783472103122,2.114810222530562e-16,1.3710910904307893e-19,1.5558026252080808e-32,7.408403182214145e-30,1.3543220310354428e-17,2.6142902446752725,3.6852860508937154e-12,0.00032703398049776876,1000000.0,1000415.4916257088
0.3270860090612115,0.00010041700018279583,-1.4404248064755424e-10,298.1500052708067,0.0,0.02953388776970027,299.32027913487264,1.2660171400864464e-17,0.0,3.764906070268807e-06,99.7783476396913,2.1145601628112622e-16,1.370765418974253e-19,1.5556043429093002e-32,7.409014190792473e-30,1.3543220368514765e-17,2.614290255925448,3.6848503059530385e-12,0.0003270339805160285,1000000.0,1000415.4916262871
0.3280860090612115,0.00010041700003876974,-1.4402609942193327e-10,298.1500052701743,0.0,0.029530364331579,299.3202821845823,1.2658674433510598e-17,0.0,3.7649060864498202e-06,99.77834806902153,2.1143101325753073e-16,1.3704398249366049e-19,1.555406091524852e-32,7.409625283976246e-30,1.3543220426668748e-17,2.6142902671743427,3.684414612386136e-12,0.0003270339805342862,1000000.0,1000415.4916268939
0.3290860090612115,0.0001004169998947618,-1.4400794324790325e-10,298.15000526954157,0.0,0.029526841316350715,299.32028523391836,1.2657177642655067e-17,0.0,3.7649061026287924e-06,99.77834849829766,2.1140601318189304e-16,1.3701143082991666e-19,1.5552078693887925e-32,7.410236461772756e-30,1.354322048481592e-17,2.6142902784218203,3.683978970186416e-12,0.0003270339805525416,1000000.0,1000415.4916274729
0.3300860090612115,0.00010041699975077024,-1.439915612571648e-10,298.15000526890924,0.0,0.029523318723965613,299.3202882828965,1.2655681028279007e-17,0.0,3.764906118805923e-06,99.77834892752499,2.1138101605389947e-16,1.3697888690436592e-19,1.5550096760230502e-32,7.41084772418825e-30,1.354322054295527e-17,2.614290289668019,3.683543379348524e-12,0.00032703398057079493,1000000.0,1000415.4916280806
0.3310860090612115,0.00010041699960679684,-1.439734064530816e-10,298.1500052682767,0.0,0.029519796554370762,299.3202913315009,1.2654184590359879e-17,0.0,3.764906134981011e-06,99.77834935669817,2.1135602187316895e-16,1.369463507151522e-19,1.5548115112538113e-32,7.411459071230528e-30,1.3543220601087188e-17,2.614290300912799,3.6831078398659934e-12,0.00032703398058904595,1000000.0,1000415.4916286606
0.3320860090612115,0.00010041699946283981,-1.4395703375815035e-10,298.1500052676446,0.0,0.029516274807516396,299.32029437974745,1.2652688328879478e-17,0.0,3.7649061511542567e-06,99.77834978582256,2.1133103063940017e-16,1.3691382226045702e-19,1.5546133750458292e-32,7.412070502907873e-30,1.3543220659214292e-17,2.6142903121563004,3.682672351733068e-12,0.0003270339806072949,1000000.0,1000415.4916292692
0.3330860090612115,0.00010041699931890093,-1.4393888369641903e-10,298.15000526701215,0.0,0.02951275348334962,299.32029742762046,1.2651192243814217e-17,0.0,3.7649061673254624e-06,99.77835021489285,2.1130604235220232e-16,1.3688130153840994e-19,1.5544152673485082e-32,7.412682019225183e-30,1.3543220717332482e-17,2.6142903233983854,3.6822369149434145e-12,0.00032703398062554155,1000000.0,1000415.4916298504
0.3340860090612115,0.0001004169991749784,-1.439225115297207e-10,298.15000526638016,0.0,0.02950923258182065,299.32030047513587,1.2649696335145923e-17,0.0,3.7649061834948284e-06,99.7783506439144,2.1128105701126114e-16,1.3684878854720107e-19,1.5542171881926464e-32,7.413293620191512e-30,1.3543220775444735e-17,2.6142903346391924,3.681801529491451e-12,0.00032703398064378613,1000000.0,1000415.49163046
0.3350860090612115,0.00010041699903107405,-1.439043640432906e-10,298.15000526574795,0.0,0.029505712102876593,299.32030352227747,1.2648200602852223e-17,0.0,3.76490619966215e-06,99.77835107288176,2.1125607461621727e-16,1.3681628328496764e-19,1.554019137533855e-32,7.413905305812627e-30,1.3543220833549191e-17,2.61429034587858,3.681366195370654e-12,0.00032703398066202843,1000000.0,1000415.4916310422
0.3360860090612115,0.00010041699888718604,-1.4388800824329054e-10,298.15000526511614,0.0,0.02950219204646772,299.3203065690617,1.2646705046914396e-17,0.0,3.764906215827634e-06,99.77835150180043,2.1123109516674583e-16,1.3678378574989134e-19,1.5538211153952915e-32,7.414517076095724e-30,1.3543220891646897e-17,2.6142903571166913,3.680930912575562e-12,0.0003270339806802686,1000000.0,1000415.4916316532
0.3370860090612115,0.00010041699874331618,-1.438698542129972e-10,298.150005264484,0.0,0.029498672412541116,299.3203096154723,1.2645209667308895e-17,0.0,3.764906231991076e-06,99.77835193066498,2.1120611866246269e-16,1.3675129594010356e-19,1.5536231217416088e-32,7.415128931048832e-30,1.3543220949737792e-17,2.614290368353385,3.6804956810996054e-12,0.0003270339806985065,1000000.0,1000415.491632236
0.3380860090612115,0.0001004169985994636,-1.438525823620717e-10,298.15000526385217,0.0,0.029495153201046245,299.32031266151716,1.2643714464017435e-17,0.0,3.7649062481525743e-06,99.778352359478,2.111811451030516e-16,1.3671881385379495e-19,1.5534251566084454e-32,7.415740870679361e-30,1.3543221007821022e-17,2.614290379588729,3.680060500937052e-12,0.0003270339807167422,1000000.0,1000415.4916328188
0.3390860090612115,0.00010041699845562735,-1.4383625168802012e-10,298.1500052632205,0.0,0.02949163441193265,299.3203157072049,1.2642219437019154e-17,0.0,3.7649062643122363e-06,99.7783527882424,2.1115617448817572e-16,1.366863394891162e-19,1.553227219950439e-32,7.416352894993539e-30,1.3543221065899059e-17,2.614290390822798,3.679625372082109e-12,0.0003270339807349758,1000000.0,1000415.4916334308
0.3400860090612115,0.00010041699831180926,-1.4381810325003292e-10,298.1500052625887,0.0,0.029488116045147415,299.320318752519,1.2640724586291258e-17,0.0,3.7649062804698556e-06,99.77835321695262,2.1113120681744803e-16,1.3665387284421612e-19,1.5530293117793132e-32,7.416965003998954e-30,1.3543221123968297e-17,2.6142904020554485,3.679190294528154e-12,0.0003270339807532072,1000000.0,1000415.4916340146
0.3410860090612115,0.00010041699816800842,-1.4380084269604386e-10,298.15000526195706,0.0,0.029484598100640056,299.3203217974677,1.2639229911815765e-17,0.0,3.764906296625535e-06,99.77835364561145,2.1110624209057441e-16,1.366214139172755e-19,1.5528314321022478e-32,7.417577197702095e-30,1.354322118203143e-17,2.614290413286752,3.67875526826974e-12,0.0003270339807714363,1000000.0,1000415.4916345992
0.3420860090612115,0.0001004169980242239,-1.4378451670979982e-10,298.1500052613257,0.0,0.029481080578360106,299.3203248420594,1.2637735413571295e-17,0.0,3.7649063127793785e-06,99.77835407422161,2.110812803071862e-16,1.3658896270646694e-19,1.5526335809004737e-32,7.418189476111101e-30,1.3543221240087263e-17,2.614290424516781,3.678320293300783e-12,0.00032703398078966336,1000000.0,1000415.4916352126
0.3430860090612115,0.00010041699788045753,-1.4376637873711747e-10,298.1500052606941,0.0,0.029477563478254688,299.32032788627777,1.2636241091535645e-17,0.0,3.7649063289311817e-06,99.7783545027777,2.1105632146692262e-16,1.3655651920991553e-19,1.5524357581477687e-32,7.418801839232897e-30,1.3543221298136836e-17,2.6142904357453927,3.677885369614934e-12,0.00032703398080788815,1000000.0,1000415.4916357981
0.3440860090612115,0.00010041699773670839,-1.4374912805380139e-10,298.15000526006264,0.0,0.02947404680027331,299.32033093013075,1.2634746945689442e-17,0.0,3.7649063450810447e-06,99.77835493128238,2.1103136556945855e-16,1.3652408342580983e-19,1.5522379638852435e-32,7.419414287073813e-30,1.354322135617845e-17,2.6142904469726567,3.677450497206432e-12,0.0003270339808261107,1000000.0,1000415.4916363839
0.3450860090612115,0.00010041699759297559,-1.437327994965569e-10,298.1500052594315,0.0,0.02947053054436553,299.3203339736268,1.263325297601277e-17,0.0,3.7649063612290723e-06,99.77835535973841,2.1100641261445788e-16,1.3649165535232226e-19,1.5520401980815915e-32,7.420026819642981e-30,1.3543221414214016e-17,2.614290458198646,3.677015676069358e-12,0.0003270339808443312,1000000.0,1000415.491636999
0.3460860090612115,0.00010041699744926092,-1.4371467122399245e-10,298.1500052588001,0.0,0.029467014710478502,299.32033701674976,1.2631759182483419e-17,0.0,3.7649063773750606e-06,99.7783557881404,2.109814626015496e-16,1.3645923498760841e-19,1.5518424607292909e-32,7.420639436945103e-30,1.3543221472242345e-17,2.6142904694232203,3.676580906197453e-12,0.00032703398086254945,1000000.0,1000415.4916375858
0.3470860090612115,0.0001004169973055635,-1.4369742376463438e-10,298.15000525816896,0.0,0.02946349929856172,299.32034005950726,1.2630265565081426e-17,0.0,3.7649063935191066e-06,99.7783562164909,2.1095651553040403e-16,1.3642682232982733e-19,1.5516447518217288e-32,7.421252138989168e-30,1.3543221530263296e-17,2.6142904806464453,3.676146187584845e-12,0.00032703398088076546,1000000.0,1000415.4916381732
0.3480860090612115,0.0001004169971618833,-1.4368019224796918e-10,298.1500052575378,0.0,0.029459984308564002,299.32034310189994,1.2628772123786093e-17,0.0,3.764906409661217e-06,99.77835664479012,2.109315714006734e-16,1.3639441737714905e-19,1.5514470713661363e-32,7.421864925781109e-30,1.3543221588277723e-17,2.614290491868326,3.675711520225467e-12,0.0003270339808989793,1000000.0,1000415.491638761
0.3490860090612115,0.00010041699701822035,-1.436629557355158e-10,298.15000525690687,0.0,0.029456469740434074,299.3203461439275,1.2627278858575988e-17,0.0,3.764906425801388e-06,99.77835707303794,2.1090663021200087e-16,1.363620201277397e-19,1.551249419350535e-32,7.422477797329633e-30,1.3543221646285305e-17,2.614290503088861,3.675276904113336e-12,0.00032703398091719096,1000000.0,1000415.4916393493
0.3500860090612115,0.00010041699687457369,-1.4364665450124292e-10,298.1500052562761,0.0,0.02945295559412154,299.3203491855984,1.2625785769432844e-17,0.0,3.7649064419397264e-06,99.77835750123718,2.1088169196407956e-16,1.3632963057977501e-19,1.5510517957733266e-32,7.423090753640316e-30,1.3543221704285955e-17,2.614290514308122,3.6748423392426396e-12,0.00032703398093540057,1000000.0,1000415.4916399663
0.3510860090612115,0.00010041699673094516,-1.436285300520905e-10,298.1500052556451,0.0,0.029449441869573562,299.32035222689626,1.2624292856334204e-17,0.0,3.764906458076026e-06,99.7783579293824,2.1085675665653476e-16,1.362972487314152e-19,1.550854200624294e-32,7.423703794721546e-30,1.3543221762278485e-17,2.6142905255259685,3.674407825607095e-12,0.00032703398095360785,1000000.0,1000415.4916405558
0.3520860090612115,0.00010041699658733387,-1.436112943976601e-10,298.1500052550143,0.0,0.0294459285667397,299.32035526782926,1.2622800119259058e-17,0.0,3.764906474210387e-06,99.77835835747625,2.1083182428901437e-16,1.3626487458082167e-19,1.5506566338934875e-32,7.424316920578894e-30,1.3543221820264943e-17,2.6142905367424683,3.673973363200739e-12,0.00032703398097181296,1000000.0,1000415.491641146
0.3530860090612115,0.0001004169964437398,-1.435940761339413e-10,298.1500052543836,0.0,0.02944241568556874,299.3203583083972,1.2621307558187639e-17,0.0,3.764906490342809e-06,99.77835878551869,2.1080689486118963e-16,1.3623250812617092e-19,1.550459095591277e-32,7.424930131221768e-30,1.3543221878244523e-17,2.614290547957622,3.673538952017659e-12,0.0003270339809900159,1000000.0,1000415.4916417355
0.3540860090612115,0.00010041699630016294,-1.4357686016706503e-10,298.15000525375297,0.0,0.029438903226009516,299.32036134860056,1.261981517309902e-17,0.0,3.764906506473296e-06,99.77835921350986,2.1078196837271575e-16,1.3620014936562021e-19,1.5502615856946076e-32,7.425543426655486e-30,1.3543221936217629e-17,2.6142905591714314,3.67310459205174e-12,0.0003270339810082166,1000000.0,1000415.4916423265
0.3550860090612115,0.0001004169961566033,-1.4355963846947057e-10,298.15000525312246,0.0,0.029435391188010814,299.3203643884392,1.2618322963972505e-17,0.0,3.7649065226018477e-06,99.77835964144975,2.107570448232374e-16,1.3616779829735138e-19,1.5500641042189853e-32,7.426156806887938e-30,1.3543221994182627e-17,2.614290570383898,3.6726702832971956e-12,0.00032703398102641517,1000000.0,1000415.4916429177
0.35608600906121146,0.00010041699601306087,-1.4354243334441433e-10,298.15000525249195,0.0,0.029431879571521425,299.3203674279131,1.2616830930788069e-17,0.0,3.7649065387284623e-06,99.77836006933829,2.1073212421242537e-16,1.3613545491953265e-19,1.549866651143095e-32,7.426770271926632e-30,1.3543222052141147e-17,2.614290581595019,3.6722360257478054e-12,0.00032703398104461155,1000000.0,1000415.4916435089
0.35708600906121146,0.00010041699586953566,-1.4352521786754885e-10,298.15000525186156,0.0,0.029428368376490172,299.32037046702237,1.2615339073524666e-17,0.0,3.7649065548531413e-06,99.77836049717553,2.1070720653993346e-16,1.3610311923032383e-19,1.549669226459473e-32,7.427383821778252e-30,1.3543222110093276e-17,2.6142905928047955,3.671801819397642e-12,0.00032703398106280577,1000000.0,1000415.4916441012
0.35808600906121146,0.00010041699572602765,-1.4350800279243319e-10,298.1500052512312,0.0,0.029424857602865884,299.320373505767,1.2613847392160915e-17,0.0,3.7649065709758845e-06,99.77836092496148,2.1068229180539267e-16,1.3607079122789924e-19,1.5494718301761133e-32,7.427997456449768e-30,1.3543222168037062e-17,2.6142906040132283,3.6713676642406976e-12,0.00032703398108099776,1000000.0,1000415.4916446933
0.35908600906121146,0.00010041699558253686,-1.4349079807686167e-10,298.150005250601,0.0,0.02942134725059737,299.32037654414705,1.261235588667785e-17,0.0,3.7649065870966922e-06,99.77836135269611,2.1065738000849308e-16,1.3603847091043978e-19,1.549274462287301e-32,7.428611175949243e-30,1.3543222225975676e-17,2.614290615220317,3.670933560271085e-12,0.0003270339810991876,1000000.0,1000415.4916452861
0.36008600906121147,0.00010041699543906327,-1.4347358915376447e-10,298.1500052499709,0.0,0.02941783731963347,299.32037958216256,1.261086455705307e-17,0.0,3.764906603215564e-06,99.77836178037946,2.106324711488644e-16,1.3600615827609536e-19,1.5490771227651196e-32,7.42922498028319e-30,1.3543222283905922e-17,2.6142906264260612,3.670499507482574e-12,0.00032703398111737523,1000000.0,1000415.4916458791
0.36108600906121147,0.00010041699529560689,-1.4345639821842099e-10,298.1500052493408,0.0,0.029414327809923035,299.32038261981376,1.2609373403267469e-17,0.0,3.764906619332502e-06,99.77836220801154,2.1060756522617846e-16,1.3597385332306183e-19,1.5488798116433151e-32,7.429838869459738e-30,1.3543222341829629e-17,2.6142906376304635,3.670065505869382e-12,0.0003270339811355607,1000000.0,1000415.4916464731
0.36208600906121147,0.00010041699515216768,-1.4343918635247875e-10,298.1500052487108,0.0,0.02941081872141492,299.32038565710064,1.2607882425299685e-17,0.0,3.764906635447507e-06,99.7783626355924,2.1058266224008877e-16,1.3594155604948663e-19,1.5486825288726458e-32,7.430452843484825e-30,1.3543222399747046e-17,2.614290648833523,3.669631555425451e-12,0.00032703398115374404,1000000.0,1000415.4916470678
0.36308600906121147,0.0001004169950087457,-1.4342199483323028e-10,298.1500052480808,0.0,0.02940731005405794,299.320388694023,1.2606391623129007e-17,0.0,3.7649066515605764e-06,99.77836306312196,2.105577621902392e-16,1.3590926645356327e-19,1.5484852744904072e-32,7.431066902366049e-30,1.3543222457657105e-17,2.614290660035238,3.669197656144735e-12,0.00032703398117192513,1000000.0,1000415.4916476625
0.36408600906121147,0.0001004169948653409,-1.4340479051651218e-10,298.15000524745096,0.0,0.029403801807800976,299.3203917305809,1.2604900996735262e-17,0.0,3.7649066676717106e-06,99.77836349060023,2.1053286507629746e-16,1.3587698453345057e-19,1.5482880484567023e-32,7.431681046110363e-30,1.3543222515560007e-17,2.6142906712356093,3.668763808021179e-12,0.00032703398119010406,1000000.0,1000415.4916482574
0.36508600906121147,0.00010041699472195331,-1.4338759623793451e-10,298.15000524682114,0.0,0.029400293982592893,299.3203947667747,1.2603410546097764e-17,0.0,3.7649066837809114e-06,99.77836391802728,2.105079708979159e-16,1.3584471028733492e-19,1.5480908507924802e-32,7.432295274726069e-30,1.3543222573455707e-17,2.6142906824346386,3.66833001104893e-12,0.0003270339812082808,1000000.0,1000415.4916488527
0.36608600906121147,0.0001004169945785829,-1.433704093541229e-10,298.1500052461914,0.0,0.02939678657838255,299.3203978026042,1.2601920271195222e-17,0.0,3.764906699888179e-06,99.77836434540308,2.104830796547446e-16,1.3581244371336756e-19,1.5478936814635258e-32,7.432909588219087e-30,1.3543222631345109e-17,2.6142906936323254,3.6678962652220386e-12,0.0003270339812264554,1000000.0,1000415.4916494488
0.36708600906121147,0.00010041699443523058,-1.4335230344046845e-10,298.15000524556166,0.0,0.029393279595118057,299.32040083806146,1.260043017200695e-17,0.0,3.7649067159934113e-06,99.77836477272494,2.104581913464386e-16,1.3578018480973074e-19,1.5476965404968673e-32,7.43352398659701e-30,1.3543222689226587e-17,2.6142907048285986,3.667462570534028e-12,0.00032703398124462766,1000000.0,1000415.4916500178
0.36808600906121147,0.00010041699429189458,-1.4333601413323238e-10,298.1500052449323,0.0,0.029389773032749828,299.3204038731623,1.2598940248514089e-17,0.0,3.7649067320968083e-06,99.77836519999816,2.1043330597267212e-16,1.357479335746198e-19,1.5474994278787717e-32,7.43413846986761e-30,1.3543222747102238e-17,2.6142907160235977,3.667028926979589e-12,0.00032703398126279786,1000000.0,1000415.4916506144
0.3690860090612115,0.00010041699414857574,-1.433188379963782e-10,298.1500052443028,0.0,0.029386266891226035,299.32040690789944,1.2597450500695083e-17,0.0,3.7649067481982765e-06,99.77836562722027,2.1040842353309166e-16,1.3571569000619694e-19,1.5473023435860855e-32,7.434753038037098e-30,1.3543222804969897e-17,2.614290727217257,3.666595334552529e-12,0.0003270339812809659,1000000.0,1000415.491651212
0.3700860090612115,0.00010041699400527408,-1.4330166032131949e-10,298.1500052436734,0.0,0.02938276117049553,299.3204099422723,1.2595960928529002e-17,0.0,3.764906764297811e-06,99.77836605439113,2.1038354402734962e-16,1.3568345410262678e-19,1.5471052876211017e-32,7.435367691113782e-30,1.3543222862831307e-17,2.6142907384095744,3.666161793246591e-12,0.00032703398129913175,1000000.0,1000415.4916518092
0.3710860090612115,0.00010041699386198961,-1.4328447338023886e-10,298.1500052430441,0.0,0.029379255870507225,299.3204129762813,1.2594471531994925e-17,0.0,3.7649067803954134e-06,99.77836648151079,2.1035866745509503e-16,1.3565122586209036e-19,1.546908259991208e-32,7.435982429104888e-30,1.3543222920686592e-17,2.6142907496005496,3.665728303055886e-12,0.00032703398131729545,1000000.0,1000415.4916524078
0.3720860090612115,0.00010041699371872322,-1.432663817228713e-10,298.15000524241464,0.0,0.029375750991209235,299.3204160099182,1.2592982311073042e-17,0.0,3.764906796490981e-06,99.77836690857652,2.103337938159961e-16,1.3561900528277176e-19,1.5467112606895303e-32,7.43659725201576e-30,1.3543222978532776e-17,2.6142907607901127,3.6652948639744006e-12,0.0003270339813354568,1000000.0,1000415.4916529784
0.3730860090612115,0.00010041699357547311,-1.432501020888239e-10,298.15000524178566,0.0,0.02937224653255206,299.32041904319914,1.2591493265742669e-17,0.0,3.764906812584718e-06,99.77836733559373,2.1030892310970873e-16,1.3558679236284152e-19,1.546514289691791e-32,7.437212159856084e-30,1.3543223036374159e-17,2.614290771978404,3.6648614759963764e-12,0.0003270339813536161,1000000.0,1000415.4916535778
0.3740860090612115,0.00010041699343224017,-1.4323293733348848e-10,298.1500052411566,0.0,0.02936874249448384,299.32042207611636,1.2590004395982644e-17,0.0,3.764906828676525e-06,99.77836776255978,2.1028405533587735e-16,1.3555458710047454e-19,1.546317347010473e-32,7.437827152631074e-30,1.354322309420745e-17,2.6142907831653543,3.664428139115663e-12,0.00032703398137177324,1000000.0,1000415.4916541777
0.3750860090612115,0.00010041699328902439,-1.432157726265791e-10,298.15000524052755,0.0,0.029365238876953484,299.32042510866967,1.2588515701773865e-17,0.0,3.7649068447663996e-06,99.77836818947463,2.1025919049418597e-16,1.3552238949385916e-19,1.546120432642966e-32,7.438442230349305e-30,1.3543223152033819e-17,2.614290794350964,3.663994853326299e-12,0.0003270339813899282,1000000.0,1000415.4916547774
0.3760860090612115,0.00010041699314582671,-1.4319768209654265e-10,298.1500052398984,0.0,0.029361735679909146,299.32042814085094,1.2587027183092661e-17,0.0,3.76490686085424e-06,99.77836861633557,2.102343285842389e-16,1.3549019954114423e-19,1.5459235465572437e-32,7.439057393017202e-30,1.3543223209853658e-17,2.614290805535161,3.663561618621972e-12,0.0003270339814080809,1000000.0,1000415.4916553497
0.3770860090612115,0.0001004169930026453,-1.4318141378578438e-10,298.15000523926966,0.0,0.02935823290330134,299.32043117267665,1.2585538839922181e-17,0.0,3.7649068769402507e-06,99.77836904314802,2.1020946960574821e-16,1.3545801724055064e-19,1.5457266887979283e-32,7.43967264064289e-30,1.3543223267666858e-17,2.614290816718087,3.663128434997361e-12,0.00032703398142623153,1000000.0,1000415.4916559507
0.3780860090612115,0.00010041699285948104,-1.4316425790411973e-10,298.150005238641,0.0,0.029354730547078243,299.3204342041388,1.258405067223997e-17,0.0,3.764906893024332e-06,99.77836946990934,2.1018461355834617e-16,1.3542584259023144e-19,1.5455298593051416e-32,7.440287973232207e-30,1.3543223325472833e-17,2.6142908278996733,3.662695302446011e-12,0.00032703398144437993,1000000.0,1000415.4916565528
0.3790860090612115,0.00010041699271633486,-1.43146181775599e-10,298.15000523801206,0.0,0.029351228611188006,299.320437235229,1.2582562680024588e-17,0.0,3.7649069091063807e-06,99.77836989661678,2.101597604416726e-16,1.353936755883626e-19,1.5453330581038264e-32,7.4409033907927e-30,1.3543223383270836e-17,2.6142908390798483,3.6622622209618156e-12,0.00032703398146252606,1000000.0,1000415.4916571263
0.3800860090612115,0.00010041699257320495,-1.4312991519137243e-10,298.1500052373836,0.0,0.02934772709558114,299.3204402659635,1.2581074863258046e-17,0.0,3.7649069251865973e-06,99.77837032327568,2.101349102554271e-16,1.3536151623314488e-19,1.545136285193407e-32,7.441518893333116e-30,1.3543223441063497e-17,2.6142908502587514,3.661829190539313e-12,0.00032703398148067013,1000000.0,1000415.4916577281
0.3810860090612115,0.00010041699243009308,-1.4311186100726755e-10,298.15000523675485,0.0,0.02934422600020509,299.3204432963267,1.2579587221916423e-17,0.0,3.764906941264786e-06,99.77837074988084,2.1011006299920756e-16,1.353293645227297e-19,1.5449395405405714e-32,7.442134480859115e-30,1.3543223498848393e-17,2.6142908614362463,3.661396211171979e-12,0.0003270339814988119,1000000.0,1000415.4916583033
0.3820860090612115,0.0001004169922869975,-1.4309559313143074e-10,298.15000523612656,0.0,0.029340725325010353,299.32044632633404,1.2578099755982682e-17,0.0,3.764906957341143e-06,99.77837117643742,2.1008521867273744e-16,1.352972204553195e-19,1.5447428241744212e-32,7.442750153378227e-30,1.3543223556626478e-17,2.614290872612469,3.660963282854208e-12,0.00032703398151695166,1000000.0,1000415.4916589062
0.3830860090612115,0.00010041699214391995,-1.4307754587826737e-10,298.150005235498,0.0,0.029337225069944385,299.32044935597014,1.2576612465433807e-17,0.0,3.764906973415472e-06,99.77837160294028,2.10060377275621e-16,1.3526508402908995e-19,1.5445461360709989e-32,7.443365910897692e-30,1.3543223614397697e-17,2.614290883787284,3.660530405579757e-12,0.0003270339815350891,1000000.0,1000415.4916594822
0.3840860090612115,0.00010041699200085892,-1.430610427231068e-10,298.15000523486975,0.0,0.029333725234957482,299.32045238524853,1.2575125350272357e-17,0.0,3.764906989487943e-06,99.7783720293939,2.1003553880790591e-16,1.3523295521512292e-19,1.544349427251494e-32,7.443981753393794e-30,1.3543223672161257e-17,2.614290894960808,3.660097579349376e-12,0.00032703398155322445,1000000.0,1000415.4916600785
0.3850860090612115,0.00010041699185781528,-1.4304364909172638e-10,298.15000523424146,0.0,0.029330225819997884,299.3204554141615,1.2573638410433e-17,0.0,3.764907005558458e-06,99.77837245579569,2.100107032685071e-16,1.3520083406579789e-19,1.5441528126874694e-32,7.444597680936464e-30,1.3543223729918938e-17,2.614290906132975,3.6596648041439484e-12,0.00032703398157135757,1000000.0,1000415.4916606683
0.3860860090612115,0.00010041699171478902,-1.430262565109206e-10,298.15000523361323,0.0,0.029326726825014585,299.32045844270885,1.257215164591754e-17,0.0,3.764907021627018e-06,99.77837288214565,2.0998587065744793e-16,1.3516872055219532e-19,1.5439561985375933e-32,7.445213693500917e-30,1.35432237876684e-17,2.6142909173037836,3.659232079963896e-12,0.00032703398158948847,1000000.0,1000415.4916612508
0.3870860090612115,0.00010041699157177926,-1.4300976321641222e-10,298.1500052329853,0.0,0.02932322824995736,299.3204614708987,1.2570665056706207e-17,0.0,3.7649070376937223e-06,99.77837330844643,2.0996104097439382e-16,1.351366146725133e-19,1.5437596201011674e-32,7.445829791095668e-30,1.3543223845412898e-17,2.6142909284733036,3.658799406803551e-12,0.0003270339816076173,1000000.0,1000415.491661854
0.3880860090612115,0.00010041699142878687,-1.4299239092213005e-10,298.1500052323572,0.0,0.029319730094774454,299.32046449872337,1.2569178642777377e-17,0.0,3.7649070537584733e-06,99.77837373469545,2.0993621421899372e-16,1.351045164249105e-19,1.5435630722041303e-32,7.446445973725809e-30,1.3543223903149486e-17,2.6142909396414673,3.658366784656613e-12,0.0003270339816257439,1000000.0,1000415.4916624506
0.3890860090612115,0.00010041699128581187,-1.429750005725796e-10,298.1500052317292,0.0,0.029316232359414857,299.32046752618254,1.2567692404110584e-17,0.0,3.7649070698212673e-06,99.7783741608926,2.0991139039090197e-16,1.3507242580758706e-19,1.5433665532752792e-32,7.447062241400332e-30,1.3543223960878488e-17,2.614290950808272,3.657934213517183e-12,0.0003270339816438683,1000000.0,1000415.49166304
0.3900860090612115,0.00010041699114285424,-1.4295760947314395e-10,298.15000523110126,0.0,0.02931273504382763,299.32047055327655,1.2566206340685272e-17,0.0,3.764907085882108e-06,99.77837458703799,2.0988656948977152e-16,1.350403428187146e-19,1.5431700627855e-32,7.447678594125637e-30,1.354322401860152e-17,2.614290961973721,3.657501693379365e-12,0.00032703398166199053,1000000.0,1000415.4916636231
0.3910860090612115,0.00010041699099991403,-1.429402217539819e-10,298.1500052304734,0.0,0.029309238147961755,299.32047358000494,1.2564720452481551e-17,0.0,3.7649071019409905e-06,99.77837501313148,2.0986175151527664e-16,1.350082674564863e-19,1.5429736005977783e-32,7.448295031909766e-30,1.3543224076316728e-17,2.61429097313781,3.6570692242370776e-12,0.00032703398168011053,1000000.0,1000415.4916641985
0.3920860090612115,0.00010041699085699028,-1.4292374143008614e-10,298.1500052298459,0.0,0.02930574167176708,299.3204766063762,1.2563234739478502e-17,0.0,3.7649071179980204e-06,99.77837543917587,2.0983693646706325e-16,1.349761997190885e-19,1.542777166646815e-32,7.44891155476024e-30,1.3543224134025752e-17,2.6142909843006126,3.656636806084521e-12,0.0003270339816982284,1000000.0,1000415.4916647947
0.3930860090612115,0.00010041699071408391,-1.4290637772539909e-10,298.15000522921815,0.0,0.02930224561519187,299.32047963238233,1.2561749201655505e-17,0.0,3.7649071340530967e-06,99.7783758651685,2.0981212434478644e-16,1.3494413960470503e-19,1.542580760918108e-32,7.44952816268215e-30,1.354322419172731e-17,2.614290995462058,3.6562044389154735e-12,0.00032703398171634413,1000000.0,1000415.491665384
0.3940860090612115,0.000100416990571194,-1.4288990994479557e-10,298.15000522859066,0.0,0.029298749978185965,299.3204826580316,1.2560263838992537e-17,0.0,3.764907150106322e-06,99.77837629111207,2.0978731514811413e-16,1.349120871115181e-19,1.5423843833956358e-32,7.450144855684847e-30,1.3543224249422452e-17,2.6142910066222194,3.655772122724347e-12,0.00032703398173445774,1000000.0,1000415.4916659946
0.3950860090612115,0.00010041699042832237,-1.428716301331429e-10,298.150005227963,0.0,0.0292952547606968,299.32048568330737,1.2558778651468203e-17,0.0,3.7649071661574894e-06,99.77837671700108,2.0976250887668862e-16,1.3488004223771766e-19,1.5421880340871273e-32,7.450761633774178e-30,1.3543224307109771e-17,2.6142910177809506,3.655339857504582e-12,0.00032703398175256906,1000000.0,1000415.4916665695
0.3960860090612115,0.00010041699028546723,-1.428551497067551e-10,298.1500052273357,0.0,0.029291759962675048,299.32048870822615,1.2557293639062298e-17,0.0,3.7649071822068037e-06,99.778377142841,2.0973770553017448e-16,1.3484800498148447e-19,1.5419917129662765e-32,7.451378496958376e-30,1.3543224364791162e-17,2.6142910289383954,3.6549076432507184e-12,0.0003270339817706783,1000000.0,1000415.4916671657
0.3970860090612115,0.00010041699014262945,-1.4283779032405617e-10,298.15000522670834,0.0,0.02928826558406898,299.3204917327799,1.255580880175482e-17,0.0,3.764907198254165e-06,99.77837756862914,2.0971290510823534e-16,1.3481597534101125e-19,1.5417954200491317e-32,7.451995445244761e-30,1.3543224422465063e-17,2.614291040094484,3.6544754799565125e-12,0.0003270339817887853,1000000.0,1000415.4916677545
0.3980860090612115,0.00010041698999980903,-1.4282041888209496e-10,298.150005226081,0.0,0.02928477162482768,299.3204947569687,1.2554324139523554e-17,0.0,3.764907214299573e-06,99.77837799436553,2.096881076105e-16,1.347839533144718e-19,1.5415991553100797e-32,7.452612478640127e-30,1.3543224480132584e-17,2.6142910512492166,3.65404336761605e-12,0.00032703398180689014,1000000.0,1000415.4916683368
0.3990860090612115,0.00010041698985700509,-1.4280395244061982e-10,298.150005225454,0.0,0.029281278084900997,299.32049778080057,1.2552839652351218e-17,0.0,3.7649072303431287e-06,99.77837842005282,2.0966331303667936e-16,1.3475193890008806e-19,1.5414029187778236e-32,7.453229597152282e-30,1.3543224537792981e-17,2.6142910624026627,3.653611306223586e-12,0.00032703398182499285,1000000.0,1000415.4916689396
0.4000860090612115,0.00010041698971421848,-1.4278661230180777e-10,298.15000522482677,0.0,0.029277784964237268,299.3205008042678,1.2551355340214153e-17,0.0,3.7649072463847346e-06,99.77837884568845,2.0963852138637468e-16,1.3471993209601556e-19,1.541206710395722e-32,7.453846800787153e-30,1.3543224595446581e-17,2.614291073554755,3.653179295772748e-12,0.0003270339818430934,1000000.0,1000415.4916695356
0.4010860090612115,0.00010041698957144925,-1.4276924118791924e-10,298.15000522419973,0.0,0.029274292262785544,299.32050382737003,1.2549871203093012e-17,0.0,3.764907262424386e-06,99.77837927127227,2.096137326592717e-16,1.3468793290045177e-19,1.5410105302008898e-32,7.454464089553354e-30,1.3543224653092923e-17,2.6142910847054903,3.652747336257762e-12,0.0003270339818611917,1000000.0,1000415.491670125
0.4020860090612115,0.00010041698942869738,-1.427518692672482e-10,298.1500052235727,0.0,0.029270799980494935,299.3205068501074,1.2548387240967796e-17,0.0,3.7649072784620854e-06,99.77837969680435,2.0958894685503064e-16,1.3465594131159496e-19,1.5408143781789125e-32,7.45508146345745e-30,1.3543224710732712e-17,2.6142910958548695,3.652315427672726e-12,0.00032703398187928785,1000000.0,1000415.4916707069
0.4030860090612115,0.00010041698928596286,-1.427345066328261e-10,298.15000522294577,0.0,0.02926730811731455,299.32050987248,1.2546903453816349e-17,0.0,3.7649072944978306e-06,99.77838012228467,2.0956416397328364e-16,1.3462395732761073e-19,1.5406182543018333e-32,7.455698922506957e-30,1.3543224768365408e-17,2.614291107002893,3.6518835700114426e-12,0.00032703398189738177,1000000.0,1000415.491671282
0.4040860090612115,0.0001004169891432448,-1.4271805687372505e-10,298.1500052223191,0.0,0.029263816673194283,299.3205128944959,1.2545419841620638e-17,0.0,3.764907310531726e-06,99.77838054771595,2.0953938401372422e-16,1.3459198094672972e-19,1.5404221586136168e-32,7.456316466708765e-30,1.3543224825990763e-17,2.614291118149631,3.651451763268304e-12,0.00032703398191547364,1000000.0,1000415.4916718783
0.4050860090612115,0.0001004169890005441,-1.4270071692544262e-10,298.1500052216923,0.0,0.029260325648082477,299.3205159161473,1.254393640435762e-17,0.0,3.7649073265636715e-06,99.77838097309557,2.0951460697598027e-16,1.345600121670954e-19,1.5402260910401426e-32,7.456934096070745e-30,1.3543224883609943e-17,2.6142911292950153,3.651020007436994e-12,0.0003270339819335633,1000000.0,1000415.4916724672
0.4060860090612115,0.00010041698885786073,-1.4268336047206036e-10,298.1500052210656,0.0,0.029256835041928258,299.320518937434,1.2542453142008824e-17,0.0,3.764907342593665e-06,99.77838139842343,2.0948983285972243e-16,1.3452805098694213e-19,1.540030051654432e-32,7.457551810599597e-30,1.3543224941221163e-17,2.614291140439044,3.650588302511732e-12,0.0003270339819516507,1000000.0,1000415.4916730492
0.4070860090612115,0.0001004169887151938,-1.4266692275153234e-10,298.15000522043914,0.0,0.029253344854681534,299.32052195836417,1.2540970054552837e-17,0.0,3.7649073586218094e-06,99.77838182370229,2.094650616646114e-16,1.3449609740443649e-19,1.5398340403813596e-32,7.458169610303201e-30,1.3543224998826595e-17,2.614291151581789,3.650156648486628e-12,0.0003270339819697361,1000000.0,1000415.4916736525
0.4080860090612115,0.00010041698857254421,-1.4264958242722221e-10,298.1500052198126,0.0,0.029249855086290667,299.32052497893005,1.2539487141969213e-17,0.0,3.7649073746480044e-06,99.77838224892949,2.0944029339029898e-16,1.344641514177744e-19,1.5396380572580428e-32,7.458787495188303e-30,1.3543225056424579e-17,2.61429116272318,3.649725045355632e-12,0.00032703398198781925,1000000.0,1000415.4916742491
0.4090860090612115,0.00010041698842991198,-1.4263223194697353e-10,298.15000521918614,0.0,0.029246365736704777,299.3205279991311,1.2538004404237106e-17,0.0,3.7649073906722465e-06,99.77838267410493,2.0941552803644016e-16,1.344322130251435e-19,1.539442102263934e-32,7.459405465262475e-30,1.3543225114016247e-17,2.6142911738632155,3.6492934931125995e-12,0.0003270339820059002,1000000.0,1000415.4916748375
0.4100860090612115,0.0001004169882872971,-1.4261488210328312e-10,298.1500052185597,0.0,0.029242876805873026,299.3205310189679,1.2536521841336507e-17,0.0,3.7649074066945388e-06,99.7783830992287,2.0939076560269747e-16,1.344002822247429e-19,1.539246175402742e-32,7.460023520532502e-30,1.354322517160014e-17,2.614291185001896,3.648861991751692e-12,0.00032703398202397896,1000000.0,1000415.4916754202
0.4110860090612115,0.00010041698814469956,-1.425975309959681e-10,298.1500052179334,0.0,0.029239388293744558,299.3205340384401,1.2535039453246423e-17,0.0,3.7649074227148786e-06,99.77838352430074,2.0936600608871967e-16,1.3436835901476624e-19,1.5390502766623918e-32,7.460641661005328e-30,1.3543225229177353e-17,2.6142911961392215,3.648430541266811e-12,0.00032703398204205554,1000000.0,1000415.491675995
0.4120860090612115,0.00010041698800211847,-1.4258110679156505e-10,298.15000521730735,0.0,0.029235900200269345,299.32053705755595,1.2533557239947136e-17,0.0,3.7649074387333703e-06,99.77838394932378,2.0934124949417924e-16,1.3433644339340445e-19,1.5388544060348378e-32,7.461259886690279e-30,1.3543225286747821e-17,2.6142912072752633,3.647999141652425e-12,0.00032703398206013006,1000000.0,1000415.4916765905
0.4130860090612115,0.00010041698785955469,-1.4256378160592872e-10,298.1500052166812,0.0,0.02923241252539576,299.32054007630757,1.253207520141783e-17,0.0,3.7649074547499133e-06,99.77838437429517,2.0931649581872728e-16,1.3430453535885385e-19,1.5386585635254627e-32,7.461878197592455e-30,1.3543225344311568e-17,2.614291218409952,3.647567792902175e-12,0.00032703398207820235,1000000.0,1000415.4916771796
0.4140860090612115,0.00010041698771700825,-1.4254644182452045e-10,298.1500052160551,0.0,0.02922892526907297,299.3205430946949,1.2530593337636931e-17,0.0,3.7649074707645065e-06,99.7783847992149,2.0929174506200368e-16,1.3427263490929873e-19,1.538462749115605e-32,7.462496593720326e-30,1.3543225401867997e-17,2.6142912295432867,3.647136495010104e-12,0.0003270339820962724,1000000.0,1000415.4916777618
0.4150860090612115,0.00010041698757447825,-1.4253001065755923e-10,298.1500052154292,0.0,0.029225438431250948,299.320546112726,1.2529111648585967e-17,0.0,3.764907486777251e-06,99.77838522408562,2.0926699722370307e-16,1.342407420429449e-19,1.5382669628159324e-32,7.463115075079995e-30,1.3543225459418408e-17,2.6142912406753376,3.646705247970639e-12,0.0003270339821143405,1000000.0,1000415.4916783636
0.4160860090612115,0.00010041698743196555,-1.4251269131387078e-10,298.15000521480334,0.0,0.02922195201187812,299.3205491303932,1.2527630134243212e-17,0.0,3.7649075027880494e-06,99.77838564890477,2.0924225230345485e-16,1.3420885675799365e-19,1.5380712046171548e-32,7.46373364167976e-30,1.3543225516960742e-17,2.6142912518060375,3.646274051777399e-12,0.0003270339821324063,1000000.0,1000415.4916789603
0.4170860090612115,0.0001004169872894702,-1.4249536328611548e-10,298.15000521417744,0.0,0.029218466010903634,299.32055214769605,1.2526148794588396e-17,0.0,3.7649075187968968e-06,99.77838607367222,2.092175103009308e-16,1.3417697905262584e-19,1.5378754744971738e-32,7.464352293526928e-30,1.3543225574496552e-17,2.614291262935382,3.645842906424587e-12,0.0003270339821504699,1000000.0,1000415.4916795489
0.4180860090612115,0.00010041698714699218,-1.4247802537145592e-10,298.1500052135517,0.0,0.029214980428276704,299.32055516463464,1.2524667629600487e-17,0.0,3.7649075348037938e-06,99.77838649838799,2.0919277121577004e-16,1.341451089250391e-19,1.5376797724694994e-32,7.464971030627735e-30,1.3543225632025767e-17,2.6142912740633726,3.64541181190612e-12,0.0003270339821685313,1000000.0,1000415.4916801301
0.4190860090612115,0.00010041698700453147,-1.4246070619221209e-10,298.150005212926,0.0,0.029211495263946567,299.32055818120944,1.2523186639260131e-17,0.0,3.764907550808745e-06,99.7783869230522,2.0916803504765493e-16,1.3411324637344402e-19,1.5374840985328864e-32,7.4655898529911e-30,1.354322568954808e-17,2.6142912851900126,3.644980768216127e-12,0.00032703398218659053,1000000.0,1000415.4916807056
0.4200860090612115,0.00010041698686208719,-1.4244427891780523e-10,298.15000521230047,0.0,0.02920801051786319,299.3205611974281,1.2521705823546256e-17,0.0,3.7649075668118488e-06,99.77838734766742,2.0914330179623362e-16,1.3408139139602088e-19,1.5372884526556164e-32,7.466208760623558e-30,1.3543225747063388e-17,2.614291296315369,3.644549775348829e-12,0.0003270339822046477,1000000.0,1000415.4916813012
0.4210860090612115,0.0001004169867196602,-1.4242697773497929e-10,298.1500052116749,0.0,0.029204526189975037,299.3205642132831,1.2520225182438725e-17,0.0,3.764907582813007e-06,99.7783877722311,2.0911857146116739e-16,1.3404954399098185e-19,1.5370928348674313e-32,7.466827753531631e-30,1.354322580457144e-17,2.6142913074393745,3.6441188332980555e-12,0.0003270339822227027,1000000.0,1000415.4916818904
0.4220860090612115,0.00010041698657725055,-1.4240965134902184e-10,298.15000521104946,0.0,0.029201042280231283,299.3205672287738,1.251874471591593e-17,0.0,3.7649075988122144e-06,99.77838819674307,2.0909384404209617e-16,1.3401770415650715e-19,1.5368972451301405e-32,7.467446831723137e-30,1.3543225862072484e-17,2.614291318562026,3.643687942057814e-12,0.00032703398224075543,1000000.0,1000415.4916824722
0.42308600906121147,0.00010041698643485732,-1.4239324160484955e-10,298.15000521042424,0.0,0.02919755878858198,299.3205702439089,1.2517264423959257e-17,0.0,3.7649076148095763e-06,99.77838862120612,2.0906911953870915e-16,1.3398587189081556e-19,1.5367016834697507e-32,7.468065995206009e-30,1.3543225919566995e-17,2.614291329683396,3.643257101622362e-12,0.00032703398225880615,1000000.0,1000415.4916830749
0.42408600906121147,0.00010041698629248229,-1.4237503309330034e-10,298.1500052097987,0.0,0.029194075714974795,299.32057325867214,1.2515784306545565e-17,0.0,3.7649076308048906e-06,99.77838904561492,2.0904439795062475e-16,1.3395404719207463e-19,1.536506149846399e-32,7.468685243986512e-30,1.3543225977054634e-17,2.6142913408033435,3.642826311985321e-12,0.0003270339822768545,1000000.0,1000415.4916836426
0.42508600906121147,0.00010041698615012369,-1.4235860059413432e-10,298.15000520917357,0.0,0.029190593059360528,299.32057627307944,1.2514304363657369e-17,0.0,3.764907646798358e-06,99.77838946997475,2.0901967927753956e-16,1.3392223005852178e-19,1.5363106443011383e-32,7.469304578072628e-30,1.3543226034536238e-17,2.6142913519220086,3.642395573141345e-12,0.0003270339822949008,1000000.0,1000415.4916842313
0.42608600906121147,0.00010041698600778147,-1.423422212384876e-10,298.15000520854863,0.0,0.029187110821688463,299.32057928713124,1.2512824595273737e-17,0.0,3.7649076627899817e-06,99.77838989428574,2.0899496351911164e-16,1.3389042048834623e-19,1.536115166786053e-32,7.469923997471254e-30,1.3543226092009975e-17,2.6142913630393934,3.6419648850842065e-12,0.000327033982312945,1000000.0,1000415.4916848413
0.42708600906121147,0.00010041698586545744,-1.4232401750243405e-10,298.15000520792336,0.0,0.029183629001906273,299.3205823008115,1.2511345001371549e-17,0.0,3.7649076787795607e-06,99.77839031854253,2.0897025067495043e-16,1.338586184797266e-19,1.5359197173046782e-32,7.470543502189476e-30,1.3543226149476172e-17,2.614291374155359,3.641534247807707e-12,0.0003270339823309869,1000000.0,1000415.4916854168
0.42808600906121147,0.00010041698572314984,-1.4230760174841803e-10,298.1500052072985,0.0,0.02918014759996475,299.3205853141359,1.2509865581933544e-17,0.0,3.7649076947672906e-06,99.77839074275032,2.0894554074477658e-16,1.3382682403088426e-19,1.5357242958739583e-32,7.47116309223572e-30,1.3543226206936763e-17,2.61429138527004,3.641103661306282e-12,0.00032703398234902673,1000000.0,1000415.4916860126
0.42908600906121147,0.00010041698558085954,-1.422903084046121e-10,298.15000520667354,0.0,0.029176666615812415,299.32058832709663,1.2508386336936969e-17,0.0,3.7649077107530745e-06,99.77839116690653,2.089208337282009e-16,1.3379503714000302e-19,1.5355289024625525e-32,7.471782767615897e-30,1.3543226264389786e-17,2.6142913963833703,3.64067312557362e-12,0.0003270339823670644,1000000.0,1000415.4916866012
0.43008600906121147,0.00010041698543858653,-1.422729983508333e-10,298.1500052060487,0.0,0.02917318604939855,299.3205913396939,1.2506907266362618e-17,0.0,3.7649077267369144e-06,99.77839159101123,2.0889612962490981e-16,1.3376325780529765e-19,1.5353335370894316e-32,7.472402528337821e-30,1.3543226321835697e-17,2.6142914074953505,3.640242640604076e-12,0.0003270339823850999,1000000.0,1000415.4916871834
0.4310860090612115,0.00010041698529633085,-1.4225569477950822e-10,298.1500052054239,0.0,0.029169705900672402,299.32059435192747,1.2505428370189264e-17,0.0,3.764907742718806e-06,99.77839201506428,2.0887142843454073e-16,1.337314860249642e-19,1.535138199729987e-32,7.473022374409642e-30,1.3543226379274859e-17,2.6142914186059776,3.639812206391379e-12,0.00032703398240313314,1000000.0,1000415.4916877581
0.4320860090612115,0.00010041698515409155,-1.422393074615858e-10,298.15000520479924,0.0,0.029166226169584065,299.32059736380563,1.250394964839762e-17,0.0,3.764907758698854e-06,99.7783924390685,2.088467301567799e-16,1.3369972179720862e-19,1.5349428903875047e-32,7.473642305838173e-30,1.3543226436708553e-17,2.614291429715325,3.6393818229298925e-12,0.00032703398242116434,1000000.0,1000415.4916883535
0.4330860090612115,0.00010041698501186952,-1.422220212152664e-10,298.15000520417465,0.0,0.029162746856082084,299.3206003753206,1.2502471100966076e-17,0.0,3.76490777467696e-06,99.77839286302122,2.0882203479125716e-16,1.3366796512023382e-19,1.5347476090584306e-32,7.474262322629278e-30,1.3543226494133137e-17,2.614291440823323,3.6389514902136226e-12,0.0003270339824391933,1000000.0,1000415.4916889428
0.4340860090612115,0.0001004169848696648,-1.4220472229328028e-10,298.15000520355005,0.0,0.02915926796011572,299.3206033864721,1.2500992727874807e-17,0.0,3.7649077906531203e-06,99.77839328692241,2.0879734233764855e-16,1.3363621599223912e-19,1.5345523557315234e-32,7.474882424791973e-30,1.354322655155153e-17,2.614291451929971,3.638521208236367e-12,0.00032703398245722014,1000000.0,1000415.4916895244
0.4350860090612115,0.00010041698472747645,-1.4218833972995477e-10,298.1500052029258,0.0,0.029155789481635067,299.32060639726825,1.2499514529103766e-17,0.0,3.7649078066274366e-06,99.77839371077471,2.0877265279561858e-16,1.336044744114324e-19,1.534357130406962e-32,7.475502612333601e-30,1.3543226608963906e-17,2.614291463035338,3.638090976992636e-12,0.00032703398247524483,1000000.0,1000415.4916901279
0.4360860090612115,0.00010041698458530629,-1.421701581486486e-10,298.15000520230114,0.0,0.02915231142058788,299.32060940769315,1.2498036504630973e-17,0.0,3.764907822599709e-06,99.77839413457284,2.0874796616479808e-16,1.3357274037600167e-19,1.5341619330726435e-32,7.476122885259244e-30,1.3543226666368276e-17,2.6142914741392858,3.6376607964759466e-12,0.0003270339824932672,1000000.0,1000415.4916906955
0.4370860090612115,0.00010041698444315253,-1.4215375830636098e-10,298.15000520167695,0.0,0.02914883377692503,299.3206124177627,1.2496558654438075e-17,0.0,3.764907838570136e-06,99.77839455832206,2.087232824448797e-16,1.3354101388418178e-19,1.5339667637466146e-32,7.476743243579557e-30,1.3543226723766584e-17,2.6142914852419525,3.6372306666807552e-12,0.00032703398251128756,1000000.0,1000415.4916912843
0.4380860090612115,0.00010041698430101515,-1.421373871864248e-10,298.1500052010529,0.0,0.029145356550595868,299.32061542747715,1.2495080978503168e-17,0.0,3.7649078545387223e-06,99.7783949820225,2.0869860163549665e-16,1.3350929493415227e-19,1.5337716223828058e-32,7.477363687299918e-30,1.3543226781157683e-17,2.614291496343341,3.6368005876010056e-12,0.0003270339825293058,1000000.0,1000415.4916918945
0.4390860090612115,0.00010041698415889592,-1.4211921666196132e-10,298.1500052004285,0.0,0.029141879741548162,299.3206184368206,1.2493603476805477e-17,0.0,3.764907870505266e-06,99.7783954056688,2.0867392373630955e-16,1.3347758352411635e-19,1.5335765090099346e-32,7.47798421642793e-30,1.3543226838541903e-17,2.6142915074433106,3.636370559230507e-12,0.0003270339825473218,1000000.0,1000415.4916924696
0.4400860090612115,0.0001004169840167931,-1.421028156274954e-10,298.1500051998045,0.0,0.029138403349732767,299.3206214458087,1.249212614932636e-17,0.0,3.7649078864699633e-06,99.77839582926617,2.0864924874700074e-16,1.3344587965229608e-19,1.5333814236186668e-32,7.478604830969967e-30,1.3543226895919818e-17,2.6142915185419984,3.6359405815637277e-12,0.0003270339825653357,1000000.0,1000415.4916930653
0.4410860090612115,0.00010041698387470756,-1.4208554962788536e-10,298.15000519918055,0.0,0.029134927375098294,299.32062445443376,1.2490648996043754e-17,0.0,3.764907902432719e-06,99.77839625281209,2.0862457666720116e-16,1.334141833168907e-19,1.5331863661920084e-32,7.479225530935208e-30,1.3543226953289875e-17,2.614291529639338,3.635510654594408e-12,0.0003270339825833474,1000000.0,1000415.4916936542
0.4420860090612115,0.00010041698373263929,-1.4206827861917998e-10,298.1500051985566,0.0,0.029131451817594075,299.3206274626957,1.2489172016937954e-17,0.0,3.7649079183935305e-06,99.77839667630649,2.0859990749658216e-16,1.3338249451610476e-19,1.5329913367297268e-32,7.479846316329456e-30,1.3543227010652859e-17,2.6142915407353278,3.6350807783167636e-12,0.0003270339826013569,1000000.0,1000415.4916942362
0.4430860090612115,0.0001004169835905883,-1.4205099520339829e-10,298.1500051979327,0.0,0.02912797667716946,299.32063047059466,1.2487695211988184e-17,0.0,3.7649079343523995e-06,99.7783970997494,2.0857524123480074e-16,1.3335081324814124e-19,1.5327963352262364e-32,7.480467187160851e-30,1.3543227068009741e-17,2.614291551829968,3.634650952724766e-12,0.0003270339826193642,1000000.0,1000415.4916948109
0.4440860090612115,0.00010041698344855391,-1.4203439051398425e-10,298.15000519730893,0.0,0.029124501953774418,299.3206334781366,1.2486218581197245e-17,0.0,3.7649079503094004e-06,99.7783975231428,2.0855057788189195e-16,1.3331913948450725e-19,1.5326013136076216e-32,7.481088143405773e-30,1.3543227125359703e-17,2.614291562923312,3.6342211778190017e-12,0.0003270339826373694,1000000.0,1000415.4916953992
0.4450860090612115,0.00010041698330653703,-1.4201687396649074e-10,298.1500051966852,0.0,0.029121027647357512,299.32063648531346,1.2484742124498173e-17,0.0,3.7649079662644327e-06,99.77839794648403,2.0852591743675848e-16,1.332874732768173e-19,1.5324063847027446e-32,7.481709185132581e-30,1.3543227182702333e-17,2.6142915740152888,3.6337914535804642e-12,0.00032703398265537234,1000000.0,1000415.4916959732
0.4460860090612115,0.00010041698316453676,-1.4200026865765987e-10,298.1500051960616,0.0,0.029117553757868907,299.3206394921334,1.2483265841895239e-17,0.0,3.764907982217597e-06,99.77839836977577,2.0850125989945603e-16,1.3325581459658862e-19,1.5322114564421103e-32,7.482330312318848e-30,1.3543227240039272e-17,2.6142915851059683,3.6333617800099482e-12,0.0003270339826733732,1000000.0,1000415.4916965608
0.4470860090612115,0.00010041698302255307,-1.4198368377177225e-10,298.1500051954382,0.0,0.02911408028525801,299.3206424985966,1.2481789733366807e-17,0.0,3.764907998168897e-06,99.77839879301807,2.0847660526962325e-16,1.3322416344201983e-19,1.5320165634233304e-32,7.482951524970856e-30,1.3543227297368567e-17,2.614291596195353,3.6329321571014336e-12,0.0003270339826913719,1000000.0,1000415.4916971625
0.4480860090612115,0.00010041698288058689,-1.4196618010449247e-10,298.15000519481464,0.0,0.02911060722947338,299.32064550469477,1.2480313798892251e-17,0.0,3.764908014118226e-06,99.77839921620816,2.084519535469193e-16,1.3319251981131562e-19,1.5318217006236298e-32,7.483572823096709e-30,1.3543227354690367e-17,2.6142916072833695,3.632502584848735e-12,0.0003270339827093685,1000000.0,1000415.4916977488
0.4490860090612115,0.00010041698273863824,-1.419486632377544e-10,298.1500051941911,0.0,0.029107134590464427,299.32064851042793,1.2478838038451296e-17,0.0,3.7649080300655848e-06,99.77839963934602,2.084273047310085e-16,1.3316088370268144e-19,1.5316268664617887e-32,7.48419420670374e-30,1.35432274120058e-17,2.6142916183700176,3.6320730632460927e-12,0.0003270339827273628,1000000.0,1000415.4916983208
0.4500860090612115,0.00010041698259670617,-1.4193206820894683e-10,298.1500051935679,0.0,0.029103662368181345,299.32065151580434,1.2477362452024059e-17,0.0,3.7649080460110774e-06,99.77840006243443,2.0840265882154898e-16,1.3312925511434374e-19,1.5314320604548861e-32,7.48481567579802e-30,1.3543227469314103e-17,2.61429162945537,3.6316435922876137e-12,0.00032703398274535505,1000000.0,1000415.4916989065
0.4510860090612115,0.0001004169824547907,-1.4191547963282956e-10,298.1500051929448,0.0,0.029100190562573548,299.32065452082406,1.247588703959032e-17,0.0,3.7649080619547045e-06,99.7784004854734,2.0837801581821744e-16,1.330976340445017e-19,1.531237282425165e-32,7.485437230388671e-30,1.3543227526616427e-17,2.6142916405394274,3.6312141719674717e-12,0.00032703398276334516,1000000.0,1000415.4916995058
0.4520860090612115,0.0001004169823128927,-1.418979950260677e-10,298.15000519232154,0.0,0.02909671917358968,299.32065752547913,1.2474411801128726e-17,0.0,3.7649080778963664e-06,99.77840090846027,2.0835337572064513e-16,1.3306602049136228e-19,1.5310425323345175e-32,7.486058870481167e-30,1.3543227583910973e-17,2.6142916516221195,3.6307848022793846e-12,0.00032703398278133305,1000000.0,1000415.4917000907
0.4530860090612115,0.00010041698217101221,-1.4188048260674798e-10,298.15000519169837,0.0,0.029093248201179114,299.32066052976927,1.2472936736619327e-17,0.0,3.764908093836057e-06,99.77840133139492,2.0832873852850325e-16,1.330344144531458e-19,1.5308478101668806e-32,7.486680596084254e-30,1.3543227641198737e-17,2.614291662703443,3.6303554832175132e-12,0.0003270339827993187,1000000.0,1000415.4917006609
0.4540860090612115,0.00010041698202914832,-1.4186389633985322e-10,298.15000519107537,0.0,0.029089777645292098,299.32066353370294,1.2471461846041162e-17,0.0,3.7649081097738834e-06,99.77840175428015,2.0830410424144065e-16,1.3300281592805015e-19,1.530653115892318e-32,7.48730240720541e-30,1.3543227698479937e-17,2.6142916737834723,3.629926214776071e-12,0.00032703398281730227,1000000.0,1000415.4917012447
0.4550860090612115,0.00010041698188730098,-1.418473205243252e-10,298.15000519045253,0.0,0.02908630750587807,299.32066653728026,1.2469987129375545e-17,0.0,3.7649081257098465e-06,99.778402177116,2.0827947285914493e-16,1.3297122491431138e-19,1.5304584495384904e-32,7.487924303850435e-30,1.3543227755754465e-17,2.6142916848622075,3.629496996949252e-12,0.0003270339828352837,1000000.0,1000415.4917018429
0.4560860090612115,0.00010041698174547114,-1.4182984049038232e-10,298.1500051898296,0.0,0.029082837782885652,299.32066954049293,1.2468512586600242e-17,0.0,3.7649081416438415e-06,99.7784025998997,2.0825484438125078e-16,1.3293964141011835e-19,1.5302638110599054e-32,7.488546286027844e-30,1.3543227813021616e-17,2.6142916959395763,3.6290678297307977e-12,0.000327033982853263,1000000.0,1000415.4917024258
0.4570860090612115,0.00010041698160365789,-1.4181325499146954e-10,298.15000518920687,0.0,0.029079368476265095,299.32067254334896,1.2467038217696337e-17,0.0,3.764908157575971e-06,99.77840302263395,2.082302188074308e-16,1.3290806541370159e-19,1.5300692004851066e-32,7.48916835374504e-30,1.3543227870281827e-17,2.6142917070156493,3.6286387131150737e-12,0.00032703398287124014,1000000.0,1000415.4917030225
0.4580860090612115,0.0001004169814618621,-1.4179578021724512e-10,298.15000518858403,0.0,0.029075899585965084,299.3206755458408,1.2465564022642038e-17,0.0,3.764908173506137e-06,99.77840344531619,2.0820559613732945e-16,1.3287649692325832e-19,1.5298746177835303e-32,7.489790507009186e-30,1.354322792753506e-17,2.6142917180903593,3.628209647095801e-12,0.00032703398288921507,1000000.0,1000415.4917036048
0.4590860090612115,0.00010041698132008381,-1.4177827794405486e-10,298.15000518796137,0.0,0.02907243111193504,299.320678547968,1.2464090001417204e-17,0.0,3.7649081894343345e-06,99.77840386794624,2.0818097637061166e-16,1.3284493593699997e-19,1.5296800629642262e-32,7.490412745827903e-30,1.354322798478188e-17,2.6142917291637024,3.627780631667129e-12,0.0003270339829071878,1000000.0,1000415.4917041732
0.4600860090612115,0.00010041698117832211,-1.4176170211942937e-10,298.1500051873388,0.0,0.029068963054125197,299.3206815497386,1.2462616154002269e-17,0.0,3.7649082053606647e-06,99.7784042905268,2.081563595069419e-16,1.3281338245316163e-19,1.5294855360319378e-32,7.49103507020667e-30,1.3543228042021372e-17,2.6142917402357484,3.627351666823395e-12,0.0003270339829251584,1000000.0,1000415.4917047537
0.4610860090612115,0.00010041698103657698,-1.4174513702613506e-10,298.1500051867165,0.0,0.02906549541248507,299.32068455115314,1.2461142480377274e-17,0.0,3.7649082212851335e-06,99.77840471305804,2.081317455459931e-16,1.3278183646995044e-19,1.529291036958415e-32,7.491657480155718e-30,1.3543228099255303e-17,2.6142917513065025,3.626922752558581e-12,0.0003270339829431269,1000000.0,1000415.4917053488
0.4620860090612115,0.0001004169808948493,-1.4172767392642482e-10,298.15000518609395,0.0,0.029062028186963358,299.3206875522034,1.2459668980519639e-17,0.0,3.764908237207638e-06,99.7784051355372,2.0810713448739174e-16,1.3275029798555924e-19,1.529096565739432e-32,7.492279975680183e-30,1.3543228156480388e-17,2.6142917623758923,3.6264938888665594e-12,0.00032703398296109323,1000000.0,1000415.491705929
0.4630860090612115,0.0001004169807531382,-1.4171109922525213e-10,298.15000518547174,0.0,0.029058561377510284,299.3206905528974,1.2458195654411549e-17,0.0,3.7649082531282776e-06,99.77840555796695,2.0808252633083308e-16,1.327187669982358e-19,1.528902122405091e-32,7.492902556789118e-30,1.3543228213700169e-17,2.614291773443987,3.6260650757416717e-12,0.00032703398297905743,1000000.0,1000415.4917065229
0.4640860090612115,0.00010041698061144457,-1.4169363551970216e-10,298.15000518484936,0.0,0.0290550949840746,299.32069355322733,1.2456722502031104e-17,0.0,3.764908269046954e-06,99.77840598034467,2.0805792107595488e-16,1.3268724350617497e-19,1.5287077069055696e-32,7.493525223488316e-30,1.3543228270912827e-17,2.6142917845107188,3.625636313177726e-12,0.0003270339829970194,1000000.0,1000415.4917071027
0.4650860090612115,0.00010041698046976749,-1.4167706260267197e-10,298.15000518422727,0.0,0.029051629006606558,299.32069655320106,1.2455249523358026e-17,0.0,3.764908284963767e-06,99.778406402673,2.0803331872241516e-16,1.326557275075989e-19,1.5285133192611753e-32,7.494147975786088e-30,1.3543228328118319e-17,2.6142917955761567,3.62520760116899e-12,0.00032703398301497927,1000000.0,1000415.4917076961
0.4660860090612115,0.0001004169803281079,-1.4165960289608842e-10,298.150005183605,0.0,0.029048163445054866,299.32069955281054,1.245377671837233e-17,0.0,3.764908300878614e-06,99.77840682494923,2.0800871926988363e-16,1.326242190007258e-19,1.528318959464635e-32,7.494770813689042e-30,1.3543228385317071e-17,2.614291806640229,3.624778939709405e-12,0.00032703398303293696,1000000.0,1000415.4917082738
0.4670860090612115,0.00010041698018646487,-1.416430360306795e-10,298.15000518298314,0.0,0.029044698299369842,299.320702552064,1.2452304087053983e-17,0.0,3.7649083167915987e-06,99.7784072471761,2.0798412271802343e-16,1.3259271798377716e-19,1.528124627506061e-32,7.495393737204812e-30,1.3543228442508239e-17,2.6142918177030086,3.6243503287931783e-12,0.00032703398305089254,1000000.0,1000415.4917088666
0.4680860090612115,0.00010041698004483928,-1.416255783311914e-10,298.1500051823611,0.0,0.029041233569500214,299.3207055509536,1.2450831629381654e-17,0.0,3.7649083327026213e-06,99.77840766935098,2.0795952906648275e-16,1.3256122445495247e-19,1.5279303233723616e-32,7.496016746341903e-30,1.3543228499693179e-17,2.6142918287644257,3.6239217684142388e-12,0.0003270339830688459,1000000.0,1000415.4917094446
0.4690860090612115,0.00010041697990323026,-1.416090156769548e-10,298.1500051817393,0.0,0.02903776925539626,299.3207085494871,1.2449359345335838e-17,0.0,3.7649083486117797e-06,99.77840809147645,2.0793493831492806e-16,1.3252973841249266e-19,1.5277360470852786e-32,7.496639841105923e-30,1.3543228556871976e-17,2.6142918398245483,3.6234932585667604e-12,0.00032703398308679715,1000000.0,1000415.4917100356
0.4700860090612115,0.00010041697976163868,-1.4159157017834592e-10,298.15000518111736,0.0,0.02903430535700677,299.32071154765686,1.2447887234895517e-17,0.0,3.764908364518978e-06,99.77840851354996,2.0791035046301495e-16,1.3249825985459632e-19,1.527541798606691e-32,7.497263021504712e-30,1.354322861404256e-17,2.6142918508833093,3.623064799244673e-12,0.00032703398310474617,1000000.0,1000415.491710613
0.4710860090612115,0.00010041697962006368,-1.4157501523063033e-10,298.15000518049567,0.0,0.029030841874282003,299.3207145454705,1.2446415298040712e-17,0.0,3.76490838042431e-06,99.77840893557405,2.0788576551040911e-16,1.3246678877948866e-19,1.527347577953933e-32,7.497886287547162e-30,1.354322867120752e-17,2.6142918619407753,3.6226363904423363e-12,0.00032703398312269313,1000000.0,1000415.4917112029
0.4720860090612115,0.00010041697947850612,-1.4155755543805029e-10,298.150005179874,0.0,0.029027378807170743,299.32071754292025,1.2444943534751685e-17,0.0,3.7649083963276803e-06,99.77840935754612,2.0786118345677613e-16,1.3243532518540416e-19,1.5271533851269987e-32,7.498509639238313e-30,1.354322872836401e-17,2.6142918729968785,3.6222080321536193e-12,0.00032703398314063787,1000000.0,1000415.4917117788
0.4730860090612115,0.00010041697933696512,-1.4154100745692227e-10,298.15000517925245,0.0,0.029023916155623334,299.32072054001435,1.2443471945006927e-17,0.0,3.7649084122291908e-06,99.7784097794689,2.078366043017618e-16,1.3240386907053984e-19,1.5269592200862798e-32,7.499133076587186e-30,1.3543228785515385e-17,2.61429188405169,3.621779724372705e-12,0.0003270339831585805,1000000.0,1000415.4917123686
0.4740860090612115,0.00010041697919544064,-1.4152447450801181e-10,298.15000517863103,0.0,0.029020453919589316,299.3207235367527,1.2442000528786924e-17,0.0,3.7649084281288395e-06,99.77841020134234,2.0781202804503899e-16,1.3237242043312922e-19,1.5267650828662396e-32,7.499756599600693e-30,1.3543228842659446e-17,2.6142918951052097,3.621351467093731e-12,0.000327033983176521,1000000.0,1000415.4917129716
0.4750860090612115,0.00010041697905393362,-1.4150702970635067e-10,298.15000517800956,0.0,0.029016992099017456,299.3207265331273,1.2440529286070869e-17,0.0,3.764908444026526e-06,99.77841062316378,2.0778745468625637e-16,1.3234097927138864e-19,1.5265709734422928e-32,7.500380208285778e-30,1.3543228899795954e-17,2.614291906157366,3.6209232603104482e-12,0.00032703398319445934,1000000.0,1000415.4917135596
0.4760860090612115,0.00010041697891244403,-1.4148958409353514e-10,298.15000517738804,0.0,0.029013530693857342,299.3207295291385,1.2439058216838652e-17,0.0,3.764908459922253e-06,99.77841104493329,2.0776288422508354e-16,1.323095455835398e-19,1.526376891812359e-32,7.501003902649551e-30,1.3543228956926164e-17,2.614291917208162,3.620495104017191e-12,0.00032703398321239546,1000000.0,1000415.4917141343
0.4770860090612115,0.000100416978770971,-1.414730301859984e-10,298.1500051767669,0.0,0.02901006970405929,299.32073252479375,1.2437587321069878e-17,0.0,3.764908475816117e-06,99.77841146665342,2.0773831666117563e-16,1.322781193678009e-19,1.5261828379673737e-32,7.50162768270005e-30,1.3543229014049138e-17,2.614291928257664,3.6200669982080386e-12,0.00032703398323032947,1000000.0,1000415.4917147224
0.4780860090612115,0.0001004169786295154,-1.414555962962424e-10,298.15000517614556,0.0,0.029006609129572127,299.3207355200855,1.2436116598743291e-17,0.0,3.7649084917080197e-06,99.77841188832159,2.0771375199418088e-16,1.3224670062238566e-19,1.525988811906464e-32,7.502251548445804e-30,1.354322907116539e-17,2.614291939305804,3.6196389428768613e-12,0.00032703398324826125,1000000.0,1000415.4917152956
0.4790860090612115,0.00010041697848807635,-1.4143905561518018e-10,298.1500051755246,0.0,0.0290031489703462,299.32073851502173,1.2434646049840183e-17,0.0,3.7649085075980622e-06,99.77841230994044,2.0768919022378675e-16,1.3221528934553423e-19,1.52579481363601e-32,7.502875499892209e-30,1.3543229128275254e-17,2.6142919503526527,3.6192109380180538e-12,0.00032703398326619097,1000000.0,1000415.4917158829
0.4800860090612115,0.00010041697834665472,-1.4142162445181796e-10,298.15000517490347,0.0,0.028999689226330328,299.32074150959454,1.2433175674339049e-17,0.0,3.7649085234861455e-06,99.77841273150737,2.0766463134963295e-16,1.3218388553545462e-19,1.5256008431282203e-32,7.503499537047334e-30,1.3543229185377725e-17,2.6142919613981404,3.618782983625463e-12,0.00032703398328411847,1000000.0,1000415.4917164559
0.4810860090612115,0.00010041697820524961,-1.4140509461798925e-10,298.15000517428257,0.0,0.028996229897474895,299.3207445038119,1.2431705472220559e-17,0.0,3.764908539372369e-06,99.77841315302503,2.0764007537139307e-16,1.3215248919038925e-19,1.5254069004020987e-32,7.504123659918215e-30,1.354322924247405e-17,2.614291972442337,3.618355079693415e-12,0.00032703398330204386,1000000.0,1000415.4917170425
0.4820860090612115,0.00010041697806386104,-1.413885820127653e-10,298.1500051736617,0.0,0.028992770983729495,299.3207474976739,1.2430235443464201e-17,0.0,3.7649085552567335e-06,99.77841357449338,2.0761552228872584e-16,1.3212110030855272e-19,1.525212985429601e-32,7.504747868513279e-30,1.3543229299562626e-17,2.6142919834852427,3.6179272262158696e-12,0.0003270339833199672,1000000.0,1000415.491717642
0.4830860090612115,0.00010041697792248989,-1.4137115364909688e-10,298.1500051730408,0.0,0.028989312485042957,299.32075049117276,1.2428765588048404e-17,0.0,3.764908571139139e-06,99.77841399590986,2.0759097210127904e-16,1.3208971888814868e-19,1.5250190982081326e-32,7.505372162839037e-30,1.3543229356644541e-17,2.614291994526788,3.6174994231868443e-12,0.0003270339833378883,1000000.0,1000415.4917182283
0.4840860090612115,0.00010041697778113618,-1.4135370897161858e-10,298.15000517242,0.0,0.028985854401364888,299.320753484308,1.242729590595399e-17,0.0,3.7649085870195835e-06,99.77841441727433,2.075664248087243e-16,1.3205834492742704e-19,1.524825238763581e-32,7.505996542903517e-30,1.3543229413719808e-17,2.614292005566972,3.6170716706004115e-12,0.00032703398335580717,1000000.0,1000415.4917187992
0.4850860090612115,0.000100416977639799,-1.4133718328214082e-10,298.15000517179936,0.0,0.028982396732645674,299.3207564770879,1.2425826397160651e-17,0.0,3.7649086028981673e-06,99.77841483858953,2.0754188041072124e-16,1.3202697842460177e-19,1.524631407051838e-32,7.50662100871188e-30,1.3543229470788301e-17,2.6142920166058636,3.6166439684508077e-12,0.00032703398337372393,1000000.0,1000415.4917193836
0.4860860090612115,0.00010041697749847831,-1.413206792812056e-10,298.15000517117886,0.0,0.028978939478834988,299.32075946951295,1.2424357061648485e-17,0.0,3.7649086187748965e-06,99.77841525985556,2.0751733890694445e-16,1.3199561937790624e-19,1.5244376030923017e-32,7.507245560274617e-30,1.3543229527849516e-17,2.6142920276434674,3.616216316732086e-12,0.00032703398339163864,1000000.0,1000415.4917199824
0.4870860090612115,0.00010041697735717506,-1.4130326365515625e-10,298.1500051705582,0.0,0.028975482639881645,299.3207624615746,1.2422887899394863e-17,0.0,3.7649086346496653e-06,99.77841568106962,2.074928002970081e-16,1.3196426778554691e-19,1.5242438268607425e-32,7.507870197598151e-30,1.3543229584904428e-17,2.61429203867971,3.615788715438145e-12,0.0003270339834095511,1000000.0,1000415.491720566
0.4880860090612115,0.00010041697721588923,-1.4128582365219933e-10,298.1500051699377,0.0,0.02897202621573529,299.320765453273,1.2421418910381393e-17,0.0,3.7649086505224736e-06,99.77841610223173,2.0746826458061395e-16,1.3193292364575867e-19,1.524050078374049e-32,7.508494920688885e-30,1.3543229641952086e-17,2.6142920497145914,3.6153611645631786e-12,0.0003270339834274614,1000000.0,1000415.4917211352
0.4890860090612115,0.00010041697707461992,-1.4126930706941194e-10,298.15000516931735,0.0,0.028968570206346342,299.3207684446163,1.2419950094588493e-17,0.0,3.7649086663934236e-06,99.77841652334459,2.0744373175742562e-16,1.3190158695678735e-19,1.5238563576244664e-32,7.509119729554572e-30,1.3543229698993189e-17,2.614292060748182,3.614933664101389e-12,0.0003270339834453696,1000000.0,1000415.4917217182
0.4900860090612115,0.00010041697693336711,-1.4125281033576792e-10,298.1500051686972,0.0,0.028965114611664504,299.32077143560485,1.2418481451993983e-17,0.0,3.7649086822625193e-06,99.7784169444083,2.074192018270792e-16,1.318702577168318e-19,1.5236626645754122e-32,7.509744624203056e-30,1.3543229756027522e-17,2.6142920717804854,3.614506214046821e-12,0.00032703398346327567,1000000.0,1000415.4917223153
0.49108600906121147,0.0001004169767921317,-1.4123540027772057e-10,298.1500051680769,0.0,0.028961659431638614,299.3207744262304,1.241701298257866e-17,0.0,3.7649086981296576e-06,99.77841736542015,2.0739467478925132e-16,1.318389359241311e-19,1.5234689992638576e-32,7.510369604641838e-30,1.3543229813054793e-17,2.614292082811429,3.6140788143935113e-12,0.00032703398348117954,1000000.0,1000415.491722898
0.49208600906121147,0.00010041697665091372,-1.412179880612687e-10,298.15000516745664,0.0,0.028958204666218332,299.3207774164928,1.241554468632171e-17,0.0,3.7649087139948354e-06,99.77841778638005,2.0737015064359286e-16,1.3180762157691794e-19,1.5232753616663955e-32,7.510994670878193e-30,1.3543229870076066e-17,2.614292093841012,3.6136514651354113e-12,0.00032703398349908123,1000000.0,1000415.491723466
0.49308600906121147,0.00010041697650971225,-1.4120146631802855e-10,298.15000516683665,0.0,0.028954750315354102,299.3207804064002,1.2414076563203365e-17,0.0,3.7649087298581557e-06,99.77841820729071,2.0734562938977779e-16,1.3177631467341076e-19,1.523081751767283e-32,7.511619822918421e-30,1.3543229927089427e-17,2.6142921048693055,3.6132241662669367e-12,0.0003270339835169808,1000000.0,1000415.4917240475
0.4940860090612115,0.00010041697636852727,-1.4118497555094952e-10,298.1500051662167,0.0,0.02895129637899562,299.3207833959529,1.2412608613203228e-17,0.0,3.7649087457196214e-06,99.77841862815221,2.0732111102746207e-16,1.3174501521184664e-19,1.522888169581862e-32,7.512245060771457e-30,1.3543229984096393e-17,2.61429211589631,3.61279691778205e-12,0.0003270339835348783,1000000.0,1000415.4917246425
0.4950860090612115,0.0001004169762273597,-1.4116757581889443e-10,298.1500051655968,0.0,0.02894784285709179,299.3207863851427,1.241114083630028e-17,0.0,3.7649087615791296e-06,99.77841904896184,2.0729659555629666e-16,1.317137231904449e-19,1.5226946150901995e-32,7.512870384443496e-30,1.3543230041095889e-17,2.6142921269219563,3.6123697196746525e-12,0.0003270339835527736,1000000.0,1000415.4917252229
0.4960860090612115,0.00010041697608620861,-1.4115107815855162e-10,298.150005164977,0.0,0.028944389749593086,299.32078937397796,1.2409673232475234e-17,0.0,3.7649087774367833e-06,99.77841946972232,2.072720829759548e-16,1.3168243860744763e-19,1.522501088300098e-32,7.513495793943465e-30,1.3543230098089154e-17,2.614292137946314,3.6119425719391816e-12,0.00032703398357066676,1000000.0,1000415.4917258183
0.4970860090612115,0.00010041697594507494,-1.4113368039746743e-10,298.15000516435714,0.0,0.028940937056448398,299.3207923624502,1.2408205801707028e-17,0.0,3.7649087932924785e-06,99.7784198904309,2.072475732860934e-16,1.3165116146106908e-19,1.5223075891891818e-32,7.514121289276876e-30,1.3543230155074834e-17,2.6142921489693123,3.611515474569458e-12,0.0003270339835885578,1000000.0,1000415.4917263975
0.4980860090612115,0.00010041697580395867,-1.4111626893958675e-10,298.1500051637374,0.0,0.02893748477760745,299.3207953505598,1.240673854397527e-17,0.0,3.764908809146217e-06,99.77842031108761,2.0722306648636702e-16,1.3161989174954477e-19,1.5221141177694632e-32,7.514746870452697e-30,1.3543230212054744e-17,2.614292159990952,3.6110884275594976e-12,0.0003270339836064466,1000000.0,1000415.4917269633
0.4990860090612115,0.00010041697566285889,-1.410997729592436e-10,298.15000516311784,0.0,0.028934032913020723,299.32079833831483,1.2405271459260701e-17,0.0,3.7649088249981e-06,99.77842073169518,2.0719856257645054e-16,1.3158862947111671e-19,1.5219206740330837e-32,7.515372537478099e-30,1.3543230269027496e-17,2.6142921710113027,3.6106614309037014e-12,0.00032703398362433325,1000000.0,1000415.4917275432
0.5000860090612115,0.00010041697552177559,-1.410833013774725e-10,298.15000516249836,0.0,0.02893058146263794,299.3208013257153,1.2403804547542106e-17,0.0,3.7649088408481295e-06,99.7784211522536,2.071740615559978e-16,1.3155737462399807e-19,1.521727257956921e-32,7.515998290359171e-30,1.3543230325993767e-17,2.6142921820303666,3.6102344845961508e-12,0.0003270339836422179,1000000.0,1000415.4917281362
0.5010860090612115,0.00010041697538070968,-1.4106590879919583e-10,298.15000516187877,0.0,0.028927130426408047,299.3208043127532,1.2402337808800142e-17,0.0,3.7649088566962027e-06,99.77842157276018,2.0714956342467298e-16,1.3152612720644596e-19,1.5215338695737028e-32,7.51662412910367e-30,1.3543230382952315e-17,2.614292193048073,3.6098075886306555e-12,0.00032703398366010027,1000000.0,1000415.4917287143
0.5020860090612115,0.00010041697523966026,-1.4104941310529863e-10,298.15000516125946,0.0,0.028923679804281524,299.3208072994366,1.240087124301325e-17,0.0,3.7649088725424223e-06,99.77842199321763,2.0712506818212874e-16,1.314948872166636e-19,1.5213405088260545e-32,7.517250053721395e-30,1.3543230439904182e-17,2.614292204064491,3.60938074300162e-12,0.00032703398367798055,1000000.0,1000415.4917293069
0.5030860090612115,0.00010041697509862822,-1.4103203630143624e-10,298.1500051606401,0.0,0.02892022959620736,299.32081028575755,1.239940485016163e-17,0.0,3.7649088883866873e-06,99.77842241362328,2.071005758280282e-16,1.3146365465289383e-19,1.5211471757559688e-32,7.517876064216725e-30,1.3543230496849684e-17,2.614292215079552,3.6089539477029232e-12,0.00032703398369585867,1000000.0,1000415.4917298851
0.5040860090612115,0.00010041697495761292,-1.410153079231e-10,298.1500051600209,0.0,0.028916779802135834,299.3208132717219,1.2397938630247604e-17,0.0,3.764908904229069e-06,99.77842283397902,2.0707608636240646e-16,1.3143242948704185e-19,1.5209538230323317e-32,7.518502160567938e-30,1.3543230553788809e-17,2.614292226093306,3.6085272027351173e-12,0.00032703398371373467,1000000.0,1000415.4917304689
0.5050860090612115,0.00010041697481661524,-1.4099767530330233e-10,298.15000515940153,0.0,0.028913330422015916,299.3208162573215,1.2396472583205444e-17,0.0,3.764908920069468e-06,99.77842325428222,2.0705159978418145e-16,1.3140121176999044e-19,1.5207605616000004e-32,7.51912834284316e-30,1.3543230610719134e-17,2.6142922371056825,3.608100508079355e-12,0.00032703398373160845,1000000.0,1000415.491731031
0.5060860090612115,0.00010041697467563429,-1.4098094319484893e-10,298.1500051587825,0.0,0.028909881455798148,299.3208192425647,1.2395006709038633e-17,0.0,3.7649089359079868e-06,99.77842367453557,2.070271160933923e-16,1.3137000147367127e-19,1.5205673010451996e-32,7.519754611019859e-30,1.3543230667644785e-17,2.6142922481167536,3.607673863736527e-12,0.0003270339837494801,1000000.0,1000415.4917315993
0.5070860090612115,0.00010041697453466914,-1.4096514561518615e-10,298.1500051581637,0.0,0.028906432903433067,299.32082222745953,1.2393541007726941e-17,0.0,3.7649089517447267e-06,99.7784240947418,2.0700263528971272e-16,1.3133879859629922e-19,1.5203740752839344e-32,7.520380965104907e-30,1.354323072456262e-17,2.61429225912659,3.6072472697006424e-12,0.00032703398376734977,1000000.0,1000415.4917322019
0.5080860090612115,0.0001004169743937216,-1.4094754806944077e-10,298.15000515754457,0.0,0.028902984764868887,299.32082521199015,1.2392075479248546e-17,0.0,3.764908967579487e-06,99.77842451489556,2.069781573727736e-16,1.3130760313610628e-19,1.5201808794164892e-32,7.521007405106284e-30,1.3543230781473814e-17,2.614292270135051,3.6068207259655243e-12,0.0003270339837852172,1000000.0,1000415.4917327821
0.5090860090612115,0.0001004169742527908,-1.4093081342481744e-10,298.1500051569258,0.0,0.02889953704005613,299.3208281961642,1.2390610123584378e-17,0.0,3.7649089834123655e-06,99.77842493499944,2.0695368234225843e-16,1.3127641509132992e-19,1.5199877118811665e-32,7.521633931029993e-30,1.3543230838377986e-17,2.614292281142206,3.6063942325255062e-12,0.0003270339838030825,1000000.0,1000415.4917333684
0.5100860090612115,0.00010041697411187669,-1.40914113980052e-10,298.15000515630703,0.0,0.028896089728944616,299.3208311799821,1.2389144940713275e-17,0.0,3.764908999243366e-06,99.77842535505354,2.0692921019781694e-16,1.3124523446019598e-19,1.5197945721846564e-32,7.522260542885934e-30,1.3543230895275406e-17,2.6142922921480563,3.605967789374627e-12,0.0003270339838209457,1000000.0,1000415.4917339615
0.5110860090612115,0.00010041697397098018,-1.408965035518227e-10,298.1500051556882,0.0,0.028892642831483323,299.32083416343573,1.2387679930615186e-17,0.0,3.764909015072386e-06,99.77842577505518,2.0690474093910593e-16,1.3121406124095423e-19,1.5196014601907442e-32,7.522887240678292e-30,1.3543230952166241e-17,2.6142923031525314,3.605541396506817e-12,0.0003270339838388066,1000000.0,1000415.4917345326
0.5120860090612115,0.00010041697383010039,-1.40879787398369e-10,298.1500051550695,0.0,0.02888919634762282,299.32083714653317,1.2386215093270832e-17,0.0,3.764909030899526e-06,99.77842619500701,2.0688027456580625e-16,1.3118289543184197e-19,1.5194083758257123e-32,7.52351402441706e-30,1.354323100905018e-17,2.614292314155702,3.6051150539164743e-12,0.0003270339838566654,1000000.0,1000415.49173511
0.5130860090612115,0.00010041697368923729,-1.4086308197363225e-10,298.150005154451,0.0,0.028885750277312907,299.32084012927453,1.2384750428658981e-17,0.0,3.7649090467247893e-06,99.77842661490908,2.0685581107756382e-16,1.3115173703108595e-19,1.519215319070359e-32,7.524140894109052e-30,1.3543231065927481e-17,2.6142923251575687,3.6046887615976087e-12,0.0003270339838745221,1000000.0,1000415.4917356939
0.5140860090612115,0.0001004169735483909,-1.4084638472961636e-10,298.1500051538325,0.0,0.028882304620503382,299.3208431116596,1.2383285936759584e-17,0.0,3.7649090625481724e-06,99.77842703476131,2.068313504740494e-16,1.3112058603692598e-19,1.519022289927408e-32,7.524767849761413e-30,1.3543231122796803e-17,2.61429233615813,3.604262519544304e-12,0.0003270339838923767,1000000.0,1000415.4917362832
0.5150860090612115,0.00010041697340756212,-1.408287812237723e-10,298.150005153214,0.0,0.02887885937714326,299.32084609368053,1.2381821617552756e-17,0.0,3.7649090783695756e-06,99.77842745456107,2.068068927549254e-16,1.3108944244759782e-19,1.518829288385898e-32,7.525394891381194e-30,1.3543231179660809e-17,2.614292347157316,3.603836327750558e-12,0.00032703398391022907,1000000.0,1000415.4917368509
0.5160860090612115,0.00010041697326675005,-1.4081207042132666e-10,298.1500051525957,0.0,0.028875414547183145,299.3208490753454,1.238035747101722e-17,0.0,3.764909094189099e-06,99.778427874311,2.0678243791983445e-16,1.3105830626134334e-19,1.518636314439101e-32,7.526022018976577e-30,1.3543231236517102e-17,2.6142923581551973,3.6034101862105583e-12,0.0003270339839280793,1000000.0,1000415.4917374249
0.5170860090612115,0.00010041697312595466,-1.407953867375072e-10,298.15000515197744,0.0,0.02887197013057288,299.3208520566545,1.2378893497134731e-17,0.0,3.764909110006747e-06,99.77842829401125,2.0675798596847716e-16,1.3102717747640618e-19,1.5184433680849956e-32,7.52664923255519e-30,1.3543231293367072e-17,2.614292369151776,3.602984094918543e-12,0.00032703398394592746,1000000.0,1000415.4917380054
0.5180860090612115,0.00010041697298517597,-1.407786966787123e-10,298.1500051513593,0.0,0.028868526127262265,299.3208550376075,1.2377429695882674e-17,0.0,3.7649091258225165e-06,99.77842871366171,2.0673353690047236e-16,1.309960560910053e-19,1.518250449301959e-32,7.527276532122877e-30,1.3543231350210057e-17,2.6142923801470506,3.6025580538684834e-12,0.0003270339839637735,1000000.0,1000415.4917385917
0.5190860090612115,0.00010041697284441396,-1.4076201681000027e-10,298.1500051507412,0.0,0.02886508253720115,299.3208580182047,1.2375966067242629e-17,0.0,3.7649091416364095e-06,99.77842913326243,2.067090907155099e-16,1.3096494210340565e-19,1.5180575581214356e-32,7.527903917689069e-30,1.3543231407046407e-17,2.614292391141022,3.6021320630546655e-12,0.0003270339839816174,1000000.0,1000415.4917391839
0.5200860090612115,0.00010041697270366864,-1.4074532084094928e-10,298.15000515012326,0.0,0.02886163936033937,299.32086099844616,1.2374502611194113e-17,0.0,3.7649091574484263e-06,99.77842955281344,2.0668464741325433e-16,1.3093383551183084e-19,1.517864694498444e-32,7.528531389260296e-30,1.354323146387566e-17,2.61429240213369,3.60170612247095e-12,0.0003270339839994592,1000000.0,1000415.4917397827
0.5210860090612115,0.0001004169725629409,-1.4072773776284754e-10,298.1500051495051,0.0,0.02885819659662599,299.3208639783237,1.237303932771512e-17,0.0,3.764909173258464e-06,99.778429972312,2.0666020699333584e-16,1.3090273631451437e-19,1.5176718584475608e-32,7.529158946842948e-30,1.3543231520697708e-17,2.6142924131249847,3.601280232111521e-12,0.00032703398401729875,1000000.0,1000415.4917403592
0.5220860090612115,0.00010041697242222987,-1.407110353925327e-10,298.15000514888726,0.0,0.02885475424601163,299.3208669578454,1.2371576216787888e-17,0.0,3.7649091890666246e-06,99.77843039176079,2.066357694554553e-16,1.3087164450971487e-19,1.517479049973006e-32,7.529786590446569e-30,1.3543231577513958e-17,2.614292424114976,3.6008543919706293e-12,0.0003270339840351362,1000000.0,1000415.4917409425
0.5230860090612115,0.00010041697228153642,-1.406934488494412e-10,298.1500051482693,0.0,0.028851312308445374,299.3208699370033,1.2370113278389778e-17,0.0,3.7649092048728066e-06,99.77843081115716,2.0661133479923717e-16,1.308405600956506e-19,1.5172862690420814e-32,7.530414320077e-30,1.3543231634322571e-17,2.614292435103593,3.6004286020419348e-12,0.00032703398405297144,1000000.0,1000415.4917415038
0.5240860090612115,0.00010041697214085966,-1.4067675762880632e-10,298.1500051476516,0.0,0.028847870783877863,299.32087291580547,1.2368650512502006e-17,0.0,3.764909220677112e-06,99.7784312305038,2.0658690302436448e-16,1.3080948307057766e-19,1.5170935156791837e-32,7.531042135742066e-30,1.3543231691124454e-17,2.6142924460909067,3.600002862320059e-12,0.0003270339840708045,1000000.0,1000415.4917420712
0.5250860090612115,0.00010041697200019959,-1.4066007811837907e-10,298.150005147034,0.0,0.02884442967225895,299.3208758942518,1.2367187919104503e-17,0.0,3.7649092364795386e-06,99.77843164980064,2.0656247413050543e-16,1.307784134327362e-19,1.516900789862949e-32,7.53167003745001e-30,1.3543231747919766e-17,2.614292457076916,3.599577172798994e-12,0.00032703398408863546,1000000.0,1000415.4917426445
0.5260860090612115,0.00010041697185955617,-1.406434196029286e-10,298.15000514641645,0.0,0.028840988973538567,299.320878872343,1.236572549817673e-17,0.0,3.764909252280094e-06,99.77843206904791,2.0653804811731786e-16,1.3074735118037026e-19,1.5167080915929145e-32,7.53229802520765e-30,1.3543231804707726e-17,2.6142924680616266,3.5991515334728645e-12,0.0003270339841064643,1000000.0,1000415.4917432247
0.5270860090612115,0.00010041697171892942,-1.406267490511486e-10,298.15000514579896,0.0,0.02883754868766656,299.32088185007854,1.2364263249698615e-17,0.0,3.7649092680787735e-06,99.77843248824544,2.0651362498445785e-16,1.307162963117252e-19,1.516515420864292e-32,7.532926099021617e-30,1.3543231861489527e-17,2.6142924790450337,3.5987259443358032e-12,0.000327033984124291,1000000.0,1000415.4917438108
0.5280860090612115,0.00010041697157831935,-1.4061008345613373e-10,298.1500051451816,0.0,0.02883410881459282,299.3208848274586,1.23628011736498e-17,0.0,3.7649092838755776e-06,99.77843290739327,2.064892047315972e-16,1.3068524882503197e-19,1.5163227776625112e-32,7.533554258901018e-30,1.3543231918264632e-17,2.6142924900271387,3.5983004053818636e-12,0.00032703398414211563,1000000.0,1000415.4917444029
0.5290860090612115,0.00010041697143772592,-1.4059342071185335e-10,298.1500051445642,0.0,0.028830669354267275,299.3208878044835,1.2361339270010745e-17,0.0,3.7649092996705105e-06,99.77843332649151,2.064647873584028e-16,1.3065420871855104e-19,1.5161301620056874e-32,7.534182504852281e-30,1.3543231975032061e-17,2.6142925010079447,3.597874916605221e-12,0.0003270339841599381,1000000.0,1000415.4917450016
0.5300860090612115,0.00010041697129715007,-1.4057584678494869e-10,298.1500051439468,0.0,0.028827230306639,299.3208907811448,1.2359877538759182e-17,0.0,3.7649093154634653e-06,99.77843374553733,2.0644037286450382e-16,1.3062317599049763e-19,1.5159375738541204e-32,7.534810836881874e-30,1.3543232031793067e-17,2.6142925119873768,3.597449477999741e-12,0.0003270339841777584,1000000.0,1000415.4917455788
0.5310860090612115,0.00010041697115659089,-1.4055917291360829e-10,298.1500051433296,0.0,0.028823791671658706,299.32089375745073,1.2358415979877008e-17,0.0,3.7649093312545468e-06,99.7784341645335,2.0641596124959674e-16,1.3059215063914383e-19,1.515745013245867e-32,7.535439254999455e-30,1.3543232088547865e-17,2.614292522965508,3.5970240895598557e-12,0.00032703398419557656,1000000.0,1000415.4917461622
0.5320860090612115,0.00010041697101604838,-1.4054251514156666e-10,298.1500051427125,0.0,0.02882035344927629,299.3208967334013,1.2356954593342991e-17,0.0,3.7649093470437517e-06,99.77843458347994,2.0639155251332993e-16,1.3056113266271667e-19,1.5155524801357318e-32,7.536067759211717e-30,1.3543232145295323e-17,2.6142925339423364,3.596598751279523e-12,0.0003270339842133926,1000000.0,1000415.491746751
0.5330860090612115,0.00010041697087552344,-1.405249406156714e-10,298.15000514209527,0.0,0.028816915639440895,299.3208997089884,1.235549337913684e-17,0.0,3.7649093628309804e-06,99.778435002374,2.0636714665536432e-16,1.3053012205946467e-19,1.5153599745451365e-32,7.536696349525239e-30,1.3543232202035717e-17,2.6142925449177925,3.5961734631527865e-12,0.0003270339842312064,1000000.0,1000415.4917473184
0.5340860090612115,0.00010041697073501517,-1.4050826693677244e-10,298.15000514147835,0.0,0.02881347824210324,299.32090268422036,1.2354032337238672e-17,0.0,3.7649093786163356e-06,99.7784354212184,2.0634274367536517e-16,1.3049911882763875e-19,1.5151674964601547e-32,7.537325025948608e-30,1.3543232258769444e-17,2.614292555891948,3.5957482251738825e-12,0.00032703398424901813,1000000.0,1000415.4917478927
0.5350860090612115,0.00010041697059452356,-1.404916160398331e-10,298.1500051408614,0.0,0.028810041257213242,299.320905659097,1.2352571467628482e-17,0.0,3.764909394399816e-06,99.77843584001313,2.0631834357299783e-16,1.3046812296548173e-19,1.514975045873016e-32,7.537953788488345e-30,1.3543232315496978e-17,2.6142925668648016,3.5953230373369968e-12,0.0003270339842668277,1000000.0,1000415.4917484719
0.5360860090612115,0.00010041697045404859,-1.4047497261077164e-10,298.1500051402446,0.0,0.028806604684720852,299.3209086336186,1.235111077028594e-17,0.0,3.7649094101814245e-06,99.77843625875825,2.0629394634792692e-16,1.3043713447123934e-19,1.5147826227822917e-32,7.538582637152737e-30,1.3543232372217367e-17,2.6142925778363546,3.5948978996362513e-12,0.0003270339842846352,1000000.0,1000415.491749058
0.5370860090612115,0.00010041697031359027,-1.4045832247109352e-10,298.150005139628,0.0,0.028803168524576032,299.32091160778526,1.2349650245190911e-17,0.0,3.7649094259611613e-06,99.77843667745375,2.0626955199981225e-16,1.3040615334316247e-19,1.514590227185508e-32,7.539211571948985e-30,1.3543232428931762e-17,2.614292588806609,3.5944728120657574e-12,0.0003270339843024406,1000000.0,1000415.4917496508
0.5380860090612115,0.00010041697017314948,-1.404407760915227e-10,298.15000513901106,0.0,0.02879973277672795,299.3209145815889,1.2348189892322647e-17,0.0,3.7649094417389257e-06,99.77843709609701,2.0624516052830977e-16,1.30375179579489e-19,1.5143978590697177e-32,7.539840592883485e-30,1.3543232485637181e-17,2.614292599775493,3.5940477746192872e-12,0.0003270339843202438,1000000.0,1000415.4917502216
0.5390860090612115,0.00010041697003272538,-1.4042410792867417e-10,298.15000513839453,0.0,0.028796297441127286,299.3209175550372,1.234672971166142e-17,0.0,3.764909457514813e-06,99.77843751469051,2.0622077193308926e-16,1.3034421317846826e-19,1.5142055184359535e-32,7.540469699965097e-30,1.3543232542337466e-17,2.614292610743074,3.5936227872914477e-12,0.0003270339843380449,1000000.0,1000415.4917507987
0.5400860090612115,0.0001004169698923179,-1.404074772810561e-10,298.150005137778,0.0,0.028792862517724064,299.3209205281308,1.2345269703187495e-17,0.0,3.7649094732888316e-06,99.77843793323447,2.0619638621381728e-16,1.3031325413836457e-19,1.5140132052891265e-32,7.541098893201025e-30,1.3543232599030821e-17,2.614292621709357,3.593197850076228e-12,0.00032703398435584386,1000000.0,1000415.491751382
0.5410860090612115,0.00010041696975192707,-1.4039082611863462e-10,298.1500051371616,0.0,0.028789428006468238,299.32092350086947,1.2343809866879994e-17,0.0,3.764909489060977e-06,99.7784383517288,2.0617200337014936e-16,1.3028230245740498e-19,1.5138209195948245e-32,7.541728172598508e-30,1.3543232655716663e-17,2.61429263267434,3.5927729629676635e-12,0.0003270339843736407,1000000.0,1000415.4917519715
0.5420860090612115,0.00010041696961155379,-1.4037328377974513e-10,298.150005136545,0.0,0.028785993907308995,299.32092647324504,1.2342350202718275e-17,0.0,3.7649095048311484e-06,99.7784387701708,2.0614762340174307e-16,1.3025135813383743e-19,1.513628661374837e-32,7.542357538164463e-30,1.3543232712396452e-17,2.6142926436379517,3.592348125959772e-12,0.00032703398439143535,1000000.0,1000415.491752539
0.5430860090612115,0.00010041696947119715,-1.4035663029668285e-10,298.1500051359288,0.0,0.02878256022019711,299.3209294452659,1.2340890710683391e-17,0.0,3.7649095205994486e-06,99.77843918856321,2.0612324630827756e-16,1.3022042116592699e-19,1.5134364306245935e-32,7.542986989907529e-30,1.3543232769069159e-17,2.6142926546002645,3.591923339046893e-12,0.00032703398440922786,1000000.0,1000415.4917531133
0.5440860090612115,0.00010041696933085715,-1.4034000039543388e-10,298.15000513531254,0.0,0.028779126945082546,299.3209324169318,1.2339431390754667e-17,0.0,3.7649095363658763e-06,99.778439606906,2.060988720894072e-16,1.3018949155192008e-19,1.5132442273243507e-32,7.543616527834264e-30,1.3543232825734699e-17,2.614292665561276,3.5914986022231087e-12,0.00032703398442701827,1000000.0,1000415.4917536931
0.5450860090612115,0.00010041696919053379,-1.4032336681718665e-10,298.15000513469647,0.0,0.028775694081915326,299.32093538824313,1.2337972242911637e-17,0.0,3.7649095521304343e-06,99.77844002519925,2.0607450074479296e-16,1.301585692900546e-19,1.5130520514680244e-32,7.544246151952562e-30,1.3543232882394818e-17,2.61429267652099,3.591073915482582e-12,0.00032703398444480655,1000000.0,1000415.4917542799
0.5460860090612115,0.00010041696905022705,-1.4030675189983723e-10,298.1500051340804,0.0,0.028772261630645453,299.3209383591999,1.2336513267134802e-17,0.0,3.764909567893123e-06,99.77844044344293,2.0605013227410812e-16,1.3012765437859618e-19,1.512859903072207e-32,7.544875862269579e-30,1.354323293904673e-17,2.6142926874794057,3.590649278819492e-12,0.00032703398446259273,1000000.0,1000415.4917548728
0.5470860090612115,0.00010041696890993783,-1.4028920477270844e-10,298.1500051334642,0.0,0.02876882959122215,299.32094132979387,1.2335054463402005e-17,0.0,3.7649095836538386e-06,99.77844086163435,2.0602576667698308e-16,1.3009674681577242e-19,1.5126677821016485e-32,7.545505658793813e-30,1.3543232995692117e-17,2.614292698436451,3.590224692227542e-12,0.0003270339844803767,1000000.0,1000415.4917554436
0.5480860090612115,0.00010041696876966527,-1.4027256798321147e-10,298.15000513284826,0.0,0.02876539796359617,299.32094430003303,1.2333595831695954e-17,0.0,3.7649095994126816e-06,99.77844127977613,2.0600140395312625e-16,1.3006584659986674e-19,1.512475688591337e-32,7.546135541531224e-30,1.3543233052330978e-17,2.6142927093921964,3.589800155701316e-12,0.0003270339844981585,1000000.0,1000415.4917560206
0.5490860090612115,0.00010041696862940933,-1.4025593898837936e-10,298.1500051322325,0.0,0.02876196674771759,299.32094726991784,1.2332137371995133e-17,0.0,3.764909615169657e-06,99.77844169786842,2.0597704410218265e-16,1.3003495372910858e-19,1.5122836224901127e-32,7.546765510489772e-30,1.3543233108962386e-17,2.614292720346645,3.58937566923489e-12,0.00032703398451593824,1000000.0,1000415.4917566044
0.5500860090612115,0.00010041696848917092,-1.4023840935457537e-10,298.1500051316165,0.0,0.028758535943535616,299.32095023943987,1.2330679084278209e-17,0.0,3.7649096309246586e-06,99.77844211590838,2.059526871237923e-16,1.3000406820174622e-19,1.5120915838214534e-32,7.547395565677487e-30,1.3543233165587621e-17,2.614292731299723,3.58895123282208e-12,0.00032703398453371574,1000000.0,1000415.4917571661
0.5510860090612115,0.00010041696834894913,-1.402217776638566e-10,298.15000513100085,0.0,0.02875510555100107,299.3209532086075,1.2329220968526716e-17,0.0,3.7649096466777913e-06,99.77844253389883,2.0592833301764775e-16,1.2997319001604757e-19,1.5118995725838093e-32,7.548025707101778e-30,1.3543233222206011e-17,2.6142927422515028,3.5885268464572804e-12,0.0003270339845514911,1000000.0,1000415.4917577346
0.5520860090612115,0.00010041696820874398,-1.4020516013547316e-10,298.1500051303853,0.0,0.02875167557006399,299.3209561774205,1.2327763024719683e-17,0.0,3.764909662429053e-06,99.7784429518397,2.0590398178339915e-16,1.2994231917025422e-19,1.5117075887523768e-32,7.548655934769091e-30,1.3543233278817067e-17,2.6142927532019837,3.58810251013468e-12,0.0003270339845692644,1000000.0,1000415.4917583084
0.5530860090612115,0.00010041696806855542,-1.401885540041771e-10,298.1500051297697,0.0,0.028748246000674445,299.3209591458795,1.2326305252837777e-17,0.0,3.764909678178449e-06,99.77844336973111,2.0587963342072549e-16,1.299114556626299e-19,1.5115156323423464e-32,7.549286248688806e-30,1.3543233335421681e-17,2.614292764151169,3.5876782238483765e-12,0.0003270339845870356,1000000.0,1000415.4917588896
0.5540860090612115,0.00010041696792838349,-1.4017193886951113e-10,298.15000512915424,0.0,0.02874481684278245,299.3209621139839,1.2324847652860608e-17,0.0,3.7649096939259735e-06,99.77844378757293,2.0585528792927968e-16,1.298805994914275e-19,1.5113237033360538e-32,7.549916648866763e-30,1.3543233392020359e-17,2.614292775099055,3.587253987592469e-12,0.0003270339846048047,1000000.0,1000415.4917594761
0.5550860090612115,0.00010041696778822816,-1.4015532557852637e-10,298.1500051285389,0.0,0.028741388096338097,299.32096508173424,1.2323390224766756e-17,0.0,3.764909709671632e-06,99.77844420536529,2.0583094530871215e-16,1.2984975065488817e-19,1.5111318017234785e-32,7.550547135311628e-30,1.3543233448611378e-17,2.614292786045645,3.5868298013611005e-12,0.0003270339846225717,1000000.0,1000415.4917600696
0.5560860090612115,0.00010041696764809034,-1.4013781209121176e-10,298.1500051279234,0.0,0.028737959761290642,299.3209680491222,1.2321932968537142e-17,0.0,3.76490972541532e-06,99.77844462310543,2.058066055587006e-16,1.2981890915127753e-19,1.510939927521951e-32,7.55117770802964e-30,1.3543233505195432e-17,2.6142927969908665,3.586405665148181e-12,0.00032703398464033645,1000000.0,1000415.4917606411
0.5570860090612115,0.00010041696750796916,-1.4012119101552933e-10,298.15000512730813,0.0,0.028734531837590924,299.32097101615574,1.2320475884151563e-17,0.0,3.7649097411571376e-06,99.77844504079599,2.0578226867890882e-16,1.297880749788422e-19,1.5107480807016505e-32,7.551808367028478e-30,1.3543233561773025e-17,2.61429280793479,3.58598157894821e-12,0.0003270339846580991,1000000.0,1000415.4917612184
0.5580860090612115,0.00010041696736786457,-1.4010459088027944e-10,298.150005126693,0.0,0.028731104325189057,299.3209739828353,1.2319018971589928e-17,0.0,3.764909756897089e-06,99.7784454584371,2.0575793466899645e-16,1.2975724813584568e-19,1.5105562612769065e-32,7.552439112317139e-30,1.3543233618344379e-17,2.6142928188774173,3.5855575427551553e-12,0.00032703398467585963,1000000.0,1000415.4917618025
0.5590860090612115,0.00010041696722777657,-1.400879905826728e-10,298.1500051260779,0.0,0.028727677224035107,299.3209769491608,1.2317562230831743e-17,0.0,3.764909772635174e-06,99.77844587602874,2.0573360352862725e-16,1.297264286205389e-19,1.5103644692298616e-32,7.553069943901949e-30,1.3543233674908676e-17,2.614292829818748,3.5851335565631742e-12,0.00032703398469361805,1000000.0,1000415.491762393
0.5600860090612115,0.0001004169670877061,-1.4007047634109168e-10,298.1500051254627,0.0,0.028724250534078365,299.3209799151241,1.231610566185668e-17,0.0,3.764909788371289e-06,99.77844629356818,2.057092752574579e-16,1.2969561643117944e-19,1.5101727045646427e-32,7.553700861789959e-30,1.3543233731464977e-17,2.6142928407587114,3.584709620366227e-12,0.0003270339847113743,1000000.0,1000415.4917629614
0.5610860090612115,0.00010041696694765223,-1.4005386557393841e-10,298.1500051248478,0.0,0.028720824255269704,299.3209828807332,1.2314649264645346e-17,0.0,3.764909804105534e-06,99.77844671105807,2.056849498551723e-16,1.2966481156601605e-19,1.5099809672639052e-32,7.55433186598981e-30,1.3543233788016177e-17,2.6142928516973765,3.5842857341586534e-12,0.00032703398472912844,1000000.0,1000415.4917635366
0.5620860090612115,0.00010041696680761496,-1.4003726815310768e-10,298.15000512423296,0.0,0.028717398387559236,299.3209858459884,1.231319303917741e-17,0.0,3.7649098198379137e-06,99.77844712849851,2.0566062732141462e-16,1.2963401402332983e-19,1.5097892573493247e-32,7.554962956507997e-30,1.3543233844559408e-17,2.614292862634746,3.5838618979346652e-12,0.00032703398474688046,1000000.0,1000415.4917641178
0.5630860090612115,0.00010041696666759427,-1.4002068733032234e-10,298.15000512361814,0.0,0.028713972930897076,299.32098881088973,1.2311736985432205e-17,0.0,3.7649098355684277e-06,99.7784475458895,2.056363076558564e-16,1.2960322380134717e-19,1.50959757477106e-32,7.555594133353102e-30,1.3543233901096838e-17,2.61429287357082,3.5834381116883295e-12,0.00032703398476463037,1000000.0,1000415.4917647054
0.5640860090612115,0.00010041696652759047,-1.4000381087738572e-10,298.1500051230034,0.0,0.028710547885233077,299.3209917754346,1.231028110341159e-17,0.0,3.7649098512970426e-06,99.77844796323016,2.0561199085851324e-16,1.2957244087238705e-19,1.50940587308012e-32,7.556225396500908e-30,1.3543233957626504e-17,2.6142928845055753,3.5830143754198897e-12,0.00032703398478237816,1000000.0,1000415.4917652903
0.5650860090612115,0.00010041696638760353,-1.399869413063432e-10,298.1500051223887,0.0,0.02870712325051739,299.3209947396233,1.2308825393052236e-17,0.0,3.7649098670237623e-06,99.77844838052062,2.0558767692834436e-16,1.295416652866277e-19,1.5092142612462268e-32,7.55685674602114e-30,1.3543234014149887e-17,2.6142928954390143,3.582590689111145e-12,0.00032703398480012384,1000000.0,1000415.4917658733
0.5660860090612115,0.00010041696624763347,-1.3997007045394174e-10,298.15000512177403,0.0,0.0287036990267001,299.3209977034556,1.2307369854355291e-17,0.0,3.7649098827485834e-06,99.77844879776075,2.0556336586535893e-16,1.2951089701635232e-19,1.509022650467085e-32,7.557488181889731e-30,1.3543234070666535e-17,2.6142929063711353,3.5821670527623896e-12,0.00032703398481786735,1000000.0,1000415.4917664542
0.5670860090612115,0.00010041696610768027,-1.3995320265688175e-10,298.1500051211595,0.0,0.02870027521373136,299.3210006669316,1.2305914487301318e-17,0.0,3.7649098984715062e-06,99.77844921495057,2.0553905766923207e-16,1.294801360598397e-19,1.5088310740878385e-32,7.558119704114773e-30,1.3543234127175862e-17,2.6142929173019382,3.5817434663678267e-12,0.00032703398483560875,1000000.0,1000415.4917670323
0.5680860090612115,0.00010041696596774394,-1.3993633003747694e-10,298.1500051205451,0.0,0.0286968518115613,299.3210036300514,1.2304459291869131e-17,0.0,3.764909914192533e-06,99.77844963209013,2.0551475233961444e-16,1.2944938241532427e-19,1.508639527244196e-32,7.558751312703475e-30,1.3543234183679562e-17,2.6142929282314245,3.5813199299215323e-12,0.000327033984853348,1000000.0,1000415.4917676087
0.5690860090612115,0.00010041696582782445,-1.3991947503771895e-10,298.15000511993065,0.0,0.028693428820140088,299.32100659281514,1.2303004268039648e-17,0.0,3.7649099299116654e-06,99.7784500491795,2.0549044987617857e-16,1.2941863608109372e-19,1.508448008454873e-32,7.559383007663433e-30,1.3543234240175045e-17,2.6142929391595957,3.5808964434176915e-12,0.0003270339848710851,1000000.0,1000415.4917681828
0.5700860090612115,0.00010041696568792185,-1.3990260491468736e-10,298.15000511931635,0.0,0.028690006239417826,299.32100955522264,1.230154941579173e-17,0.0,3.764909945628899e-06,99.77845046621852,2.0546615027858366e-16,1.2938789705538094e-19,1.5082565171879678e-32,7.560014789002996e-30,1.3543234296664356e-17,2.6142929500864476,3.5804730068504276e-12,0.00032703398488882003,1000000.0,1000415.4917687544
0.5710860090612115,0.0001004169655480352,-1.3988666090614157e-10,298.15000511870227,0.0,0.028686584069345458,299.3210125172821,1.2300094735106943e-17,0.0,3.7649099613443373e-06,99.77845088320998,2.0544185354651294e-16,1.2935716533647612e-19,1.5080650533369963e-32,7.560646656728282e-30,1.3543234353147667e-17,2.6142929610120533,3.580049620214195e-12,0.00032703398490655297,1000000.0,1000415.4917693512
0.5720860090612115,0.00010041696540816629,-1.3986890920080664e-10,298.15000511808796,0.0,0.028683162309871644,299.32101547897776,1.2298640225963049e-17,0.0,3.764909977057782e-06,99.7784513001486,2.0541755967959718e-16,1.2932644092261164e-19,1.5078736168054803e-32,7.56127861084698e-30,1.3543234409622896e-17,2.6142929719362744,3.57962628350251e-12,0.00032703398492428364,1000000.0,1000415.4917699188
0.5730860090612115,0.00010041696526831333,-1.3985295511392525e-10,298.150005117474,0.0,0.02867974096094805,299.3210184403253,1.229718588834184e-17,0.0,3.7649099927694307e-06,99.77845171703964,2.053932686775291e-16,1.292957238120753e-19,1.5076822076126846e-32,7.561910651368312e-30,1.3543234466092647e-17,2.6142929828592494,3.5792029967101537e-12,0.0003270339849420123,1000000.0,1000415.491770512
0.5740860090612115,0.00010041696512847812,-1.3983520257282993e-10,298.1500051168598,0.0,0.028676320022523325,299.32102140130894,1.229573172222119e-17,0.0,3.764910008479084e-06,99.77845213387778,2.0536898053995111e-16,1.2926501400309706e-19,1.5074908257102722e-32,7.562542778297484e-30,1.3543234522554408e-17,2.614292993780838,3.5787797598307016e-12,0.00032703398495973867,1000000.0,1000415.4917710744
0.5750860090612115,0.00010041696498865888,-1.3981924431584673e-10,298.150005116246,0.0,0.02867289949454917,299.3210243619445,1.2294277727582854e-17,0.0,3.7649100241869403e-06,99.7784525506683,2.0534469526654308e-16,1.2923431149396835e-19,1.5072994711341326e-32,7.563174991643805e-30,1.3543234579010131e-17,2.614293004701179,3.5783565728588783e-12,0.00032703398497746305,1000000.0,1000415.4917716627
0.5760860090612115,0.00010041696484885738,-1.3980149641326415e-10,298.15000511563204,0.0,0.028669479376974262,299.3210273222163,1.229282390440539e-17,0.0,3.7649100398928026e-06,99.77845296740597,2.0532041285696052e-16,1.2920361628293308e-19,1.507108143844011e-32,7.563807291413457e-30,1.3543234635458919e-17,2.614293015620135,3.577933435788189e-12,0.00032703398499518515,1000000.0,1000415.4917722209
0.5770860090612115,0.00010041696470907183,-1.3978555095268003e-10,298.15000511501836,0.0,0.028666059669750305,299.3210302821403,1.2291370252670328e-17,0.0,3.76491005559687e-06,99.77845338409608,2.0529613331088308e-16,1.2917292836827525e-19,1.5069168438595305e-32,7.564439677615653e-30,1.3543234691901254e-17,2.614293026537845,3.577510348613507e-12,0.0003270339850129053,1000000.0,1000415.4917728049
0.5780860090612115,0.00010041696456930311,-1.397687116974563e-10,298.1500051144046,0.0,0.028662640372826752,299.32103324170856,1.2289916772356084e-17,0.0,3.7649100712990445e-06,99.77845380073602,2.0527185662795282e-16,1.2914224774824862e-19,1.5067255711561235e-32,7.565072150256255e-30,1.3543234748336428e-17,2.6142930374542406,3.577087311328528e-12,0.00032703398503062327,1000000.0,1000415.4917733859
0.5790860090612115,0.00010041696442955126,-1.3975187655062594e-10,298.150005113791,0.0,0.028659221486153786,299.32103620092096,1.2288463463442684e-17,0.0,3.764910086999323e-06,99.77845421732572,2.052475828078443e-16,1.2911157442109966e-19,1.506534325728005e-32,7.565704709343576e-30,1.354323480476542e-17,2.614293048369319,3.5766643239274068e-12,0.00032703398504833913,1000000.0,1000415.4917739647
0.5800860090612115,0.0001004169642898162,-1.3973503756786874e-10,298.15000511317743,0.0,0.028655803009681652,299.321039159778,1.2287010325910655e-17,0.0,3.7649101026977114e-06,99.77845463386531,2.052233118502231e-16,1.290809083851192e-19,1.506343107602526e-32,7.566337354884259e-30,1.3543234861186153e-17,2.614293059283086,3.5762413864043897e-12,0.0003270339850660529,1000000.0,1000415.4917745421
0.5810860090612116,0.00010041696415009803,-1.397181933414181e-10,298.1500051125639,0.0,0.028652384943360518,299.3210421182791,1.2285557359739655e-17,0.0,3.7649101183942017e-06,99.77845505035461,2.051990437547562e-16,1.290502496385547e-19,1.506151916733624e-32,7.566970086885987e-30,1.3543234917600844e-17,2.6142930701955343,3.57581849875361e-12,0.00032703398508376446,1000000.0,1000415.4917751164
0.5820860090612116,0.00010041696401039666,-1.3970136040979794e-10,298.1500051119505,0.0,0.028648967287140656,299.3210450764247,1.2284104564909125e-17,0.0,3.7649101340888007e-06,99.77845546679379,2.0517477852109696e-16,1.290195981796763e-19,1.5059607531416601e-32,7.567602905358727e-30,1.3543234974010023e-17,2.61429308110667,3.575395660969255e-12,0.00032703398510147393,1000000.0,1000415.4917756893
0.5830860090612116,0.00010041696387071215,-1.396845243520654e-10,298.1500051113371,0.0,0.028645550040972256,299.3210480342147,1.22826519413996e-17,0.0,3.764910149781505e-06,99.77845588318274,2.0515051614891916e-16,1.2898895400675337e-19,1.5057696168165726e-32,7.568235810307518e-30,1.3543235030410967e-17,2.614293092016489,3.574972873045405e-12,0.00032703398511918123,1000000.0,1000415.491776259
0.5840860090612116,0.00010041696373104355,-1.3966860174138984e-10,298.150005110724,0.0,0.028642133204806356,299.3210509916574,1.2281199489191624e-17,0.0,3.7649101654724196e-06,99.77845629952427,2.0512625663789908e-16,1.2895831711805631e-19,1.5055785077504592e-32,7.568868801740782e-30,1.3543235086806114e-17,2.614293102925066,3.574550134976478e-12,0.0003270339851368865,1000000.0,1000415.4917768551
0.5850860090612116,0.00010041696359139267,-1.3965087755834724e-10,298.15000511011067,0.0,0.028638716778591644,299.3210539487365,1.2279747208262842e-17,0.0,3.76491018116134e-06,99.77845671581294,2.0510199998766306e-16,1.2892768751183278e-19,1.5053874259317886e-32,7.569501879665135e-30,1.3543235143193755e-17,2.6142931138322583,3.5741274467560755e-12,0.0003270339851545896,1000000.0,1000415.4917774207
0.5860860090612116,0.00010041696345175773,-1.3963493883576745e-10,298.1500051094978,0.0,0.028635300762279912,299.32105690546825,1.2278295098595805e-17,0.0,3.7649101968484677e-06,99.77845713205411,2.0507774619791692e-16,1.2889706518637184e-19,1.505196371377128e-32,7.570135044088667e-30,1.3543235199574686e-17,2.6142931247382055,3.5737048083790104e-12,0.0003270339851722906,1000000.0,1000415.4917780125
0.5870860090612116,0.0001004169633121405,-1.3961722014908982e-10,298.15000510888456,0.0,0.028631885155819884,299.32105986183666,1.2276843160168357e-17,0.0,3.764910212533604e-06,99.7784575482425,2.0505349526829885e-16,1.288664501399241e-19,1.505005344057412e-32,7.570768295019232e-30,1.3543235255948836e-17,2.6142931356427703,3.573282219838923e-12,0.0003270339851899894,1000000.0,1000415.4917785738
0.5880860090612116,0.00010041696317253921,-1.396012890910355e-10,298.15000510827167,0.0,0.02862846995916333,299.3210628178576,1.2275391392961986e-17,0.0,3.764910228216947e-06,99.77845796438336,2.0502924719849008e-16,1.2883584237077223e-19,1.5048143439857384e-32,7.571401632464755e-30,1.354323531231676e-17,2.614293146546089,3.5728596811302497e-12,0.00032703398520768617,1000000.0,1000415.4917791601
0.5890860090612116,0.00010041696303295474,-1.395844802679373e-10,298.1500051076588,0.0,0.028625055172259762,299.3210657735233,1.227393979695564e-17,0.0,3.764910243898399e-06,99.7784583804741,2.0500500198815094e-16,1.2880524187716231e-19,1.5046233711363333e-32,7.572035056431229e-30,1.354323536867689e-17,2.6142931574480954,3.572437192247068e-12,0.0003270339852253808,1000000.0,1000415.4917797444
0.5900860090612116,0.00010041696289338798,-1.3956674858687586e-10,298.15000510704573,0.0,0.0286216407950587,299.3210687288257,1.2272488372128473e-17,0.0,3.7649102595778584e-06,99.77845879651204,2.0498075963691818e-16,1.2877464865737592e-19,1.5044324255341533e-32,7.57266856692775e-30,1.3543235425030868e-17,2.614293168348718,3.5720147531832327e-12,0.00032703398524307317,1000000.0,1000415.4917802988
0.5910860090612114,0.00010041696275383717,-1.3955082423491998e-10,298.1500051064332,0.0,0.02861822682751192,299.3210716837809,1.2271037118462679e-17,0.0,3.764910275255526e-06,99.7784592125025,2.0495652014450198e-16,1.2874406270969889e-19,1.5042415071597083e-32,7.573302163960713e-30,1.3543235481378508e-17,2.614293179248096,3.5715923639335164e-12,0.00032703398526076356,1000000.0,1000415.4917808792
0.5920860090612114,0.00010041696261430314,-1.395340225205626e-10,298.1500051058205,0.0,0.02861481326956899,299.32107463838094,1.2269586035936704e-17,0.0,3.764910290931304e-06,99.77845962844287,2.0493228351054602e-16,1.2871348403237092e-19,1.504050615985336e-32,7.573935847539372e-30,1.3543235537719311e-17,2.6142931901461623,3.57117002449174e-12,0.0003270339852784518,1000000.0,1000415.4917814567
0.5930860090612114,0.00010041696247478593,-1.3951721635458847e-10,298.1500051052079,0.0,0.028611400121180176,299.32107759262595,1.2268135124530804e-17,0.0,3.7649103066051903e-06,99.77846004433313,2.0490804973471512e-16,1.2868291262368031e-19,1.5038597520471206e-32,7.574569617669236e-30,1.3543235594053012e-17,2.614293201042915,3.570747734852075e-12,0.0003270339852961379,1000000.0,1000415.4917820325
0.5940860090612115,0.00010041696233528552,-1.3950039844015321e-10,298.1500051045954,0.0,0.02860798738229577,299.3210805465158,1.2266684384224755e-17,0.0,3.764910322277186e-06,99.77846046017326,2.0488381881667281e-16,1.2865234848189366e-19,1.5036689153135882e-32,7.575203474359227e-30,1.354323565037993e-17,2.6142932119383553,3.5703254950086157e-12,0.00032703398531382186,1000000.0,1000415.4917826055
0.5950860090612115,0.00010041696219580103,-1.3948450384072372e-10,298.15000510398306,0.0,0.028604575052866867,299.32108350005876,1.2265233814999208e-17,0.0,3.764910337947394e-06,99.778460875966,2.0485959075609452e-16,1.2862179160528431e-19,1.5034781057861974e-32,7.575837417616562e-30,1.3543235706700579e-17,2.6142932228325533,3.5699033049558384e-12,0.0003270339853315038,1000000.0,1000415.4917832044
0.5960860090612115,0.00010041696205633424,-1.3946679897508302e-10,298.1500051033705,0.0,0.028601163132842233,299.32108645323876,1.2263783416832415e-17,0.0,3.7649103536156108e-06,99.778461291706,2.048353655526204e-16,1.285912419921106e-19,1.5032873234573592e-32,7.57647144744746e-30,1.3543235763013893e-17,2.6142932337253693,3.5694811646873516e-12,0.0003270339853491835,1000000.0,1000415.4917837732
0.5970860090612115,0.00010041696191688428,-1.3944996539399103e-10,298.15000510275826,0.0,0.028597751622172908,299.32108940606355,1.2262333189706163e-17,0.0,3.7649103692819336e-06,99.77846170739579,2.0481114320594453e-16,1.2856069964065486e-19,1.5030965683321912e-32,7.577105563861604e-30,1.3543235819320796e-17,2.61429324461687,3.569059074197771e-12,0.0003270339853668611,1000000.0,1000415.4917843395
0.5980860090612115,0.00010041696177745018,-1.3943408694026494e-10,298.15000510214617,0.0,0.028594340520810047,299.32109235854165,1.2260883133599383e-17,0.0,3.7649103849464714e-06,99.77846212303827,2.047869237157134e-16,1.285301645491918e-19,1.5029058403963548e-32,7.57773976686631e-30,1.3543235875620634e-17,2.614293255507131,3.568637033481212e-12,0.0003270339853845367,1000000.0,1000415.4917849319
0.5990860090612115,0.0001004169616380338,-1.3941638604942158e-10,298.15000510153385,0.0,0.028590929828702417,299.3210953106568,1.2259433248491725e-17,0.0,3.7649104006090173e-06,99.77846253862796,2.0476270708159077e-16,1.284996367159775e-19,1.502715139641749e-32,7.578374056466555e-30,1.3543235931913959e-17,2.6142932663960092,3.5682150425315913e-12,0.00032703398540221,1000000.0,1000415.4917854933
0.6000860090612115,0.00010041696149863332,-1.3940047510154803e-10,298.15000510092193,0.0,0.02858751954580187,299.32109826242527,1.2257983534364408e-17,0.0,3.7649104162697756e-06,99.77846295417028,2.0473849330326265e-16,1.2846911613930032e-19,1.5025244660780845e-32,7.579008432672958e-30,1.354323598820023e-17,2.6142932772836462,3.5677931013433557e-12,0.0003270339854198813,1000000.0,1000415.4917860816
0.6010860090612115,0.00010041696135925054,-1.393827824061274e-10,298.1500051003098,0.0,0.028584109672057236,299.3211012138308,1.225653399119607e-17,0.0,3.764910431928543e-06,99.77846336965983,2.0471428238036229e-16,1.284386028174323e-19,1.5023338196929238e-32,7.579642895491627e-30,1.3543236044479104e-17,2.614293288169901,3.5673712099103567e-12,0.00032703398543755036,1000000.0,1000415.4917866393
0.6020860090612115,0.00010041696121988366,-1.3936688164834534e-10,298.150005099698,0.0,0.02858070020742037,299.3211041648896,1.2255084618967569e-17,0.0,3.7649104475855217e-06,99.77846378510198,2.0469007431258845e-16,1.2840809674863883e-19,1.5021432004683635e-32,7.580277444931337e-30,1.354323610075329e-17,2.6142932990549124,3.5669493682271856e-12,0.0003270339854552174,1000000.0,1000415.4917872223
0.6030860090612115,0.00010041696108053355,-1.39350107128459e-10,298.15000509908606,0.0,0.028577291151840906,299.32110711559386,1.2253635417658871e-17,0.0,3.7649104632406138e-06,99.77846420049413,2.0466586909959338e-16,1.2837759793120333e-19,1.5019526084240328e-32,7.580912080997987e-30,1.3543236157019715e-17,2.614293309938615,3.5665275762877126e-12,0.0003270339854728823,1000000.0,1000415.4917878028
0.6040860090612115,0.00010041696094120025,-1.3933330771287477e-10,298.1500050984743,0.0,0.02857388250526915,299.32111006594334,1.2252186387249286e-17,0.0,3.7649104788938157e-06,99.77846461583619,2.046416667410301e-16,1.283471063633929e-19,1.501762043534817e-32,7.581546803699183e-30,1.3543236213278824e-17,2.614293320821005,3.5661058340861804e-12,0.0003270339854905451,1000000.0,1000415.4917883816
0.6050860090612115,0.00010041696080188373,-1.393165133119341e-10,298.1500050978627,0.0,0.028570474267655504,299.32111301593835,1.2250737527718956e-17,0.0,3.7649104945451312e-06,99.77846503112825,2.046174672365727e-16,1.283166220434877e-19,1.5015715058083866e-32,7.582181613044758e-30,1.3543236269531665e-17,2.614293331702085,3.5656841416167133e-12,0.00032703398550820576,1000000.0,1000415.4917889581
0.6060860090612115,0.000100416960662584,-1.3929973377980136e-10,298.150005097251,0.0,0.028567066438950312,299.3211159655786,1.2249288839048438e-17,0.0,3.764910510194557e-06,99.77846544637025,2.0459327058589512e-16,1.282861449697592e-19,1.5013809952313866e-32,7.582816509039105e-30,1.3543236325777184e-17,2.614293342581852,3.565262498873584e-12,0.00032703398552586427,1000000.0,1000415.4917895319
0.6070860090612115,0.00010041696052330104,-1.3928294850642725e-10,298.1500050966394,0.0,0.028563659019103974,299.3211189148645,1.2247840321216367e-17,0.0,3.764910525842096e-06,99.77846586156222,2.0456907678864133e-16,1.2825567514047604e-19,1.5011905117993192e-32,7.583451491692816e-30,1.3543236382016832e-17,2.61429335346031,3.5648409058506813e-12,0.00032703398554352066,1000000.0,1000415.4917901037
0.6080860090612115,0.00010041696038403488,-1.3926616219776627e-10,298.15000509602794,0.0,0.02856025200806686,299.32112186379584,1.2246391974204036e-17,0.0,3.7649105414877467e-06,99.77846627670417,2.0454488584449776e-16,1.282252125539258e-19,1.501000055520634e-32,7.584086561010772e-30,1.3543236438249214e-17,2.614293364337456,3.5644193625425044e-12,0.00032703398556117495,1000000.0,1000415.4917906736
0.6090860090612115,0.0001004169602447855,-1.3924937921204749e-10,298.1500050954165,0.0,0.02855684540578936,299.3211248123727,1.224494379799063e-17,0.0,3.7649105571315106e-06,99.77846669179608,2.045206977531174e-16,1.281947572083784e-19,1.5008096263730122e-32,7.584721717002435e-30,1.3543236494474423e-17,2.614293375213292,3.5639978689430707e-12,0.0003270339855788271,1000000.0,1000415.4917912408
0.6100860090612115,0.000100416960105552,-1.3923350972223326e-10,298.15000509480535,0.0,0.028553439212222646,299.32112776060325,1.2243495792557542e-17,0.0,3.764910572773487e-06,99.77846710684065,2.0449651251418523e-16,1.2816430910212606e-19,1.5006192243676275e-32,7.585356959675347e-30,1.3543236550694661e-17,2.6142933860878874,3.5635764250468742e-12,0.0003270339855964772,1000000.0,1000415.4917918335
0.6110860090612115,0.00010041695996633615,-1.3921583872976378e-10,298.1500050941939,0.0,0.02855003342731559,299.32113070847157,1.2242047957882144e-17,0.0,3.7649105884134787e-06,99.7784675218326,2.0447233012733359e-16,1.2813386823340713e-19,1.5004288494676524e-32,7.585992289035483e-30,1.3543236606906242e-17,2.614293396961104,3.5631550308473703e-12,0.0003270339856141251,1000000.0,1000415.4917923968
0.6120860090612115,0.0001004169598271362,-1.391999592340383e-10,298.1500050935829,0.0,0.028546628051020123,299.3211336559935,1.2240600293947817e-17,0.0,3.7649106040516826e-06,99.77846793677718,2.0444815059227377e-16,1.2810343460055296e-19,1.5002385017309617e-32,7.586627705092447e-30,1.3543236663112135e-17,2.6142934078330797,3.5627336863395874e-12,0.000327033985631771,1000000.0,1000415.4917929851
0.6130860090612115,0.00010041695968795391,-1.391822875466616e-10,298.1500050929715,0.0,0.028543223083285132,299.3211366031532,1.2239152800730703e-17,0.0,3.7649106196879e-06,99.7784683516691,2.0442397390861284e-16,1.2807300820179336e-19,1.500048181073742e-32,7.587263207851959e-30,1.3543236719310435e-17,2.6142934187036753,3.5623123915169035e-12,0.00032703398564941464,1000000.0,1000415.4917935432
0.6140860090612115,0.0001004169595487875,-1.391664100320531e-10,298.1500050923607,0.0,0.028539818524062573,299.3211395499666,1.2237705478213902e-17,0.0,3.764910635322332e-06,99.77846876651371,2.0439980007606787e-16,1.2804258903543885e-19,1.4998578875574136e-32,7.587898797323604e-30,1.3543236775502718e-17,2.614293429573031,3.561891146374126e-12,0.0003270339856670563,1000000.0,1000415.4917941274
0.6150860090612115,0.00010041695940963784,-1.3914966083614946e-10,298.15000509174973,0.0,0.028536414373302097,299.32114249642586,1.2236258326375907e-17,0.0,3.7649106509548772e-06,99.77846918130832,2.0437562909427764e-16,1.2801217709975567e-19,1.49966762113891e-32,7.588534473512915e-30,1.354323683168834e-17,2.614293440441077,3.5614699509050864e-12,0.00032703398568469577,1000000.0,1000415.4917947089
0.6160860090612115,0.00010041695927050494,-1.391328886825332e-10,298.15000509113884,0.0,0.028533010630954165,299.32114544253125,1.2234811345197566e-17,0.0,3.764910666585541e-06,99.77846959605306,2.0435146096292513e-16,1.279817723930225e-19,1.4994773818260637e-32,7.58917023642832e-30,1.3543236887866036e-17,2.6142934513078164,3.5610488051040616e-12,0.00032703398570233314,1000000.0,1000415.491795289
0.6170860090612115,0.00010041695913138973,-1.3911521721258534e-10,298.1500050905279,0.0,0.0285296072969684,299.3211483882742,1.2233364534656348e-17,0.0,3.764910682214213e-06,99.77847001074502,2.0432729568163252e-16,1.2795137491350804e-19,1.4992871696094386e-32,7.589806086077293e-30,1.354323694403809e-17,2.6142934621731726,3.560627708964949e-12,0.0003270339857199683,1000000.0,1000415.4917958382
0.6180860090612115,0.0001004169589922904,-1.3909934515970512e-10,298.1500050899172,0.0,0.028526204371296795,299.321151333671,1.2231917894736073e-17,0.0,3.7649106978411e-06,99.77847042538968,2.0430313325012652e-16,1.2792098465952256e-19,1.4990969845046982e-32,7.590442022468403e-30,1.3543237000203083e-17,2.6142934730372893,3.5602066624823993e-12,0.0003270339857376014,1000000.0,1000415.4917964126
0.6190860090612115,0.00010041695885320779,-1.3908260033801133e-10,298.15000508930655,0.0,0.028522801853889078,299.3211542787141,1.2230471425414203e-17,0.0,3.7649107134661052e-06,99.77847083998448,2.0427897366803854e-16,1.278906016293157e-19,1.4989068264654509e-32,7.591078045608228e-30,1.3543237056361484e-17,2.6142934839000995,3.5597856656504624e-12,0.00032703398575523244,1000000.0,1000415.4917969857
0.6200860090612115,0.00010041695871414104,-1.3906675553318086e-10,298.1500050886961,0.0,0.028519399744696434,299.32115722341126,1.2229025126672265e-17,0.0,3.7649107290893273e-06,99.778471254532,2.0425481693505395e-16,1.278602258211951e-19,1.4987166955336808e-32,7.591714155504749e-30,1.3543237112513659e-17,2.614293494761671,3.559364718463284e-12,0.0003270339857728614,1000000.0,1000415.491797584
0.6210860090612115,0.00010041695857509194,-1.390490967547264e-10,298.15000508808544,0.0,0.02851599804366781,299.32116016774654,1.2227578998488552e-17,0.0,3.7649107447105642e-06,99.77847166902691,2.0423066305081187e-16,1.2782985723342146e-19,1.4985265916674254e-32,7.592350352165161e-30,1.3543237168657965e-17,2.614293505621865,3.5589438209148716e-12,0.00032703398579048815,1000000.0,1000415.4917981521
0.6220860090612115,0.00010041695843605961,-1.3903232963983858e-10,298.150005087475,0.0,0.02851259675075443,299.32116311172786,1.222613304084407e-17,0.0,3.764910760329915e-06,99.77847208347185,2.0420651201499503e-16,1.2779949586428145e-19,1.498336514881008e-32,7.592986635596925e-30,1.3543237224796478e-17,2.614293516480749,3.5585229729994497e-12,0.0003270339858081128,1000000.0,1000415.4917987187
0.6230860090612115,0.00010041695829704404,-1.3901557093820977e-10,298.1500050868646,0.0,0.02850919586590677,299.3211660553552,1.2224687253717749e-17,0.0,3.7649107759473813e-06,99.77847249786684,2.0418236382725395e-16,1.2776914171204782e-19,1.4981464651601272e-32,7.593623005808345e-30,1.3543237280928478e-17,2.614293527338324,3.5581021747111896e-12,0.0003270339858257353,1000000.0,1000415.4917992821
0.6240860090612115,0.00010041695815804455,-1.3899949303655763e-10,298.15000508625445,0.0,0.028505795389075887,299.3211689986348,1.2223241637113107e-17,0.0,3.7649107915630385e-06,99.77847291221389,2.0415821848763475e-16,1.2773879474943917e-19,1.4979563967343557e-32,7.594259462776728e-30,1.3543237337053172e-17,2.6142935381946435,3.557681426050757e-12,0.00032703398584335575,1000000.0,1000415.4917998643
0.6250860090612115,0.00010041695801906203,-1.3898251713728057e-10,298.1500050856442,0.0,0.028502395320211506,299.32117194155853,1.2221796190965401e-17,0.0,3.764910807176787e-06,99.77847332651032,2.041340759950791e-16,1.2770845502589853e-19,1.4977664168013104e-32,7.594896006569795e-30,1.354323739317087e-17,2.6142935490496364,3.5572607269996447e-12,0.00032703398586097403,1000000.0,1000415.4918004369
0.6260860090612115,0.00010041695788009649,-1.3896552960779482e-10,298.15000508503397,0.0,0.028498995659264118,299.32117488412655,1.2220350915277136e-17,0.0,3.764910822788625e-06,99.77847374075617,2.0410993634961172e-16,1.2767812251412773e-19,1.497576438171329e-32,7.59553263716486e-30,1.3543237449281812e-17,2.614293559903304,3.5568400775583546e-12,0.00032703398587859015,1000000.0,1000415.4918010001
0.6270860090612115,0.00010041695774114702,-1.3894945958872238e-10,298.150005084424,0.0,0.02849559640618499,299.3211778263469,1.221890581002841e-17,0.0,3.764910838398656e-06,99.77847415495408,2.0408579955090281e-16,1.2764779721241399e-19,1.4973864935009783e-32,7.596169354569436e-30,1.354323750538653e-17,2.6142935707557156,3.5564194777210425e-12,0.00032703398589620426,1000000.0,1000415.4918015818
0.6280860090612115,0.00010041695760221455,-1.3893248604585445e-10,298.15000508381394,0.0,0.028492197560923853,299.3211807682114,1.2217460875198623e-17,0.0,3.764910854006776e-06,99.77847456910138,2.0406166559860597e-16,1.2761747911903625e-19,1.4971965780635633e-32,7.596806158791256e-30,1.3543237561484227e-17,2.6142935816068014,3.5559989274819203e-12,0.0003270339859138162,1000000.0,1000415.4918021534
0.6290860090612115,0.00010041695746329812,-1.3891641378961249e-10,298.1500050832041,0.0,0.028488799123432003,299.3211837097284,1.2216016110768038e-17,0.0,3.7649108696130906e-06,99.77847498320081,2.0403753449240174e-16,1.2758716823226861e-19,1.4970066903503732e-32,7.597443049838821e-30,1.3543237617575508e-17,2.6142935924566326,3.5555784268352335e-12,0.0003270339859314261,1000000.0,1000415.4918027438
0.6300860090612115,0.00010041695732439959,-1.3889854064119488e-10,298.1500050825941,0.0,0.028485401093658397,299.32118665088166,1.2214571516715533e-17,0.0,3.764910885217393e-06,99.77847539724692,2.0401340623192785e-16,1.2755686455040435e-19,1.496816829906288e-32,7.598080027717503e-30,1.3543237673659545e-17,2.614293603305067,3.555157975774775e-12,0.00032703398594903374,1000000.0,1000415.4918032968
0.6310860090612115,0.00010041695718551712,-1.3888245957498753e-10,298.15000508198443,0.0,0.028482003471555117,299.32118959168736,1.2213127093022835e-17,0.0,3.764910900819887e-06,99.77847581124512,2.0398928081688703e-16,1.275265680717255e-19,1.496626996552591e-32,7.59871709243758e-30,1.3543237729737547e-17,2.614293614152246,3.5547375742951606e-12,0.00032703398596663934,1000000.0,1000415.4918038684
0.6320860090612115,0.00010041695704665072,-1.3886640510061504e-10,298.15000508137484,0.0,0.028478606257072707,299.32119253214563,1.2211682839670495e-17,0.0,3.7649109164205764e-06,99.77847622519549,2.0396515824694037e-16,1.2749627879454535e-19,1.4964371902667816e-32,7.599354244004827e-30,1.354323778580784e-17,2.6142936249981714,3.5543172223907013e-12,0.0003270339859842429,1000000.0,1000415.4918044583
0.6330860090612115,0.00010041695690780127,-1.3884945557229136e-10,298.1500050807652,0.0,0.028475209450160917,299.3211954722485,1.2210238756636313e-17,0.0,3.764910932019358e-06,99.77847663909529,2.0394103852173114e-16,1.2746599671711098e-19,1.496247410978975e-32,7.599991482427906e-30,1.3543237841872251e-17,2.614293635842772,3.5538969200551336e-12,0.0003270339860018443,1000000.0,1000415.4918050386
0.6340860090612115,0.00010041695676896879,-1.3883247930599984e-10,298.1500050801555,0.0,0.028471813050770293,299.32119841199585,1.2208794843901474e-17,0.0,3.764910947616231e-06,99.7784770529445,2.0391692164094258e-16,1.274357218377262e-19,1.496057658732108e-32,7.600628807713307e-30,1.3543237897928946e-17,2.614293646686048,3.553476667282812e-12,0.00032703398601944357,1000000.0,1000415.4918056091
0.6350860090612115,0.00010041695663015328,-1.388155063796936e-10,298.15000507954596,0.0,0.02846841705885139,299.3212013513878,1.2207351101445891e-17,0.0,3.764910963211196e-06,99.77847746674314,2.0389280760423368e-16,1.2740545415467733e-19,1.4958679334948903e-32,7.601266219869293e-30,1.3543237953980026e-17,2.6142936575279982,3.5530564640678956e-12,0.0003270339860370407,1000000.0,1000415.4918061706
0.6360860090612115,0.00010041695649135382,-1.3879944699228005e-10,298.1500050789367,0.0,0.028465021474355517,299.3212042904323,1.2205907529249621e-17,0.0,3.764910978804354e-06,99.77847788049391,2.0386869641127395e-16,1.2737519366624882e-19,1.4956782352612323e-32,7.601903718904014e-30,1.3543238010023906e-17,2.614293668368694,3.5526363104047515e-12,0.0003270339860546358,1000000.0,1000415.4918067504
0.6370860090612115,0.00010041695635257131,-1.3878250420029572e-10,298.15000507832735,0.0,0.028461626297232496,299.32120722912174,1.2204464127292867e-17,0.0,3.764910994395607e-06,99.77847829419419,2.0384458806173462e-16,1.2734494037073485e-19,1.4954885640387744e-32,7.602541304823535e-30,1.3543238066061445e-17,2.614293679208067,3.5522162062873984e-12,0.0003270339860722287,1000000.0,1000415.4918073212
0.6380860090612115,0.00010041695621380578,-1.387655395133637e-10,298.150005077718,0.0,0.028458231527432862,299.32121016745566,1.2203020895554532e-17,0.0,3.764911009984951e-06,99.77847870784386,2.0382048255526615e-16,1.2731469426640602e-19,1.4952989198011147e-32,7.603178977637816e-30,1.3543238122091975e-17,2.614293690046115,3.5517961517099868e-12,0.0003270339860898195,1000000.0,1000415.4918078815
0.6390860090612115,0.00010041695607505628,-1.3874948879094674e-10,298.1500050771089,0.0,0.02845483716490798,299.3212131054425,1.22015778340166e-17,0.0,3.7649110255724907e-06,99.77847912144573,2.0379637989155792e-16,1.2728445535158282e-19,1.4951093025796905e-32,7.603816737352499e-30,1.354323817811585e-17,2.6142937008829095,3.5513761466669698e-12,0.00032703398610740825,1000000.0,1000415.491808461
0.6400860090612115,0.00010041695593632375,-1.387325372198251e-10,298.1500050764998,0.0,0.028451443209607644,299.321216043074,1.2200134942658331e-17,0.0,3.764911041158122e-06,99.778479534997,2.0377228007027298e-16,1.272542236245279e-19,1.494919712324004e-32,7.604454583975641e-30,1.3543238234132706e-17,2.614293711718379,3.550956191152288e-12,0.0003270339861249948,1000000.0,1000415.4918090304
0.6410860090612115,0.00010041695579760725,-1.3871650131756418e-10,298.1500050758908,0.0,0.02844804966148323,299.32121898035854,1.2198692221459267e-17,0.0,3.7649110567419496e-06,99.7784799485005,2.0374818309106238e-16,1.2722399908354187e-19,1.494730149062864e-32,7.605092517515066e-30,1.3543238290142989e-17,2.614293722552596,3.5505362851603304e-12,0.00032703398614257944,1000000.0,1000415.4918096182
0.6420860090612115,0.0001004169556589077,-1.3869954830551587e-10,298.15000507528185,0.0,0.028444656520484553,299.321221917288,1.2197249670399496e-17,0.0,3.764911072323871e-06,99.77848036195347,2.0372408895359989e-16,1.271937817269071e-19,1.494540612777201e-32,7.60573053797892e-30,1.3543238346146758e-17,2.614293733385489,3.550116428685102e-12,0.00032703398616016184,1000000.0,1000415.4918101964
0.6430860090612115,0.00010041695552022509,-1.3868260761238248e-10,298.1500050746729,0.0,0.028441263786562223,299.32122485386253,1.2195807289459447e-17,0.0,3.764911087903889e-06,99.77848077535597,2.0369999765755287e-16,1.2716357155292435e-19,1.4943511034732256e-32,7.606368645374121e-30,1.3543238402143846e-17,2.614293744217061,3.549696621720811e-12,0.0003270339861777421,1000000.0,1000415.491810766
0.6440860090612115,0.00010041695538155944,-1.3866564696070486e-10,298.15000507406404,0.0,0.02843787145966682,299.3212277900818,1.2194365078619011e-17,0.0,3.764911103481998e-06,99.77848118870791,2.0367590920258953e-16,1.2713336855987182e-19,1.4941616211275346e-32,7.607006839708044e-30,1.3543238458133994e-17,2.6142937550473073,3.549276864261707e-12,0.00032703398619532024,1000000.0,1000415.4918113258
0.6450860090612115,0.00010041695524290982,-1.3864960801912676e-10,298.1500050734554,0.0,0.028434479539749733,299.3212307259542,1.2192923037858227e-17,0.0,3.764911119058304e-06,99.77848160201205,2.0365182358837673e-16,1.2710317274604927e-19,1.493972165753216e-32,7.607645120989523e-30,1.3543238514117796e-17,2.614293765876301,3.548857156302015e-12,0.0003270339862128963,1000000.0,1000415.4918119038
0.6460860090612115,0.00010041695510427714,-1.3863268135318703e-10,298.1500050728467,0.0,0.02843108802676082,299.3212336614717,1.2191481167157229e-17,0.0,3.764911134632704e-06,99.77848201526571,2.0362774081458002e-16,1.2707298410974757e-19,1.4937827373394846e-32,7.608283489224593e-30,1.354323857009379e-17,2.614293776703972,3.5484374978358543e-12,0.00032703398623047024,1000000.0,1000415.4918124725
0.6470860090612115,0.0001004169549656605,-1.3861664683164206e-10,298.15000507223823,0.0,0.028427696920651464,299.3212365966422,1.2190039466496673e-17,0.0,3.764911150205301e-06,99.77848242847155,2.0360366088087426e-16,1.2704280264926712e-19,1.4935933358824068e-32,7.60892194442235e-30,1.3543238626063873e-17,2.61429378753039,3.5480178888576567e-12,0.0003270339862480422,1000000.0,1000415.491813059
0.6480860090612115,0.00010041695482706169,-1.3859880891690864e-10,298.1500050716295,0.0,0.02842430622137077,299.3212395314501,1.2188597935854695e-17,0.0,3.7649111657758935e-06,99.77848284162427,2.0357958378690407e-16,1.2701262836286792e-19,1.4934039613577417e-32,7.609560486589638e-30,1.3543238682027905e-17,2.6142937983554173,3.547598329361153e-12,0.00032703398626561183,1000000.0,1000415.4918136089
0.6490860090612115,0.00010041695468847893,-1.385827667327024e-10,298.1500050710211,0.0,0.028420915928870884,299.32124246591087,1.2187156575213419e-17,0.0,3.7649111813446793e-06,99.77848325472912,2.035555095323585e-16,1.269824612488818e-19,1.4932146138070881e-32,7.610199115735347e-30,1.35432387379847e-17,2.6142938091791894,3.547178819340971e-12,0.00032703398628317943,1000000.0,1000415.4918141766
0.6500860090612115,0.00010041695454991219,-1.385667485881988e-10,298.1500050704128,0.0,0.028417526043102468,299.3212454000251,1.218571538455274e-17,0.0,3.7649111969116642e-06,99.77848366778623,2.0353143811690904e-16,1.2695230130558786e-19,1.4930252931787398e-32,7.610837831864942e-30,1.3543238793934654e-17,2.6142938200017114,3.546759358791375e-12,0.0003270339863007451,1000000.0,1000415.4918147626
0.6510860090612115,0.00010041695441136237,-1.3854982114957333e-10,298.15000506980454,0.0,0.028414136564015403,299.32124833378464,1.2184274363851496e-17,0.0,3.764911212476745e-06,99.77848408079288,2.0350736954020346e-16,1.2692214853126918e-19,1.4928359994844047e-32,7.611476634986553e-30,1.3543238849877255e-17,2.6142938308229104,3.546339947706147e-12,0.0003270339863183085,1000000.0,1000415.4918153394
0.6520860090612115,0.00010041695427282947,-1.3853289543389763e-10,298.15000506919625,0.0,0.028410747491560355,299.32125126718955,1.2182833513090217e-17,0.0,3.7649112280399234e-06,99.77848449374912,2.0348330380190865e-16,1.268920029242298e-19,1.4926467327305342e-32,7.612115525108988e-30,1.3543238905813672e-17,2.614293841642789,3.5459205860796806e-12,0.0003270339863358698,1000000.0,1000415.491815907
0.6530860090612115,0.0001004169541343126,-1.3851686988186312e-10,298.1500050685882,0.0,0.028407358825688726,299.3212542002479,1.2181392832250136e-17,0.0,3.764911243601299e-06,99.77848490665757,2.0345924090171852e-16,1.2686186448277213e-19,1.492457492902806e-32,7.612754502239508e-30,1.3543238961743368e-17,2.6142938524614157,3.5455012739063635e-12,0.0003270339863534291,1000000.0,1000415.491816493
0.6540860090612115,0.00010041695399581355,-1.384990483673364e-10,298.15000506797986,0.0,0.028403970566349662,299.3212571329436,1.217995232130837e-17,0.0,3.76491125916067e-06,99.77848531951291,2.0343518083924862e-16,1.268317332051588e-19,1.4922682799784808e-32,7.613393566385768e-30,1.3543239017666572e-17,2.6142938632786508,3.545082011179863e-12,0.00032703398637098615,1000000.0,1000415.4918170412
0.6550860090612115,0.00010041695385733053,-1.3848300568110418e-10,298.150005067372,0.0,0.028400582713495347,299.3212600652926,1.217851198024829e-17,0.0,3.7649112747182375e-06,99.77848573232043,2.0341112361422102e-16,1.2680160908972517e-19,1.4920790939997467e-32,7.614032717554914e-30,1.3543239073582474e-17,2.6142938740946327,3.544662797894913e-12,0.0003270339863885411,1000000.0,1000415.4918176086
0.6560860090612115,0.00010041695371886352,-1.3846700707232616e-10,298.1500050667642,0.0,0.028397195267076486,299.3212629972953,1.2177071809048569e-17,0.0,3.764911290274005e-06,99.77848614508027,2.0338706922627945e-16,1.2677149213474053e-19,1.4918899349068293e-32,7.614671955754795e-30,1.354323912949304e-17,2.6142938849093658,3.5442436340456315e-12,0.0003270339864060941,1000000.0,1000415.4918181939
0.6570860090612115,0.00010041695358041343,-1.3845009988715347e-10,298.1500050661563,0.0,0.028393808227042988,299.3212659289436,1.2175631807689561e-17,0.0,3.7649113058278705e-06,99.77848655778969,2.0336301767509681e-16,1.2674138233851542e-19,1.4917008027385884e-32,7.615311280993771e-30,1.3543239185396093e-17,2.6142938957227773,3.543824519626203e-12,0.00032703398642364487,1000000.0,1000415.4918187696
0.6580860090612115,0.00010041695344198024,-1.3843318320109522e-10,298.15000506554844,0.0,0.028390421593345535,299.32126886023747,1.2174191976151059e-17,0.0,3.764911321379833e-06,99.77848697044868,2.0333896896033537e-16,1.267112796993368e-19,1.491511697462138e-32,7.615950693277607e-30,1.3543239241292683e-17,2.6142939065348676,3.543405454630573e-12,0.0003270339864411935,1000000.0,1000415.4918193357
0.6590860090612115,0.00010041695330356306,-1.384171681860857e-10,298.15000506494084,0.0,0.028387035365935613,299.3212717911851,1.2172752314413448e-17,0.0,3.7649113369299958e-06,99.77848738305998,2.033149230816647e-16,1.2668118421550738e-19,1.4913226190866936e-32,7.616590192616263e-30,1.3543239297181668e-17,2.6142939173457083,3.54298643905331e-12,0.00032703398645874017,1000000.0,1000415.4918199213
0.6600860090612115,0.0001004169531651628,-1.384002647465075e-10,298.1500050643332,0.0,0.02838364954476314,299.32127472177825,1.2171312822456323e-17,0.0,3.764911352478256e-06,99.77848779562085,2.0329088003874955e-16,1.2665109588531903e-19,1.4911335676023673e-32,7.617229779015868e-30,1.3543239353064201e-17,2.614293928155228,3.5425674728883635e-12,0.0003270339864762846,1000000.0,1000415.4918204964
0.6610860090612115,0.00010041695302677945,-1.3838334667957297e-10,298.15000506372553,0.0,0.028380264129778832,299.3212776520172,1.2169873500259588e-17,0.0,3.7649113680246142e-06,99.77848820813132,2.0326683983124865e-16,1.2662101470706773e-19,1.4909445430054434e-32,7.617869452485094e-30,1.35432394089412e-17,2.614293938963427,3.542148556129947e-12,0.00032703398649382696,1000000.0,1000415.4918210622
0.6620860090612115,0.00010041695288841301,-1.3836643129727682e-10,298.150005063118,0.0,0.028376879120933386,299.32128058190176,1.2168434347803982e-17,0.0,3.7649113835690702e-06,99.77848862059136,2.0324280245884194e-16,1.2659094067906097e-19,1.490755545297983e-32,7.618509213029943e-30,1.3543239464809422e-17,2.6142939497703046,3.541729688772287e-12,0.00032703398651136713,1000000.0,1000415.4918216189
0.6630860090612115,0.00010041695275006258,-1.383504288724646e-10,298.15000506251073,0.0,0.028373494518178298,299.32128351144013,1.216699536506997e-17,0.0,3.7649113991117246e-06,99.77848903300368,2.0321876792120713e-16,1.2656087379958997e-19,1.4905665744589496e-32,7.619149060660804e-30,1.3543239520673142e-17,2.614293960575932,3.5413108708098133e-12,0.00032703398652890534,1000000.0,1000415.4918221936
0.6640860090612115,0.00010041695261172904,-1.3833354253002913e-10,298.1500050619033,0.0,0.028370110321463547,299.3212864406245,1.21655565520368e-17,0.0,3.76491141465248e-06,99.77848944536568,2.0319473621799065e-16,1.2653081406696098e-19,1.4903776305027346e-32,7.619788995382736e-30,1.354323957652889e-17,2.614293971380241,3.5408921022364285e-12,0.0003270339865464414,1000000.0,1000415.4918227588
0.6650860090612115,0.0001004169524734115,-1.3831754592660655e-10,298.15000506129616,0.0,0.02836672653074062,299.3212893694628,1.216411790868512e-17,0.0,3.764911430191436e-06,99.77848985767999,2.0317070734887323e-16,1.2650076147946213e-19,1.4901887134033404e-32,7.620429017204448e-30,1.3543239632378082e-17,2.6142939821833004,3.5404733830467206e-12,0.00032703398656397544,1000000.0,1000415.4918233429
0.6660860090612115,0.00010041695233511084,-1.3830064985624922e-10,298.1500050606889,0.0,0.028363343145959497,299.321292297947,1.216267943499471e-17,0.0,3.7649114457284916e-06,99.77849026994393,2.0314668131351912e-16,1.2647071603540312e-19,1.489999823180388e-32,7.621069126133929e-30,1.3543239688220852e-17,2.6142939929850404,3.540054713234485e-12,0.00032703398658150726,1000000.0,1000415.4918239171
0.6670860090612115,0.00010041695219682709,-1.382837467809693e-10,298.15000506008175,0.0,0.028359960167070913,299.32129522607727,1.2161241130945052e-17,0.0,3.764911461263647e-06,99.77849068215751,2.0312265811157958e-16,1.2644067773307233e-19,1.4898109598056816e-32,7.621709322177878e-30,1.3543239744056783e-17,2.6142940037854605,3.5396360927940034e-12,0.00032703398659903696,1000000.0,1000415.4918244822
0.6680860090612115,0.00010041695205855933,-1.382677536432315e-10,298.15000505947484,0.0,0.02835657759402638,299.3212981538615,1.2159802996518161e-17,0.0,3.7649114767970036e-06,99.7784910943234,2.030986377427622e-16,1.2641064657078518e-19,1.4896221232955404e-32,7.622349605344956e-30,1.3543239799885826e-17,2.6142940145846314,3.539217521719837e-12,0.00032703398661656466,1000000.0,1000415.4918250658
0.6690860090612115,0.00010041695192030847,-1.3825086784933494e-10,298.1500050588678,0.0,0.028353195426775907,299.3213010812918,1.2158365031692032e-17,0.0,3.7649114923284602e-06,99.77849150643895,2.0307462020669208e-16,1.2638062254683138e-19,1.4894333136266763e-32,7.622989975642374e-30,1.3543239855709e-17,2.6142940253824833,3.538799000005874e-12,0.00032703398663409025,1000000.0,1000415.4918256397
0.6700860090612115,0.0001004169517820745,-1.382339694654698e-10,298.15000505826083,0.0,0.028349813665270243,299.32130400836814,1.2156927236448245e-17,0.0,3.764911507858016e-06,99.77849191850413,2.0305060550306366e-16,1.263506056595235e-19,1.48924453081114e-32,7.623630433078305e-30,1.3543239911524241e-17,2.6142940361790155,3.5383805276462405e-12,0.0003270339866516136,1000000.0,1000415.4918262039
0.6710860090612115,0.00010041695164385742,-1.3821707566111114e-10,298.15000505765397,0.0,0.028346432309460157,299.3213069350905,1.2155489610765441e-17,0.0,3.7649115233856716e-06,99.77849233051896,2.0302659363152427e-16,1.2632059590713927e-19,1.4890557748175048e-32,7.624270977658637e-30,1.3543239967333386e-17,2.6142940469742277,3.5379621046352528e-12,0.00032703398666913486,1000000.0,1000415.4918267585
0.6720860090612115,0.00010041695150565631,-1.382010965771558e-10,298.1500050570473,0.0,0.028343051359297218,299.3213098614673,1.2154052154625256e-17,0.0,3.7649115389115314e-06,99.77849274248618,2.0300258459176224e-16,1.2629059328800932e-19,1.4888670456820216e-32,7.624911609393783e-30,1.3543240023136099e-17,2.6142940577681935,3.5375437309674066e-12,0.0003270339866866541,1000000.0,1000415.4918273324
0.6730860090612115,0.0001004169513674721,-1.381842114282411e-10,298.1500050564406,0.0,0.028339670814731405,299.3213127874902,1.2152614868007288e-17,0.0,3.764911554435491e-06,99.77849315440307,2.0297857838344e-16,1.262605978004164e-19,1.4886783433600098e-32,7.62555232828901e-30,1.3543240078931497e-17,2.6142940685608393,3.5371254066365444e-12,0.00032703398670417123,1000000.0,1000415.4918278964
0.6740860090612115,0.00010041695122930386,-1.381682430964562e-10,298.1500050558341,0.0,0.028336290675714318,299.3213157131676,1.2151177750891786e-17,0.0,3.764911569957655e-06,99.77849356627236,2.0295457500622536e-16,1.2623060944267938e-19,1.4884896678750036e-32,7.62619313435361e-30,1.3543240134721021e-17,2.614294079352239,3.5367071316372194e-12,0.00032703398672168636,1000000.0,1000415.491828479
0.6750860090612115,0.0001004169510911525,-1.381513587489448e-10,298.1500050552275,0.0,0.02833291094219593,299.32131863849116,1.214974080325851e-17,0.0,3.7649115854779186e-06,99.77849397809126,2.029305744597829e-16,1.2620062821309078e-19,1.4883010192029362e-32,7.62683402759454e-30,1.3543240190503361e-17,2.614294090142319,3.5362889059633383e-12,0.0003270339867391993,1000000.0,1000415.4918290516
0.6760860090612115,0.00010041695095301801,-1.3813448181732022e-10,298.15000505462103,0.0,0.0283295316141271,299.32132156346114,1.2148304025087262e-17,0.0,3.764911600996286e-06,99.77849438985992,2.0290657674376907e-16,1.2617065410995513e-19,1.4881123973488955e-32,7.627475008019092e-30,1.3543240246278665e-17,2.6142941009310814,3.535870729609121e-12,0.00032703398675671015,1000000.0,1000415.4918296154
0.6770860090612115,0.00010041695081489949,-1.381185103430041e-10,298.15000505401474,0.0,0.028326152691459366,299.3213244880857,1.2146867416359184e-17,0.0,3.764911616512857e-06,99.77849480158098,2.0288258185787707e-16,1.261406871315776e-19,1.4879238023050398e-32,7.628116075635966e-30,1.354324030204838e-17,2.6142941117185976,3.5354526025691157e-12,0.00032703398677421893,1000000.0,1000415.4918301977
0.6780860090612115,0.00010041695067679786,-1.3810164207264246e-10,298.1500050534084,0.0,0.028322774174142768,299.3213274123565,1.2145430977053867e-17,0.0,3.7649116320275286e-06,99.7784952132517,2.028585898017628e-16,1.2611072727626637e-19,1.4877352340728352e-32,7.628757230452133e-30,1.3543240357810215e-17,2.614294122504794,3.535034524837267e-12,0.0003270339867917256,1000000.0,1000415.49183077
0.6790860090612115,0.0001004169505387131,-1.3808476333459688e-10,298.1500050528021,0.0,0.02831939606212813,299.3213303362738,1.2143994707150723e-17,0.0,3.764911647540302e-06,99.77849562487212,2.0283460057508016e-16,1.2608077454231595e-19,1.487546692633597e-32,7.629398472475389e-30,1.3543240413566105e-17,2.614294133289673,3.5346164964076444e-12,0.00032703398680923015,1000000.0,1000415.4918313326
0.6800860090612115,0.00010041695040064429,-1.3806880323315756e-10,298.15000505219604,0.0,0.028316018355367078,299.3213332598458,1.2142558606631393e-17,0.0,3.764911663051283e-06,99.778496036445,2.028106141775257e-16,1.2605082892804266e-19,1.4873581779990064e-32,7.630039801713431e-30,1.354324046931544e-17,2.6142941440733067,3.5341985172749263e-12,0.00032703398682673265,1000000.0,1000415.4918319145
0.6810860090612115,0.00010041695026259235,-1.3805193475326207e-10,298.1500050515899,0.0,0.028312641053809623,299.3213361830643,1.2141122675475232e-17,0.0,3.7649116785603643e-06,99.77849644796757,2.027866306087502e-16,1.2602089043175551e-19,1.487169690158843e-32,7.630681218173799e-30,1.3543240525057483e-17,2.6142941548556218,3.5337805874329873e-12,0.000327033986844233,1000000.0,1000415.4918324865
0.6820860090612115,0.00010041695012455731,-1.3803505697825317e-10,298.1500050509838,0.0,0.028309264157406613,299.32133910592916,1.2139686913661216e-17,0.0,3.7649116940675454e-06,99.77849685943978,2.0276264986841123e-16,1.259909590517346e-19,1.486981229087124e-32,7.631322721864974e-30,1.3543240580793082e-17,2.614294165636617,3.533362706876029e-12,0.00032703398686173123,1000000.0,1000415.4918330484
0.6830860090612115,0.00010041694998653912,-1.380181868447131e-10,298.15000505037784,0.0,0.028305887666108913,299.3213420284408,1.2138251321171027e-17,0.0,3.764911709572833e-06,99.77849727086178,2.0273867195619238e-16,1.2596103478631285e-19,1.4867927948227933e-32,7.63196431279331e-30,1.3543240636521419e-17,2.6142941764162972,3.5329448755983174e-12,0.00032703398687922733,1000000.0,1000415.4918336017
0.6840860090612115,0.00010041694984853711,-1.3800199685348217e-10,298.150005049772,0.0,0.028302511579867948,299.32134495060524,1.2136815898005546e-17,0.0,3.7649117250762997e-06,99.77849768223554,2.0271469687211165e-16,1.2593111760855593e-19,1.4866043423016492e-32,7.632605990938057e-30,1.3543240692243984e-17,2.6142941871947127,3.532527093600272e-12,0.0003270339868967213,1000000.0,1000415.4918341663
0.6850860090612115,0.0001004169497105513,-1.379858144534471e-10,298.1500050491663,0.0,0.028299135898634552,299.3213478724224,1.213538064410329e-17,0.0,3.764911740577945e-06,99.77849809356103,2.0269072461514752e-16,1.2590120756725105e-19,1.4864159769298042e-32,7.633247756366224e-30,1.3543240747959633e-17,2.614294197971864,3.5321093608641086e-12,0.0003270339869142133,1000000.0,1000415.4918347422
0.6860860090612115,0.00010041694957258167,-1.3796962559551744e-10,298.15000504856073,0.0,0.028295760622359594,299.32135079389235,1.2133945559465806e-17,0.0,3.76491175607777e-06,99.77849850483828,2.0266675518532198e-16,1.2587130463546402e-19,1.486227613037767e-32,7.633889609055205e-30,1.3543240803668308e-17,2.6142942087477508,3.5316916773899534e-12,0.0003270339869317032,1000000.0,1000415.4918353296
0.6870860090612115,0.00010041694943462911,-1.3795255276533028e-10,298.1500050479549,0.0,0.028292385750993188,299.32135371500704,1.2132510644070591e-17,0.0,3.764911771575674e-06,99.77849891606462,2.026427885822543e-16,1.2584140881148742e-19,1.486039282684089e-32,7.634531549012217e-30,1.3543240859371084e-17,2.614294219522304,3.5312740431718026e-12,0.00032703398694919095,1000000.0,1000415.4918358992
0.6880860090612115,0.00010041694929669368,-1.3793543377597605e-10,298.1500050473493,0.0,0.02828901128448617,299.3213566357662,1.2131075897900168e-17,0.0,3.764911787071653e-06,99.77849932723994,2.0261882480566297e-16,1.2581152009363905e-19,1.4858509812574325e-32,7.63517357624544e-30,1.3543240915065992e-17,2.6142942302955205,3.5308564582039766e-12,0.00032703398696667653,1000000.0,1000415.4918364524
0.6890860090612115,0.00010041694915877441,-1.3791925391044973e-10,298.1500050467438,0.0,0.028285637222790212,299.32135955617844,1.2129641320933694e-17,0.0,3.7649118025658125e-06,99.77849973836706,2.025948638551919e-16,1.257816384802278e-19,1.4856627072645652e-32,7.635815690762705e-30,1.3543240970754636e-17,2.614294241067474,3.5304389224808766e-12,0.00032703398698416005,1000000.0,1000415.4918370172
0.6900860090612115,0.00010041694902087134,-1.379030729427187e-10,298.1500050461385,0.0,0.028282263565856194,299.3213624762435,1.2128206913152048e-17,0.0,3.7649118180581522e-06,99.77850014944592,2.0257090573052192e-16,1.2575176396957432e-19,1.48547446024517e-32,7.636457892572551e-30,1.3543241026437356e-17,2.6142942518381633,3.530021435996728e-12,0.0003270339870016415,1000000.0,1000415.491837593
0.6910860090612115,0.00010041694888298535,-1.378860010712958e-10,298.150005045533,0.0,0.028278890313634245,299.3213653959534,1.212677267453489e-17,0.0,3.76491183354857e-06,99.77850056047386,2.0254695043131657e-16,1.2572189655997334e-19,1.4852862400276764e-32,7.637100181680972e-30,1.3543241082112806e-17,2.614294262607518,3.5296039987456356e-12,0.0003270339870191208,1000000.0,1000415.4918381516
0.6920860090612115,0.00010041694874511552,-1.3786981844513998e-10,298.1500050449278,0.0,0.028275517466076035,299.32136831531653,1.2125338605062893e-17,0.0,3.7649118490371698e-06,99.77850097145361,2.0252299795725246e-16,1.256920362497473e-19,1.485098046580264e-32,7.637742558097095e-30,1.3543241137781235e-17,2.6142942733756107,3.5291866107219017e-12,0.00032703398703659803,1000000.0,1000415.4918387224
0.6930860090612115,0.00010041694860726187,-1.3785364800678767e-10,298.1500050443227,0.0,0.028272145023132456,299.3213712343325,1.2123904704715906e-17,0.0,3.7649118645239496e-06,99.77850138238513,2.0249904830799528e-16,1.256621830371998e-19,1.4849098798681547e-32,7.638385021828884e-30,1.3543241193444313e-17,2.614294284142439,3.528769271919725e-12,0.0003270339870540732,1000000.0,1000415.4918393035
0.6940860090612115,0.00010041694846942528,-1.3783658113181048e-10,298.1500050437175,0.0,0.028268772984753675,299.32137415299377,1.2122470973473425e-17,0.0,3.764911880008811e-06,99.7785017932658,2.0247510148319772e-16,1.256323369206298e-19,1.4847217398852118e-32,7.639027572880763e-30,1.3543241249099211e-17,2.614294294907936,3.528351982333267e-12,0.00032703398707154625,1000000.0,1000415.4918398687
0.6950860090612115,0.00010041694833160488,-1.378204043289373e-10,298.15000504311246,0.0,0.028265401350891336,299.32137707130806,1.2121037411316987e-17,0.0,3.7649118954918523e-06,99.77850220409826,2.0245115748255513e-16,1.2560249789837388e-19,1.484533626645463e-32,7.639670211265091e-30,1.3543241304747385e-17,2.614294305672169,3.5279347419569665e-12,0.00032703398708901725,1000000.0,1000415.4918404452
0.6960860090612115,0.00010041694819380155,-1.378033283987744e-10,298.15000504250736,0.0,0.02826203012149562,299.3213799892673,1.21196040182247e-17,0.0,3.7649119109729723e-06,99.77850261487978,2.0242721630569592e-16,1.2557266596872195e-19,1.484345540108319e-32,7.64031293698694e-30,1.3543241360389857e-17,2.614294316435067,3.527517550784672e-12,0.0003270339871064861,1000000.0,1000415.491841004
0.6970860090612115,0.00010041694805601437,-1.3778715789234053e-10,298.15000504190255,0.0,0.028258659296518236,299.32138290688005,1.2118170794179784e-17,0.0,3.764911926452276e-06,99.77850302561318,2.024032779523443e-16,1.2554284113000774e-19,1.484157480302821e-32,7.640955750053718e-30,1.3543241416024796e-17,2.614294327196705,3.527100408810997e-12,0.00032703398712395285,1000000.0,1000415.4918415754
0.6980860090612115,0.00010041694791824338,-1.37771002664108e-10,298.1500050412978,0.0,0.02825528887591007,299.3213858241458,1.2116737739159798e-17,0.0,3.7649119419297594e-06,99.77850343629832,2.0237934242212702e-16,1.2551302338052624e-19,1.4839694471927578e-32,7.641598650474485e-30,1.354324147165376e-17,2.614294337957078,3.5266833160300918e-12,0.00032703398714141756,1000000.0,1000415.4918421569
0.6990860090612115,0.00010041694778048945,-1.3775394197129562e-10,298.15000504069286,0.0,0.028251918859621344,299.32138874105686,1.2115304853146475e-17,0.0,3.7649119574053245e-06,99.77850384693262,2.0235540971474076e-16,1.254832127185981e-19,1.4837814408007706e-32,7.64224163825606e-30,1.3543241527275662e-17,2.6142943487161197,3.5262662724360006e-12,0.0003270339871588801,1000000.0,1000415.4918427216
0.7000860090612115,0.00010041694764275167,-1.3773776894322083e-10,298.1500050400882,0.0,0.028248549247603755,299.32139165762123,1.2113872136118599e-17,0.0,3.764911972879072e-06,99.77850425751875,2.0233147982982175e-16,1.2545340914252739e-19,1.4835934611002466e-32,7.642884713406462e-30,1.354324158289128e-17,2.6142943594738983,3.5258492780231225e-12,0.0003270339871763406,1000000.0,1000415.4918432978
0.7010860090612115,0.00010041694750503096,-1.3772071240456578e-10,298.1500050394836,0.0,0.028245180039807485,299.32139457383107,1.2112439588056722e-17,0.0,3.7649119883509008e-06,99.77850466805404,2.0230755276705547e-16,1.2542361265063193e-19,1.4834055081051627e-32,7.643527875934072e-30,1.3543241638500692e-17,2.6142943702303456,3.5254323327855766e-12,0.00032703398719379894,1000000.0,1000415.491843858
0.7020860090612115,0.0001004169473673264,-1.3770455196588412e-10,298.15000503887904,0.0,0.028241811236184258,299.3213974896942,1.2111007208942326e-17,0.0,3.7649120038209115e-06,99.77850507854116,2.0228362852612467e-16,1.2539382324123966e-19,1.4832175818069515e-32,7.644171125845255e-30,1.3543241694101971e-17,2.6142943809855304,3.5250154367177384e-12,0.00032703398721125525,1000000.0,1000415.4918444286
0.7030860090612115,0.00010041694722963892,-1.376874920406571e-10,298.1500050382745,0.0,0.02823844283668426,299.3214004052026,1.2109574998754044e-17,0.0,3.7649120192890024e-06,99.77850548897737,2.022597071066766e-16,1.2536404091264546e-19,1.4830296821818495e-32,7.644814463148828e-30,1.354324174969724e-17,2.6142943917393815,3.5245985898135807e-12,0.0003270339872287094,1000000.0,1000415.4918449827
0.7040860090612115,0.00010041694709196759,-1.376713312660457e-10,298.1500050376702,0.0,0.02823507484125925,299.32140332036454,1.2108142957472815e-17,0.0,3.7649120347552764e-06,99.77850589936544,2.0223578850839091e-16,1.2533426566317865e-19,1.4828418092509296e-32,7.645457887851637e-30,1.3543241805285752e-17,2.6142944024919714,3.5241817920676524e-12,0.00032703398724616146,1000000.0,1000415.4918455478
0.7050860090612115,0.00010041694695431239,-1.3765519780888349e-10,298.1500050370659,0.0,0.02823170724986022,299.32140623518023,1.2106711085078718e-17,0.0,3.764912050219736e-06,99.77850630970543,2.022118727309395e-16,1.253044974911463e-19,1.4826539629903272e-32,7.646101399962408e-30,1.354324186086855e-17,2.6142944132433015,3.5237650434741326e-12,0.0003270339872636115,1000000.0,1000415.4918461248
0.7060860090612116,0.00010041694681667333,-1.376390583362982e-10,298.1500050364618,0.0,0.028228340062438136,299.32140914964964,1.2105279381552854e-17,0.0,3.7649120656823814e-06,99.77850671999734,2.0218795977400093e-16,1.2527473639487703e-19,1.482466143413041e-32,7.646744999487896e-30,1.3543241916444072e-17,2.6142944239933716,3.5233483440272917e-12,0.0003270339872810595,1000000.0,1000415.4918467128
0.7070860090612116,0.00010041694667905223,-1.376211053952254e-10,298.1500050358573,0.0,0.028224973278942446,299.3214120637564,1.2103847846872908e-17,0.0,3.7649120811430052e-06,99.77850713023567,2.0216404963720405e-16,1.252449823726639e-19,1.4822783504902342e-32,7.647388686435687e-30,1.3543241972011696e-17,2.614294434742038,3.5229316937209136e-12,0.0003270339872985052,1000000.0,1000415.4918472556
0.7080860090612116,0.0001004169465414473,-1.3760493296634566e-10,298.1500050352533,0.0,0.02822160689932567,299.3214149775167,1.2102416481020649e-17,0.0,3.7649120966018114e-06,99.77850754042584,2.021401423202494e-16,1.2521523542283097e-19,1.4820905842366916e-32,7.648032460815541e-30,1.3543242027574109e-17,2.6142944454894423,3.5225150925496515e-12,0.0003270339873159489,1000000.0,1000415.4918478106
0.7090860090612116,0.00010041694640385849,-1.375888002797723e-10,298.1500050346493,0.0,0.02821824092353883,299.32141789093095,1.2100985283977092e-17,0.0,3.7649121120588036e-06,99.77850795056791,2.021162378228106e-16,1.25185495543714e-19,1.481902844654546e-32,7.64867632263323e-30,1.3543242083130148e-17,2.614294456235587,3.5220985405077887e-12,0.0003270339873333905,1000000.0,1000415.4918483768
0.7100860090612116,0.00010041694626628581,-1.3757267308578732e-10,298.1500050340454,0.0,0.028214875351532942,299.32142080399905,1.2099554255722221e-17,0.0,3.7649121275139828e-06,99.77850836066195,2.0209233614456287e-16,1.251557627336167e-19,1.481715131711685e-32,7.649320271896513e-30,1.3543242138678704e-17,2.6142944669804726,3.521682037589528e-12,0.00032703398735083007,1000000.0,1000415.4918489541
0.7110860090612116,0.00010041694612872927,-1.3755654346128625e-10,298.15000503344163,0.0,0.02821151018325899,299.32142371672086,1.2098123396234715e-17,0.0,3.764912142967345e-06,99.77850877070783,2.0206843728514159e-16,1.2512603699085658e-19,1.4815274454214602e-32,7.649964308613556e-30,1.35432421942205e-17,2.614294477724097,3.521265583788982e-12,0.0003270339873682676,1000000.0,1000415.4918495425
0.7120860090612116,0.00010041694599118976,-1.3753951577572554e-10,298.15000503283767,0.0,0.02820814541866726,299.3214266290887,1.209669270549638e-17,0.0,3.764912158418794e-06,99.778509180703,2.0204454124424792e-16,1.250963183137555e-19,1.4813397857811705e-32,7.650608432792481e-30,1.3543242249755883e-17,2.614294488466392,3.520849179100485e-12,0.000327033987385703,1000000.0,1000415.491850114
0.7130860090612116,0.0001004169458536673,-1.3752245269748642e-10,298.1500050322338,0.0,0.02820478105770875,299.3214295411021,1.209526218348606e-17,0.0,3.764912173868323e-06,99.7785095906473,2.020206480215309e-16,1.2506660670061912e-19,1.4811521527710308e-32,7.651252644439885e-30,1.3543242305284359e-17,2.6142944992073547,3.5204328235180346e-12,0.0003270339874031362,1000000.0,1000415.4918506687
0.7140860090612116,0.00010041694571616099,-1.3750632089412893e-10,298.15000503163026,0.0,0.02820141710033525,299.3214324527694,1.2093831830185122e-17,0.0,3.764912189316038e-06,99.7785100005435,2.019967576166738e-16,1.2503690214978653e-19,1.4809645464103551e-32,7.65189694356558e-30,1.3543242360806357e-17,2.614294509947057,3.5200165170362037e-12,0.00032703398742056736,1000000.0,1000415.4918512353
0.7150860090612116,0.00010041694557867079,-1.3749019858549866e-10,298.15000503102675,0.0,0.028198053546497827,299.32143536409075,1.2092401645573434e-17,0.0,3.764912204761939e-06,99.77851041039166,2.0197287002934083e-16,1.2500720465956397e-19,1.4807769666673356e-32,7.652541330175685e-30,1.354324241632267e-17,2.6142945206855,3.5196002596491877e-12,0.00032703398743799645,1000000.0,1000415.4918518128
0.7160860090612116,0.00010041694544119763,-1.3747317142015284e-10,298.15000503042313,0.0,0.02819469039614676,299.32143827505814,1.2090971629630467e-17,0.0,3.764912220205925e-06,99.77851082018906,2.0194898525919222e-16,1.2497751422826867e-19,1.4805894135541963e-32,7.653185804277297e-30,1.3543242471830423e-17,2.614294531422614,3.519184051350903e-12,0.00032703398745542343,1000000.0,1000415.4918523736
0.7170860090612116,0.0001004169453037406,-1.3745703844527465e-10,298.15000502981974,0.0,0.02819132764923384,299.32144118567953,1.2089541782337308e-17,0.0,3.7649122356480973e-06,99.77851122993837,2.0192510330591463e-16,1.2494783085422455e-19,1.4804018870631934e-32,7.6538303658798e-30,1.3543242527334062e-17,2.6142945421584676,3.518767892135982e-12,0.00032703398747284835,1000000.0,1000415.4918529454
0.7180860090612116,0.00010041694516629967,-1.3744092820728542e-10,298.15000502921646,0.0,0.028187965305710123,299.3214440959551,1.2088112103674827e-17,0.0,3.7649122510884555e-06,99.77851163963962,2.0190122416917716e-16,1.2491815453577295e-19,1.480214387201071e-32,7.654475014990422e-30,1.3543242582828933e-17,2.6142945528930617,3.518351781998691e-12,0.0003270339874902712,1000000.0,1000415.491853529
0.7190860090612116,0.00010041694502887576,-1.3742390158832153e-10,298.15000502861307,0.0,0.028184603365525942,299.3214470058769,1.2086682593621303e-17,0.0,3.764912266526902e-06,99.7785120492902,2.0187734784862896e-16,1.2488848527119822e-19,1.4800269139226711e-32,7.655119751615817e-30,1.3543242638317722e-17,2.614294563626329,3.5179357209328662e-12,0.0003270339875076919,1000000.0,1000415.4918540961
0.7200860090612116,0.0001004169448914689,-1.374068701967974e-10,298.15000502800973,0.0,0.028181241828632336,299.32144991544465,1.2085253252158621e-17,0.0,3.7649122819634307e-06,99.77851245888995,2.0185347434396131e-16,1.248588230588483e-19,1.4798394672775598e-32,7.655764575765056e-30,1.3543242693799162e-17,2.6142945743582637,3.5175197089330073e-12,0.00032703398752511047,1000000.0,1000415.4918546459
0.7210860090612116,0.00010041694475407815,-1.3739073896790914e-10,298.1500050274067,0.0,0.028177880694981148,299.3214528246667,1.2083824079265848e-17,0.0,3.764912297398147e-06,99.7785128684417,2.018296036548288e-16,1.2482916789702903e-19,1.4796520472161434e-32,7.656409487446598e-30,1.3543242749274682e-17,2.614294585088941,3.5171037459932867e-12,0.000327033987542527,1000000.0,1000415.4918552081
0.7220860090612116,0.00010041694461670351,-1.3737464195632855e-10,298.1500050268036,0.0,0.028174519964523446,299.321455733543,1.2082395074924385e-17,0.0,3.7649123128310506e-06,99.77851327794536,2.0180573578091594e-16,1.2479951978407662e-19,1.4794646537659226e-32,7.657054486665637e-30,1.3543242804743681e-17,2.6142945958183588,3.5166878321081565e-12,0.00032703398755994144,1000000.0,1000415.4918557802
0.7230860090612116,0.00010041694447934499,-1.3735853343974982e-10,298.15000502620074,0.0,0.02817115963721034,299.3214586420737,1.2080966239114082e-17,0.0,3.7649123282621423e-06,99.77851368740103,2.0178187072188586e-16,1.2476987871831384e-19,1.4792772869047883e-32,7.657699573432235e-30,1.3543242860205935e-17,2.6142946065465185,3.5162719672717766e-12,0.00032703398757735384,1000000.0,1000415.4918563643
0.7240860090612116,0.00010041694434200345,-1.3734152441813395e-10,298.1500050255977,0.0,0.028167799712992173,299.32146155025094,1.2079537571814163e-17,0.0,3.764912343691324e-06,99.77851409680608,2.01758008477399e-16,1.2474024469804038e-19,1.4790899466185364e-32,7.658344747752853e-30,1.3543242915660916e-17,2.6142946172733517,3.515856151478161e-12,0.0003270339875947641,1000000.0,1000415.491856932
0.7250860090612116,0.00010041694420467896,-1.3732449559318235e-10,298.1500050249947,0.0,0.02816444019181999,299.32146445807416,1.2078109073005739e-17,0.0,3.7649123591185874e-06,99.77851450616028,2.0173414904713392e-16,1.247106177216025e-19,1.4789026329367605e-32,7.65899000963574e-30,1.3543242971109678e-17,2.6142946279988535,3.5154403847216773e-12,0.00032703398761217223,1000000.0,1000415.4918574822
0.7260860090612115,0.00010041694406737058,-1.3730838870051645e-10,298.150005024392,0.0,0.028161081073645677,299.3214673655519,1.207668074266886e-17,0.0,3.7649123745440395e-06,99.77851491546649,2.0171029243075786e-16,1.2468099778731274e-19,1.4787153458181923e-32,7.65963535908855e-30,1.3543243026552486e-17,2.614294638723097,3.515024666996681e-12,0.0003270339876295783,1000000.0,1000415.4918580443
0.7270860090612115,0.00010041694393007829,-1.3729228861034894e-10,298.1500050237894,0.0,0.028157722358420373,299.3214702726842,1.2075252580784723e-17,0.0,3.7649123899676815e-06,99.77851532472472,2.0168643862795726e-16,1.2465138489350932e-19,1.4785280852855217e-32,7.660280796119294e-30,1.3543243081988848e-17,2.614294649446084,3.5146089982975108e-12,0.00032703398764698233,1000000.0,1000415.4918586179
0.7280860090612115,0.00010041694379280208,-1.3727619921237418e-10,298.1500050231868,0.0,0.028154364046095195,299.3214731794713,1.2073824587332322e-17,0.0,3.764912405389515e-06,99.77851573393502,2.0166258763837597e-16,1.2462177903851113e-19,1.4783408513143074e-32,7.660926320735784e-30,1.3543243137417318e-17,2.614294660167815,3.5141933786182398e-12,0.0003270339876643843,1000000.0,1000415.4918592027
0.7290860090612115,0.00010041694365554289,-1.3725919418446002e-10,298.15000502258414,0.0,0.02815100613662047,299.32147608590475,1.20723967622927e-17,0.0,3.764912420809435e-06,99.7785161430946,2.016387394617108e-16,1.2459218022063592e-19,1.47815364390627e-32,7.661571932944773e-30,1.3543243192840322e-17,2.614294670888217,3.513777807953184e-12,0.00032703398768178414,1000000.0,1000415.4918597706
0.7300860090612115,0.00010041694351830072,-1.372421791416607e-10,298.15000502198154,0.0,0.028147648629947335,299.3214789919847,1.2070969105644628e-17,0.0,3.764912436227441e-06,99.77851655220346,2.0161489409759905e-16,1.2456258843820046e-19,1.4779664630544984e-32,7.662217632754636e-30,1.3543243248254619e-17,2.6142946816072903,3.513362286296433e-12,0.0003270339876991818,1000000.0,1000415.491860322
0.7310860090612115,0.00010041694338107464,-1.3722608320497227e-10,298.1500050213792,0.0,0.02814429152602769,299.3214818977192,1.2069541617370019e-17,0.0,3.764912451643635e-06,99.7785169612643,2.0159105154573268e-16,1.2453300368955634e-19,1.4777793087751056e-32,7.662863420173849e-30,1.3543243303664237e-17,2.614294692325106,3.5129468136423547e-12,0.00032703398771657743,1000000.0,1000415.4918608841
0.7320860090612115,0.00010041694324386464,-1.3720999740566098e-10,298.150005020777,0.0,0.028140934824812693,299.3214848031087,1.2068114297448841e-17,0.0,3.764912467058022e-06,99.77851737027726,2.0156721180578653e-16,1.245034259730168e-19,1.4775921810308207e-32,7.663509295209359e-30,1.3543243359066553e-17,2.614294703041666,3.5125313899853956e-12,0.000327033987733971,1000000.0,1000415.4918614589
0.7330860090612115,0.00010041694310667164,-1.3719300736044972e-10,298.1500050201745,0.0,0.028137578526252722,299.32148770814484,1.2066687145860636e-17,0.0,3.764912482470497e-06,99.77851777923954,2.015433748774142e-16,1.2447385528690109e-19,1.4774050798324414e-32,7.664155257868518e-30,1.3543243414461838e-17,2.6142947137568986,3.5121160153194596e-12,0.00032703398775136243,1000000.0,1000415.4918620158
0.7340860090612115,0.00010041694296949475,-1.3717690019306877e-10,298.1500050195724,0.0,0.028134222630299664,299.3214906128356,1.2065260162586717e-17,0.0,3.76491249788116e-06,99.7785181881538,2.0151954076030656e-16,1.244442916295524e-19,1.4772180051851285e-32,7.664801308160776e-30,1.3543243469851645e-17,2.6142947244708727,3.5117006896390972e-12,0.00032703398776875184,1000000.0,1000415.4918625844
0.7350860090612115,0.00010041694283233393,-1.3716082314493906e-10,298.1500050189703,0.0,0.028130867136904707,299.32149351718135,1.2063833347606136e-17,0.0,3.764912513290015e-06,99.77851859702012,2.0149570945411173e-16,1.244147349992829e-19,1.4770309570606567e-32,7.665447446092373e-30,1.3543243525234001e-17,2.614294735183592,3.5112854129385542e-12,0.0003270339877861392,1000000.0,1000415.491863164
0.7360860090612115,0.00010041694269519008,-1.3714383656700726e-10,298.1500050183682,0.0,0.028127512046018273,299.32149642117406,1.2062406700899976e-17,0.0,3.7649125286969614e-06,99.7785190058359,2.0147188095851486e-16,1.2438518539442304e-19,1.476843935475832e-32,7.666093671671627e-30,1.354324358060923e-17,2.6142947458949855,3.5108701852118065e-12,0.00032703398780352437,1000000.0,1000415.4918637276
0.7370860090612115,0.00010041694255806233,-1.3712774581835008e-10,298.1500050177663,0.0,0.028124157357592248,299.3214993248216,1.2060980222448487e-17,0.0,3.7649125441020975e-06,99.77851941460368,2.0144805527318254e-16,1.243556428133129e-19,1.47665694042202e-32,7.666739984905636e-30,1.3543243635978305e-17,2.6142947566051222,3.5104550064534126e-12,0.00032703398782090755,1000000.0,1000415.4918643027
0.7380860090612115,0.00010041694242095156,-1.371107732060228e-10,298.1500050171643,0.0,0.02812080307157708,299.3215022281162,1.2059553912231041e-17,0.0,3.764912559505324e-06,99.77851982332085,2.0142423239777524e-16,1.243261072542642e-19,1.4764699718786435e-32,7.667386385803587e-30,1.3543243691340972e-17,2.614294767313933,3.510039876657346e-12,0.00032703398783828856,1000000.0,1000415.4918648609
0.7390860090612115,0.00010041694228385687,-1.3709468041200794e-10,298.1500050165625,0.0,0.028117449187924703,299.32150513106563,1.2058127770228935e-17,0.0,3.764912574906741e-06,99.77852023199009,2.0140041233197682e-16,1.2429657871562243e-19,1.4762830298645456e-32,7.66803287437229e-30,1.3543243746696094e-17,2.614294778021487,3.5096247958181162e-12,0.0003270339878556675,1000000.0,1000415.49186543
0.7400860090612115,0.00010041694214677918,-1.3707769687850003e-10,298.15000501596063,0.0,0.028114095706585532,299.32150803366204,1.2056701796421992e-17,0.0,3.7649125903062468e-06,99.77852064060865,2.0137659507544873e-16,1.242670571957059e-19,1.476096114354734e-32,7.668679450619073e-30,1.3543243802044598e-17,2.6142947887277144,3.5092097639297498e-12,0.00032703398787304434,1000000.0,1000415.4918659832
0.7410860090612115,0.00010041694200971757,-1.3706161468206023e-10,298.15000501535906,0.0,0.02811074262751153,299.32151093591347,1.2055275990790385e-17,0.0,3.7649126057039437e-06,99.77852104917928,2.0135278062786788e-16,1.2423754269283814e-19,1.4759092253489824e-32,7.669326114552863e-30,1.3543243857388022e-17,2.614294799432685,3.5087947809867213e-12,0.0003270339878904191,1000000.0,1000415.4918665469
0.7420860090612115,0.00010041694187267201,-1.370455618618721e-10,298.1500050147575,0.0,0.028107389950653917,299.3215138378202,1.2053850353315534e-17,0.0,3.7649126210998344e-06,99.77852145770204,2.0132896898891914e-16,1.2420803520537293e-19,1.475722362864832e-32,7.669972866180778e-30,1.3543243912723752e-17,2.614294810136402,3.508379846983385e-12,0.0003270339879077918,1000000.0,1000415.4918671221
0.7430860090612115,0.00010041694173564343,-1.3702858693637876e-10,298.15000501415585,0.0,0.02810403767596313,299.32151673937415,1.2052424883975353e-17,0.0,3.7649126364938166e-06,99.77852186617422,2.0130516015823346e-16,1.2417853473161193e-19,1.47553552685631e-32,7.670619705511046e-30,1.3543243968053585e-17,2.614294820838794,3.507964961913534e-12,0.0003270339879251624,1000000.0,1000415.4918676814
0.7440860090612115,0.00010041694159863115,-1.3701227071188226e-10,298.1500050135544,0.0,0.028100685803390958,299.3215196405812,1.2050999582773128e-17,0.0,3.764912651885966e-06,99.7785222745978,2.0128135413585856e-16,1.2414904124503387e-19,1.4753486731005795e-32,7.671266632521727e-30,1.3543244023376444e-17,2.614294831539912,3.5075501257778915e-12,0.00032703398794253096,1000000.0,1000415.4918682445
0.7450860090612115,0.00010041694146163518,-1.3699597198247757e-10,298.150005012953,0.0,0.02809733433288859,299.32152254144137,1.2049574449646694e-17,0.0,3.76491266727628e-06,99.77852268297278,2.012575509207711e-16,1.241195547937169e-19,1.4751619051168818e-32,7.671913647279617e-30,1.3543244078691712e-17,2.6142948422397567,3.5071353385585954e-12,0.00032703398795989744,1000000.0,1000415.4918688112
0.7460860090612115,0.00010041694132465552,-1.3697967007692798e-10,298.15000501235176,0.0,0.028093983264407256,299.32152544195463,1.2048149484596718e-17,0.0,3.7649126826647593e-06,99.7785230912991,2.0123375051297533e-16,1.240900753511034e-19,1.4749751388127933e-32,7.672560749762413e-30,1.354324413400165e-17,2.6142948529383268,3.5067206002558223e-12,0.00032703398797726186,1000000.0,1000415.4918693819
0.7470860090612115,0.00010041694118769304,-1.3696246945538747e-10,298.15000501175035,0.0,0.028090632597897458,299.3215283421133,1.2046724687603728e-17,0.0,3.7649126980513063e-06,99.77852349957425,2.012099529121408e-16,1.2406060291553366e-19,1.4747884056514401e-32,7.67320793997823e-30,1.3543244189304027e-17,2.6142948636355556,3.5063059108636916e-12,0.0003270339879946241,1000000.0,1000415.4918699297
0.7480860090612115,0.00010041694105074687,-1.369461627944357e-10,298.1500050111492,0.0,0.02808728233331117,299.32153124192524,1.204530005864893e-17,0.0,3.76491271343602e-06,99.77852390780077,2.0118615811795904e-16,1.2403113748534834e-19,1.4746017010919226e-32,7.673855217934847e-30,1.3543244244600464e-17,2.614294874331511,3.505891270376792e-12,0.0003270339880119843,1000000.0,1000415.4918704812
0.7490860090612115,0.0001004169409138161,-1.369307848256049e-10,298.1500050105482,0.0,0.02808393247060039,299.32153414139856,1.2043875597712692e-17,0.0,3.764912728819002e-06,99.77852431598143,2.0116236613009548e-16,1.2400167905888712e-19,1.474415023679511e-32,7.674502583640907e-30,1.354324429989004e-17,2.6142948850262644,3.505476678789452e-12,0.0003270339880293425,1000000.0,1000415.4918710643
0.7500860090612115,0.00010041694077690158,-1.3691451380124758e-10,298.1500050099473,0.0,0.02808058300971565,299.32153704052547,1.204245130477398e-17,0.0,3.764912744200154e-06,99.7785247241136,2.0113857694820956e-16,1.2397222763446083e-19,1.4742283729349095e-32,7.675150037103365e-30,1.3543244355173143e-17,2.614294895719747,3.505062136095755e-12,0.0003270339880466986,1000000.0,1000415.4918716521
0.7510860090612115,0.00010041694064000426,-1.368973118626135e-10,298.15000500934616,0.0,0.028077233950607402,299.32153993929774,1.2041027179813164e-17,0.0,3.7649127595793726e-06,99.7785251321945,2.0111479057196535e-16,1.2394278321040913e-19,1.4740417487323217e-32,7.675797578329833e-30,1.3543244410448978e-17,2.6142949064118866,3.504647642289634e-12,0.00032703398806405257,1000000.0,1000415.4918722155
0.7520860090612115,0.00010041694050312327,-1.3688100975773195e-10,298.15000500874527,0.0,0.028073885293227657,299.3215428377232,1.2039603222811326e-17,0.0,3.7649127749567547e-06,99.77852554022674,2.0109100700105681e-16,1.23913345785065e-19,1.4738551510038514e-32,7.676445207328503e-30,1.3543244465719286e-17,2.6142949171027516,3.50423319736587e-12,0.00032703398808140447,1000000.0,1000415.4918727825
0.7530860090612115,0.00010041694036625945,-1.3686381761992586e-10,298.1500050081443,0.0,0.028070537037526953,299.3215457357942,1.203817943374848e-17,0.0,3.764912790332205e-06,99.77852594820779,2.0106722623513726e-16,1.2388391535677135e-19,1.4736685797419397e-32,7.677092924106192e-30,1.3543244520981296e-17,2.6142949277922747,3.5038188013184076e-12,0.0003270339880987542,1000000.0,1000415.4918733262
0.7540860090612115,0.00010041694022941194,-1.3684751559396308e-10,298.1500050075436,0.0,0.028067189183457308,299.3215486335186,1.203675581260412e-17,0.0,3.7649128057058215e-06,99.77852635614023,2.0104344827387164e-16,1.2385449192385245e-19,1.4734820349167976e-32,7.677740728673592e-30,1.3543244576238325e-17,2.6142949384805245,3.5034044541415325e-12,0.00032703398811610186,1000000.0,1000415.4918738739
0.7550860090612115,0.00010041694009257979,-1.368321505961292e-10,298.1500050069431,0.0,0.028063841730970776,299.3215515309049,1.2035332359361024e-17,0.0,3.7649128210777106e-06,99.7785267640269,2.010196731169657e-16,1.2382507548467102e-19,1.473295516552983e-32,7.678388621034955e-30,1.3543244631488009e-17,2.6142949491675758,3.5029901558299923e-12,0.0003270339881334476,1000000.0,1000415.4918744538
0.7560860090612115,0.0001004169399557639,-1.3681589431967304e-10,298.1500050063426,0.0,0.028060494680017894,299.321554427945,1.2033909073997278e-17,0.0,3.764912836447771e-06,99.77852717186511,2.0099590076406253e-16,1.2379566603752807e-19,1.473109024600401e-32,7.679036601200129e-30,1.3543244686730503e-17,2.6142949598533556,3.502575906377573e-12,0.00032703398815079124,1000000.0,1000415.4918750378
0.7570860090612115,0.00010041693981896517,-1.3679871472676988e-10,298.15000500574195,0.0,0.028057148030549196,299.3215573246308,1.2032485956492998e-17,0.0,3.7649128518158997e-06,99.7785275796521,2.0097213121482442e-16,1.2376626358076834e-19,1.4729225590975392e-32,7.6796846691762e-30,1.354324474196795e-17,2.6142949705377947,3.5021617057784974e-12,0.0003270339881681327,1000000.0,1000415.4918755984
0.7580860090612115,0.00010041693968218276,-1.3678242416702162e-10,298.1500050051415,0.0,0.028053801782516694,299.32156022097007,1.2031063006830063e-17,0.0,3.764912867182195e-06,99.77852798739053,2.009483644689493e-16,1.2373686811274971e-19,1.4727361200319833e-32,7.680332824971301e-30,1.354324479719701e-17,2.6142949812209606,3.501747554027309e-12,0.00032703398818547216,1000000.0,1000415.4918761625
0.7590860090612115,0.0001004169395454166,-1.367661516099241e-10,298.15000500454113,0.0,0.02805045593587172,299.32156311696315,1.2029640224987694e-17,0.0,3.7649128825466616e-06,99.77852839508046,2.0092460052609403e-16,1.2370747963177996e-19,1.4725497073650242e-32,7.680981068593383e-30,1.3543244852421147e-17,2.614294991902856,3.5013334511181765e-12,0.0003270339882028095,1000000.0,1000415.4918767306
0.7600860090612115,0.00010041693940866672,-1.367498882537957e-10,298.1500050039409,0.0,0.028047110490565588,299.3215660126101,1.2028217610946218e-17,0.0,3.7649128979092965e-06,99.77852880272187,2.009008393859248e-16,1.2367809813621387e-19,1.4723633211363057e-32,7.681629400049937e-30,1.3543244907637834e-17,2.6142950025834804,3.500919397045356e-12,0.00032703398822014483,1000000.0,1000415.4918773033
0.7610860090612115,0.000100416939271934,-1.3673271386661413e-10,298.1500050033404,0.0,0.02804376544654887,299.32156890790293,1.2026795164685887e-17,0.0,3.7649129132700022e-06,99.77852921031214,2.0087708104811428e-16,1.2364872362437987e-19,1.4721769613141747e-32,7.682277819348533e-30,1.3543244962847654e-17,2.614295013262765,3.5005053918028948e-12,0.0003270339882374779,1000000.0,1000415.4918778518
0.7620860090612115,0.00010041693913521759,-1.3671642205038785e-10,298.15000500274033,0.0,0.02804042080377359,299.32157180284935,1.2025372886187702e-17,0.0,3.7649129286288737e-06,99.77852961785382,2.0085332551234358e-16,1.2361935609462188e-19,1.4719906279041167e-32,7.682926326497334e-30,1.3543245018050746e-17,2.614295023940776,3.5000914353854048e-12,0.00032703398825480894,1000000.0,1000415.4918784042
0.7630860090612115,0.00010041693899851743,-1.3670016009816059e-10,298.15000500214023,0.0,0.028037076562191114,299.32157469744976,1.2023950775431511e-17,0.0,3.7649129439859165e-06,99.77853002534701,2.0082957277827762e-16,1.2358999554527698e-19,1.471804320897287e-32,7.683574921503676e-30,1.3543245073246814e-17,2.6142950346175167,3.49967752778712e-12,0.0003270339882721379,1000000.0,1000415.4918789604
0.7640860090612115,0.00010041693886183353,-1.3668390643908883e-10,298.15000500154025,0.0,0.0280337327217528,299.3215775917043,1.2022528832398161e-17,0.0,3.764912959341132e-06,99.7785304327918,2.0080582284559776e-16,1.235606419746911e-19,1.4716180402950203e-32,7.684223604376857e-30,1.3543245128437934e-17,2.6142950452929887,3.4992636690022506e-12,0.0003270339882894648,1000000.0,1000415.4918795213
0.7650860090612115,0.00010041693872516587,-1.366676470484827e-10,298.1500050009404,0.0,0.028030389282409963,299.3215804856129,1.2021107057067678e-17,0.0,3.764912974694519e-06,99.77853084018813,2.0078207571396904e-16,1.2353129538119367e-19,1.4714317860798842e-32,7.684872375123306e-30,1.3543245183620535e-17,2.6142950559671916,3.4988498590250935e-12,0.00032703398830678966,1000000.0,1000415.4918800866
0.7660860090612115,0.00010041693858851448,-1.3665139867678044e-10,298.1500050003405,0.0,0.02802704624411395,299.3215833791756,1.2019685449420392e-17,0.0,3.764912990046077e-06,99.77853124753597,2.0075833138305696e-16,1.2350195576313515e-19,1.4712455582648874e-32,7.68552123375069e-30,1.3543245238797869e-17,2.614295066640124,3.4984360978498914e-12,0.00032703398832411245,1000000.0,1000415.4918806554
0.7670860090612115,0.00010041693845187934,-1.3663514115216614e-10,298.1500049997408,0.0,0.028023703606816136,299.3215862723926,1.2018264009435979e-17,0.0,3.764913005395808e-06,99.7785316548354,2.0073458985253226e-16,1.234726231188399e-19,1.471059356823356e-32,7.686170180267083e-30,1.3543245293968631e-17,2.614295077311788,3.4980223854709807e-12,0.0003270339883414332,1000000.0,1000415.4918812294
0.7680860090612115,0.00010041693831526043,-1.366188974274412e-10,298.15000499914106,0.0,0.02802036137046786,299.32158916526384,1.2016842737095819e-17,0.0,3.7649130207437127e-06,99.77853206208641,2.0071085112207881e-16,1.2344329744666214e-19,1.4708731817765173e-32,7.686819214681454e-30,1.3543245349132553e-17,2.6142950879821836,3.4976087218826464e-12,0.00032703398835875184,1000000.0,1000415.4918818068
0.7690860090612115,0.0001004169381786587,-1.3660173504318746e-10,298.1500049985413,0.0,0.028017019535019713,299.32159205778106,1.2015421632379498e-17,0.0,3.7649130360896856e-06,99.77853246928625,2.006871151913544e-16,1.2341397874493575e-19,1.4706870331005078e-32,7.687468336999851e-30,1.3543245404288914e-17,2.614295098651238,3.4971951070788563e-12,0.00032703398837606834,1000000.0,1000415.4918823605
0.7700860090612115,0.00010041693804207324,-1.3658547196211633e-10,298.15000499794166,0.0,0.028013678100423826,299.3215949499523,1.20140006952675e-17,0.0,3.764913051433828e-06,99.77853287643757,2.0066338206003898e-16,1.2338466701199668e-19,1.4705009107917096e-32,7.688117547231273e-30,1.3543245459439035e-17,2.614295109319021,3.4967815410542514e-12,0.0003270339883933828,1000000.0,1000415.4918829179
0.7710860090612115,0.00010041693790550402,-1.3656921856281878e-10,298.1500049973422,0.0,0.028010337066631585,299.32159784177804,1.2012579925740237e-17,0.0,3.764913066776144e-06,99.77853328354048,2.00639651727795e-16,1.2335536224620237e-19,1.4703148148629823e-32,7.688766845383721e-30,1.3543245514583698e-17,2.6142951199855364,3.496368023803065e-12,0.00032703398841069515,1000000.0,1000415.4918834796
0.7720860090612115,0.00010041693776895103,-1.3655298451226908e-10,298.15000499674284,0.0,0.028006996433594406,299.32160073325815,1.2011159323778635e-17,0.0,3.7649130821166347e-06,99.77853369059501,2.006159241943155e-16,1.2332606444588625e-19,1.4701287452869028e-32,7.68941623146372e-30,1.3543245569720398e-17,2.6142951306507842,3.495954555319505e-12,0.00032703398842800547,1000000.0,1000415.4918840459
0.7730860090612115,0.00010041693763241429,-1.3653674308000707e-10,298.1500049961435,0.0,0.02800365620126363,299.32160362439265,1.200973888936299e-17,0.0,3.7649130974552977e-06,99.77853409760111,2.0059219945926336e-16,1.2329677360939635e-19,1.4699427020739541e-32,7.690065705480182e-30,1.3543245624851021e-17,2.6142951413147624,3.4955411355979044e-12,0.00032703398844531373,1000000.0,1000415.4918846161
0.7740860090612115,0.00010041693749589379,-1.365205051991039e-10,298.15000499554424,0.0,0.028000316369590668,299.3216065151816,1.2008318622473007e-17,0.0,3.764913112792134e-06,99.7785345045588,2.0056847752230208e-16,1.232674897350695e-19,1.4697566852093098e-32,7.690715267440715e-30,1.3543245679975297e-17,2.6142951519774726,3.4951277646325122e-12,0.0003270339884626199,1000000.0,1000415.4918851905
0.7750860090612115,0.00010041693735938954,-1.36504263152451e-10,298.1500049949451,0.0,0.027996976938526916,299.3216094056249,1.2006898523088588e-17,0.0,3.7649131281271434e-06,99.77853491146804,2.0054475838310045e-16,1.2323821282123603e-19,1.4695706946875372e-32,7.691364917352779e-30,1.3543245735092562e-17,2.6142951626389133,3.494714442417589e-12,0.00032703398847992406,1000000.0,1000415.4918857686
0.7760860090612115,0.0001004169372229024,-1.3648712744732427e-10,298.15000499434575,0.0,0.02799363790802306,299.3216122957149,1.2005478591190349e-17,0.0,3.7649131434602274e-06,99.77853531832629,2.0052104204132448e-16,1.2320894286625964e-19,1.4693847305291555e-32,7.692014655224845e-30,1.354324579020336e-17,2.6142951732990176,3.4943011689473087e-12,0.00032703398849722603,1000000.0,1000415.4918863232
0.7770860090612115,0.00010041693708643153,-1.3647087257141795e-10,298.1500049937467,0.0,0.027990299278031205,299.3216151854591,1.200405882675953e-17,0.0,3.764913158791482e-06,99.77853572513605,2.0049732849666895e-16,1.231796798684795e-19,1.4691987926982192e-32,7.692664481064171e-30,1.3543245845306877e-17,2.614295183957852,3.4938879442160496e-12,0.00032703398851452594,1000000.0,1000415.491886882
0.7780860090612115,0.00010041693694997691,-1.3645463406661374e-10,298.1500049931478,0.0,0.02798696104850279,299.32161807485784,1.2002639229776351e-17,0.0,3.7649131741209087e-06,99.77853613189737,2.0047361774879953e-16,1.2315042382624512e-19,1.4690128812057858e-32,7.693314394879224e-30,1.3543245900405004e-17,2.614295194615417,3.4934747682182495e-12,0.0003270339885318238,1000000.0,1000415.4918874446
0.7790860090612115,0.0001004169368135385,-1.364384151637063e-10,298.1500049925489,0.0,0.027983623219389277,299.3216209639115,1.2001219800220105e-17,0.0,3.7649131894485133e-06,99.77853653861041,2.0044990979737573e-16,1.231211747378824e-19,1.468826996030404e-32,7.693964396676678e-30,1.3543245955495305e-17,2.6142952052717168,3.493061640948021e-12,0.0003270339885491196,1000000.0,1000415.4918880118
0.7800860090612115,0.0001004169366771163,-1.3642219506696075e-10,298.15000499195,0.0,0.027980285790642066,299.3216238526199,1.1999800538072283e-17,0.0,3.764913204774292e-06,99.77853694527505,2.0042620464208237e-16,1.2309193260175604e-19,1.468641137198993e-32,7.694614486465725e-30,1.3543246010579922e-17,2.6142952159267487,3.492648562399739e-12,0.0003270339885664133,1000000.0,1000415.4918885835
0.7810860090612115,0.00010041693654071126,-1.3640504838594578e-10,298.1500049913511,0.0,0.027976948762211844,299.32162674097475,1.1998381443311927e-17,0.0,3.764913220098143e-06,99.77853735188859,2.0040250228257537e-16,1.2306269741619233e-19,1.4684553046734145e-32,7.695264664253969e-30,1.3543246065657953e-17,2.6142952265804418,3.492235532567372e-12,0.00032703398858370487,1000000.0,1000415.4918891307
0.7820860090612115,0.00010041693640432245,-1.3638881746970943e-10,298.1500049907524,0.0,0.027973612134050797,299.32162962898434,1.1996962515920665e-17,0.0,3.764913235420168e-06,99.77853775845375,2.003788027185381e-16,1.2303346917955773e-19,1.4682694984785004e-32,7.695914930048266e-30,1.3543246120729299e-17,2.614295237232867,3.4918225514456268e-12,0.00032703398860099437,1000000.0,1000415.4918896822
0.7830860090612115,0.00010041693626794984,-1.3637259364718764e-10,298.1500049901539,0.0,0.027970275906110408,299.32163251664883,1.1995543755878872e-17,0.0,3.76491325074037e-06,99.77853816497058,2.0035510594965342e-16,1.2300424789019239e-19,1.4680837185861328e-32,7.696565283857612e-30,1.3543246175793352e-17,2.6142952478840265,3.4914096190286984e-12,0.0003270339886182818,1000000.0,1000415.4918902387
0.7840860090612115,0.00010041693613159346,-1.3635638084115646e-10,298.1500049895553,0.0,0.027966940078342096,299.3216354039682,1.1994125163166745e-17,0.0,3.764913266058747e-06,99.77853857143907,2.0033141197558276e-16,1.2297503354644673e-19,1.4678979650034917e-32,7.697215725689067e-30,1.3543246230851093e-17,2.614295258533919,3.4909967353108396e-12,0.0003270339886355672,1000000.0,1000415.4918907988
0.7850860090612115,0.00010041693599525329,-1.3634017079063476e-10,298.1500049889568,0.0,0.027963604650697357,299.3216382909426,1.199270673776436e-17,0.0,3.7649132813753016e-06,99.77853897785924,2.0030772079600159e-16,1.2294582614665474e-19,1.467712237714026e-32,7.697866255550326e-30,1.354324628590226e-17,2.6142952691825454,3.49058390028639e-12,0.0003270339886528505,1000000.0,1000415.4918913633
0.7860860090612115,0.00010041693585892934,-1.3632394395358822e-10,298.15000498835843,0.0,0.027960269623127625,299.32164117757185,1.1991288479651663e-17,0.0,3.7649132966900313e-06,99.77853938423105,2.0028403241056848e-16,1.2291662568916816e-19,1.4675265367293382e-32,7.698516873450395e-30,1.354324634094727e-17,2.6142952798299053,3.4901711139494338e-12,0.0003270339886701318,1000000.0,1000415.4918919317
0.7870860090612115,0.00010041693572262162,-1.3630773575997266e-10,298.1500049877602,0.0,0.027956934995584378,299.321644063856,1.1989870388810317e-17,0.0,3.7649133120029364e-06,99.77853979055452,2.0026034681897706e-16,1.2288743217235092e-19,1.467340862046802e-32,7.699167579396043e-30,1.3543246395985274e-17,2.6142952904759977,3.4897583762944707e-12,0.000327033988687411,1000000.0,1000415.4918925044
0.7880860090612115,0.00010041693558633008,-1.3629153738648497e-10,298.15000498716194,0.0,0.027953600768019116,299.32164694979537,1.1988452465220221e-17,0.0,3.7649133273140196e-06,99.77854019682968,2.0023666402089203e-16,1.228582455945422e-19,1.4671552136407908e-32,7.699818373395333e-30,1.354324645101713e-17,2.614295301120825,3.489345687315844e-12,0.0003270339887046882,1000000.0,1000415.491893081
0.7890860090612115,0.00010041693545005566,-1.3627441668700558e-10,298.1500049865636,0.0,0.02795026694038257,299.3216498353818,1.1987034708860153e-17,0.0,3.7649133426231796e-06,99.7785406030539,2.0021298401596185e-16,1.2282906595406565e-19,1.4669695915068857e-32,7.700469255456507e-30,1.354324650604172e-17,2.6142953117643173,3.4889330470074846e-12,0.0003270339887219632,1000000.0,1000415.4918936343
0.7900860090612115,0.00010041693531379746,-1.362581919143973e-10,298.1500049859655,0.0,0.027946933512626938,299.3216527206231,1.19856171197126e-17,0.0,3.7649133579305138e-06,99.77854100922968,2.0018930680389258e-16,1.2279989324930774e-19,1.4667839956810822e-32,7.701120225586227e-30,1.3543246561059783e-17,2.614295322406541,3.488520455363998e-12,0.00032703398873923617,1000000.0,1000415.4918941918
0.7910860090612115,0.00010041693517755548,-1.36241991556887e-10,298.15000498536745,0.0,0.027943600484703752,299.32165560551954,1.1984199697756937e-17,0.0,3.7649133732360243e-06,99.77854141535718,2.001656323843397e-16,1.2277072747859803e-19,1.4665984261073781e-32,7.701771283794268e-30,1.3543246616071886e-17,2.6142953330474987,3.4881079123795452e-12,0.0003270339887565071,1000000.0,1000415.4918947532
0.7920860090612115,0.00010041693504132969,-1.362257825791476e-10,298.1500049847695,0.0,0.027940267856564525,299.32165849007123,1.1982782442974167e-17,0.0,3.7649133885397137e-06,99.7785418214364,2.001419607569855e-16,1.2274156864029598e-19,1.4664128828131403e-32,7.702422430087241e-30,1.3543246671076374e-17,2.6142953436871923,3.4876954180485865e-12,0.0003270339887737759,1000000.0,1000415.4918953188
0.7930860090612115,0.00010041693490512011,-1.3620959386459475e-10,298.15000498417163,0.0,0.027936935628160745,299.32166137427816,1.198136535534401e-17,0.0,3.76491340384158e-06,99.77854222746731,2.0011829192149267e-16,1.2271241673274284e-19,1.4662273657764478e-32,7.703073664473484e-30,1.3543246726075857e-17,2.6142953543256198,3.4872829723652587e-12,0.0003270339887910427,1000000.0,1000415.4918958886
0.7940860090612115,0.00010041693476892671,-1.3619339268736322e-10,298.1500049835738,0.0,0.027933603799443946,299.3216642581405,1.1979948434847555e-17,0.0,3.764913419141626e-06,99.77854263344997,2.0009462587754265e-16,1.2268327175429727e-19,1.4660418750074512e-32,7.703724986960613e-30,1.3543246781067517e-17,2.614295364962783,3.4868705753239773e-12,0.00032703398880830743,1000000.0,1000415.4918964627
0.7950860090612115,0.00010041693463275043,-1.3617628423992685e-10,298.15000498297593,0.0,0.027930272370364884,299.32166714165004,1.1978531681464209e-17,0.0,3.764913434439747e-06,99.77854303938162,2.0007096262479224e-16,1.2265413370330355e-19,1.4658564104898594e-32,7.704376397556178e-30,1.3543246836052307e-17,2.61429537559861,3.486458226918737e-12,0.00032703398882557,1000000.0,1000415.491897013
0.7960860090612115,0.00010041693449659036,-1.361600797181721e-10,298.1500049823782,0.0,0.027926941340875824,299.3216700248148,1.1977115095175011e-17,0.0,3.764913449736045e-06,99.77854344526496,2.0004730216292813e-16,1.2262500257811564e-19,1.465670972223456e-32,7.70502789626809e-30,1.3543246891031055e-17,2.6142953862331706,3.4860459271441407e-12,0.0003270339888428305,1000000.0,1000415.4918975675
0.7970860090612115,0.00010041693436044647,-1.3614388918214532e-10,298.1500049817806,0.0,0.02792361071092832,299.3216729076351,1.1975698675960546e-17,0.0,3.7649134650305226e-06,99.77854385110004,2.0002364449162007e-16,1.2259587837709075e-19,1.4654855602070646e-32,7.705679483105379e-30,1.3543246946003575e-17,2.6142953968664675,3.485633675994399e-12,0.00032703398886008893,1000000.0,1000415.4918981263
0.7980860090612115,0.00010041693422431878,-1.3612769821582618e-10,298.15000498118314,0.0,0.027920280480473916,299.3216757901108,1.1974282423801013e-17,0.0,3.76491348032318e-06,99.77854425688687,1.9999998961053912e-16,1.2256676109857682e-19,1.46530017442796e-32,7.70633115807462e-30,1.3543247000968763e-17,2.6142954074985,3.485221473463836e-12,0.0003270339888773453,1000000.0,1000415.4918986895
0.7990860090612115,0.00010041693408820726,-1.3611151131327158e-10,298.15000498058566,0.0,0.027916950649464145,299.3216786722421,1.1972866338676711e-17,0.0,3.7649134956140155e-06,99.77854466262545,1.9997633751936423e-16,1.2253765074091753e-19,1.4651148148817818e-32,7.706982921184351e-30,1.3543247055928408e-17,2.6142954181292684,3.4848093195467827e-12,0.00032703398889459963,1000000.0,1000415.4918992567
0.8000860090612115,0.00010041693395211193,-1.3609532668947254e-10,298.15000497998835,0.0,0.027913621217850567,299.321681554029,1.1971450420568465e-17,0.0,3.7649135109030322e-06,99.77854506831582,1.9995268821776438e-16,1.225085473024852e-19,1.464929481583265e-32,7.707634772441412e-30,1.3543247110880653e-17,2.614295428758773,3.4843972142374828e-12,0.00032703398891185194,1000000.0,1000415.4918998285
0.8010860090612115,0.00010041693381603278,-1.3607914863961264e-10,298.15000497939104,0.0,0.027910292185584724,299.3216844354715,1.1970034669455869e-17,0.0,3.7649135261902282e-06,99.77854547395792,1.999290417054043e-16,1.2247945078161898e-19,1.4647441744979395e-32,7.708286711855065e-30,1.3543247165826525e-17,2.6142954393870137,3.4839851575301935e-12,0.0003270339889291022,1000000.0,1000415.4919004043
0.8020860090612115,0.00010041693367997072,-1.360620631110966e-10,298.1500049787936,0.0,0.027906963552617438,299.3216873165615,1.1968619085319733e-17,0.0,3.7649135414755023e-06,99.7785458795491,1.9990539798196075e-16,1.2245036117667567e-19,1.4645588936428786e-32,7.708938739432477e-30,1.3543247220765096e-17,2.6142954500139197,3.4835731494191262e-12,0.0003270339889463503,1000000.0,1000415.491900956
0.8030860090612115,0.00010041693354392486,-1.360458575336372e-10,298.1500049781965,0.0,0.027903635318901023,299.3216901973071,1.196720366814083e-17,0.0,3.7649135567589544e-06,99.77854628509199,1.9988175704711597e-16,1.2242127848601337e-19,1.4643736390055252e-32,7.709590855181071e-30,1.3543247275698174e-17,2.6142954606395605,3.4831611898987395e-12,0.0003270339889635963,1000000.0,1000415.4919015126
0.8040860090612115,0.00010041693340789454,-1.3603032390933832e-10,298.15000497759956,0.0,0.027900307484387578,299.32169307771403,1.1965788417919972e-17,0.0,3.7649135720406587e-06,99.77854669058856,1.9985811890087574e-16,1.2239220268346192e-19,1.4641883670664972e-32,7.710243059081135e-30,1.3543247330623692e-17,2.614295471263988,3.482749278969514e-12,0.0003270339889808404,1000000.0,1000415.4919020926
0.8050860090612115,0.00010041693327188064,-1.3601389456441924e-10,298.1500049770025,0.0,0.027896980049027967,299.3216959577745,1.196437333459658e-17,0.0,3.764913587320516e-06,99.77854709603616,1.9983448354224359e-16,1.2236313381642716e-19,1.4640031795769925e-32,7.710895351198505e-30,1.3543247385543795e-17,2.6142954818871322,3.4823374166135147e-12,0.0003270339889980824,1000000.0,1000415.4919026687
0.8060860090612115,0.00010041693313588411,-1.359965318855455e-10,298.1500049764052,0.0,0.02789365301277298,299.32169883748026,1.1962958418170044e-17,0.0,3.7649136025984205e-06,99.77854750143203,1.9981085097119393e-16,1.223340718587246e-19,1.463817993957617e-32,7.711547731509774e-30,1.3543247440456228e-17,2.6142954925089206,3.4819256028306886e-12,0.0003270339890153221,1000000.0,1000415.4919032126
0.8070860090612115,0.00010041693299990315,-1.359809670372004e-10,298.15000497580854,0.0,0.027890326375575702,299.3217017168472,1.1961543668623407e-17,0.0,3.764913617874573e-06,99.77854790678147,1.997872211874505e-16,1.22305016808728e-19,1.4636328410739246e-32,7.712200200024803e-30,1.3543247495362909e-17,2.614295503129493,3.4815138376160973e-12,0.00032703398903255996,1000000.0,1000415.4919037801
0.8080860090612115,0.0001004169328639386,-1.3596454597020047e-10,298.15000497521174,0.0,0.027887000137387045,299.32170459586797,1.1960129085935512e-17,0.0,3.764913633148881e-06,99.77854831208201,1.9976359419065993e-16,1.2227596866478906e-19,1.463447716477886e-32,7.712852756750634e-30,1.3543247550262301e-17,2.6142955137487838,3.481102120963515e-12,0.0003270339890497957,1000000.0,1000415.4919043443
0.8090860090612115,0.00010041693272799049,-1.3594810454856043e-10,298.15000497461494,0.0,0.027883674298158564,299.32170747454205,1.195871467008709e-17,0.0,3.7649136484213376e-06,99.7785487173335,1.9973996998049753e-16,1.222469274252642e-19,1.463262618743269e-32,7.71350540169576e-30,1.3543247605155477e-17,2.6142955243667902,3.480690452867441e-12,0.00032703398906702935,1000000.0,1000415.4919049036
0.8100860090612115,0.00010041693259205883,-1.3593165469702398e-10,298.15000497401826,0.0,0.027880348857841884,299.3217103528697,1.1957300421058576e-17,0.0,3.764913663691945e-06,99.77854912253598,1.997163485566408e-16,1.2221789308850208e-19,1.4630775474043628e-32,7.714158134867441e-30,1.3543247660041527e-17,2.614295534983512,3.4802788333221187e-12,0.00032703398908426096,1000000.0,1000415.4919054587
0.8110860090612115,0.00010041693245614269,-1.359161314350903e-10,298.15000497342174,0.0,0.027877023816389387,299.3217132308591,1.1955886338831105e-17,0.0,3.7649136789608073e-06,99.77854952769219,1.9969272991876766e-16,1.2218886565288177e-19,1.4628925023298457e-32,7.714810956274053e-30,1.3543247714921422e-17,2.6142955455990218,3.4798672623220562e-12,0.00032703398910149056,1000000.0,1000415.4919060381
0.8120860090612115,0.00010041693232024391,-1.3589879519523137e-10,298.150004972825,0.0,0.027873699173751147,299.3217161084938,1.1954472423383204e-17,0.0,3.7649136942277164e-06,99.77854993279665,1.9966911406653018e-16,1.221598451167269e-19,1.4627074834317473e-32,7.715463865923442e-30,1.3543247769794602e-17,2.6142955562131753,3.4794557398610103e-12,0.00032703398911871793,1000000.0,1000415.491906584
0.8130860090612115,0.00010041693218436066,-1.3588324596051004e-10,298.1500049722287,0.0,0.027870374929880336,299.32171898579026,1.1953058674697416e-17,0.0,3.7649137094928794e-06,99.77855033785485,1.9964550099962358e-16,1.2213083147842696e-19,1.462522490736329e-32,7.71611686382307e-30,1.3543247824661464e-17,2.614295566826117,3.4790442659339354e-12,0.00032703398913594336,1000000.0,1000415.4919071547
0.8140860090612115,0.00010041693204849384,-1.3586683048929934e-10,298.1500049716323,0.0,0.027867051084727826,299.3217218627405,1.1951645092753151e-17,0.0,3.764913724756194e-06,99.77855074286406,1.9962189071771463e-16,1.2210182473632901e-19,1.4623375241991376e-32,7.716769949981527e-30,1.3543247879521727e-17,2.6142955774377747,3.4786328405348365e-12,0.0003270339891531667,1000000.0,1000415.491907721
0.8150860090612115,0.00010041693191264343,-1.3585040323443393e-10,298.15000497103597,0.0,0.027863727638245274,299.32172473934463,1.1950231677530963e-17,0.0,3.764913740017663e-06,99.77855114782434,1.995982832204755e-16,1.2207282488878741e-19,1.462152583823899e-32,7.717423124405984e-30,1.354324793437529e-17,2.614295588048151,3.478221463658018e-12,0.00032703398917038797,1000000.0,1000415.4919082838
0.8160860090612115,0.00010041693177680946,-1.3583396954412305e-10,298.1500049704397,0.0,0.027860404590384302,299.32172761560247,1.1948818429010982e-17,0.0,3.7649137552772836e-06,99.77855155273564,1.9957467850757368e-16,1.2204383193416114e-19,1.4619676696093916e-32,7.718076387104414e-30,1.3543247989222156e-17,2.6142955986572436,3.4778101352976924e-12,0.00032703398918760716,1000000.0,1000415.491908842
0.8170860090612115,0.00010041693164099191,-1.3581754031826578e-10,298.1500049698435,0.0,0.02785708194109657,299.321730491514,1.1947405347174087e-17,0.0,3.764913770535056e-06,99.77855195759794,1.9955107657868803e-16,1.2201484587081998e-19,1.4617827815553352e-32,7.718729738085838e-30,1.3543248044063017e-17,2.6142956092650524,3.477398855448332e-12,0.0003270339892048243,1000000.0,1000415.4919093957
0.8180860090612115,0.0001004169315051908,-1.3580111375605241e-10,298.15000496924745,0.0,0.02785375969033374,299.32173336707956,1.1945992432000394e-17,0.0,3.764913785790981e-06,99.77855236241132,1.99527477433491e-16,1.2198586669711161e-19,1.461597919639468e-32,7.719383177356633e-30,1.35432480988969e-17,2.6142956198715797,3.476987624104162e-12,0.0003270339892220393,1000000.0,1000415.4919099462
0.8190860090612115,0.00010041693136940519,-1.3578560622135243e-10,298.15000496865156,0.0,0.027850437838048234,299.3217362423071,1.1944579683471424e-17,0.0,3.7649138010451614e-06,99.77855276717845,1.9950388107166887e-16,1.219568944114121e-19,1.461413083879123e-32,7.720036704925614e-30,1.3543248153724379e-17,2.6142956304768945,3.4765764412597997e-12,0.0003270339892392524,1000000.0,1000415.49191052
0.8200860090612115,0.00010041693123363599,-1.3576920269160013e-10,298.1500049680555,0.0,0.02784711638419098,299.32173911718877,1.1943167101566734e-17,0.0,3.764913816297498e-06,99.77855317189669,1.9948028749288047e-16,1.2192792901207688e-19,1.4612282742538058e-32,7.720690320800303e-30,1.3543248208545434e-17,2.6142956410809286,3.4761653069091604e-12,0.0003270339892564634,1000000.0,1000415.4919110895
0.8210860090612115,0.00010041693109788412,-1.3575185964071683e-10,298.1500049674595,0.0,0.027843795328712864,299.3217419917161,1.1941754686266072e-17,0.0,3.7649138315478834e-06,99.77855357656324,1.9945669669679225e-16,1.2189897049745402e-19,1.4610434907576956e-32,7.721344024988094e-30,1.3543248263359274e-17,2.6142956516836087,3.475754221046541e-12,0.0003270339892736721,1000000.0,1000415.4919116274
0.8220860090612115,0.00010041693096214778,-1.3573634438757175e-10,298.1500049668638,0.0,0.027840474671567098,299.32174486590554,1.1940342437551256e-17,0.0,3.7649138467965225e-06,99.7785539811835,1.9943310868309878e-16,1.2187001886592275e-19,1.4608587334024894e-32,7.721997817498552e-30,1.3543248318166277e-17,2.6142956622850764,3.4753431836664874e-12,0.00032703398929087894,1000000.0,1000415.4919121884
0.8230860090612115,0.00010041693082642784,-1.3571994120620437e-10,298.15000496626806,0.0,0.027837154412704627,299.32174773974924,1.1938930355402325e-17,0.0,3.764913862043318e-06,99.7785543857549,1.994095234514636e-16,1.2184107411583656e-19,1.460674002167171e-32,7.722651698338019e-30,1.3543248372968044e-17,2.614295672885263,3.474932194763331e-12,0.00032703398930808365,1000000.0,1000415.4919127459
0.8240860090612115,0.0001004169306907234,-1.3570443608927474e-10,298.15000496567257,0.0,0.027833834552077896,299.321750613255,1.1937518439799893e-17,0.0,3.7649138772883685e-06,99.77855479028007,1.9938594100156424e-16,1.2181213624556648e-19,1.4604892970576666e-32,7.72330566751462e-30,1.3543248427762491e-17,2.614295683484239,3.474521254331459e-12,0.0003270339893252864,1000000.0,1000415.4919133266
0.8250860090612115,0.00010041693055503627,-1.3568713322374966e-10,298.15000496507673,0.0,0.02783051508963709,299.32175348640703,1.1936106690723027e-17,0.0,3.7649138925314727e-06,99.77855519475365,1.9936236133305413e-16,1.2178320525345312e-19,1.460304618053972e-32,7.723959725036773e-30,1.3543248482549508e-17,2.6142956940818625,3.4741103623646383e-12,0.000327033989342487,1000000.0,1000415.4919138754
0.8260860090612115,0.00010041693041936466,-1.3567161363528877e-10,298.1500049644814,0.0,0.027827196025335416,299.3217563592211,1.1934695108154209e-17,0.0,3.7649139077728315e-06,99.77855559918098,1.9933878444563665e-16,1.2175428113788729e-19,1.4601199651805823e-32,7.724613870913208e-30,1.3543248537331845e-17,2.614295704678274,3.4736995188577968e-12,0.0003270339893596856,1000000.0,1000415.491914448
0.8270860090612115,0.00010041693028371034,-1.3565431823406832e-10,298.15000496388575,0.0,0.027823877359123103,299.32175923168165,1.1933283692071348e-17,0.0,3.764913923012246e-06,99.77855600355676,1.993152103389456e-16,1.2172536389720553e-19,1.4599353383961063e-32,7.7252681051493e-30,1.3543248592106465e-17,2.6142957152733364,3.4732887238047698e-12,0.00032703398937688203,1000000.0,1000415.4919149886
0.8280860090612115,0.00010041693014807154,-1.356387966872441e-10,298.15000496329054,0.0,0.02782055909095335,299.3217621038043,1.1931872442458685e-17,0.0,3.7649139382499142e-06,99.77855640788628,1.9929163901271815e-16,1.2169645352979828e-19,1.45975073773261e-32,7.725922427755032e-30,1.3543248646874105e-17,2.6142957258671857,3.4728779772003898e-12,0.0003270339893940765,1000000.0,1000415.4919155532
0.8290860090612115,0.00010041693001244911,-1.3562241458231641e-10,298.1500049626952,0.0,0.027817241220777163,299.3217649755816,1.1930461359293705e-17,0.0,3.764913953485742e-06,99.77855681216701,1.9926807046657196e-16,1.216675500340247e-19,1.4595661631603362e-32,7.726576838737409e-30,1.354324870163617e-17,2.614295736459756,3.472467279038534e-12,0.00032703398941126885,1000000.0,1000415.4919161141
0.8300860090612115,0.00010041692987684311,-1.3560601407116534e-10,298.1500049621,0.0,0.027813923748546233,299.32176784701295,1.1929050442557828e-17,0.0,3.7649139687197218e-06,99.77855721639878,1.9924450470020834e-16,1.2163865340822982e-19,1.4593816146693933e-32,7.727231338105546e-30,1.3543248756390797e-17,2.6142957470510444,3.4720566293137664e-12,0.00032703398942845915,1000000.0,1000415.4919166699
0.8310860090612116,0.00010041692974125258,-1.3559053093083397e-10,298.150004961505,0.0,0.027810606674213076,299.32177071810713,1.1927639692231448e-17,0.0,3.7649139839519614e-06,99.77855762058442,1.9922094171328715e-16,1.2160976365080225e-19,1.4591970922867324e-32,7.727885925866148e-30,1.3543248811139784e-17,2.6142957576411234,3.471646028020563e-12,0.0003270339894456475,1000000.0,1000415.4919172502
0.8320860090612116,0.00010041692960567935,-1.355732381891627e-10,298.15000496090965,0.0,0.027807289997727937,299.32177358884763,1.1926229108294799e-17,0.0,3.7649139991822555e-06,99.7785580247185,1.9919738150548724e-16,1.2158088076009187e-19,1.4590125959778672e-32,7.728540602027236e-30,1.3543248865881466e-17,2.6142957682298524,3.4712354751525945e-12,0.0003270339894628336,1000000.0,1000415.4919177981
0.8330860090612116,0.0001004169294701216,-1.3555773559751036e-10,298.1500049603148,0.0,0.027803973719044032,299.32177645925066,1.1924818690729211e-17,0.0,3.7649140144108067e-06,99.77855842880642,1.9917382407648928e-16,1.2155200473447742e-19,1.458828125754518e-32,7.729195366596895e-30,1.3543248920616557e-17,2.6142957788173704,3.470824970704968e-12,0.0003270339894800178,1000000.0,1000415.4919183702
0.8340860090612116,0.00010041692933458117,-1.355404397751327e-10,298.1500049597197,0.0,0.02780065783811164,299.32177932930017,1.1923408439513385e-17,0.0,3.7649140296374127e-06,99.77855883284275,1.991502694259483e-16,1.2152313557230515e-19,1.4586436815967254e-32,7.729850219583338e-30,1.3543248975344835e-17,2.614295789403538,3.4704145146712664e-12,0.0003270339894971998,1000000.0,1000415.4919189098
0.8350860090612116,0.00010041692919905621,-1.3552494926232293e-10,298.15000495912494,0.0,0.027797342354884014,299.3217821990123,1.1921998354630144e-17,0.0,3.764914044862278e-06,99.77855923683293,1.9912671755356606e-16,1.2149427327196688e-19,1.4584592635254005e-32,7.730505160994523e-30,1.3543249030067598e-17,2.614295799988496,3.470004107046416e-12,0.0003270339895143798,1000000.0,1000415.4919194736
0.8360860090612116,0.00010041692906354763,-1.3550856785222765e-10,298.15000495853013,0.0,0.027794027269312186,299.3217850683793,1.1920588436058705e-17,0.0,3.7649140600853004e-06,99.7785596407743,1.9910316845900345e-16,1.2146541783181762e-19,1.458274871509349e-32,7.73116019083773e-30,1.3543249084783453e-17,2.6142958105721754,3.469593747824483e-12,0.0003270339895315577,1000000.0,1000415.491920034
0.8370860090612116,0.00010041692892805547,-1.3549218158015478e-10,298.1500049579354,0.0,0.02779071258134788,299.32178793740053,1.1919178683779182e-17,0.0,3.7649140753064757e-06,99.77856004466673,1.9907962214192296e-16,1.2143656925022234e-19,1.4580905055551193e-32,7.731815309120994e-30,1.3543249139491898e-17,2.6142958211545717,3.4691834369997697e-12,0.0003270339895487336,1000000.0,1000415.4919205884
0.8380860090612116,0.00010041692879257876,-1.3547670738501178e-10,298.1500049573409,0.0,0.027787398290943698,299.3217908060849,1.1917769097773227e-17,0.0,3.764914090525914e-06,99.7785604485131,1.9905607860202137e-16,1.2140772752555675e-19,1.4579061656619926e-32,7.732470515853296e-30,1.3543249194195181e-17,2.6142958317357623,3.468773174566829e-12,0.00032703398956590747,1000000.0,1000415.4919211677
0.8390860090612116,0.00010041692865711932,-1.3545943058729783e-10,298.1500049567461,0.0,0.027784084398049882,299.32179367441597,1.1916359678020185e-17,0.0,3.7649141057434086e-06,99.77856085230796,1.9903253783895126e-16,1.2137889265617815e-19,1.457721851817496e-32,7.73312581104121e-30,1.3543249248890424e-17,2.614295842315603,3.468362960519536e-12,0.0003270339895830792,1000000.0,1000415.491921715
0.8400860090612116,0.00010041692852167538,-1.354439385322427e-10,298.15000495615175,0.0,0.027780770902619722,299.32179654240986,1.1914950424501559e-17,0.0,3.764914120959161e-06,99.77856125605668,1.9900899985240557e-16,1.213500646404695e-19,1.4575375640267595e-32,7.73378119469402e-30,1.3543249303579414e-17,2.614295852894234,3.4679527948526925e-12,0.0003270339896002489,1000000.0,1000415.4919222861
0.8410860090612116,0.0001004169283862478,-1.3542757817051724e-10,298.1500049555573,0.0,0.027777457804604277,299.3217994100587,1.1913541337197025e-17,0.0,3.7649141361730736e-06,99.7785616597566,1.9898546464204799e-16,1.213212434767869e-19,1.457353302270921e-32,7.734436666818746e-30,1.3543249358262696e-17,2.6142958634715874,3.46754267756034e-12,0.0003270339896174166,1000000.0,1000415.4919228534
0.8420860090612116,0.00010041692825083752,-1.3541028015577843e-10,298.1500049549627,0.0,0.027774145103954567,299.32180227735404,1.1912132416086012e-17,0.0,3.764914151385039e-06,99.77856206340495,1.9896193220752807e-16,1.2129242916349202e-19,1.4571690665540158e-32,7.735092227423025e-30,1.3543249412939001e-17,2.614295874047589,3.467132608636601e-12,0.0003270339896345821,1000000.0,1000415.4919233873
0.8430860090612116,0.00010041692811544272,-1.3539479979378192e-10,298.15000495436857,0.0,0.027770832800623927,299.32180514431235,1.1910723661152132e-17,0.0,3.7649141665952648e-06,99.77856246700716,1.9893840254857515e-16,1.2126362169898718e-19,1.4569848568891776e-32,7.735747876515014e-30,1.3543249467608917e-17,2.6142958846223823,3.4667225880764127e-12,0.0003270339896517456,1000000.0,1000415.4919239458
0.8440860090612116,0.00010041692798006334,-1.353793639478426e-10,298.1500049537745,0.0,0.02776752089456421,299.3218080109342,1.1909315072374443e-17,0.0,3.7649141818037557e-06,99.77856287056342,1.9891487566483663e-16,1.2123482108162428e-19,1.4568006732337376e-32,7.736403614103624e-30,1.354324952227186e-17,2.6142958951959705,3.4663126158738305e-12,0.00032703398966890717,1000000.0,1000415.491924529
0.8450860090612116,0.00010041692784470125,-1.3536209017964969e-10,298.1500049531802,0.0,0.027764209385725668,299.32181087720267,1.1907906649732247e-17,0.0,3.764914197010301e-06,99.7785632740681,1.988913515559781e-16,1.2120602730976036e-19,1.4566165156033607e-32,7.737059440195314e-30,1.3543249576927985e-17,2.6142959057682083,3.465902692022882e-12,0.00032703398968606656,1000000.0,1000415.4919250789
0.8460860090612116,0.00010041692770935555,-1.3534570394963815e-10,298.150004952586,0.0,0.027760898274060898,299.3218137431261,1.1906498393207088e-17,0.0,3.764914212215004e-06,99.77856367752398,1.9886783022167744e-16,1.2117724038178644e-19,1.456432384007093e-32,7.737715354799375e-30,1.3543249631578269e-17,2.614295916339167,3.4654928165181017e-12,0.00032703398970322385,1000000.0,1000415.4919256248
0.8470860090612116,0.00010041692757402532,-1.353302405527309e-10,298.15000495199223,0.0,0.027757587559522477,299.3218166087126,1.1905090302779582e-17,0.0,3.7649142274179673e-06,99.77856408093373,1.9884431166161907e-16,1.2114846029605932e-19,1.4562482784109317e-32,7.738371357923302e-30,1.3543249686222148e-17,2.6142959269089174,3.4650829893540544e-12,0.0003270339897203792,1000000.0,1000415.4919261948
0.8480860090612116,0.00010041692743871141,-1.3531389660405086e-10,298.1500049513983,0.0,0.027754277242061542,299.32181947395463,1.1903682378430446e-17,0.0,3.7649142426190938e-06,99.77856448429482,1.98820795875475e-16,1.2111968705097044e-19,1.456064198844544e-32,7.739027449574332e-30,1.354324974085911e-17,2.6142959374773924,3.464673210524901e-12,0.00032703398973753245,1000000.0,1000415.4919267606
0.8490860090612116,0.00010041692730341387,-1.3529753359532673e-10,298.1500049508044,0.0,0.027750967321629887,299.32182233885175,1.190227462013916e-17,0.0,3.7649142578183796e-06,99.7785648876071,1.9879728286290502e-16,1.2109092064487672e-19,1.455880145268697e-32,7.739683629760609e-30,1.3543249795489295e-17,2.6142959480445893,3.464263480024734e-12,0.0003270339897546836,1000000.0,1000415.4919273227
0.8500860090612116,0.00010041692716813271,-1.3528116933910798e-10,298.15000495021053,0.0,0.02774765779817937,299.3218252034039,1.1900867027887415e-17,0.0,3.764914273015823e-06,99.77856529087057,1.9877377262360865e-16,1.2106216107614927e-19,1.4556961176974577e-32,7.740339898492479e-30,1.3543249850113432e-17,2.614295958610507,3.463853797848207e-12,0.0003270339897718327,1000000.0,1000415.4919278796
0.8510860090612116,0.00010041692703286792,-1.3526480248805267e-10,298.15000494961686,0.0,0.02774434867166184,299.3218280676113,1.1899459601654734e-17,0.0,3.764914288211427e-06,99.77856569408527,1.9875026515723783e-16,1.2103340834316743e-19,1.455512116129124e-32,7.740996255773348e-30,1.3543249904730215e-17,2.6142959691751466,3.4634441639894708e-12,0.00032703398978897974,1000000.0,1000415.4919284332
0.8520860090612116,0.00010041692689761947,-1.3524844963661836e-10,298.1500049490231,0.0,0.027741039942029175,299.321830931474,1.1898052341421927e-17,0.0,3.764914303405191e-06,99.77856609725123,1.9872676046347333e-16,1.2100466244429795e-19,1.455328140547724e-32,7.741652701614625e-30,1.3543249959341743e-17,2.614295979738509,3.463034578442859e-12,0.0003270339898061247,1000000.0,1000415.4919289823
0.8530860090612116,0.00010041692676238647,-1.3523299660489726e-10,298.15000494842974,0.0,0.027737731609233995,299.32183379500015,1.189664524717078e-17,0.0,3.7649143185972177e-06,99.77856650037114,1.9870325854201217e-16,1.2097592337792794e-19,1.4551441909625256e-32,7.742309236023265e-30,1.3543250013945713e-17,2.6142959903006653,3.4626250412030014e-12,0.0003270339898232677,1000000.0,1000415.4919295553
0.8540860090612116,0.0001004169266271707,-1.3521575342329006e-10,298.15000494783607,0.0,0.027734423673226698,299.3218366581739,1.1895238318880035e-17,0.0,3.764914333787307e-06,99.77856690343971,1.9867975939249703e-16,1.2094719114242047e-19,1.4549602673548646e-32,7.74296585900769e-30,1.3543250068542975e-17,2.614296000861476,3.4622155522637858e-12,0.0003270339898404085,1000000.0,1000415.4919300969
0.8550860090612116,0.00010041692649197042,-1.3520029463416932e-10,298.15000494724273,0.0,0.02773111613396059,299.3218395210107,1.1893831556531084e-17,0.0,3.764914348975654e-06,99.77856730646211,1.9865626301461833e-16,1.209184657361533e-19,1.4547763697253336e-32,7.743622570575267e-30,1.3543250123134492e-17,2.614296011421077,3.461806111619856e-12,0.00032703398985754734,1000000.0,1000415.4919306613
0.8560860090612116,0.00010041692635678645,-1.351839612808027e-10,298.15000494664935,0.0,0.027727808991386875,299.3218423835033,1.189242496010444e-17,0.0,3.7649143641621655e-06,99.77856770943585,1.9863276940805254e-16,1.2088974715749868e-19,1.4545924980718148e-32,7.744279370733445e-30,1.354325017771914e-17,2.614296021979404,3.461396719265426e-12,0.00032703398987468413,1000000.0,1000415.4919312223
0.8570860090612116,0.00010041692622161885,-1.3516761441862666e-10,298.1500049460561,0.0,0.027724502245457413,299.3218452456513,1.1891018529579893e-17,0.0,3.7649143793468375e-06,99.77856811236084,1.986092785724599e-16,1.2086103540483077e-19,1.4544086523880156e-32,7.744936259491249e-30,1.3543250232297098e-17,2.614296032536453,3.4609873751948534e-12,0.00032703398989181886,1000000.0,1000415.4919317787
0.8580860090612116,0.00010041692608646757,-1.3515126550919377e-10,298.1500049454628,0.0,0.027721195896124116,299.3218481074549,1.1889612264939364e-17,0.0,3.7649143945296722e-06,99.77856851523715,1.9858579050753453e-16,1.2083233047653853e-19,1.454224832677799e-32,7.745593236856157e-30,1.3543250286868626e-17,2.6142960430922266,3.460578079402464e-12,0.0003270339899089515,1000000.0,1000415.4919323314
0.8590860090612116,0.00010041692595133175,-1.3513583130211502e-10,298.15000494486986,0.0,0.027717889943339624,299.3218509689221,1.188820616616305e-17,0.0,3.7649144097107697e-06,99.77856891806742,1.985623052129524e-16,1.2080363237098977e-19,1.4540410389167483e-32,7.746250302837058e-30,1.3543250341433895e-17,2.6142960536467936,3.4601688318828183e-12,0.00032703398992608214,1000000.0,1000415.4919329078
0.8600860090612115,0.00010041692581621313,-1.3511859694250994e-10,298.1500049442766,0.0,0.027714584387054392,299.3218538300372,1.1886800233230128e-17,0.0,3.764914424889932e-06,99.7785693208464,1.9853882268836392e-16,1.207749410865487e-19,1.4538572711110536e-32,7.746907457439825e-30,1.3543250395991888e-17,2.6142960642000173,3.4597596326297516e-12,0.00032703398994321064,1000000.0,1000415.4919334525
0.8610860090612115,0.00010041692568110998,-1.3510315556042929e-10,298.1500049436837,0.0,0.02771127922722176,299.3218566908157,1.1885394466122578e-17,0.0,3.7649144400673544e-06,99.77856972357927,1.9851534293346573e-16,1.2074625662160853e-19,1.453673529266301e-32,7.747564700673957e-30,1.3543250450544031e-17,2.614296074752032,3.4593504816381e-12,0.0003270339899603372,1000000.0,1000415.4919340208
0.8620860090612115,0.00010041692554602316,-1.350868237804507e-10,298.1500049430908,0.0,0.02770797446379295,299.32185955124993,1.1883988864820644e-17,0.0,3.7649144552429394e-06,99.77857012626345,1.984918659479305e-16,1.207175789745459e-19,1.4534898133671838e-32,7.74822203254717e-30,1.3543250505088753e-17,2.614296085302772,3.458941378901975e-12,0.00032703398997746167,1000000.0,1000415.4919345846
0.8630860090612115,0.00010041692541095359,-1.350695755413449e-10,298.15000494249773,0.0,0.027704670096719113,299.3218624113318,1.1882583429303436e-17,0.0,3.7649144704165847e-06,99.77857052889621,1.984683917314073e-16,1.2068890814372275e-19,1.4533061234012395e-32,7.748879453067874e-30,1.3543250559627278e-17,2.614296095852164,3.4585323244154825e-12,0.00032703398999458393,1000000.0,1000415.4919351162
0.8640860090612115,0.00010041692527589881,-1.3505477956958076e-10,298.1500049419052,0.0,0.027701366125954238,299.3218652710833,1.188117815957496e-17,0.0,3.764914485588567e-06,99.7785709314849,1.9844492028396128e-16,1.206602441033594e-19,1.453122416516903e-32,7.749536962215057e-30,1.3543250614160044e-17,2.6142961064004018,3.4581233181794545e-12,0.0003270339900117043,1000000.0,1000415.4919356917
0.8650860090612115,0.0001004169251408606,-1.350382111258422e-10,298.15000494131243,0.0,0.027698062551448768,299.32186813048844,1.1879773055572303e-17,0.0,3.764914500758685e-06,99.77857133402419,1.9842145160455655e-16,1.2063158690017366e-19,1.4529387928158758e-32,7.750194560053343e-30,1.3543250668685959e-17,2.614296116947345,3.4577143601760315e-12,0.00032703399002882255,1000000.0,1000415.4919362549
0.8660860090612115,0.00010041692500583808,-1.3502251946714224e-10,298.15000494071995,0.0,0.02769475937315539,299.32187098955524,1.1878368117297763e-17,0.0,3.7649145159270403e-06,99.77857173651672,1.9839798569320752e-16,1.2060293650838787e-19,1.4527551712149503e-32,7.750852246562852e-30,1.3543250723205609e-17,2.6142961274930636,3.457305450405597e-12,0.00032703399004593885,1000000.0,1000415.4919368341
0.8670860090612115,0.00010041692487083395,-1.3500411615092047e-10,298.15000494012696,0.0,0.027691456591023803,299.3218738482594,1.1876963344729863e-17,0.0,3.7649145310933244e-06,99.77857213895442,1.9837452254957106e-16,1.2057429292634796e-19,1.4525715819247646e-32,7.751510021749763e-30,1.3543250777716497e-17,2.6142961380373446,3.4568965888618786e-12,0.0003270339900630528,1000000.0,1000415.491937345
0.8680860090612115,0.00010041692473584375,-1.349902136325325e-10,298.1500049395348,0.0,0.02768815420500966,299.321876706641,1.1875558737853348e-17,0.0,3.764914546258043e-06,99.7785725413506,1.9835106217338862e-16,1.2054565615247445e-19,1.4523880206447275e-32,7.752167885625961e-30,1.354325083222338e-17,2.6142961485805385,3.456487775540496e-12,0.000327033990080165,1000000.0,1000415.4919379267
0.8690860090612115,0.00010041692460087008,-1.349736630863159e-10,298.1500049389424,0.0,0.027684852215062776,299.3218795646767,1.1874154296644989e-17,0.0,3.7649145614209025e-06,99.77857294369751,1.983276045642722e-16,1.2051702618511475e-19,1.452204485924033e-32,7.752825838196071e-30,1.3543250886723153e-17,2.6142961591224414,3.45607901043483e-12,0.0003270339900972751,1000000.0,1000415.4919384969
0.8700860090612115,0.00010041692446591301,-1.349570701999454e-10,298.1500049383499,0.0,0.027681550621135056,299.32188242236595,1.1872750021086154e-17,0.0,3.764914576581894e-06,99.77857334599491,1.983041497219089e-16,1.2048840302266e-19,1.4520209773409665e-32,7.753483879468216e-30,1.3543250941216045e-17,2.614296169663047,3.4556702935393783e-12,0.0003270339901143831,1000000.0,1000415.4919390541
0.8710860090612115,0.00010041692433097253,-1.3494047831535923e-10,298.1500049377576,0.0,0.02767824942317848,299.32188527970885,1.1871345911157802e-17,0.0,3.7649145917410202e-06,99.7785737482429,1.9828069764598846e-16,1.2045978666348133e-19,1.4518374947247422e-32,7.754142009451623e-30,1.3543250995702314e-17,2.6142961802023583,3.4552616248484907e-12,0.000327033990131489,1000000.0,1000415.4919395996
0.8720860090612115,0.00010041692419604773,-1.3492479801824577e-10,298.15000493716553,0.0,0.02767494862114579,299.3218881367136,1.186994196684131e-17,0.0,3.7649146068983826e-06,99.77857415044413,1.982572483361867e-16,1.2043117710598404e-19,1.4516540380474438e-32,7.754800228153832e-30,1.3543251050182399e-17,2.614296190740444,3.4548530043567636e-12,0.0003270339901485929,1000000.0,1000415.4919401606
0.8730860090612115,0.00010041692406113858,-1.3490913886051104e-10,298.15000493657345,0.0,0.02767164821498899,299.3218909933805,1.1868538188116384e-17,0.0,3.7649146220539853e-06,99.77857455259874,1.9823380179217377e-16,1.20402574348536e-19,1.4514706072588897e-32,7.755458535583359e-30,1.3543251104656229e-17,2.614296201277308,3.4544444320583262e-12,0.00032703399016569484,1000000.0,1000415.4919407376
0.8740860090612115,0.00010041692392624783,-1.348907437587438e-10,298.150004935981,0.0,0.027668348204657797,299.32189384968495,1.1867134574961715e-17,0.0,3.764914637207518e-06,99.77857495469848,1.982103580135909e-16,1.2037397838949695e-19,1.4512872023605486e-32,7.756116931746128e-30,1.3543251159122204e-17,2.614296211812735,3.454035907947127e-12,0.00032703399018279444,1000000.0,1000415.4919412462
0.8750860090612115,0.00010041692379137098,-1.3487685076225607e-10,298.1500049353894,0.0,0.02766504859010793,299.32189670566714,1.1865731127362248e-17,0.0,3.764914652359488e-06,99.7785753567568,1.9818691700019068e-16,1.203453892272887e-19,1.4511038233704136e-32,7.75677541665269e-30,1.354325121358325e-17,2.6142962223470763,3.4536274320186233e-12,0.0003270339901998923,1000000.0,1000415.4919418257
0.8760860090612115,0.00010041692365651066,-1.3486032284888036e-10,298.15000493479744,0.0,0.027661749371289214,299.32189956130367,1.1864327845295438e-17,0.0,3.7649146675095976e-06,99.77857575876581,1.9816347875159058e-16,1.2031680686027606e-19,1.4509204702514666e-32,7.757433990310291e-30,1.3543251268036962e-17,2.614296232880126,3.4532190042662405e-12,0.000327033990216988,1000000.0,1000415.4919423931
0.8770860090612115,0.00010041692352166692,-1.3484374095323044e-10,298.1500049342055,0.0,0.027658450548153624,299.321902416594,1.1862924728742645e-17,0.0,3.764914682657843e-06,99.77857616072544,1.9814004326748334e-16,1.202882312868382e-19,1.4507371430099014e-32,7.758092652725213e-30,1.3543251322484129e-17,2.6142962434118813,3.452810624684545e-12,0.00032703399023408165,1000000.0,1000415.491942948
0.8780860090612115,0.00010041692338683884,-1.3482807326348397e-10,298.1500049336138,0.0,0.027655152120653937,299.32190527154665,1.1861521777684507e-17,0.0,3.7649146978043277e-06,99.77857656263838,1.9811661054754382e-16,1.202596625053619e-19,1.450553841644311e-32,7.758751403908615e-30,1.3543251376925283e-17,2.6142962539424133,3.4524022932680615e-12,0.0003270339902511733,1000000.0,1000415.491943519
0.8790860090612115,0.00010041692325202734,-1.3481150516574123e-10,298.15000493302205,0.0,0.027651854088741396,299.3219081261531,1.1860118992101095e-17,0.0,3.7649147129489464e-06,99.77857696450188,1.9809318059144013e-16,1.202311005142279e-19,1.4503705661488655e-32,7.75941024386523e-30,1.3543251431359613e-17,2.6142962644716503,3.4519940100108455e-12,0.0003270339902682628,1000000.0,1000415.491944077
0.8800860090612115,0.0001004169231172324,-1.347949293834778e-10,298.15000493243036,0.0,0.027648556452368068,299.3219109804138,1.1858716371973558e-17,0.0,3.7649147280917034e-06,99.77857736631603,1.980697533988556e-16,1.2020254531183e-19,1.4501873165240408e-32,7.760069172605278e-30,1.3543251485786926e-17,2.6142962749995946,3.451585774907433e-12,0.00032703399028535026,1000000.0,1000415.4919446235
0.8810860090612115,0.00010041692298245314,-1.3477926904822772e-10,298.15000493183885,0.0,0.0276452592114867,299.32191383433644,1.1857313917282559e-17,0.0,3.7649147432326973e-06,99.77857776808344,1.9804632896946966e-16,1.2017399689654277e-19,1.4500040927483298e-32,7.760728190135881e-30,1.3543251540208292e-17,2.614296285526314,3.451177587952143e-12,0.0003270339903024357,1000000.0,1000415.4919451845
0.8820860090612115,0.00010041692284769043,-1.3476270945686694e-10,298.15000493124734,0.0,0.02764196236604862,299.32191668791353,1.1855911628007569e-17,0.0,3.7649147583718294e-06,99.77857816980153,1.9802290730293777e-16,1.2014545526675033e-19,1.4498208948336145e-32,7.761387296464706e-30,1.3543251594622772e-17,2.614296296051741,3.4507694491393036e-12,0.00032703399031951905,1000000.0,1000415.4919457342
0.8830860090612115,0.00010041692271294337,-1.3474705533350675e-10,298.150004930656,0.0,0.027638665916006604,299.3219195411528,1.1854509504131351e-17,0.0,3.7649147735092005e-06,99.77857857147295,1.9799948839897177e-16,1.2011692042085167e-19,1.4496377227768854e-32,7.762046491601046e-30,1.3543251649031397e-17,2.614296306575945,3.4503613584634437e-12,0.0003270339903366004,1000000.0,1000415.4919462991
0.8840860090612115,0.00010041692257821286,-1.34730504610234e-10,298.15000493006454,0.0,0.027635369861311966,299.32192239404645,1.1853107545632244e-17,0.0,3.7649147886447107e-06,99.77857897309504,1.9797607225721418e-16,1.200883923572115e-19,1.4494545765524323e-32,7.762705775551028e-30,1.354325170343273e-17,2.6142963170988573,3.4499533159186e-12,0.00032703399035367966,1000000.0,1000415.4919468515
0.8850860090612115,0.00010041692244349803,-1.3471483802811096e-10,298.1500049294734,0.0,0.027632074201917493,299.3219252466023,1.1851705752492976e-17,0.0,3.7649148037784578e-06,99.77857937467041,1.9795265887736808e-16,1.2005987107424435e-19,1.4492714561907972e-32,7.763365148324459e-30,1.3543251757827959e-17,2.614296327620545,3.4495453214994647e-12,0.00032703399037075693,1000000.0,1000415.4919474196
0.8860860090612115,0.00010041692230879972,-1.346982967303104e-10,298.1500049288822,0.0,0.027628778937774535,299.32192809881275,1.1850304124691925e-17,0.0,3.764914818910346e-06,99.77857977619655,1.97929248259078e-16,1.2003135657031036e-19,1.4490883616451304e-32,7.76402460992815e-30,1.3543251812215495e-17,2.6142963381409423,3.4491373752002016e-12,0.00032703399038783214,1000000.0,1000415.491947976
0.8870860090612115,0.00010041692217411799,-1.3468173586101664e-10,298.15000492829097,0.0,0.027625484068835117,299.3219309506773,1.1848902662210355e-17,0.0,3.76491483404037e-06,99.77858017767325,1.9790584040203352e-16,1.2000284884379627e-19,1.4489052929390454e-32,7.76468416036978e-30,1.3543251866597468e-17,2.614296348660045,3.4487294770149042e-12,0.00032703399040490523,1000000.0,1000415.4919485191
0.8880860090612115,0.0001004169220394519,-1.3466608538589423e-10,298.1500049277,0.0,0.027622189595052096,299.3219338022044,1.1847501365030324e-17,0.0,3.7649148491686342e-06,99.7785805791033,1.9788243530592882e-16,1.1997434789311523e-19,1.4487222500769375e-32,7.765343799659885e-30,1.3543251920973449e-17,2.6142963591779256,3.4483216269385698e-12,0.0003270339904219763,1000000.0,1000415.4919490782
0.8890860090612115,0.00010041692190480237,-1.3464954287659165e-10,298.15000492710897,0.0,0.027618895516376793,299.3219366533859,1.1846100233130677e-17,0.0,3.7649148642950363e-06,99.77858098048402,1.9785903297041233e-16,1.1994585371663314e-19,1.4485392330198909e-32,7.766003527803647e-30,1.3543251975342522e-17,2.6142963696945127,3.4479138249650304e-12,0.00032703399043904535,1000000.0,1000415.4919496247
0.8900860090612115,0.00010041692177016848,-1.3463390063450487e-10,298.1500049265181,0.0,0.02761560183276204,299.32193950423,1.1844699266493791e-17,0.0,3.7649148794196794e-06,99.77858138181813,1.9783563339519472e-16,1.199173663127452e-19,1.448356241789261e-32,7.766663344810162e-30,1.3543252029704984e-17,2.614296380209879,3.447506071088881e-12,0.0003270339904561124,1000000.0,1000415.4919501864
0.8910860090612115,0.00010041692163555113,-1.346173569834167e-10,298.15000492592713,0.0,0.027612308544159206,299.3219423547287,1.1843298465098214e-17,0.0,3.7649148945424625e-06,99.77858178310292,1.978122365799119e-16,1.198888856798359e-19,1.4481732763731611e-32,7.767323250687399e-30,1.3543252084060922e-17,2.6142963907239536,3.447098365304352e-12,0.0003270339904731773,1000000.0,1000415.4919507364
0.8920860090612115,0.00010041692150094941,-1.3460171086815746e-10,298.1500049253365,0.0,0.027609015650521124,299.3219452048901,1.1841897828926536e-17,0.0,3.7649149096634863e-06,99.77858218434112,1.9778884252427415e-16,1.198604118163046e-19,1.4479903367721197e-32,7.767983245443498e-30,1.3543252138410638e-17,2.614296401236807,3.4466907076059598e-12,0.00032703399049024024,1000000.0,1000415.4919513019
0.8930860090612115,0.00010041692136636425,-1.3458517271073881e-10,298.15000492474576,0.0,0.02760572315179914,299.32194805470607,1.1840497357957525e-17,0.0,3.764914924782649e-06,99.77858258552996,1.9776545122792867e-16,1.198319447205233e-19,1.4478074229659726e-32,7.768643329086116e-30,1.3543252192753686e-17,2.6142964117483674,3.4462830979879243e-12,0.0003270339905073011,1000000.0,1000415.4919518549
0.8940860090612115,0.0001004169212317947,-1.3456954076382015e-10,298.15000492415527,0.0,0.027602431047946144,299.3219509041849,1.183909705217396e-17,0.0,3.764914939900055e-06,99.77858298667226,1.97742062690585e-16,1.1980348439090403e-19,1.447624534976973e-32,7.769303501623369e-30,1.3543252247089781e-17,2.614296422258708,3.4458755364447584e-12,0.0003270339905243599,1000000.0,1000415.4919524238
0.8950860090612115,0.00010041692109724169,-1.3455301291447657e-10,298.1500049235646,0.0,0.027599139338913493,299.3219537533185,1.1837696911554487e-17,0.0,3.764914955015602e-06,99.7785833877653,1.9771867691189212e-16,1.1977503082581637e-19,1.4474416727688387e-32,7.769963763063584e-30,1.3543252301419653e-17,2.614296432767758,3.445468022970596e-12,0.0003270339905414167,1000000.0,1000415.4919529802
0.8960860090612115,0.00010041692096270522,-1.3453646372591027e-10,298.150004922974,0.0,0.027595848024653293,299.3219566021067,1.1836296936079723e-17,0.0,3.7649149701292873e-06,99.77858378880897,1.976952938915206e-16,1.1974658402365009e-19,1.4472588363573183e-32,7.770624113414651e-30,1.3543252355743134e-17,2.614296443275515,3.445060557559897e-12,0.00032703399055847136,1000000.0,1000415.4919535243
0.8970860090612115,0.0001004169208281844,-1.345208233029703e-10,298.15000492238374,0.0,0.02759255710511842,299.32195945055764,1.1834897125731944e-17,0.0,3.7649149852412136e-06,99.77858418980604,1.976719136291739e-16,1.1971814398281642e-19,1.4470760257455175e-32,7.77128455268401e-30,1.3543252410060177e-17,2.61429645378205,3.4446531402071162e-12,0.000327033990575524,1000000.0,1000415.4919540838
0.8980860090612115,0.00010041692069368009,-1.3450430718720101e-10,298.15000492179325,0.0,0.027589266580260292,299.32196229866366,1.1833497480490217e-17,0.0,3.7649150003512823e-06,99.7785845907539,1.9764853612450656e-16,1.1968971070168445e-19,1.4468932408995976e-32,7.771945080880318e-30,1.3543252464370159e-17,2.6142964642872966,3.44424577090641e-12,0.0003270339905925746,1000000.0,1000415.4919546309
0.8990860090612115,0.00010041692055919141,-1.344886707953554e-10,298.15000492120316,0.0,0.027585976450031774,299.32196514643255,1.1832098000336415e-17,0.0,3.7649150154595925e-06,99.77858499165512,1.9762516137721494e-16,1.196612841786589e-19,1.4467104818437614e-32,7.772605698012694e-30,1.3543252518674304e-17,2.6142964747913213,3.443838449652513e-12,0.0003270339906096232,1000000.0,1000415.491955194
0.9000860090612115,0.00010041692042471925,-1.3447215561059884e-10,298.1500049206129,0.0,0.027582686714384283,299.32196799385645,1.1830698685250608e-17,0.0,3.764915030566045e-06,99.77858539250715,1.9760178938696408e-16,1.196328644121335e-19,1.4465277485628347e-32,7.773266404086135e-30,1.3543252572971521e-17,2.614296485294056,3.4434311764394117e-12,0.00032703399062666974,1000000.0,1000415.4919557449
0.9010860090612115,0.00010041692029026273,-1.3445652322821818e-10,298.15000492002287,0.0,0.027579397373270694,299.32197084094315,1.1829299535213543e-17,0.0,3.7649150456707387e-06,99.77858579331254,1.9757842015343188e-16,1.196044514004969e-19,1.4463450410449207e-32,7.773927199111963e-30,1.354325262726285e-17,2.6142964957955694,3.4430239512617383e-12,0.00032703399064371426,1000000.0,1000415.4919563103
0.9020860090612115,0.00010041692015582272,-1.344400149051082e-10,298.15000491943266,0.0,0.027576108426642452,299.32197368768504,1.1827900550205373e-17,0.0,3.7649150607735754e-06,99.77858619406872,1.9755505367628867e-16,1.19576045142134e-19,1.4461623592912263e-32,7.77458808309566e-30,1.354325268154686e-17,2.6142965062957932,3.4426167741135846e-12,0.00032703399066075667,1000000.0,1000415.4919568639
0.9030860090612115,0.00010041692002139923,-1.3442347399677791e-10,298.1500049188426,0.0,0.0275728198744517,299.3219765340819,1.1826501730206407e-17,0.0,3.7649150758745534e-06,99.77858659477565,1.9753168995520975e-16,1.1954764563543544e-19,1.4459797032990142e-32,7.775249056046231e-30,1.3543252735824695e-17,2.614296516794727,3.442209644989437e-12,0.000327033990677797,1000000.0,1000415.4919574057
0.9040860090612115,0.00010041691988699139,-1.3440784928873804e-10,298.1500049182528,0.0,0.027569531716651337,299.3219793801418,1.1825103075199123e-17,0.0,3.764915090973772e-06,99.77858699543594,1.9750832898989397e-16,1.1951925287881877e-19,1.4457970730769662e-32,7.775910117972369e-30,1.3543252790095594e-17,2.614296527292438,3.4418025638838275e-12,0.00032703399069483537,1000000.0,1000415.491957962
0.9050860090612115,0.00010041691975259914,-1.3439225002025505e-10,298.15000491766307,0.0,0.027566243953193587,299.32198222586493,1.1823704585163129e-17,0.0,3.7649151060712377e-06,99.77858739604977,1.9748497078000449e-16,1.1949086687065993e-19,1.4456144685883282e-32,7.776571268881807e-30,1.3543252844360648e-17,2.614296537788932,3.4413955307910714e-12,0.0003270339907118718,1000000.0,1000415.4919585341
0.9060860090612115,0.00010041691961822521,-1.343739247653835e-10,298.1500049170729,0.0,0.027562956584028374,299.3219850712272,1.1822306260076889e-17,0.0,3.764915121166642e-06,99.77858779660897,1.9746161532518292e-16,1.1946248760933815e-19,1.445431889847924e-32,7.777232508780843e-30,1.3543252898617891e-17,2.614296548283995,3.440988545704937e-12,0.0003270339907289059,1000000.0,1000415.4919590385
0.9070860090612115,0.0001004169194838651,-1.3436009897111227e-10,298.1500049164836,0.0,0.027559669609111593,299.32198791626865,1.1820908099925626e-17,0.0,3.764915136260492e-06,99.77858819712698,1.9743826262518123e-16,1.1943411509328938e-19,1.4452493368685988e-32,7.777893837680749e-30,1.3543252952871463e-17,2.6142965587779785,3.4405816086208824e-12,0.0003270339907459382,1000000.0,1000415.4919596143
0.9080860090612115,0.00010041691934952149,-1.343436179989831e-10,298.15000491589393,0.0,0.027556383028393232,299.3219907609655,1.1819510104686465e-17,0.0,3.7649151513524853e-06,99.7785885975958,1.9741491267961778e-16,1.1940574932087557e-19,1.4450668096048648e-32,7.778555255586776e-30,1.3543253007115984e-17,2.614296569270673,3.4401747195325896e-12,0.0003270339907629684,1000000.0,1000415.4919601768
0.9090860090612115,0.0001004169192151944,-1.3432710594319344e-10,298.15000491530435,0.0,0.027553096841825483,299.3219936053176,1.1818112274341209e-17,0.0,3.7649151664426216e-06,99.7785889980154,1.9739156548819104e-16,1.1937739029049289e-19,1.4448843080812078e-32,7.779216762508036e-30,1.3543253061354724e-17,2.614296579762078,3.4397678784344874e-12,0.0003270339907799965,1000000.0,1000415.4919607275
0.9100860090612115,0.00010041691908088289,-1.343114995894295e-10,298.1500049147149,0.0,0.02754981104936131,299.3219964493332,1.1816714608870539e-17,0.0,3.764915181531005e-06,99.77858939838853,1.9736822105057075e-16,1.1934903800055972e-19,1.4447018322996328e-32,7.779878358452642e-30,1.354325311558701e-17,2.6142965902522652,3.439361085321054e-12,0.0003270339907970227,1000000.0,1000415.4919612937
0.9110860090612115,0.0001004169189465879,-1.3429498498292093e-10,298.1500049141254,0.0,0.027546525650952162,299.3219992930041,1.1815317108254716e-17,0.0,3.764915196617531e-06,99.77858979871243,1.9734487936643583e-16,1.1932069244944775e-19,1.4445193822231677e-32,7.780540043428482e-30,1.3543253169813222e-17,2.614296600741163,3.4389543401866e-12,0.00032703399081404676,1000000.0,1000415.4919618475
0.9120860090612115,0.00010041691881230851,-1.34279385381884e-10,298.15000491353624,0.0,0.02754324064655101,299.32200213633854,1.1813919772475545e-17,0.0,3.764915211702303e-06,99.77859019898983,1.9732154043547924e-16,1.192923536355733e-19,1.4443369578821968e-32,7.781201817443977e-30,1.354325322403191e-17,2.6142966112288426,3.4385476430255543e-12,0.0003270339908310689,1000000.0,1000415.4919624171
0.9130860090612115,0.00010041691867804562,-1.3426289209107783e-10,298.1500049129469,0.0,0.027539956036109335,299.3220049793285,1.1812522601511566e-17,0.0,3.7649152267852183e-06,99.77859059921808,1.9729820425734157e-16,1.1926402155731146e-19,1.4441545592412598e-32,7.781863680506142e-30,1.354325327824484e-17,2.6142966217152335,3.4381409938322173e-12,0.00032703399084808886,1000000.0,1000415.4919629742
0.9140860090612115,0.00010041691854379924,-1.3424637952616763e-10,298.1500049123576,0.0,0.027536671819579344,299.3220078219737,1.1811125595345244e-17,0.0,3.7649152418662753e-06,99.77859099939705,1.9727487083172942e-16,1.1923569621307582e-19,1.4439721863265018e-32,7.782525632623698e-30,1.3543253332450986e-17,2.614296632200334,3.4377343926009093e-12,0.00032703399086510677,1000000.0,1000415.4919635182
0.9150860090612115,0.00010041691840956846,-1.3423078360240695e-10,298.1500049117685,0.0,0.027533387996914044,299.32201066428263,1.1809728753956705e-17,0.0,3.76491525694558e-06,99.77859139952957,1.97251540158312e-16,1.1920737760126108e-19,1.443789839109967e-32,7.783187673804862e-30,1.3543253386651054e-17,2.614296642684218,3.437327839326123e-12,0.00032703399088212273,1000000.0,1000415.4919640789
0.9160860090612115,0.00010041691827535419,-1.3421428361204664e-10,298.15000491117945,0.0,0.027530104568064914,299.322013506247,1.1808332077325801e-17,0.0,3.7649152720230275e-06,99.77859179961288,1.97228212236752e-16,1.1917906572025805e-19,1.443607517593955e-32,7.783849804057449e-30,1.3543253440844362e-17,2.614296653166811,3.436921334002119e-12,0.00032703399089913657,1000000.0,1000415.4919646261
0.9170860090612115,0.00010041691814115549,-1.3419869656068415e-10,298.1500049105906,0.0,0.027526821532984972,299.3220163478752,1.1806935565435436e-17,0.0,3.7649152870987228e-06,99.77859219964975,1.972048870667629e-16,1.1915076056848407e-19,1.4434252217862987e-32,7.784512023389433e-30,1.3543253495030586e-17,2.6142966636481884,3.4365148766235757e-12,0.00032703399091614846,1000000.0,1000415.4919651897
0.9180860090612115,0.00010041691800697329,-1.341822079636967e-10,298.1500049100016,0.0,0.027523538891625707,299.32201918915894,1.1805539218263689e-17,0.0,3.7649153021725626e-06,99.77859259963746,1.9718156464798684e-16,1.1912246214430873e-19,1.443242951650762e-32,7.785174331809525e-30,1.354325354921151e-17,2.614296674128277,3.436108467184416e-12,0.00032703399093315824,1000000.0,1000415.4919657402
0.9190860090612115,0.00010041691787280758,-1.341657047173836e-10,298.15000490941264,0.0,0.027520256643939388,299.3220220300984,1.180414303579205e-17,0.0,3.7649153172445474e-06,99.77859299957599,1.9715824498010333e-16,1.190941704461494e-19,1.443060707222373e-32,7.785836729324511e-30,1.3543253603384736e-17,2.614296684607078,3.4357021056791705e-12,0.0003270339909501659,1000000.0,1000415.4919662789
0.9200860090612115,0.00010041691773865747,-1.3415011050485293e-10,298.150004908824,0.0,0.027516974789879016,299.3220248707016,1.1802747018002263e-17,0.0,3.764915332314778e-06,99.77859339946804,1.9713492806281144e-16,1.1906588547240822e-19,1.442878488473257e-32,7.786499215943796e-30,1.3543253657552018e-17,2.614296695084661,3.435295792102501e-12,0.0003270339909671716,1000000.0,1000415.4919668325
0.9210860090612115,0.00010041691760452293,-1.3413454105788035e-10,298.15000490823536,0.0,0.027513693329396873,299.32202771096877,1.1801351164874792e-17,0.0,3.764915347383257e-06,99.77859379931367,1.9711161389578822e-16,1.1903760722148586e-19,1.4426962954026406e-32,7.787161791675165e-30,1.3543253711713075e-17,2.614296705561027,3.434889526448561e-12,0.0003270339909841754,1000000.0,1000415.491967402
0.9220860090612115,0.00010041691747040486,-1.3411805728747696e-10,298.1500049076467,0.0,0.027510412262444512,299.3220305508919,1.1799955476389206e-17,0.0,3.764915362449884e-06,99.7785941991102,1.970883024786868e-16,1.1900933569177361e-19,1.442514128002661e-32,7.787824456525291e-30,1.3543253765867045e-17,2.6142967160361072,3.434483308711785e-12,0.000327033991001177,1000000.0,1000415.4919679596
0.9230860090612115,0.00010041691733630331,-1.3410156488135397e-10,298.150004907058,0.0,0.02750713158897416,299.32203339047055,1.1798559952526381e-17,0.0,3.764915377514653e-06,99.77859459885751,1.970649938111928e-16,1.189810708816688e-19,1.44233198627314e-32,7.788487210503873e-30,1.354325382001471e-17,2.6142967265098975,3.4340771388863056e-12,0.00032703399101817655,1000000.0,1000415.4919685036
0.9240860090612115,0.00010041691720221843,-1.3408488077004096e-10,298.15000490646946,0.0,0.027503851308937986,299.32203622970343,1.1797164593287323e-17,0.0,3.764915392577547e-06,99.77859499855512,1.9704168789331723e-16,1.1895281276573993e-19,1.4421498281419118e-32,7.789150053590235e-30,1.3543253874156464e-17,2.6142967369823857,3.4336710169724315e-12,0.00032703399103517397,1000000.0,1000415.49196903
0.9250860090612115,0.00010041691706814931,-1.3406911411760823e-10,298.1500049058811,0.0,0.02750057142228903,299.32203906859854,1.179576939861275e-17,0.0,3.764915407638668e-06,99.77859539820574,1.970183847240797e-16,1.1892456139007304e-19,1.4419677518666617e-32,7.789812985848764e-30,1.3543253928290841e-17,2.614296747453643,3.4332649429530992e-12,0.0003270339910521694,1000000.0,1000415.4919695661
0.9260860090612115,0.00010041691693409595,-1.3405335625622505e-10,298.1500049052928,0.0,0.027497291928979598,299.3220419071561,1.1794374368504351e-17,0.0,3.7649154226980165e-06,99.7785957978094,1.9699508430349952e-16,1.1889631672922525e-19,1.4417856778356252e-32,7.790476007259302e-30,1.3543253982419135e-17,2.614296757923669,3.4328589168285042e-12,0.00032703399106916284,1000000.0,1000415.4919701123
0.9270860090612115,0.00010041691680005835,-1.340376051645322e-10,298.1500049047046,0.0,0.027494012828961988,299.3220447453762,1.1792979502941829e-17,0.0,3.7649154377555938e-06,99.77859619736608,1.9697178663123983e-16,1.188680787816035e-19,1.441603635741749e-32,7.791139117829939e-30,1.3543254036540963e-17,2.6142967683924647,3.432452938593017e-12,0.0003270339910861543,1000000.0,1000415.4919706678
0.9280860090612115,0.00010041691666603649,-1.3402185897184304e-10,298.1500049041165,0.0,0.027490734122188522,299.32204758325895,1.1791584801905951e-17,0.0,3.7649154528113994e-06,99.77859659687584,1.9694849170698138e-16,1.1883984754560465e-19,1.4414216213284144e-32,7.791802317568853e-30,1.354325409065733e-17,2.614296778860031,3.4320470082409694e-12,0.00032703399110314374,1000000.0,1000415.4919712334
0.9290860090612115,0.00010041691653203128,-1.3400520981084998e-10,298.1500049035282,0.0,0.02748745580861079,299.3220504207961,1.179019026537709e-17,0.0,3.7649154678653327e-06,99.77859699633598,1.9692519953039202e-16,1.1881162301963314e-19,1.4412396332215075e-32,7.792465606483698e-30,1.3543254144765233e-17,2.614296789326297,3.431641125766634e-12,0.0003270339911201311,1000000.0,1000415.4919717807
0.9300860090612115,0.00010041691639804184,-1.3398943894336024e-10,298.1500049029403,0.0,0.02748417788818182,299.32205325799566,1.1788795893336307e-17,0.0,3.764915482917492e-06,99.77859739574909,1.9690191010116405e-16,1.1878340520208277e-19,1.441057670957506e-32,7.793128984583605e-30,1.3543254198868291e-17,2.6142967997913313,3.4312352911644436e-12,0.0003270339911371164,1000000.0,1000415.491972338
0.9310860090612115,0.00010041691626406813,-1.339737060252309e-10,298.15000490235235,0.0,0.027480900360853978,299.3220560948581,1.1787401685764794e-17,0.0,3.7649154979678825e-06,99.77859779511533,1.96878623418975e-16,1.1875519409137536e-19,1.4408757344115265e-32,7.793792451875143e-30,1.3543254252963876e-17,2.614296810255137,3.4308295044289027e-12,0.0003270339911540997,1000000.0,1000415.4919729054
0.9320860090612115,0.00010041691613011107,-1.3395705316697224e-10,298.15000490176436,0.0,0.02747762322657884,299.322058931375,1.1786007642642113e-17,0.0,3.7649155130163994e-06,99.77859819443191,1.9685533948348283e-16,1.1872698968590155e-19,1.4406938235061085e-32,7.794456008367327e-30,1.3543254307053093e-17,2.6142968207176422,3.4304237655542376e-12,0.00032703399117108093,1000000.0,1000415.4919734544
0.9330860090612115,0.00010041691599616979,-1.3394129262567528e-10,298.15000490117654,0.0,0.027474346485309477,299.3220617675544,1.1784613763950341e-17,0.0,3.764915528063142e-06,99.77859859370147,1.9683205829439497e-16,1.1869879198407618e-19,1.4405119382395604e-32,7.795119654068651e-30,1.3543254361135911e-17,2.614296831178915,3.4300180745349497e-12,0.00032703399118806013,1000000.0,1000415.4919740122
0.9340860090612115,0.00010041691586224514,-1.3392464120264203e-10,298.15000490058867,0.0,0.027471070136997525,299.3220646033886,1.178322004966838e-17,0.0,3.7649155431080144e-06,99.77859899292147,1.9680877985135468e-16,1.1867060098428976e-19,1.4403300785872927e-32,7.79578338898503e-30,1.3543254415211668e-17,2.614296841638889,3.4296124313652967e-12,0.0003270339912050373,1000000.0,1000415.4919745526
0.9350860090612115,0.00010041691572833627,-1.3390888521573478e-10,298.150004900001,0.0,0.027467794181596034,299.3220674388851,1.178182649977843e-17,0.0,3.7649155581511116e-06,99.77859939209442,1.9678550415406862e-16,1.186424166849566e-19,1.4401482445594124e-32,7.796447213127816e-30,1.3543254469282514e-17,2.614296852097631,3.4292068360397086e-12,0.0003270339912220124,1000000.0,1000415.4919751019
0.9360860090612115,0.0001004169155944431,-1.3389316521415197e-10,298.1500048994135,0.0,0.027464518619057438,299.3220702740449,1.17804331142614e-17,0.0,3.764915573192443e-06,99.77859979122059,1.967622312022092e-16,1.1861423908448927e-19,1.4399664361464283e-32,7.79711112650218e-30,1.3543254523345746e-17,2.614296862555147,3.4288012885527715e-12,0.00032703399123898554,1000000.0,1000415.4919756626
0.9370860090612115,0.00010041691546056659,-1.338765175114206e-10,298.1500048988258,0.0,0.027461243449333306,299.32207310885934,1.177903989309602e-17,0.0,3.764915588231902e-06,99.7786001902971,1.9673896099543326e-16,1.1858606818126815e-19,1.4397846533247077e-32,7.797775129117716e-30,1.3543254577402185e-17,2.6142968730113614,3.428395788898594e-12,0.00032703399125595656,1000000.0,1000415.4919762041
0.9380860090612115,0.00010041691532670581,-1.3386077278524638e-10,298.1500048982383,0.0,0.027457968672376768,299.3220759433366,1.177764683626494e-17,0.0,3.764915603269589e-06,99.77860058932669,1.9671569353344166e-16,1.185579039737275e-19,1.4396028961279868e-32,7.79843922098297e-30,1.3543254631453694e-17,2.6142968834663467,3.4279903370716925e-12,0.00032703399127292557,1000000.0,1000415.4919767552
0.9390860090612115,0.00010041691519286077,-1.338450412937609e-10,298.15000489765106,0.0,0.0274546942881402,299.32207877747686,1.1776253943749554e-17,0.0,3.7649156183055077e-06,99.77860098830939,1.9669242881592708e-16,1.1852974646027324e-19,1.4394211645220994e-32,7.799103402104638e-30,1.3543254685497463e-17,2.6142968939201037,3.4275849330666506e-12,0.0003270339912898926,1000000.0,1000415.4919773173
0.9400860090612115,0.00010041691505903235,-1.3382841456199402e-10,298.1500048970636,0.0,0.027451420296575265,299.3220816112721,1.1774861215527689e-17,0.0,3.764915633339557e-06,99.77860138724256,1.9666916684251888e-16,1.185015956392911e-19,1.439239458497299e-32,7.799767672491201e-30,1.3543254739534754e-17,2.614296904372563,3.4271795768773846e-12,0.0003270339913068575,1000000.0,1000415.4919778602
0.9410860090612115,0.00010041691492521969,-1.3381266734213697e-10,298.1500048964764,0.0,0.02744814669763504,299.3220844447301,1.1773468651582515e-17,0.0,3.7649156483718332e-06,99.77860178612873,1.9664590761293051e-16,1.1847345150921126e-19,1.43905777807994e-32,7.800432032151172e-30,1.3543254793566042e-17,2.6142969148237905,3.426774268498673e-12,0.00032703399132382046,1000000.0,1000415.4919784128
0.9420860090612115,0.00010041691479142273,-1.3379695920970383e-10,298.15000489588925,0.0,0.027444873491271983,299.32208727785144,1.1772076251894385e-17,0.0,3.7649156634023444e-06,99.77860218496811,1.9662265112684426e-16,1.1844531406842863e-19,1.4388761232342013e-32,7.801096481092568e-30,1.3543254847590703e-17,2.6142969252737918,3.4263690079249463e-12,0.0003270339913407814,1000000.0,1000415.4919789761
0.9430860090612115,0.00010041691465764241,-1.33780326253805e-10,298.15000489530195,0.0,0.027441600677437714,299.32209011062764,1.1770684016442998e-17,0.0,3.7649156784309827e-06,99.77860258375786,1.9659939738391563e-16,1.1841718331535116e-19,1.4386944939739133e-32,7.801761019323195e-30,1.3543254901608142e-17,2.614296935722493,3.4259637951502775e-12,0.0003270339913577402,1000000.0,1000415.49197952
0.9440860090612115,0.00010041691452387783,-1.3376458705033467e-10,298.1500048947149,0.0,0.027438328256085394,299.32209294306693,1.1769291945209942e-17,0.0,3.764915693457852e-06,99.77860298250074,1.9657614638383559e-16,1.183890592483948e-19,1.4385128902919163e-32,7.802425646851409e-30,1.354325495561999e-17,2.6142969461699668,3.4255586301692744e-12,0.000327033991374697,1000000.0,1000415.4919800741
0.9450860090612115,0.00010041691439012894,-1.3374887633433943e-10,298.1500048941281,0.0,0.02743505622716745,299.3220957751696,1.1767900038175716e-17,0.0,3.7649157084829553e-06,99.77860338119682,1.9655289812628316e-16,1.1836094186595868e-19,1.4383313121738556e-32,7.803090363685253e-30,1.354325500962512e-17,2.6142969566162138,3.4251535129763516e-12,0.00032703399139165183,1000000.0,1000415.4919806387
0.9460860090612115,0.0001004169142563967,-1.3373224882405484e-10,298.15000489354105,0.0,0.027431784590635538,299.32209860692734,1.1766508295321015e-17,0.0,3.7649157235061866e-06,99.77860377984328,1.9652965261093374e-16,1.183328311664632e-19,1.4381497596344708e-32,7.803755169832136e-30,1.3543255063624001e-17,2.614296967061161,3.424748443565723e-12,0.0003270339914086046,1000000.0,1000415.4919811848
0.9470860090612115,0.00010041691412268016,-1.3371652250320245e-10,298.1500048929542,0.0,0.027428513346442838,299.32210143834845,1.1765116716626258e-17,0.0,3.764915738527652e-06,99.77860417844293,1.9650640983745597e-16,1.183047271483071e-19,1.437968232644704e-32,7.804420065301902e-30,1.3543255117616586e-17,2.6142969775048814,3.4243434219319143e-12,0.0003270339914255553,1000000.0,1000415.4919817408
0.9480860090612115,0.00010041691398898027,-1.336999016342942e-10,298.1500048923674,0.0,0.02742524249454102,299.3221042694246,1.176372530207282e-17,0.0,3.764915753547245e-06,99.77860457699298,1.9648316980554116e-16,1.1827662980990898e-19,1.4377867312238776e-32,7.805085050100311e-30,1.3543255171602145e-17,2.6142969879473026,3.4239384480692837e-12,0.00032703399144250395,1000000.0,1000415.4919822784
0.9490860090612115,0.00010041691385529608,-1.336841787665408e-10,298.1500048917807,0.0,0.027421972034883283,299.3221071001641,1.1762334051641374e-17,0.0,3.764915768565072e-06,99.77860497549621,1.964599325148729e-16,1.1824853914967715e-19,1.4376052553502057e-32,7.80575012423737e-30,1.354325522558086e-17,2.6142969983884967,3.4235335219722658e-12,0.0003270339914594506,1000000.0,1000415.4919828264
0.9500860090612115,0.0001004169137216276,-1.3366847643066746e-10,298.15000489119416,0.0,0.027418701967422066,299.3221099305671,1.1760942965312328e-17,0.0,3.764915783581132e-06,99.77860537395262,1.9643669796511258e-16,1.1822045516602468e-19,1.4374238050278666e-32,7.806415287720451e-30,1.3543255279553717e-17,2.6142970088284643,3.423128643635357e-12,0.0003270339914763952,1000000.0,1000415.4919833838
0.9510860090612115,0.00010041691358797482,-1.3365277391606788e-10,298.15000489060765,0.0,0.027415432292109826,299.3221127606335,1.1759552043066846e-17,0.0,3.764915798595425e-06,99.7786057723622,1.9641346615595505e-16,1.1819237785736134e-19,1.4372423802488152e-32,7.807080540558307e-30,1.3543255333519835e-17,2.614297019267205,3.4227238130528135e-12,0.00032703399149333786,1000000.0,1000415.4919839508
0.9520860090612115,0.00010041691345433867,-1.3363616375241187e-10,298.1500048900211,0.0,0.027412163008898264,299.3221155903553,1.1758161284884933e-17,0.0,3.7649158136078497e-06,99.77860617072226,1.9639023708706416e-16,1.1816430722209182e-19,1.437060981008005e-32,7.807745882757644e-30,1.3543255387480095e-17,2.6142970297046477,3.4223190302189633e-12,0.0003270339915102784,1000000.0,1000415.4919844995
0.9530860090612115,0.00010041691332071823,-1.336204454102159e-10,298.1500048894347,0.0,0.027408894117740563,299.3221184197405,1.175677069074794e-17,0.0,3.7649158286185055e-06,99.77860656903545,1.963670107581243e-16,1.1813624325863845e-19,1.4368796073086204e-32,7.808411314327867e-30,1.354325544143426e-17,2.6142970401408627,3.421914295128352e-12,0.00032703399152721695,1000000.0,1000415.4919850583
0.9540860090612115,0.0001004169131871144,-1.3360383574551266e-10,298.1500048888483,0.0,0.027405625618588482,299.32212124878123,1.1755380260636658e-17,0.0,3.764915843627295e-06,99.77860696729917,1.9634378716882023e-16,1.181081859654118e-19,1.436698259138793e-32,7.809076835275623e-30,1.3543255495380152e-17,2.614297050575782,3.4215096077752564e-12,0.0003270339915441534,1000000.0,1000415.4919855988
0.9550860090612115,0.00010041691305352627,-1.3358812707396087e-10,298.15000488826206,0.0,0.027402357511395213,299.3221240774855,1.175398999453185e-17,0.0,3.7649158586343174e-06,99.77860736551605,1.9632056631882434e-16,1.180801353408261e-19,1.4365169364935642e-32,7.809742445610994e-30,1.3543255549320342e-17,2.6142970610094736,3.4211049681541637e-12,0.0003270339915610878,1000000.0,1000415.4919861493
0.9560860090612116,0.00010041691291995383,-1.335724357629934e-10,298.1500048876759,0.0,0.027399089796113257,299.3221269058535,1.1752599892413746e-17,0.0,3.764915873639575e-06,99.77860776368618,1.9629734820781118e-16,1.1805209138328255e-19,1.4363356393636625e-32,7.810408145340513e-30,1.3543255603255094e-17,2.61429707144194,3.420700376259598e-12,0.0003270339915780203,1000000.0,1000415.4919867096
0.9570860090612116,0.000100416912786398,-1.3355583520622278e-10,298.15000488708966,0.0,0.027395822472694332,299.3221297338771,1.1751209954263363e-17,0.0,3.7649158886429647e-06,99.77860816180677,1.9627413283546776e-16,1.1802405409120475e-19,1.4361543677640049e-32,7.811073934472809e-30,1.3543255657182314e-17,2.614297081873109,3.42029583208561e-12,0.00032703399159495064,1000000.0,1000415.4919872519
0.9580860090612116,0.00010041691265285786,-1.3354013094401183e-10,298.15000488650367,0.0,0.02739255554109169,299.32213256156444,1.1749820180061999e-17,0.0,3.7649159036445903e-06,99.77860855988064,1.9625092020146915e-16,1.1799602346300923e-19,1.4359731216737375e-32,7.811739813016413e-30,1.3543255711102977e-17,2.614297092303053,3.4198913356269047e-12,0.000327033991611879,1000000.0,1000415.4919878038
0.9590860090612116,0.00010041691251933342,-1.3352443969462037e-10,298.1500048859177,0.0,0.027389289001257817,299.32213538891557,1.1748430569789821e-17,0.0,3.7649159186444503e-06,99.77860895790771,1.962277103054964e-16,1.1796799949709861e-19,1.4357919010844832e-32,7.812405780978858e-30,1.3543255765018137e-17,2.6142971027317716,3.4194868868778497e-12,0.0003270339916288054,1000000.0,1000415.4919883658
0.9600860090612116,0.00010041691238582558,-1.3350784707052934e-10,298.1500048853317,0.0,0.027386022853144464,299.32213821592234,1.174704112342778e-17,0.0,3.7649159336424417e-06,99.77860935588525,1.962045031472265e-16,1.179399821919028e-19,1.435610706014458e-32,7.813071838368176e-30,1.3543255818926086e-17,2.6142971131591928,3.4190824858328133e-12,0.0003270339916457297,1000000.0,1000415.4919889094
0.9610860090612116,0.00010041691225233343,-1.3349215208462068e-10,298.1500048847459,0.0,0.027382757096704888,299.322141042593,1.1745651840956373e-17,0.0,3.7649159486386696e-06,99.77860975381607,1.961812987263304e-16,1.1791197154582808e-19,1.4354295364316455e-32,7.813737985193132e-30,1.3543255872827834e-17,2.614297123585389,3.418678132486042e-12,0.00032703399166265196,1000000.0,1000415.491989463
0.9620860090612116,0.00010041691211885696,-1.3347646541128434e-10,298.1500048841602,0.0,0.027379491731891605,299.3221438689275,1.1744262722357578e-17,0.0,3.7649159636331327e-06,99.77861015170011,1.9615809704251113e-16,1.1788396755729604e-19,1.4352483923505455e-32,7.814404221462185e-30,1.3543255926723053e-17,2.61429713401036,3.418273826832282e-12,0.00032703399167957224,1000000.0,1000415.4919900262
0.9630860090612116,0.00010041691198539707,-1.3345988490798663e-10,298.15000488357435,0.0,0.027376226758656412,299.3221466949181,1.1742873767610387e-17,0.0,3.7649159786257323e-06,99.77861054953476,1.961348980954162e-16,1.1785597022471327e-19,1.4350672737553747e-32,7.815070547181335e-30,1.3543255980611675e-17,2.614297144434037,3.4178695688655636e-12,0.00032703399169649045,1000000.0,1000415.4919905718
0.9640860090612116,0.00010041691185195288,-1.3344418524324808e-10,298.1500048829888,0.0,0.02737296217695253,299.32214952057245,1.1741484976696473e-17,0.0,3.7649159936165655e-06,99.7786109473226,1.9611170188474523e-16,1.1782797954649593e-19,1.434886180646719e-32,7.815736962361449e-30,1.3543256034493626e-17,2.614297154856487,3.4174653585805013e-12,0.00032703399171340666,1000000.0,1000415.4919911273
0.9650860090612116,0.00010041691171852527,-1.3342760193778076e-10,298.1500048824031,0.0,0.02736969798673178,299.32215234588284,1.174009634959613e-17,0.0,3.764916008605534e-06,99.77861134506101,1.960885084101605e-16,1.1779999552106402e-19,1.4347051130256418e-32,7.816403467008377e-30,1.3543256088369472e-17,2.6142971652776423,3.417061195971328e-12,0.00032703399173032076,1000000.0,1000415.4919916643
0.9660860090612116,0.00010041691158511337,-1.3341190890698418e-10,298.15000488181767,0.0,0.02736643418794742,299.3221551708571,1.1738707886291252e-17,0.0,3.764916023592736e-06,99.77861174275263,1.960653176713633e-16,1.1777201814684457e-19,1.4345240708843701e-32,7.81707006113159e-30,1.3543256142238611e-17,2.6142971756975717,3.4166570810328136e-12,0.00032703399174723285,1000000.0,1000415.4919922112
0.9670860090612116,0.00010041691145171713,-1.333962471104092e-10,298.15000488123235,0.0,0.027363170780552018,299.32215799549556,1.1737319586762052e-17,0.0,3.764916038578176e-06,99.77861214039754,1.9604212966802028e-16,1.1774404742224833e-19,1.4343430542089478e-32,7.817736744739442e-30,1.354325619610211e-17,2.6142971861162767,3.416253013759095e-12,0.000327033991764143,1000000.0,1000415.491992768
0.9680860090612116,0.00010041691131833654,-1.333805772187797e-10,298.1500048806471,0.0,0.027359907764498117,299.3221608197983,1.1735931450989419e-17,0.0,3.7649160535618546e-06,99.77861253799577,1.9601894439981786e-16,1.177160833456897e-19,1.4341620630017325e-32,7.818403517838482e-30,1.3543256249958282e-17,2.614297196533759,3.415848994144644e-12,0.0003270339917810511,1000000.0,1000415.4919933347
0.9690860090612116,0.00010041691118497255,-1.3336399831061587e-10,298.1500048800617,0.0,0.027356645139737526,299.32216364375705,1.1734543478953101e-17,0.0,3.7649160685436677e-06,99.77861293554456,1.959957618664164e-16,1.176881259155808e-19,1.4339810972588171e-32,7.819070380438831e-30,1.354325630380862e-17,2.614297206949946,3.4154450221838054e-12,0.00032703399179795714,1000000.0,1000415.4919938835
0.9700860090612116,0.00010041691105162514,-1.3334740978396273e-10,298.15000487947634,0.0,0.027353382906222794,299.32216646737197,1.1733155670634317e-17,0.0,3.764916083523616e-06,99.77861333304394,1.9597258206750128e-16,1.1766017513034363e-19,1.433800156979313e-32,7.81973733254621e-30,1.3543256357651615e-17,2.614297217364838,3.415041097870831e-12,0.0003270339918148611,1000000.0,1000415.4919944138
0.9710860090612116,0.00010041691091829341,-1.33331729056334e-10,298.15000487889125,0.0,0.027350121063907235,299.32216929065095,1.1731768026014908e-17,0.0,3.7649160985018e-06,99.77861373049653,1.95949405002768e-16,1.176322309884043e-19,1.4336192421567005e-32,7.820404374170938e-30,1.354325641148871e-17,2.614297227778505,3.4146372212004926e-12,0.00032703399183176305,1000000.0,1000415.491994954
0.9720860090612116,0.00010041691078497735,-1.333160660582881e-10,298.15000487830633,0.0,0.02734685961274341,299.3221721135942,1.1730380545075306e-17,0.0,3.764916113478222e-06,99.77861412790243,1.9592623067188607e-16,1.1760429348818782e-19,1.43343835278641e-32,7.821071505320698e-30,1.3543256465319282e-17,2.6142972381909484,3.414233392167061e-12,0.000327033991848663,1000000.0,1000415.491995504
0.9730860090612116,0.00010041691065167693,-1.3330041814773277e-10,298.15000487772136,0.0,0.02734359855268394,299.32217493620215,1.1728993227795681e-17,0.0,3.7649161284528846e-06,99.77861452526172,1.959030590745308e-16,1.1757636262809676e-19,1.4332574888496364e-32,7.821738726002798e-30,1.3543256519143765e-17,2.6142972486021696,3.4138296107650262e-12,0.000327033991865561,1000000.0,1000415.4919960645
0.9740860090612116,0.00010041691051839216,-1.3328475909115972e-10,298.1500048771365,0.0,0.027340337883681395,299.32217775847465,1.1727606074158074e-17,0.0,3.7649161434257877e-06,99.77861492257436,1.9587989021040097e-16,1.1754843840657256e-19,1.433076650373072e-32,7.822406036226964e-30,1.3543256572961927e-17,2.61429725901217,3.4134258769887457e-12,0.000327033991882457,1000000.0,1000415.4919966351
0.9750860090612116,0.00010041691038512399,-1.3326818819853178e-10,298.1500048765515,0.0,0.027337077605687588,299.32218058040326,1.1726219084141286e-17,0.0,3.7649161583968245e-06,99.77861531983756,1.9585672407914242e-16,1.1752052082200698e-19,1.432895837312777e-32,7.823073435998595e-30,1.3543256626772363e-17,2.614297269420874,3.4130221908324574e-12,0.00032703399189935086,1000000.0,1000415.4919971866
0.9760860090612116,0.00010041691025187237,-1.332516169762403e-10,298.15000487596666,0.0,0.02733381771865515,299.3221834019883,1.1724832257727565e-17,0.0,3.7649161733659985e-06,99.77861571705138,1.9583356068045388e-16,1.1749260987284579e-19,1.4327150497075925e-32,7.823740925328122e-30,1.3543256680576835e-17,2.6142972798282846,3.412618552290637e-12,0.0003270339919162427,1000000.0,1000415.4919977208
0.9770860090612116,0.00010041691011863643,-1.332359443179338e-10,298.1500048753819,0.0,0.027330558222537375,299.32218622323757,1.1723445594897531e-17,0.0,3.7649161883334087e-06,99.77861611421847,1.958104000140189e-16,1.1746470555749393e-19,1.4325342875127398e-32,7.824408504223426e-30,1.354325673437524e-17,2.61429729023447,3.412214961357872e-12,0.0003270339919331325,1000000.0,1000415.491998264
0.9780860090612116,0.00010041690998541613,-1.3322028679081352e-10,298.15000487479745,0.0,0.027327299117286926,299.3221890441516,1.1722059095631364e-17,0.0,3.7649162032990604e-06,99.77861651133892,1.9578724207950144e-16,1.1743680787438005e-19,1.4323535507510836e-32,7.825076172691846e-30,1.3543256788167488e-17,2.6142973006394343,3.4118114180284953e-12,0.0003270339919500203,1000000.0,1000415.4919988179
0.9790860090612116,0.00010041690985221149,-1.3320465384474006e-10,298.1500048742129,0.0,0.027324040402856402,299.3221918647303,1.1720672759911145e-17,0.0,3.7649162182629515e-06,99.77861690841274,1.957640868766083e-16,1.1740891682192778e-19,1.4321728394092878e-32,7.825743930742482e-30,1.3543256841953857e-17,2.6142973110431758,3.4114079222969373e-12,0.00032703399196690614,1000000.0,1000415.4919993816
0.9800860090612116,0.00010041690971902339,-1.3318809457097272e-10,298.1500048736283,0.0,0.02732078207919767,299.3221946849656,1.1719286587716506e-17,0.0,3.7649162332249805e-06,99.77861730543722,1.9574093440498882e-16,1.173810323985586e-19,1.4319921534829703e-32,7.826411778382683e-30,1.3543256895731823e-17,2.614297321445625,3.4110044741574544e-12,0.0003270339919837899,1000000.0,1000415.4919999269
0.9810860090612116,0.00010041690958585094,-1.331724395843332e-10,298.15000487304394,0.0,0.0273175241462641,299.3221975048655,1.1717900579028431e-17,0.0,3.7649162481852493e-06,99.77861770241503,1.9571778466433471e-16,1.1735315460268815e-19,1.4318114929602394e-32,7.827079715620763e-30,1.3543256949504465e-17,2.6142973318468514,3.410601073604758e-12,0.0003270339920006716,1000000.0,1000415.4920004822
0.9820860090612116,0.00010041690945269506,-1.331558870013535e-10,298.1500048724595,0.0,0.027314266604007584,299.322200324422,1.1716514733827637e-17,0.0,3.7649162631436555e-06,99.77861809934349,1.9569463765432065e-16,1.1732528343274117e-19,1.4316308578502123e-32,7.827747742464705e-30,1.3543257003271044e-17,2.614297342246785,3.410197720632934e-12,0.0003270339920175513,1000000.0,1000415.492001019
0.9830860090612116,0.00010041690931955482,-1.3314023557483348e-10,298.1500048718752,0.0,0.027311009452381498,299.3222031436433,1.1715129052096049e-17,0.0,3.764916278100303e-06,99.77861849622533,1.956714933746453e-16,1.1729741888715338e-19,1.4314502481466698e-32,7.828415858923696e-30,1.3543257057029954e-17,2.6142973526454965,3.409794415236612e-12,0.00032703399203442895,1000000.0,1000415.4920015667
0.9840860090612116,0.00010041690918642959,-1.3312523436118876e-10,298.1500048712912,0.0,0.027307752691339,299.3222059625351,1.1713743533833374e-17,0.0,3.764916293055262e-06,99.77861889306241,1.9564835182529613e-16,1.1726956094084562e-19,1.4312696224505084e-32,7.829084064978414e-30,1.3543257110784107e-17,2.614297363043036,3.4093911574160516e-12,0.0003270339920513047,1000000.0,1000415.492002143
0.9850860090612116,0.00010041690905332115,-1.331084353421092e-10,298.15000487070694,0.0,0.027304496320831286,299.3222087810815,1.1712358178980733e-17,0.0,3.7649163080083314e-06,99.77861928984944,1.9562521300530634e-16,1.1724170963922863e-19,1.4310890773483096e-32,7.829752360689671e-30,1.3543257164530823e-17,2.6142973734392636,3.40898794715396e-12,0.0003270339920681784,1000000.0,1000415.4920026936
0.9860860090612116,0.00010041690892022863,-1.330925195004821e-10,298.15000487012287,0.0,0.02730124034081173,299.3222115992903,1.1710972987538999e-17,0.0,3.764916322959612e-06,99.77861968658905,1.9560207691467725e-16,1.1721386495723877e-19,1.430908534689496e-32,7.830420746040121e-30,1.3543257218271391e-17,2.614297383834249,3.4085847844505756e-12,0.00032703399208505003,1000000.0,1000415.4920032459
0.9870860090612116,0.00010041690878715201,-1.3307661644304732e-10,298.1500048695388,0.0,0.027297984751232976,299.32221441716166,1.1709587959489138e-17,0.0,3.7649163379091023e-06,99.77862008328121,1.9557894355309448e-16,1.171860268932962e-19,1.430728023571936e-32,7.83108922103796e-30,1.3543257272004513e-17,2.614297394227991,3.408181669300293e-12,0.00032703399210191967,1000000.0,1000415.4920037998
0.9880860090612116,0.0001004169086540913,-1.33060717957855e-10,298.1500048689549,0.0,0.027294729552047717,299.3222172346956,1.1708203094811917e-17,0.0,3.7649163528568058e-06,99.77862047992599,1.9555581292023666e-16,1.171581954458299e-19,1.4305475398460993e-32,7.831757785690446e-30,1.3543257325731601e-17,2.614297404620492,3.40777860169762e-12,0.0003270339921187873,1000000.0,1000415.4920043553
0.9890860090612116,0.00010041690852104648,-1.3304481644228942e-10,298.15000486837107,0.0,0.027291474743208612,299.32222005189226,1.1706818393488226e-17,0.0,3.7649163678027203e-06,99.77862087652339,1.9553268501578555e-16,1.1713037061326094e-19,1.4303670821441373e-32,7.832426440006571e-30,1.3543257379452605e-17,2.6142974150117513,3.4073755816369477e-12,0.0003270339921356529,1000000.0,1000415.4920049127
0.9900860090612116,0.00010041690838801847,-1.3302801061590595e-10,298.1500048677871,0.0,0.027288220324667583,299.3222228687433,1.1705433855497975e-17,0.0,3.7649163827467426e-06,99.77862127307064,1.9550955983940449e-16,1.1710255239401468e-19,1.4301866500278055e-32,7.833095183993206e-30,1.3543257433166659e-17,2.6142974254016966,3.4069726091125446e-12,0.00032703399215251635,1000000.0,1000415.4920054434
0.9910860090612116,0.00010041690825500546,-1.3301300586921807e-10,298.1500048672036,0.0,0.027284966296378818,299.32222568526527,1.1704049480823292e-17,0.0,3.76491639768908e-06,99.77862166957324,1.95486437390795e-16,1.1707474078651749e-19,1.4300062433422892e-32,7.833764017660733e-30,1.3543257486876123e-17,2.614297435790472,3.4065696841190223e-12,0.0003270339921693779,1000000.0,1000415.4920060044
0.9920860090612116,0.00010041690812200924,-1.32996224100897e-10,298.1500048666198,0.0,0.02728171265829353,299.32222850144194,1.1702665269444101e-17,0.0,3.7649164126295293e-06,99.77862206602579,1.9546331766962484e-16,1.1704693578919813e-19,1.429825862048234e-32,7.834432941015436e-30,1.3543257540577006e-17,2.614297446177936,3.4061668066507054e-12,0.00032703399218623737,1000000.0,1000415.4920065384
0.9930860090612116,0.00010041690798902802,-1.329812271083742e-10,298.15000486603634,0.0,0.02727845941036586,299.3222313172894,1.1701281221342469e-17,0.0,3.7649164275682898e-06,99.77862246243359,1.9544020067558666e-16,1.17019137400495e-19,1.4296455061195193e-32,7.835101954066326e-30,1.3543257594273221e-17,2.6142974565642274,3.4057639767022784e-12,0.0003270339922030949,1000000.0,1000415.492007102
0.9940860090612116,0.00010041690785606358,-1.3296443800008118e-10,298.1500048654527,0.0,0.02727520655254708,299.3222341327918,1.1699897336497342e-17,0.0,3.7649164425051644e-06,99.77862285879142,1.9541708640833997e-16,1.1699134561880809e-19,1.4294651755308772e-32,7.835771056821375e-30,1.3543257647961214e-17,2.6142974669492096,3.4053611942676883e-12,0.00032703399221995036,1000000.0,1000415.4920076401
0.9950860090612115,0.00010041690772311414,-1.329494434816744e-10,298.1500048648694,0.0,0.02727195408479132,299.32223694796494,1.169851361489206e-17,0.0,3.7649164574403504e-06,99.77862325510449,1.9539397486759508e-16,1.1696356044259934e-19,1.4292848703154608e-32,7.836440249288338e-30,1.3543257701644287e-17,2.6142974773330194,3.404958459341886e-12,0.00032703399223680385,1000000.0,1000415.492008207
0.9960860090612115,0.00010041690759018147,-1.3293267188325428e-10,298.1500048642859,0.0,0.02726870200704987,299.32223976279306,1.1697130056504832e-17,0.0,3.764916472373651e-06,99.77862365136758,1.9537086605299737e-16,1.1693578187026862e-19,1.4291045904230926e-32,7.837109531475217e-30,1.3543257755319544e-17,2.614297487715519,3.4045557719188287e-12,0.00032703399225365523,1000000.0,1000415.4920087482
0.9970860090612115,0.00010041690745726471,-1.32916772927115e-10,298.15000486370263,0.0,0.02726545031927614,299.32224257728404,1.169574666131759e-17,0.0,3.7649164873051626e-06,99.77862404758326,1.953477599642375e-16,1.1690800990025424e-19,1.4289243358803228e-32,7.837778903391351e-30,1.3543257808988605e-17,2.6142974980967773,3.404153131993151e-12,0.0003270339922705046,1000000.0,1000415.4920092906
0.9980860090612115,0.00010041690732436382,-1.3290088890446764e-10,298.1500048631194,0.0,0.02726219902142289,299.3222453914382,1.169436342931229e-17,0.0,3.7649165022348895e-06,99.77862444375165,1.9532465660102029e-16,1.168802445309929e-19,1.428744106676748e-32,7.838448365044033e-30,1.3543257862652383e-17,2.614297508476796,3.4037505395593944e-12,0.00032703399228735196,1000000.0,1000415.4920098356
0.9990860090612115,0.00010041690719147881,-1.3288501145400706e-10,298.15000486253626,0.0,0.027258948113442837,299.3222482052553,1.1692980360467666e-17,0.0,3.7649165171628296e-06,99.77862483987269,1.9530155596298923e-16,1.1685248576089863e-19,1.4285639027920958e-32,7.839117916442174e-30,1.3543257916308948e-17,2.614297518855574,3.403347994611826e-12,0.0003270339923041973,1000000.0,1000415.4920103817
1.0000860090612116,0.00010041690705860968,-1.3286912688780556e-10,298.1500048619532,0.0,0.0272556975952887,299.3222510187354,1.1691597454766781e-17,0.0,3.764916532088983e-06,99.77862523594638,1.952784580498541e-16,1.1682473358842326e-19,1.4283837242517207e-32,7.839787557593174e-30,1.3543257969959155e-17,2.6142975292331116,3.4029454971448455e-12,0.00032703399232104067,1000000.0,1000415.4920109293
1.0000860090612116,0.00010041690705860968,-1.3286912688780556e-10,298.1500048619532,0.0,0.0272556975952887,299.3222510187354,1.1691597454766781e-17,0.0,3.764916532088983e-06,99.77862523594638,1.952784580498541e-16,1.1682473358842326e-19,1.4283837242517207e-32,7.839787557593174e-30,1.3543257969959155e-17,2.6142975292331116,3.4029454971448455e-12,0.00032703399232104067,1000000.0,1000415.4920109293
